# Timestamp, Fx, Fy, Fz, Tx, Ty, Tz, FemurPosX, FemurPosY, FemurPosZ, FemurQuatW, FemurQuatX, FemurQuatY, FemurQuatZ, TibiaPosX, TibiaPosY, TibiaPosZ, TibiaQuatW, TibiaQuatX, TibiaQuatY, TibiaQuatZ
0.00869297981262207,1.9975876639646033,-5.445433015265598,12.313835891574428,-0.6371981494259786,-2.2913280990231044,2.09654453758551,0.0,50.0,20.0,1.0,0.0,0.0,0.0,-340.2214926196241,70.0,143.34797286954796,0.730246626594235,0.0,0.6831836241800149,0.0
0.038754940032958984,1.6501898832893387,-4.84204870709973,12.943754556753381,-0.5145934260138232,-2.456984236921408,2.054261132298088,0.0,50.0,20.0,1.0,0.0,0.0,0.0,-340.2214926196241,70.0,143.34797286954796,0.730246626594235,0.0,0.6831836241800149,0.0
0.07072758674621582,0.8607027893522883,-4.168140349100173,12.285762697278038,-0.6902212491068687,-2.4123338767652,1.9777215116527602,0.0,50.0,20.0,1.0,0.0,0.0,0.0,-340.2214926196241,70.0,143.34797286954796,0.730246626594235,0.0,0.6831836241800149,0.0
0.10064554214477539,0.17111920593835273,-4.637079917410463,12.81230772289795,-0.8368415384887102,-2.4113860115427936,1.8256173720812663,0.0,50.0,20.0,1.0,0.0,0.0,0.0,-340.2214926196241,70.0,143.34797286954796,0.730246626594235,0.0,0.6831836241800149,0.0
0.1306014060974121,0.96615026354441,-5.400789786125322,12.623252831268989,-0.7347558529811795,-2.3348224855462574,1.7088178804599756,0.0,50.0,20.0,1.0,0.0,0.0,0.0,-340.2214926196241,70.0,143.34797286954796,0.730246626594235,0.0,0.6831836241800149,0.0
0.16288280487060547,0.6866210158915069,-4.91476799704661,12.239350451422773,-0.9214173830941289,-2.4191973697831792,1.6911323463803396,0.0,50.0,20.0,1.0,0.0,0.0,0.0,-340.2214926196241,70.0,143.34797286954796,0.730246626594235,0.0,0.6831836241800149,0.0
0.19240903854370117,0.6629916235852208,-4.609465279185299,12.609464232703138,-1.035455502317812,-2.3606608608723647,1.712290402387384,0.0,50.0,20.0,1.0,0.0,0.0,0.0,-340.2214926196241,70.0,143.34797286954796,0.730246626594235,0.0,0.6831836241800149,0.0
0.22233009338378906,0.2221593605047299,-4.679659586737473,12.739248187786886,-1.1448650525718913,-2.474040366203078,1.780492249292716,0.0,50.0,20.0,1.0,0.0,0.0,0.0,-340.2214926196241,70.0,143.34797286954796,0.730246626594235,0.0,0.6831836241800149,0.0
0.2526285648345947,0.3273625611535725,-5.271589727384315,12.377220826685473,-1.0105500808939567,-2.4638087563741644,1.879718710861645,0.0,50.0,20.0,1.0,0.0,0.0,0.0,-340.2214926196241,70.0,143.34797286954796,0.730246626594235,0.0,0.6831836241800149,0.0
0.2825160026550293,-0.44499783847154345,-5.173350162203226,12.569478470251719,-1.079338153985598,-2.2784928433788947,1.954289720508851,0.0,50.0,20.0,1.0,0.0,0.0,0.0,-340.2214926196241,70.0,143.34797286954796,0.730246626594235,0.0,0.6831836241800149,0.0
0.31481313705444336,-0.12283343614366588,-4.4945803322141815,12.432331022805174,-1.2785404065910555,-2.173334787892654,1.9877433521795285,0.0,50.0,20.0,1.0,0.0,0.0,0.0,-340.2214926196241,70.0,143.34797286954796,0.730246626594235,0.0,0.6831836241800149,0.0
0.34483909606933594,0.0913471514201864,-5.263465061346104,12.626691490972735,-1.4094241397775156,-2.177137485638756,2.181840263759645,0.0,50.0,20.0,1.0,0.0,0.0,0.0,-340.2214926196241,70.0,143.34797286954796,0.730246626594235,0.0,0.6831836241800149,0.0
0.37572455406188965,-0.6520549129455138,-5.173232791412625,11.997726114484736,-1.5080715244226512,-2.035494602054972,2.1002317706547458,0.0,50.0,20.0,1.0,0.0,0.0,0.0,-340.2214926196241,70.0,143.34797286954796,0.730246626594235,0.0,0.6831836241800149,0.0
0.4044928550720215,-0.9114296891087271,-4.789750844993707,11.862970661099919,-1.389244020649013,-1.999273200840477,2.0573245081697467,0.0,50.0,20.0,1.0,0.0,0.0,0.0,-340.2214926196241,70.0,143.34797286954796,0.730246626594235,0.0,0.6831836241800149,0.0
0.43462491035461426,-1.6655390056372372,-5.215899080816814,12.390688026941893,-1.247235444854647,-1.8059479882614833,1.934991647080291,0.0,50.0,20.0,1.0,0.0,0.0,0.0,-340.2214926196241,70.0,143.34797286954796,0.730246626594235,0.0,0.6831836241800149,0.0
0.46633243560791016,-1.7170679576032128,-5.006739813787286,11.618820023163318,-1.2512457358571707,-1.6347258151026014,2.0730853725718466,0.0,50.0,20.0,1.0,0.0,0.0,0.0,-340.2214926196241,70.0,143.34797286954796,0.730246626594235,0.0,0.6831836241800149,0.0
0.49695491790771484,-1.707467632044423,-4.727078259141198,10.886790711217573,-1.2940708635089258,-1.7676064485119234,2.048867992864417,0.0,50.0,20.0,1.0,0.0,0.0,0.0,-340.2214926196241,70.0,143.34797286954796,0.730246626594235,0.0,0.6831836241800149,0.0
0.526432991027832,-1.7531364908697187,-5.411100121084075,11.179795725008873,-1.483511813130609,-1.6972342137285727,2.0364767481957937,0.0,50.0,20.0,1.0,0.0,0.0,0.0,-340.2214926196241,70.0,143.34797286954796,0.730246626594235,0.0,0.6831836241800149,0.0
0.5562179088592529,-1.0121233505513774,-4.710452019475943,11.904995127300664,-1.4356746749355562,-1.5679614041325078,1.9526293298338442,0.0,50.0,20.0,1.0,0.0,0.0,0.0,-340.2214926196241,70.0,143.34797286954796,0.730246626594235,0.0,0.6831836241800149,0.0
0.5866355895996094,-0.8046866818253413,-4.685632827772176,12.199932910907,-1.6209283201805982,-1.5554195844217582,1.8468038231049049,0.0,50.0,20.0,1.0,0.0,0.0,0.0,-340.2214926196241,70.0,143.34797286954796,0.730246626594235,0.0,0.6831836241800149,0.0
0.6182861328125,-0.27993980801253815,-4.600052666984052,12.557508573136655,-1.6159013011076264,-1.5022317542416928,1.9221076655166538,0.0,50.0,20.0,1.0,0.0,0.0,0.0,-340.2214926196241,70.0,143.34797286954796,0.730246626594235,0.0,0.6831836241800149,0.0
0.6484413146972656,0.4873738406740411,-5.054442907190294,12.991774863596946,-1.70780352688672,-1.628514057561727,1.8281963333703362,0.0,50.0,20.0,1.0,0.0,0.0,0.0,-340.2214926196241,70.0,143.34797286954796,0.730246626594235,0.0,0.6831836241800149,0.0
0.6790282726287842,0.2837940619460535,-4.387793324087576,13.0,-1.8424596101508566,-1.4299839705996473,1.651054351335947,0.0,50.0,20.0,1.0,0.0,0.0,0.0,-340.2214926196241,70.0,143.34797286954796,0.730246626594235,0.0,0.6831836241800149,0.0
0.7091763019561768,0.4084326984869582,-4.174875543094984,13.0,-2.041461751774167,-1.5735278210825168,1.6706952263339925,0.0,50.0,20.0,1.0,0.0,0.0,0.0,-340.2214926196241,70.0,143.34797286954796,0.730246626594235,0.0,0.6831836241800149,0.0
0.7383899688720703,0.7962461862882655,-4.1876116615936185,13.0,-2.13180907858201,-1.4066956217520719,1.8137889915621965,0.0,50.0,20.0,1.0,0.0,0.0,0.0,-340.2214926196241,70.0,143.34797286954796,0.730246626594235,0.0,0.6831836241800149,0.0
0.7703704833984375,0.7449984112867584,-4.971821776661483,12.547828163358826,-2.1826181770680506,-1.3879666831114663,1.9018315713165084,0.0,50.0,20.0,1.0,0.0,0.0,0.0,-340.2214926196241,70.0,143.34797286954796,0.730246626594235,0.0,0.6831836241800149,0.0
0.8004672527313232,0.8397582370536392,-4.728044290911129,13.0,-2.185046756652355,-1.5469427564145364,2.0006201216362283,0.0,50.0,20.0,1.0,0.0,0.0,0.0,-340.2214926196241,70.0,143.34797286954796,0.730246626594235,0.0,0.6831836241800149,0.0
0.8302974700927734,0.3928509833640187,-5.280523891590458,12.930044396726686,-2.184151596227937,-1.5535289366261662,1.8266427607688516,0.0,50.0,20.0,1.0,0.0,0.0,0.0,-340.2214926196241,70.0,143.34797286954796,0.730246626594235,0.0,0.6831836241800149,0.0
0.8622102737426758,0.2173201074233112,-4.734883047170497,13.0,-1.990978210505168,-1.691960282880289,1.9931731984214873,0.0,50.0,20.0,1.0,0.0,0.0,0.0,-340.2214926196241,70.0,143.34797286954796,0.730246626594235,0.0,0.6831836241800149,0.0
0.8943455219268799,0.20820117697444696,-5.378529584625365,13.0,-2.161660664580799,-1.5574008889700135,1.9297614086568293,0.0,50.0,20.0,1.0,0.0,0.0,0.0,-340.2214926196241,70.0,143.34797286954796,0.730246626594235,0.0,0.6831836241800149,0.0
0.9231314659118652,-0.5048979879797919,-5.680476886609888,13.0,-1.982378370454531,-1.387659542389736,1.9522986720907303,0.0,50.0,20.0,1.0,0.0,0.0,0.0,-340.2214926196241,70.0,143.34797286954796,0.730246626594235,0.0,0.6831836241800149,0.0
0.952955961227417,-0.9866146662393691,-5.409870198944725,12.94235585812828,-1.8109447901441544,-1.2013950777216484,2.1295168096340062,0.0,50.0,20.0,1.0,0.0,0.0,0.0,-340.2214926196241,70.0,143.34797286954796,0.730246626594235,0.0,0.6831836241800149,0.0
0.9827470779418945,-1.5869776214919487,-5.299197603277364,13.0,-1.7628798622704676,-1.3106243118189118,2.3269096784513974,0.0,50.0,20.0,1.0,0.0,0.0,0.0,-340.2214926196241,70.0,143.34797286954796,0.730246626594235,0.0,0.6831836241800149,0.0
1.0147240161895752,-1.1479486973264048,-4.973949962540562,13.0,-1.699560503700417,-1.2160093767034148,2.4875048205939203,0.0,50.0,20.0,1.0,0.0,0.0,0.0,-340.2214926196241,70.0,143.34797286954796,0.730246626594235,0.0,0.6831836241800149,0.0
1.0444457530975342,-0.38328400033538057,-4.799615973383691,13.0,-1.7296961395709662,-1.251856128743757,2.5,0.0,50.0,20.0,1.0,0.0,0.0,0.0,-340.2214926196241,70.0,143.34797286954796,0.730246626594235,0.0,0.6831836241800149,0.0
1.074476957321167,0.020292389419407808,-4.3556700184935355,12.406338748521984,-1.6407809352160343,-1.0890315258759204,2.3236549151184795,0.0,50.0,20.0,1.0,0.0,0.0,0.0,-340.2214926196241,70.0,143.34797286954796,0.730246626594235,0.0,0.6831836241800149,0.0
1.104234218597412,0.7656309548328686,-4.728221870323055,12.066553687219951,-1.678940097938347,-1.1643353318938097,2.153351872622693,0.0,50.0,20.0,1.0,0.0,0.0,0.0,-340.2214926196241,70.0,143.34797286954796,0.730246626594235,0.0,0.6831836241800149,0.0
1.135308027267456,0.2309752817515589,-4.679999600320865,11.306717727581038,-1.5973393787165648,-1.3583982172586762,2.007248265900829,0.0,50.0,20.0,1.0,0.0,0.0,0.0,-340.2214926196241,70.0,143.34797286954796,0.730246626594235,0.0,0.6831836241800149,0.0
1.1665010452270508,0.08018558365509365,-4.243915679388159,10.890128043091742,-1.7785437357892548,-1.4508345536195442,1.8710055959996479,0.0,50.0,20.0,1.0,0.0,0.0,0.0,-340.2214926196241,70.0,143.34797286954796,0.730246626594235,0.0,0.6831836241800149,0.0
1.196434497833252,-0.3936175284296594,-4.377659747346718,10.630343450491399,-1.9179613947056315,-1.264944064938578,1.6953263254277724,0.0,50.0,20.0,1.0,0.0,0.0,0.0,-340.2214926196241,70.0,143.34797286954796,0.730246626594235,0.0,0.6831836241800149,0.0
1.2270069122314453,-0.03663317646120129,-3.584701519606356,10.603116322452644,-2.1064073356881323,-1.1566367122416872,1.7194899679961173,0.0,50.0,20.0,1.0,0.0,0.0,0.0,-340.2214926196241,70.0,143.34797286954796,0.730246626594235,0.0,0.6831836241800149,0.0
1.2570626735687256,0.6243650554600371,-3.1878489676229833,10.379472039089466,-2.218430926895498,-1.2844481091120254,1.6633890033918992,0.0,50.0,20.0,1.0,0.0,0.0,0.0,-340.2214926196241,70.0,143.34797286954796,0.730246626594235,0.0,0.6831836241800149,0.0
1.2865839004516602,1.2957484533010442,-2.9140266905153416,9.71881698750918,-2.309775307876399,-1.4310523485835924,1.4904021277616533,0.0,50.0,20.0,1.0,0.0,0.0,0.0,-340.2214926196241,70.0,143.34797286954796,0.730246626594235,0.0,0.6831836241800149,0.0
1.3184380531311035,1.7649233322368858,-2.5403720740495737,9.743380277932168,-2.118155022496969,-1.4656124734089888,1.348181346646226,0.0,50.0,20.0,1.0,0.0,0.0,0.0,-340.2214926196241,70.0,143.34797286954796,0.730246626594235,0.0,0.6831836241800149,0.0
1.348832607269287,1.913392231950962,-1.9181365188637367,10.341680392269469,-2.006831542768332,-1.5155410391538702,1.1516480043108044,0.0,50.0,20.0,1.0,0.0,0.0,0.0,-340.2214926196241,70.0,143.34797286954796,0.730246626594235,0.0,0.6831836241800149,0.0
1.378401517868042,2.3073424551503283,-2.5755897293427976,10.280148440863378,-1.9366143652241048,-1.4725582468908742,1.2700851955830015,0.0,50.0,20.0,1.0,0.0,0.0,0.0,-340.2214926196241,70.0,143.34797286954796,0.730246626594235,0.0,0.6831836241800149,0.0
1.4081835746765137,2.327291145994357,-2.784972151816888,10.279211503364944,-1.757963922538249,-1.5769187486873473,1.3603051740946568,0.0,50.0,20.0,1.0,0.0,0.0,0.0,-340.2214926196241,70.0,143.34797286954796,0.730246626594235,0.0,0.6831836241800149,0.0
1.4388401508331299,2.6968446563614634,-2.090818142341967,10.63873111993394,-1.705017515392895,-1.625914149795142,1.4010567017904887,0.0,50.0,20.0,1.0,0.0,0.0,0.0,-340.2214926196241,70.0,143.34797286954796,0.730246626594235,0.0,0.6831836241800149,0.0
1.4706697463989258,3.2425707324548076,-2.7863500652682793,10.826558161235292,-1.5143819852625953,-1.577571606084445,1.257880621872749,0.0,50.0,20.0,1.0,0.0,0.0,0.0,-340.2214926196241,70.0,143.34797286954796,0.730246626594235,0.0,0.6831836241800149,0.0
1.5011074542999268,3.254874213041437,-2.6419062783830496,10.966599802931231,-1.3291140131855033,-1.4261721731489783,1.169996475857998,0.0,50.0,20.0,1.0,0.0,0.0,0.0,-340.2214926196241,70.0,143.34797286954796,0.730246626594235,0.0,0.6831836241800149,0.0
1.5304522514343262,2.7191893607513054,-2.8567322102239903,11.223601496748925,-1.4493520442156218,-1.4356664547599303,0.9876821071180294,0.0,50.0,20.0,1.0,0.0,0.0,0.0,-340.2214926196241,70.0,143.34797286954796,0.730246626594235,0.0,0.6831836241800149,0.0
1.562941312789917,3.2278018630272833,-3.5755552149487957,10.877088368645806,-1.5938626497190016,-1.6008345911815514,1.0314203122557446,0.0,50.0,20.0,1.0,0.0,0.0,0.0,-340.2214926196241,70.0,143.34797286954796,0.730246626594235,0.0,0.6831836241800149,0.0
1.5923964977264404,3.3417186402257464,-4.199311511365611,10.12834073682226,-1.615170615727086,-1.759066596422562,1.0764905980071484,0.0,50.0,20.0,1.0,0.0,0.0,0.0,-340.2214926196241,70.0,143.34797286954796,0.730246626594235,0.0,0.6831836241800149,0.0
1.6226084232330322,3.0183765507941676,-4.96107256717057,9.798282235771712,-1.7259494876818242,-1.7790802918952275,1.1690877224737983,0.0,50.0,20.0,1.0,0.0,0.0,0.0,-340.2214926196241,70.0,143.34797286954796,0.730246626594235,0.0,0.6831836241800149,0.0
1.6525020599365234,2.5685236042630315,-5.008442017611918,9.994998016550344,-1.6276569707583057,-1.7296705959358967,1.1680504753034102,0.0,50.0,20.0,1.0,0.0,0.0,0.0,-340.2214926196241,70.0,143.34797286954796,0.730246626594235,0.0,0.6831836241800149,0.0
1.683060884475708,3.310999610536907,-5.614226760895086,9.370557610071709,-1.4562068233801098,-1.8163419573527293,0.983254943965068,0.0,50.0,20.0,1.0,0.0,0.0,0.0,-340.2214926196241,70.0,143.34797286954796,0.730246626594235,0.0,0.6831836241800149,0.0
1.7143280506134033,2.721102203510858,-6.276803042209259,9.283172859612796,-1.6125513001851173,-1.7587883174391326,0.824645401536811,0.0,50.0,20.0,1.0,0.0,0.0,0.0,-340.2214926196241,70.0,143.34797286954796,0.730246626594235,0.0,0.6831836241800149,0.0
1.7451739311218262,2.9978389537312395,-6.846200439065334,9.880739442528409,-1.4370082288202208,-1.8683737183427898,0.6863735810651176,0.0,50.0,20.0,1.0,0.0,0.0,0.0,-340.2214926196241,70.0,143.34797286954796,0.730246626594235,0.0,0.6831836241800149,0.0
1.775630235671997,3.748775163242274,-7.5631551423982275,9.342731178691828,-1.5896479231681204,-1.874771822293259,0.8483040777249722,0.0,50.0,20.0,1.0,0.0,0.0,0.0,-340.2214926196241,70.0,143.34797286954796,0.730246626594235,0.0,0.6831836241800149,0.0
1.804898738861084,4.293406782574911,-7.633253979627588,9.935148078942124,-1.4723615806179517,-1.8493968977857658,0.9564292400677075,0.0,50.0,20.0,1.0,0.0,0.0,0.0,-340.2214926196241,70.0,143.34797286954796,0.730246626594235,0.0,0.6831836241800149,0.0
1.8347980976104736,4.314446738204626,-7.1480220305123465,10.340995142930652,-1.2928191223429337,-1.9495176204506866,0.8356175347908671,0.0,50.0,20.0,1.0,0.0,0.0,0.0,-340.2214926196241,70.0,143.34797286954796,0.730246626594235,0.0,0.6831836241800149,0.0
1.8667030334472656,3.827058057507527,-7.564661418281468,9.808054560310895,-1.309507557293163,-1.7540716760200428,0.9558212607181524,0.0,50.0,20.0,1.0,0.0,0.0,0.0,-340.2214926196241,70.0,143.34797286954796,0.730246626594235,0.0,0.6831836241800149,0.0
1.8969757556915283,3.7414022628467634,-7.685880381130566,9.861408717165787,-1.1284348437672769,-1.681528430743214,0.7910126344540148,0.0,50.0,20.0,1.0,0.0,0.0,0.0,-340.2214926196241,70.0,143.34797286954796,0.730246626594235,0.0,0.6831836241800149,0.0
1.9271061420440674,4.038159522955583,-6.915089545698851,9.489624968325344,-1.2435530961117267,-1.7786772022638637,0.739349929310124,0.0,50.0,20.0,1.0,0.0,0.0,0.0,-340.2214926196241,70.0,143.34797286954796,0.730246626594235,0.0,0.6831836241800149,0.0
1.9567525386810303,3.915424595572258,-6.451401840784569,9.373049265239292,-1.3974790084914859,-1.7128577932976652,0.9368349485567717,0.0,50.0,20.0,1.0,0.0,0.0,0.0,-340.2214926196241,70.0,143.34797286954796,0.730246626594235,0.0,0.6831836241800149,0.0
1.9868059158325195,3.456604253487314,-6.826061212150146,9.676867777702586,-1.401972369364298,-1.8120503977157434,0.9410264675783561,0.0,50.0,20.0,1.0,0.0,0.0,0.0,-340.2214926196241,70.0,143.34797286954796,0.730246626594235,0.0,0.6831836241800149,0.0
2.0188894271850586,3.575589011579937,-6.415172551567734,10.141433331210841,-1.2490491795437977,-1.9358504921189532,0.7953973953579544,0.0,50.0,20.0,1.0,0.0,0.0,0.0,-340.2214926196241,70.0,143.34797286954796,0.730246626594235,0.0,0.6831836241800149,0.0
2.0483806133270264,3.886490522063383,-5.712414314140053,9.842451753753581,-1.1347373909987526,-1.8780187388046894,0.6856978346081224,0.0,50.0,20.0,1.0,0.0,0.0,0.0,-340.2214926196241,70.0,143.34797286954796,0.730246626594235,0.0,0.6831836241800149,0.0
2.0787153244018555,3.605591833335483,-5.880409839354328,9.82497619856628,-1.140833947021377,-2.0493944943435447,0.666647418804488,0.0,50.0,20.0,1.0,0.0,0.0,0.0,-340.2214926196241,70.0,143.34797286954796,0.730246626594235,0.0,0.6831836241800149,0.0
2.108659029006958,3.2776642145245054,-5.1815605118968655,10.238425708324526,-1.0959168948484403,-2.036051026709569,0.5829005998820601,0.0,50.0,20.0,1.0,0.0,0.0,0.0,-340.2214926196241,70.0,143.34797286954796,0.730246626594235,0.0,0.6831836241800149,0.0
2.138944149017334,3.654649314688298,-5.789922215613138,9.674402824710263,-1.0593862141572148,-1.9016906283943866,0.44643326221841517,0.0,50.0,20.0,1.0,0.0,0.0,0.0,-340.2214926196241,70.0,143.34797286954796,0.730246626594235,0.0,0.6831836241800149,0.0
2.1708457469940186,4.360331736043975,-5.606288285423552,10.194309991202129,-0.9939783902970237,-1.7449824244017613,0.4523311307230746,0.0,50.0,20.0,1.0,0.0,0.0,0.0,-340.2214926196241,70.0,143.34797286954796,0.730246626594235,0.0,0.6831836241800149,0.0
2.201040267944336,3.7864950362665146,-6.342915507322357,9.978972597234064,-0.9763897032403264,-1.7554100177150984,0.38551266580562016,0.0,50.0,20.0,1.0,0.0,0.0,0.0,-340.2214926196241,70.0,143.34797286954796,0.730246626594235,0.0,0.6831836241800149,0.0
2.230161190032959,4.4877415216015,-6.315732971090716,9.259404913013952,-1.0201868635157207,-1.890849293901161,0.49725592155463727,0.0,50.0,20.0,1.0,0.0,0.0,0.0,-340.2214926196241,70.0,143.34797286954796,0.730246626594235,0.0,0.6831836241800149,0.0
2.298139810562134,3.9451944757356476,-6.739711490215195,8.56229503972832,-1.0171243126939014,-1.7730039663641857,0.5393138258038944,0.0,50.0,20.0,1.0,0.0,0.0,0.0,-340.2214926196241,70.0,143.34797286954796,0.730246626594235,0.0,0.6831836241800149,0.0
2.329300880432129,4.138422718468641,-7.098912228582579,8.213909668389052,-0.91754171684994,-1.8325527618723212,0.44441069599006056,0.0,50.0,20.0,1.0,0.0,0.0,0.0,-340.2214926196241,70.0,143.34797286954796,0.730246626594235,0.0,0.6831836241800149,0.0
2.3606362342834473,3.968312381009265,-7.21588866967976,8.870744971315737,-1.091734864706579,-1.9302796101859812,0.589836516374971,0.0,50.0,20.0,1.0,0.0,0.0,0.0,-340.2214926196241,70.0,143.34797286954796,0.730246626594235,0.0,0.6831836241800149,0.0
2.391998767852783,4.448690860793917,-7.204445721546986,8.402617381482663,-1.1822727468549694,-1.8012002343601505,0.5621569700071554,0.0,50.0,20.0,1.0,0.0,0.0,0.0,-340.2214926196241,70.0,143.34797286954796,0.730246626594235,0.0,0.6831836241800149,0.0
2.4235029220581055,3.9483783977997353,-7.252046247508451,8.646604521336194,-1.2966874446612786,-1.8788027549528752,0.56407430877411,0.0,50.0,20.0,1.0,0.0,0.0,0.0,-340.2214926196241,70.0,143.34797286954796,0.730246626594235,0.0,0.6831836241800149,0.0
2.4556515216827393,4.317785667380811,-8.031972866674794,8.825629157590315,-1.3392700590360458,-1.976342729661738,0.48341022874736195,0.0,50.0,20.0,1.0,0.0,0.0,0.0,-340.2214926196241,70.0,143.34797286954796,0.730246626594235,0.0,0.6831836241800149,0.0
2.4881584644317627,4.946726062238216,-8.485518279654123,9.538040515782633,-1.3038492986698624,-1.9576992801920583,0.31329358048758993,0.0,50.0,20.0,1.0,0.0,0.0,0.0,-340.2214926196241,70.0,143.34797286954796,0.730246626594235,0.0,0.6831836241800149,0.0
2.520390033721924,5.303972506554283,-7.969713239938589,8.900284982751533,-1.3828862915458873,-1.8827527558533004,0.35743463198730235,0.0,50.0,20.0,1.0,0.0,0.0,0.0,-340.2214926196241,70.0,143.34797286954796,0.730246626594235,0.0,0.6831836241800149,0.0
2.5540122985839844,4.789643599415099,-7.372216180308349,8.297918405958805,-1.32577578718283,-2.018258670810944,0.36142483415070226,0.0,50.0,20.0,1.0,0.0,0.0,0.0,-340.2214926196241,70.0,143.34797286954796,0.730246626594235,0.0,0.6831836241800149,0.0
2.58734393119812,4.851951051849691,-7.980462770493336,7.647941895050522,-1.4730284307494734,-2.1719676672254127,0.32282940430593954,0.0,50.0,20.0,1.0,0.0,0.0,0.0,-340.2214926196241,70.0,143.34797286954796,0.730246626594235,0.0,0.6831836241800149,0.0
2.6207921504974365,4.648174750884927,-7.615791304656823,7.379312842465329,-1.3211197854890986,-2.0339428343682715,0.22073661646818238,0.0,50.0,20.0,1.0,0.0,0.0,0.0,-340.2214926196241,70.0,143.34797286954796,0.730246626594235,0.0,0.6831836241800149,0.0
2.6545231342315674,4.228864077539102,-7.543281819789965,8.08468580667552,-1.126916037147389,-1.9058805965226346,0.3442083127538094,0.0,50.0,20.0,1.0,0.0,0.0,0.0,-340.2214926196241,70.0,143.34797286954796,0.730246626594235,0.0,0.6831836241800149,0.0
2.6884377002716064,3.570527983317021,-7.300692393233973,8.719916331442533,-1.094781889543646,-1.8104735834519667,0.4917654547230843,0.0,50.0,20.0,1.0,0.0,0.0,0.0,-340.2214926196241,70.0,143.34797286954796,0.730246626594235,0.0,0.6831836241800149,0.0
2.7229251861572266,3.0860891893727573,-7.694934177713244,8.284601627733393,-1.045649467260348,-1.9122841693880137,0.6305774950346124,0.0,50.0,20.0,1.0,0.0,0.0,0.0,-340.2214926196241,70.0,143.34797286954796,0.730246626594235,0.0,0.6831836241800149,0.0
2.758373975753784,2.374477573914003,-6.981029872486836,7.74553708386055,-0.8716343479836326,-1.8703873285473067,0.7597664727877447,0.0,50.0,20.0,1.0,0.0,0.0,0.0,-340.2214926196241,70.0,143.34797286954796,0.730246626594235,0.0,0.6831836241800149,0.0
2.7948503494262695,2.235838671317789,-7.452045089067395,7.481152877981538,-1.0163522189577558,-1.6731744567324962,0.8517110279690397,0.0,50.0,20.0,1.0,0.0,0.0,0.0,-340.2214926196241,70.0,143.34797286954796,0.730246626594235,0.0,0.6831836241800149,0.0
2.830219030380249,2.668174306916284,-8.081771813204416,6.766009593674481,-1.1927328696306718,-1.8396299937968628,0.6646101627826215,0.0,50.0,20.0,1.0,0.0,0.0,0.0,-340.2214926196241,70.0,143.34797286954796,0.730246626594235,0.0,0.6831836241800149,0.0
2.866215229034424,1.896418086602011,-8.01333400622217,6.907942674867504,-1.3475030208723549,-1.957686721995326,0.7911205223657082,0.0,50.0,20.0,1.0,0.0,0.0,0.0,-340.2214926196241,70.0,143.34797286954796,0.730246626594235,0.0,0.6831836241800149,0.0
2.903153419494629,1.4721457960768305,-7.408924324776945,6.442892146846117,-1.202095672514501,-1.8005715512707747,0.6279962129840061,0.0,50.0,20.0,1.0,0.0,0.0,0.0,-340.2214926196241,70.0,143.34797286954796,0.730246626594235,0.0,0.6831836241800149,0.0
2.9453160762786865,1.0424501698217186,-6.613691874650599,5.725974046704829,-1.0857920361090758,-1.7052499610223166,0.48566206085447583,0.0,50.0,20.0,1.0,0.0,0.0,0.0,-340.2214926196241,70.0,143.34797286954796,0.730246626594235,0.0,0.6831836241800149,0.0
2.985813856124878,1.6316647201892969,-6.621623859457843,5.8018923269189315,-1.1589763912292967,-1.8037169935546735,0.35702466039547637,0.0,50.0,20.0,1.0,0.0,0.0,0.0,-340.2214926196241,70.0,143.34797286954796,0.730246626594235,0.0,0.6831836241800149,0.0
3.0230906009674072,2.058112216349603,-7.328307529730402,6.42215191369323,-1.1570375592001394,-1.7517176607887084,0.32876695101156583,0.0,50.0,20.0,1.0,0.0,0.0,0.0,-340.2214926196241,70.0,143.34797286954796,0.730246626594235,0.0,0.6831836241800149,0.0
3.061094284057617,2.75758607897348,-7.322124289427806,7.140870614000102,-1.18862322851712,-1.7686243187208297,0.4670804789858904,0.0,50.0,20.0,1.0,0.0,0.0,0.0,-340.2214926196241,70.0,143.34797286954796,0.730246626594235,0.0,0.6831836241800149,0.0
3.098945379257202,3.4621533284178385,-6.759013195053753,7.86543236832434,-1.1577084675596458,-1.8384917797423046,0.6332396953803741,0.0,50.0,20.0,1.0,0.0,0.0,0.0,-340.2214926196241,70.0,143.34797286954796,0.730246626594235,0.0,0.6831836241800149,0.0
3.136850357055664,3.8518041575915336,-7.380373772014873,7.895579170219115,-1.0493228056846102,-1.8557347798327337,0.6302398884882353,0.0,50.0,20.0,1.0,0.0,0.0,0.0,-340.2214926196241,70.0,143.34797286954796,0.730246626594235,0.0,0.6831836241800149,0.0
3.1745638847351074,3.39672092562427,-7.950687570080803,8.451213735602902,-0.9654489172015822,-1.9754463300737057,0.48648889555399855,0.0,50.0,20.0,1.0,0.0,0.0,0.0,-340.2214926196241,70.0,143.34797286954796,0.730246626594235,0.0,0.6831836241800149,0.0
3.2125449180603027,3.912404428371061,-8.415051476317117,7.774133507145503,-1.1044634015897423,-1.9803144264759374,0.5901731938161843,0.0,50.0,20.0,1.0,0.0,0.0,0.0,-340.2214926196241,70.0,143.34797286954796,0.730246626594235,0.0,0.6831836241800149,0.0
3.2512991428375244,3.564136258202763,-8.978072499391574,8.171539096088468,-1.1352388309319938,-2.0075570612146274,0.5933924866325643,0.0,50.0,20.0,1.0,0.0,0.0,0.0,-340.2214926196241,70.0,143.34797286954796,0.730246626594235,0.0,0.6831836241800149,0.0
3.2898976802825928,3.8574406769948437,-8.627059010942437,8.43937519115961,-1.2929255319660469,-1.941003514933217,0.7877690265806923,0.0,50.0,20.0,1.0,0.0,0.0,0.0,-340.2214926196241,70.0,143.34797286954796,0.730246626594235,0.0,0.6831836241800149,0.0
3.3290181159973145,3.2106358686208636,-7.858681580109823,7.803251694734259,-1.259190713377734,-2.046054545404602,0.9715782197452247,0.0,50.0,20.0,1.0,0.0,0.0,0.0,-340.2214926196241,70.0,143.34797286954796,0.730246626594235,0.0,0.6831836241800149,0.0
3.36891770362854,3.025373763050431,-8.612792356026834,8.234945073067191,-1.2172624148756752,-1.9306010141102494,0.7927006966252146,0.0,50.0,20.0,1.0,0.0,0.0,0.0,-340.2214926196241,70.0,143.34797286954796,0.730246626594235,0.0,0.6831836241800149,0.0
3.4086720943450928,2.7525973042925664,-8.988318644354793,8.55576871701776,-1.0475054926339586,-1.795335220546532,0.8497825593907082,0.0,50.0,20.0,1.0,0.0,0.0,0.0,-340.2214926196241,70.0,143.34797286954796,0.730246626594235,0.0,0.6831836241800149,0.0
3.4492225646972656,3.2047919541862466,-8.312261038961156,8.721149674608288,-1.1846096356748674,-1.7231984501019246,0.7651004658694985,0.0,50.0,20.0,1.0,0.0,0.0,0.0,-340.2214926196241,70.0,143.34797286954796,0.730246626594235,0.0,0.6831836241800149,0.0
3.4895706176757812,3.7046729658989515,-8.000545281611664,7.952089796408707,-1.0481964119878149,-1.7627573535188894,0.6698998321209095,0.0,50.0,20.0,1.0,0.0,0.0,0.0,-340.2214926196241,70.0,143.34797286954796,0.730246626594235,0.0,0.6831836241800149,0.0
3.530245065689087,3.7890600202947047,-8.266786610134146,8.598601966508726,-1.1106090095969103,-1.8585848866079537,0.5263447296903127,0.0,50.0,20.0,1.0,0.0,0.0,0.0,-340.2214926196241,70.0,143.34797286954796,0.730246626594235,0.0,0.6831836241800149,0.0
3.5713765621185303,3.0497706003668696,-8.830841265435017,8.325500484085225,-1.2600191730795662,-1.7352504381762033,0.644936756930088,0.0,50.0,20.0,1.0,0.0,0.0,0.0,-340.2214926196241,70.0,143.34797286954796,0.730246626594235,0.0,0.6831836241800149,0.0
3.6125924587249756,2.8879541093318224,-8.399762003345472,7.741263213818518,-1.3223273087854917,-1.7407638799628735,0.8371377896809112,0.0,50.0,20.0,1.0,0.0,0.0,0.0,-340.2214926196241,70.0,143.34797286954796,0.730246626594235,0.0,0.6831836241800149,0.0
3.6556975841522217,3.086356574411168,-8.448993055320809,7.880267120051757,-1.2202468044848918,-1.6403825162552454,0.8665147686239174,0.0,50.0,20.0,1.0,0.0,0.0,0.0,-340.2214926196241,70.0,143.34797286954796,0.730246626594235,0.0,0.6831836241800149,0.0
3.7056965827941895,2.995221041144251,-8.560645947068652,7.6086131332756795,-1.2145834214877302,-1.781524076832486,0.7115223540935217,0.0,50.0,20.0,1.0,0.0,0.0,0.0,-340.2214926196241,70.0,143.34797286954796,0.730246626594235,0.0,0.6831836241800149,0.0
3.7495687007904053,3.658681230581269,-9.061654329922522,7.9249163039551185,-1.193927339277006,-1.5823760001805494,0.6466621312327632,0.0,50.0,20.0,1.0,0.0,0.0,0.0,-340.2214926196241,70.0,143.34797286954796,0.730246626594235,0.0,0.6831836241800149,0.0
3.7926318645477295,4.032367372693855,-8.62917254986342,7.629832921363325,-1.2069847282785975,-1.4725020378460576,0.77579243436551,0.0,50.0,20.0,1.0,0.0,0.0,0.0,-340.2214926196241,70.0,143.34797286954796,0.730246626594235,0.0,0.6831836241800149,0.0
3.834197998046875,4.004585328632777,-9.234696548294528,8.20776524646999,-1.1534254586915886,-1.357538964553162,0.9757633067765705,0.0,50.0,20.0,1.0,0.0,0.0,0.0,-340.2214926196241,70.0,143.34797286954796,0.730246626594235,0.0,0.6831836241800149,0.0
3.8767218589782715,3.3940074149995505,-9.505545530681214,8.735592275840292,-0.9817093782449327,-1.3245495645499406,1.101148437115612,0.0,50.0,20.0,1.0,0.0,0.0,0.0,-340.2214926196241,70.0,143.34797286954796,0.730246626594235,0.0,0.6831836241800149,0.0
3.9212334156036377,3.726922905934118,-9.56685656838708,8.314895434049662,-0.8156426967630284,-1.3903295321106817,0.9951582505819885,0.0,50.0,20.0,1.0,0.0,0.0,0.0,-340.2214926196241,70.0,143.34797286954796,0.730246626594235,0.0,0.6831836241800149,0.0
3.9672770500183105,3.0310738088553286,-10.123066955071433,7.668416125120637,-0.9160592010072632,-1.414627695260215,1.0287089714437558,0.0,50.0,20.0,1.0,0.0,0.0,0.0,-340.2214926196241,70.0,143.34797286954796,0.730246626594235,0.0,0.6831836241800149,0.0
4.012816429138184,2.341267122282635,-9.454083987071044,7.9506185988577,-1.0652521398563533,-1.4343605815962321,1.08539044288223,0.0,50.0,20.0,1.0,0.0,0.0,0.0,-340.2214926196241,70.0,143.34797286954796,0.730246626594235,0.0,0.6831836241800149,0.0
4.056355237960815,1.9714077310693319,-9.927030445061154,8.6671278215692,-1.1072850608107863,-1.6238763112138603,1.0437697697782267,0.0,50.0,20.0,1.0,0.0,0.0,0.0,-340.2214926196241,70.0,143.34797286954796,0.730246626594235,0.0,0.6831836241800149,0.0
4.099882364273071,1.6127884075565742,-10.603299299165446,8.22138337250609,-1.1669055967308248,-1.7622969317971457,0.9843880910891343,0.0,50.0,20.0,1.0,0.0,0.0,0.0,-340.2214926196241,70.0,143.34797286954796,0.730246626594235,0.0,0.6831836241800149,0.0
4.14216685295105,2.042318559749392,-10.88118014582176,8.360926873671024,-1.2180942258214398,-1.8402507724711248,0.7896573667305881,0.0,50.0,20.0,1.0,0.0,0.0,0.0,-340.2214926196241,70.0,143.34797286954796,0.730246626594235,0.0,0.6831836241800149,0.0
4.187524318695068,1.6615515774729643,-11.165402993022818,8.2714901452421,-1.4106114379848107,-1.9585518743819803,0.8159717087937401,0.0,50.0,20.0,1.0,0.0,0.0,0.0,-340.2214926196241,70.0,143.34797286954796,0.730246626594235,0.0,0.6831836241800149,0.0
4.228855609893799,1.7633984219323715,-10.609525587873154,8.37727022596177,-1.2566261948281656,-1.920073784809547,0.7149903785052137,0.0,50.0,20.0,1.0,0.0,0.0,0.0,-340.2214926196241,70.0,143.34797286954796,0.730246626594235,0.0,0.6831836241800149,0.0
4.270906209945679,2.0066010295018972,-10.115346712568225,7.8103478777439355,-1.1951856331326556,-1.8842070409280878,0.5797744334832371,0.0,50.0,20.0,1.0,0.0,0.0,0.0,-340.2214926196241,70.0,143.34797286954796,0.730246626594235,0.0,0.6831836241800149,0.0
4.312000274658203,1.6543797555684967,-10.1615599961207,7.821373839346797,-1.325524560587097,-1.7583468206827737,0.6471016173258235,0.0,50.0,20.0,1.0,0.0,0.0,0.0,-340.2214926196241,70.0,143.34797286954796,0.730246626594235,0.0,0.6831836241800149,0.0
4.353354454040527,1.7134029612427604,-9.842335024074444,7.5171039791106535,-1.38501915490719,-1.7808191097048935,0.46625151621666083,0.0,50.0,20.0,1.0,0.0,0.0,0.0,-340.2214926196241,70.0,143.34797286954796,0.730246626594235,0.0,0.6831836241800149,0.0
4.39594030380249,1.9855778954055978,-10.302754449264484,6.802441010626529,-1.541608929549217,-1.6783302473163446,0.4502395502123456,0.0,50.0,20.0,1.0,0.0,0.0,0.0,-340.2214926196241,70.0,143.34797286954796,0.730246626594235,0.0,0.6831836241800149,0.0
4.437803268432617,1.6588710337019916,-9.753803269350898,6.9515110115338885,-1.5567277255095457,-1.6574800481821768,0.5047058066381362,0.0,50.0,20.0,1.0,0.0,0.0,0.0,-340.2214926196241,70.0,143.34797286954796,0.730246626594235,0.0,0.6831836241800149,0.0
4.479657888412476,1.8428168839503933,-9.510486599348143,7.435507814316354,-1.6209596785708755,-1.8083367263253778,0.6873526183885628,0.0,50.0,20.0,1.0,0.0,0.0,0.0,-340.2214926196241,70.0,143.34797286954796,0.730246626594235,0.0,0.6831836241800149,0.0
4.520939111709595,2.14861739601849,-10.220938026910266,7.938301038509309,-1.5893211848991509,-1.6334752475733987,0.8403086261839761,0.0,50.0,20.0,1.0,0.0,0.0,0.0,-340.2214926196241,70.0,143.34797286954796,0.730246626594235,0.0,0.6831836241800149,0.0
4.56234335899353,2.525880947425762,-9.809021702793636,7.7106351200623955,-1.6676135106634185,-1.5423346742501824,0.8593899645362694,0.0,50.0,20.0,1.0,0.0,0.0,0.0,-340.2214926196241,70.0,143.34797286954796,0.730246626594235,0.0,0.6831836241800149,0.0
4.603657007217407,2.1949920217616565,-9.375376627133239,7.705071019340133,-1.8396691686902045,-1.7322457634477921,0.8648533776279135,0.0,50.0,20.0,1.0,0.0,0.0,0.0,-340.2214926196241,70.0,143.34797286954796,0.730246626594235,0.0,0.6831836241800149,0.0
4.644790172576904,1.651754434643431,-9.79244856899504,7.6458685348773106,-1.8465347452382512,-1.8118302319600141,0.8743172102290272,0.0,50.0,20.0,1.0,0.0,0.0,0.0,-340.2214926196241,70.0,143.34797286954796,0.730246626594235,0.0,0.6831836241800149,0.0
4.686208248138428,1.9544631208764545,-9.697913604225146,7.189042061679972,-1.7609118887996824,-1.985497820180126,0.6981763457385233,0.0,50.0,20.0,1.0,0.0,0.0,0.0,-340.2214926196241,70.0,143.34797286954796,0.730246626594235,0.0,0.6831836241800149,0.0
4.727831125259399,1.2824637178358365,-10.004033946060387,6.628396686188484,-1.919899868770636,-2.105020653630545,0.5864808152563057,0.0,50.0,20.0,1.0,0.0,0.0,0.0,-340.2214926196241,70.0,143.34797286954796,0.730246626594235,0.0,0.6831836241800149,0.0
4.769325017929077,1.5795883624168734,-9.47614897744516,6.056912285540169,-2.103708964215718,-2.063147282520043,0.5561875660516695,0.0,50.0,20.0,1.0,0.0,0.0,0.0,-340.2214926196241,70.0,143.34797286954796,0.730246626594235,0.0,0.6831836241800149,0.0
4.811764717102051,1.7168862189005876,-9.689636664160854,6.364706926428727,-2.106920778149774,-1.881250246410378,0.5978905018292849,0.0,50.0,20.0,1.0,0.0,0.0,0.0,-340.2214926196241,70.0,143.34797286954796,0.730246626594235,0.0,0.6831836241800149,0.0
