# Timestamp, Fx, Fy, Fz, Tx, Ty, Tz, FemurPosX, FemurPosY, FemurPosZ, FemurQuatW, FemurQuatX, FemurQuatY, FemurQuatZ, TibiaPosX, TibiaPosY, TibiaPosZ, TibiaQuatW, TibiaQuatX, TibiaQuatY, TibiaQuatZ
0.026198625564575195,-5.503877301047318,-11.634736712431335,9.857811925662313,2.158387582398715,0.09159226778377694,-1.6768193414158015,0.0,50.0,20.0,1.0,0.0,0.0,0.0,-416.85789157380515,70.0,52.71463204782417,0.9931902334200026,0.0,0.11650390654017077,0.0
0.05579805374145508,-4.710920696792827,-11.142040629335812,10.541266110808971,1.9658079814695206,0.22339409612421945,-1.5155784322599004,0.0,50.0,20.0,1.0,0.0,0.0,0.0,-416.85789157380515,70.0,52.71463204782417,0.9931902334200026,0.0,0.11650390654017077,0.0
0.08731865882873535,-4.208101962715084,-10.390043103331951,10.904714405416643,1.9490472992128502,0.25508988726764104,-1.7050348210943733,0.0,50.0,20.0,1.0,0.0,0.0,0.0,-416.85789157380515,70.0,52.71463204782417,0.9931902334200026,0.0,0.11650390654017077,0.0
0.11739277839660645,-3.598571372742209,-9.926871757576066,10.951092455236683,2.133302341381234,0.30074235784657144,-1.7377950141234335,0.0,50.0,20.0,1.0,0.0,0.0,0.0,-416.85789157380515,70.0,52.71463204782417,0.9931902334200026,0.0,0.11650390654017077,0.0
0.14696335792541504,-3.4866315803308447,-10.619960336457396,10.195589823645765,2.1345003023219427,0.40277701454527143,-1.5475334173897384,0.0,50.0,20.0,1.0,0.0,0.0,0.0,-416.85789157380515,70.0,52.71463204782417,0.9931902334200026,0.0,0.11650390654017077,0.0
0.17708325386047363,-3.678170500488822,-10.76907261873572,10.07835769090408,2.1125566931294375,0.34427390416981873,-1.4776068163442548,0.0,50.0,20.0,1.0,0.0,0.0,0.0,-416.85789157380515,70.0,52.71463204782417,0.9931902334200026,0.0,0.11650390654017077,0.0
0.20725750923156738,-3.477475435129408,-10.08855232613405,10.023718646331206,2.1827560456503488,0.5115492835551976,-1.650457639215049,0.0,50.0,20.0,1.0,0.0,0.0,0.0,-416.85789157380515,70.0,52.71463204782417,0.9931902334200026,0.0,0.11650390654017077,0.0
0.23939847946166992,-3.0983939579663287,-9.57230880960082,10.769779629520126,2.113609148186321,0.4466299161425661,-1.5724460601345558,0.0,50.0,20.0,1.0,0.0,0.0,0.0,-416.85789157380515,70.0,52.71463204782417,0.9931902334200026,0.0,0.11650390654017077,0.0
0.26916003227233887,-2.7472969224178736,-9.811906497315059,10.656820956408886,2.057377350189606,0.351727473225334,-1.4161642352548764,0.0,50.0,20.0,1.0,0.0,0.0,0.0,-416.85789157380515,70.0,52.71463204782417,0.9931902334200026,0.0,0.11650390654017077,0.0
0.2988908290863037,-3.49440256035044,-9.59557129077331,10.28706978954463,2.2282754888907514,0.33965474458015676,-1.5925829227258814,0.0,50.0,20.0,1.0,0.0,0.0,0.0,-416.85789157380515,70.0,52.71463204782417,0.9931902334200026,0.0,0.11650390654017077,0.0
0.32898736000061035,-3.865041666049108,-10.255676022383106,10.164027645641792,2.077085460365686,0.14234702832705962,-1.4090636391713325,0.0,50.0,20.0,1.0,0.0,0.0,0.0,-416.85789157380515,70.0,52.71463204782417,0.9931902334200026,0.0,0.11650390654017077,0.0
0.3587374687194824,-4.53987076119215,-10.410740600785516,10.267802414694959,2.273943596123474,0.020763031732865866,-1.304280357949829,0.0,50.0,20.0,1.0,0.0,0.0,0.0,-416.85789157380515,70.0,52.71463204782417,0.9931902334200026,0.0,0.11650390654017077,0.0
0.39046454429626465,-5.22216349729088,-9.748907397515866,9.684779181198797,2.3148043007076033,-0.014964032961362311,-1.2090491449777274,0.0,50.0,20.0,1.0,0.0,0.0,0.0,-416.85789157380515,70.0,52.71463204782417,0.9931902334200026,0.0,0.11650390654017077,0.0
0.42136383056640625,-5.710235725841085,-10.144771619249155,9.835684399687,2.175565461537313,0.009278367808631116,-1.0474344593096014,0.0,50.0,20.0,1.0,0.0,0.0,0.0,-416.85789157380515,70.0,52.71463204782417,0.9931902334200026,0.0,0.11650390654017077,0.0
0.45279812812805176,-5.090603010262681,-10.044151001565464,10.536494105726826,2.321841640178846,0.052716114046457624,-1.0232107094201943,0.0,50.0,20.0,1.0,0.0,0.0,0.0,-416.85789157380515,70.0,52.71463204782417,0.9931902334200026,0.0,0.11650390654017077,0.0
0.481121301651001,-4.387840301757735,-9.365290654780656,11.249204936677422,2.1542368235752214,0.04210254135838973,-0.9489321808930913,0.0,50.0,20.0,1.0,0.0,0.0,0.0,-416.85789157380515,70.0,52.71463204782417,0.9931902334200026,0.0,0.11650390654017077,0.0
0.511476993560791,-3.8785500356530695,-9.525712904103518,10.569659506481635,2.088536912379709,0.0771128562694994,-0.8804220170799417,0.0,50.0,20.0,1.0,0.0,0.0,0.0,-416.85789157380515,70.0,52.71463204782417,0.9931902334200026,0.0,0.11650390654017077,0.0
0.5428080558776855,-3.7574703184517833,-10.017756152708381,9.969740140655132,2.252575887401321,-0.06395413608764652,-0.8828595508209807,0.0,50.0,20.0,1.0,0.0,0.0,0.0,-416.85789157380515,70.0,52.71463204782417,0.9931902334200026,0.0,0.11650390654017077,0.0
0.5728869438171387,-4.447985126753384,-9.661826153304997,9.907974036700931,2.091586076770674,0.0946046352740538,-0.8801572778053948,0.0,50.0,20.0,1.0,0.0,0.0,0.0,-416.85789157380515,70.0,52.71463204782417,0.9931902334200026,0.0,0.11650390654017077,0.0
0.6035783290863037,-5.063423315312958,-10.051500147907424,10.516562540012512,2.0961394137083116,0.1681113453099554,-0.8279082495700277,0.0,50.0,20.0,1.0,0.0,0.0,0.0,-416.85789157380515,70.0,52.71463204782417,0.9931902334200026,0.0,0.11650390654017077,0.0
0.6349618434906006,-5.298454222197672,-9.85107325791182,9.766575439504614,1.958208058036399,0.23110358924339244,-0.8888336248390646,0.0,50.0,20.0,1.0,0.0,0.0,0.0,-416.85789157380515,70.0,52.71463204782417,0.9931902334200026,0.0,0.11650390654017077,0.0
0.6648492813110352,-5.2621245782193276,-9.673542154612957,10.51247588821722,2.09809989871575,0.35327311900005876,-0.759331603470766,0.0,50.0,20.0,1.0,0.0,0.0,0.0,-416.85789157380515,70.0,52.71463204782417,0.9931902334200026,0.0,0.11650390654017077,0.0
0.6951487064361572,-5.810150963781352,-10.313629254536583,10.551176843396819,2.0373816263953533,0.24519231702554284,-0.7754160433290478,0.0,50.0,20.0,1.0,0.0,0.0,0.0,-416.85789157380515,70.0,52.71463204782417,0.9931902334200026,0.0,0.11650390654017077,0.0
0.7256431579589844,-6.562993032709679,-10.674795073733101,10.104513161742727,1.8879838488012521,0.19832006421530599,-0.9692636104448883,0.0,50.0,20.0,1.0,0.0,0.0,0.0,-416.85789157380515,70.0,52.71463204782417,0.9931902334200026,0.0,0.11650390654017077,0.0
0.7558095455169678,-7.1299595912320175,-11.322451605103835,10.797006204152042,2.064139310757116,0.3586169323824978,-1.0323190153085742,0.0,50.0,20.0,1.0,0.0,0.0,0.0,-416.85789157380515,70.0,52.71463204782417,0.9931902334200026,0.0,0.11650390654017077,0.0
0.7874808311462402,-6.462491441274162,-11.326068154283067,11.004789397920739,2.232129510704093,0.32856030892735005,-1.0981788143820523,0.0,50.0,20.0,1.0,0.0,0.0,0.0,-416.85789157380515,70.0,52.71463204782417,0.9931902334200026,0.0,0.11650390654017077,0.0
0.8175051212310791,-5.963424916577875,-11.995240542353514,11.269161872687143,2.075630809130054,0.39564553427393395,-1.2299595629837285,0.0,50.0,20.0,1.0,0.0,0.0,0.0,-416.85789157380515,70.0,52.71463204782417,0.9931902334200026,0.0,0.11650390654017077,0.0
0.8475885391235352,-5.433272846750387,-11.831945253166463,11.565964363600983,2.2589114222028615,0.5038189699615014,-1.1057245663078148,0.0,50.0,20.0,1.0,0.0,0.0,0.0,-416.85789157380515,70.0,52.71463204782417,0.9931902334200026,0.0,0.11650390654017077,0.0
0.8772323131561279,-5.506615732739558,-12.125829456011148,12.052806615583787,2.307338969417143,0.5171262992730419,-1.0245063863591057,0.0,50.0,20.0,1.0,0.0,0.0,0.0,-416.85789157380515,70.0,52.71463204782417,0.9931902334200026,0.0,0.11650390654017077,0.0
0.9076552391052246,-6.217771663501784,-12.020482733176483,12.789539814414374,2.414769754708161,0.3631746427597551,-0.8249875878266677,0.0,50.0,20.0,1.0,0.0,0.0,0.0,-416.85789157380515,70.0,52.71463204782417,0.9931902334200026,0.0,0.11650390654017077,0.0
0.9393937587738037,-6.823387492287467,-11.835591212350284,12.928137769630984,2.3223131843835616,0.3397826574850056,-0.7519524632903367,0.0,50.0,20.0,1.0,0.0,0.0,0.0,-416.85789157380515,70.0,52.71463204782417,0.9931902334200026,0.0,0.11650390654017077,0.0
0.9693813323974609,-6.440789426585868,-12.54020614318736,12.920967507329685,2.5,0.16163902585059495,-0.7711910397027762,0.0,50.0,20.0,1.0,0.0,0.0,0.0,-416.85789157380515,70.0,52.71463204782417,0.9931902334200026,0.0,0.11650390654017077,0.0
0.9992227554321289,-7.007025154441292,-12.637052737373029,13.0,2.5,0.10600864290213594,-0.7066687752134051,0.0,50.0,20.0,1.0,0.0,0.0,0.0,-416.85789157380515,70.0,52.71463204782417,0.9931902334200026,0.0,0.11650390654017077,0.0
1.0301737785339355,-7.667246807963446,-12.956655377409046,13.0,2.5,0.10404247647623563,-0.8190731015334183,0.0,50.0,20.0,1.0,0.0,0.0,0.0,-416.85789157380515,70.0,52.71463204782417,0.9931902334200026,0.0,0.11650390654017077,0.0
1.058953046798706,-7.331504761992473,-12.238942457851719,12.67587119504818,2.5,-0.009701896794969994,-0.8711478195911228,0.0,50.0,20.0,1.0,0.0,0.0,0.0,-416.85789157380515,70.0,52.71463204782417,0.9931902334200026,0.0,0.11650390654017077,0.0
1.091942548751831,-7.202466706113775,-12.249023180250848,12.096300960650664,2.3487750277646775,-0.09412500943533948,-0.6909042255241904,0.0,50.0,20.0,1.0,0.0,0.0,0.0,-416.85789157380515,70.0,52.71463204782417,0.9931902334200026,0.0,0.11650390654017077,0.0
1.1213748455047607,-7.945429950441349,-11.654494193986068,12.007099234778158,2.448858313442215,-0.27552143775156934,-0.8104897591802943,0.0,50.0,20.0,1.0,0.0,0.0,0.0,-416.85789157380515,70.0,52.71463204782417,0.9931902334200026,0.0,0.11650390654017077,0.0
1.1517643928527832,-8.681673361459026,-11.337100098582713,12.602803884103055,2.4511703843325368,-0.3779784587938145,-0.6845850906797772,0.0,50.0,20.0,1.0,0.0,0.0,0.0,-416.85789157380515,70.0,52.71463204782417,0.9931902334200026,0.0,0.11650390654017077,0.0
1.1818711757659912,-8.599494973725358,-11.81701279033966,12.664059240936474,2.5,-0.43701465690863495,-0.69236798043694,0.0,50.0,20.0,1.0,0.0,0.0,0.0,-416.85789157380515,70.0,52.71463204782417,0.9931902334200026,0.0,0.11650390654017077,0.0
1.2112901210784912,-8.907204472232985,-11.669999555064317,13.0,2.3383311549738712,-0.6043838881071643,-0.7596489051189075,0.0,50.0,20.0,1.0,0.0,0.0,0.0,-416.85789157380515,70.0,52.71463204782417,0.9931902334200026,0.0,0.11650390654017077,0.0
1.2435104846954346,-9.388577505101596,-11.880788421597325,12.625476323594597,2.3090186768462497,-0.7790947767723527,-0.8477310000123346,0.0,50.0,20.0,1.0,0.0,0.0,0.0,-416.85789157380515,70.0,52.71463204782417,0.9931902334200026,0.0,0.11650390654017077,0.0
1.272984266281128,-9.20339241769332,-12.196004980388736,12.602170972478264,2.2035017905183394,-0.611801879454738,-0.6893965442326633,0.0,50.0,20.0,1.0,0.0,0.0,0.0,-416.85789157380515,70.0,52.71463204782417,0.9931902334200026,0.0,0.11650390654017077,0.0
1.304863452911377,-9.558521957738993,-11.468584997598898,12.601856982575905,2.1241983861631986,-0.6419527126177453,-0.7766564759778839,0.0,50.0,20.0,1.0,0.0,0.0,0.0,-416.85789157380515,70.0,52.71463204782417,0.9931902334200026,0.0,0.11650390654017077,0.0
1.335270643234253,-8.944200195444214,-11.519144399215083,13.0,2.243227451304243,-0.6156500344766995,-0.8318988045116419,0.0,50.0,20.0,1.0,0.0,0.0,0.0,-416.85789157380515,70.0,52.71463204782417,0.9931902334200026,0.0,0.11650390654017077,0.0
1.3653757572174072,-8.475570244340837,-10.796205636009917,12.963137910384635,2.420833829243464,-0.6467175483516159,-0.8845642581374487,0.0,50.0,20.0,1.0,0.0,0.0,0.0,-416.85789157380515,70.0,52.71463204782417,0.9931902334200026,0.0,0.11650390654017077,0.0
1.3951492309570312,-8.036292154702856,-10.720771940106502,13.0,2.5,-0.7710331868832263,-0.7811567246392106,0.0,50.0,20.0,1.0,0.0,0.0,0.0,-416.85789157380515,70.0,52.71463204782417,0.9931902334200026,0.0,0.11650390654017077,0.0
1.4276096820831299,-8.372120781701044,-11.007676440370426,13.0,2.461735071099248,-0.622790076411504,-0.9324824186442049,0.0,50.0,20.0,1.0,0.0,0.0,0.0,-416.85789157380515,70.0,52.71463204782417,0.9931902334200026,0.0,0.11650390654017077,0.0
1.4551000595092773,-8.882196209363212,-11.420914051821963,12.902046586415556,2.306811262064169,-0.5049794575878404,-0.7692488778768729,0.0,50.0,20.0,1.0,0.0,0.0,0.0,-416.85789157380515,70.0,52.71463204782417,0.9931902334200026,0.0,0.11650390654017077,0.0
1.4874649047851562,-8.281321041208102,-10.88180972756113,13.0,2.2578065078173037,-0.43747418831138596,-0.8888120646859426,0.0,50.0,20.0,1.0,0.0,0.0,0.0,-416.85789157380515,70.0,52.71463204782417,0.9931902334200026,0.0,0.11650390654017077,0.0
1.5169227123260498,-8.634006497389267,-10.162583610919683,13.0,2.299929098052292,-0.6073564443998187,-0.9380998348513032,0.0,50.0,20.0,1.0,0.0,0.0,0.0,-416.85789157380515,70.0,52.71463204782417,0.9931902334200026,0.0,0.11650390654017077,0.0
1.5472650527954102,-8.78658067502075,-10.503519849495902,13.0,2.4730389557200976,-0.58280789970024,-0.9787549045116378,0.0,50.0,20.0,1.0,0.0,0.0,0.0,-416.85789157380515,70.0,52.71463204782417,0.9931902334200026,0.0,0.11650390654017077,0.0
1.5774102210998535,-9.446221813207499,-10.929573934320544,12.333005590372636,2.2902114501543624,-0.5048965343745567,-1.0367244278605545,0.0,50.0,20.0,1.0,0.0,0.0,0.0,-416.85789157380515,70.0,52.71463204782417,0.9931902334200026,0.0,0.11650390654017077,0.0
1.6088318824768066,-9.050582796869735,-10.882432660637683,12.623758743150923,2.354552601493515,-0.5805414688538003,-0.9758747362422177,0.0,50.0,20.0,1.0,0.0,0.0,0.0,-416.85789157380515,70.0,52.71463204782417,0.9931902334200026,0.0,0.11650390654017077,0.0
1.6393814086914062,-9.234904056587464,-10.90899006213703,11.998948876681464,2.27087887842368,-0.6178095937776802,-0.97200716771252,0.0,50.0,20.0,1.0,0.0,0.0,0.0,-416.85789157380515,70.0,52.71463204782417,0.9931902334200026,0.0,0.11650390654017077,0.0
1.6697158813476562,-9.971588160343114,-10.49063921277734,12.134394270550063,2.117880109070842,-0.5817889398119275,-0.9587235171113178,0.0,50.0,20.0,1.0,0.0,0.0,0.0,-416.85789157380515,70.0,52.71463204782417,0.9931902334200026,0.0,0.11650390654017077,0.0
1.6987888813018799,-9.231723081446043,-10.955886720491415,11.885575141861016,2.0926709809550896,-0.6525655939369259,-0.840237533205449,0.0,50.0,20.0,1.0,0.0,0.0,0.0,-416.85789157380515,70.0,52.71463204782417,0.9931902334200026,0.0,0.11650390654017077,0.0
1.7291722297668457,-8.503857298454873,-11.03002398023299,11.182071863977574,2.0557699585796256,-0.7513548080163829,-0.7088026928594486,0.0,50.0,20.0,1.0,0.0,0.0,0.0,-416.85789157380515,70.0,52.71463204782417,0.9931902334200026,0.0,0.11650390654017077,0.0
1.7599241733551025,-8.13673478024837,-10.896101893914487,11.491522985445915,1.9622477283384574,-0.9236600622517646,-0.9022102323223555,0.0,50.0,20.0,1.0,0.0,0.0,0.0,-416.85789157380515,70.0,52.71463204782417,0.9931902334200026,0.0,0.11650390654017077,0.0
1.791135549545288,-8.666393418750431,-11.510970118667803,11.408322846880026,2.1374203816760007,-0.7774555356437747,-0.810647945513739,0.0,50.0,20.0,1.0,0.0,0.0,0.0,-416.85789157380515,70.0,52.71463204782417,0.9931902334200026,0.0,0.11650390654017077,0.0
1.821082353591919,-8.62901248052241,-12.052529695233497,11.077729196997172,2.0883963577768077,-0.7169768801044935,-0.9523053416552079,0.0,50.0,20.0,1.0,0.0,0.0,0.0,-416.85789157380515,70.0,52.71463204782417,0.9931902334200026,0.0,0.11650390654017077,0.0
1.8515150547027588,-8.25039015639575,-12.540604753589962,11.742720573090523,2.1982140241725494,-0.8449648082476038,-0.8610493811052067,0.0,50.0,20.0,1.0,0.0,0.0,0.0,-416.85789157380515,70.0,52.71463204782417,0.9931902334200026,0.0,0.11650390654017077,0.0
1.880847692489624,-8.626072467304141,-12.443890515745267,11.119226201970273,2.173384296413547,-0.9259505558395296,-0.7588120641966868,0.0,50.0,20.0,1.0,0.0,0.0,0.0,-416.85789157380515,70.0,52.71463204782417,0.9931902334200026,0.0,0.11650390654017077,0.0
1.911344051361084,-8.362662752949975,-13.0,11.778201379924,2.3487416983549028,-0.778662383009598,-0.7160659159398193,0.0,50.0,20.0,1.0,0.0,0.0,0.0,-416.85789157380515,70.0,52.71463204782417,0.9931902334200026,0.0,0.11650390654017077,0.0
1.9427413940429688,-7.939147420418043,-12.50022888581396,11.822172190945867,2.5,-0.9664998367197694,-0.5577839251080139,0.0,50.0,20.0,1.0,0.0,0.0,0.0,-416.85789157380515,70.0,52.71463204782417,0.9931902334200026,0.0,0.11650390654017077,0.0
1.9733712673187256,-7.98604889948081,-12.279088529826016,11.046215508160275,2.5,-0.9623224859486903,-0.44737330129291486,0.0,50.0,20.0,1.0,0.0,0.0,0.0,-416.85789157380515,70.0,52.71463204782417,0.9931902334200026,0.0,0.11650390654017077,0.0
2.003282308578491,-7.224884042665227,-12.414397723747141,10.79152439717785,2.5,-1.1452461690855742,-0.6005047002045717,0.0,50.0,20.0,1.0,0.0,0.0,0.0,-416.85789157380515,70.0,52.71463204782417,0.9931902334200026,0.0,0.11650390654017077,0.0
2.0358991622924805,-6.9678026692848185,-12.107280249506053,10.42817461274206,2.5,-1.094757367522663,-0.6519636521712979,0.0,50.0,20.0,1.0,0.0,0.0,0.0,-416.85789157380515,70.0,52.71463204782417,0.9931902334200026,0.0,0.11650390654017077,0.0
2.0651423931121826,-7.283840315765458,-11.936019946352395,10.103637467819546,2.5,-1.2559439692245045,-0.5900248585144778,0.0,50.0,20.0,1.0,0.0,0.0,0.0,-416.85789157380515,70.0,52.71463204782417,0.9931902334200026,0.0,0.11650390654017077,0.0
2.095383644104004,-7.303872869270768,-12.016189717442005,10.00059638114709,2.5,-1.3804551591179317,-0.671593157653476,0.0,50.0,20.0,1.0,0.0,0.0,0.0,-416.85789157380515,70.0,52.71463204782417,0.9931902334200026,0.0,0.11650390654017077,0.0
2.1253652572631836,-7.597959556372028,-11.94152316081928,10.080835621747953,2.5,-1.3986610360495153,-0.5042735541631287,0.0,50.0,20.0,1.0,0.0,0.0,0.0,-416.85789157380515,70.0,52.71463204782417,0.9931902334200026,0.0,0.11650390654017077,0.0
2.155853509902954,-8.112277406742995,-11.91577282187805,9.72768285290095,2.359697194840151,-1.5066077328889316,-0.6518075168460195,0.0,50.0,20.0,1.0,0.0,0.0,0.0,-416.85789157380515,70.0,52.71463204782417,0.9931902334200026,0.0,0.11650390654017077,0.0
2.1873342990875244,-7.567557718322373,-11.658541193305188,9.573911079734946,2.18829797304202,-1.4871367704478762,-0.6508125798186728,0.0,50.0,20.0,1.0,0.0,0.0,0.0,-416.85789157380515,70.0,52.71463204782417,0.9931902334200026,0.0,0.11650390654017077,0.0
2.21797251701355,-6.82579162816401,-11.109937590519921,8.903727769549528,2.1012210331147356,-1.539758036766632,-0.513978727170062,0.0,50.0,20.0,1.0,0.0,0.0,0.0,-416.85789157380515,70.0,52.71463204782417,0.9931902334200026,0.0,0.11650390654017077,0.0
2.2472832202911377,-7.019271982740713,-10.946098539290144,9.582058383574815,1.9309446262408907,-1.640300313768561,-0.3331245921701548,0.0,50.0,20.0,1.0,0.0,0.0,0.0,-416.85789157380515,70.0,52.71463204782417,0.9931902334200026,0.0,0.11650390654017077,0.0
2.277083396911621,-7.214032297122245,-10.713978962177993,10.187351235744421,1.8019341332278451,-1.706779946260875,-0.35606630936929495,0.0,50.0,20.0,1.0,0.0,0.0,0.0,-416.85789157380515,70.0,52.71463204782417,0.9931902334200026,0.0,0.11650390654017077,0.0
2.307277202606201,-7.222824547277392,-10.239431948851836,10.636238398027364,1.8254964246119114,-1.8681173931946808,-0.2562033301012769,0.0,50.0,20.0,1.0,0.0,0.0,0.0,-416.85789157380515,70.0,52.71463204782417,0.9931902334200026,0.0,0.11650390654017077,0.0
2.338984489440918,-7.060658547976889,-10.06613504625461,10.615512273450086,1.9097393459845187,-1.907107995222116,-0.3277083328267058,0.0,50.0,20.0,1.0,0.0,0.0,0.0,-416.85789157380515,70.0,52.71463204782417,0.9931902334200026,0.0,0.11650390654017077,0.0
2.3689770698547363,-7.401857709518376,-9.784812529003865,10.567815084760502,1.9545299903253237,-2.031560324080574,-0.44280339741898567,0.0,50.0,20.0,1.0,0.0,0.0,0.0,-416.85789157380515,70.0,52.71463204782417,0.9931902334200026,0.0,0.11650390654017077,0.0
2.3991811275482178,-8.100697878377662,-9.616792534482272,10.959507838310985,1.7819598395965088,-2.0852679648908907,-0.6097384608889129,0.0,50.0,20.0,1.0,0.0,0.0,0.0,-416.85789157380515,70.0,52.71463204782417,0.9931902334200026,0.0,0.11650390654017077,0.0
2.4291956424713135,-7.426065277706276,-9.662309954613416,11.680829490583664,1.9357726431283755,-2.1648354458058625,-0.6360993124793577,0.0,50.0,20.0,1.0,0.0,0.0,0.0,-416.85789157380515,70.0,52.71463204782417,0.9931902334200026,0.0,0.11650390654017077,0.0
2.4632394313812256,-1.2042585715398726,-6.182524588544179,10.182560532487358,0.024398208181921177,1.645891769569209,-2.3117671371376085,0.0,50.0,20.0,1.0,0.0,0.0,0.0,-416.85789157380515,70.0,52.71463204782417,0.9931902334200026,0.0,0.11650390654017077,0.0
2.4914097785949707,-0.5292312410338822,-6.405657766668216,10.072666563774208,0.17345853941064288,1.5457767805798694,-2.481838595416906,0.0,50.0,20.0,1.0,0.0,0.0,0.0,-416.85789157380515,70.0,52.71463204782417,0.9931902334200026,0.0,0.11650390654017077,0.0
2.521209239959717,-1.3127457357893026,-6.9981769583451845,9.585666149933985,0.12886134577451944,1.6815006115085913,-2.5,0.0,50.0,20.0,1.0,0.0,0.0,0.0,-416.85789157380515,70.0,52.71463204782417,0.9931902334200026,0.0,0.11650390654017077,0.0
2.5517687797546387,-0.659503568868101,-7.713947051726613,9.01033141615096,0.13573356634323724,1.880267918271012,-2.5,0.0,50.0,20.0,1.0,0.0,0.0,0.0,-416.85789157380515,70.0,52.71463204782417,0.9931902334200026,0.0,0.11650390654017077,0.0
2.5817184448242188,-0.7714996419220208,-7.860140147644024,9.728809020064087,0.22009557608856095,1.8092250142292399,-2.4314145343546096,0.0,50.0,20.0,1.0,0.0,0.0,0.0,-416.85789157380515,70.0,52.71463204782417,0.9931902334200026,0.0,0.11650390654017077,0.0
2.6127374172210693,-1.3376555605062546,-8.512567747295067,9.449926305252623,0.11273593529847024,1.755207754155284,-2.437613508763424,0.0,50.0,20.0,1.0,0.0,0.0,0.0,-416.85789157380515,70.0,52.71463204782417,0.9931902334200026,0.0,0.11650390654017077,0.0
2.643967628479004,-2.0867422421769484,-9.238467259267017,9.7273132574591,0.201390714258043,1.8376202634723156,-2.4462287657504986,0.0,50.0,20.0,1.0,0.0,0.0,0.0,-416.85789157380515,70.0,52.71463204782417,0.9931902334200026,0.0,0.11650390654017077,0.0
2.673900604248047,-2.380111637216747,-9.902601057305633,10.4710964494153,0.2532781794016774,1.8171593655092444,-2.384632073821917,0.0,50.0,20.0,1.0,0.0,0.0,0.0,-416.85789157380515,70.0,52.71463204782417,0.9931902334200026,0.0,0.11650390654017077,0.0
2.70317006111145,-2.067843560610029,-10.52249191709032,11.261504306905204,0.3895298432163045,1.8201148206453126,-2.449884042189409,0.0,50.0,20.0,1.0,0.0,0.0,0.0,-416.85789157380515,70.0,52.71463204782417,0.9931902334200026,0.0,0.11650390654017077,0.0
2.7361667156219482,-1.8961039821012156,-10.503555161645181,11.588338189923286,0.539278095520223,1.815166917939257,-2.5,0.0,50.0,20.0,1.0,0.0,0.0,0.0,-416.85789157380515,70.0,52.71463204782417,0.9931902334200026,0.0,0.11650390654017077,0.0
2.765662908554077,-1.9294424780135495,-10.916617421915461,11.221747153423175,0.3771017169858876,1.9144420518475331,-2.3115767491392294,0.0,50.0,20.0,1.0,0.0,0.0,0.0,-416.85789157380515,70.0,52.71463204782417,0.9931902334200026,0.0,0.11650390654017077,0.0
2.7951362133026123,-1.3698533570996763,-11.24704377615767,10.967330674305076,0.43731292151288215,1.801858634334246,-2.5,0.0,50.0,20.0,1.0,0.0,0.0,0.0,-416.85789157380515,70.0,52.71463204782417,0.9931902334200026,0.0,0.11650390654017077,0.0
2.8254363536834717,-2.1531149273558112,-10.4636126641232,11.347825431971916,0.48916442277548805,1.7285705493392751,-2.5,0.0,50.0,20.0,1.0,0.0,0.0,0.0,-416.85789157380515,70.0,52.71463204782417,0.9931902334200026,0.0,0.11650390654017077,0.0
2.855944871902466,-2.835951671855943,-10.205399015578886,11.337405994671949,0.5933554607965195,1.8912339644916814,-2.5,0.0,50.0,20.0,1.0,0.0,0.0,0.0,-416.85789157380515,70.0,52.71463204782417,0.9931902334200026,0.0,0.11650390654017077,0.0
2.887617826461792,-2.9508447424562942,-9.435776401400046,11.165272774040352,0.560640983340492,1.7442056157012593,-2.5,0.0,50.0,20.0,1.0,0.0,0.0,0.0,-416.85789157380515,70.0,52.71463204782417,0.9931902334200026,0.0,0.11650390654017077,0.0
2.9164886474609375,-3.1069051262733156,-9.602437139104515,11.212492898902225,0.6704955066945351,1.786921677270936,-2.4537812293140893,0.0,50.0,20.0,1.0,0.0,0.0,0.0,-416.85789157380515,70.0,52.71463204782417,0.9931902334200026,0.0,0.11650390654017077,0.0
2.9468464851379395,-2.502698691625398,-9.526280639902534,10.847079277845918,0.7325980521181824,1.7613302572911647,-2.5,0.0,50.0,20.0,1.0,0.0,0.0,0.0,-416.85789157380515,70.0,52.71463204782417,0.9931902334200026,0.0,0.11650390654017077,0.0
2.9782729148864746,-2.990626010347709,-10.029995109364055,10.77520712578162,0.8343183218263113,1.6687870678191752,-2.3899355183696978,0.0,50.0,20.0,1.0,0.0,0.0,0.0,-416.85789157380515,70.0,52.71463204782417,0.9931902334200026,0.0,0.11650390654017077,0.0
3.0075454711914062,-3.6954927405741866,-10.51279342662965,10.17773935777327,0.8615756936297208,1.6842485131910638,-2.490221235985725,0.0,50.0,20.0,1.0,0.0,0.0,0.0,-416.85789157380515,70.0,52.71463204782417,0.9931902334200026,0.0,0.11650390654017077,0.0
3.0390737056732178,-4.260513422027541,-11.074757930215819,10.800981112187745,1.0527877236584615,1.6253569290121685,-2.335718035055513,0.0,50.0,20.0,1.0,0.0,0.0,0.0,-416.85789157380515,70.0,52.71463204782417,0.9931902334200026,0.0,0.11650390654017077,0.0
3.0692927837371826,-4.690519128540532,-10.97893486463552,10.552096766094868,1.2349387425983962,1.7670780652475744,-2.3990326947844753,0.0,50.0,20.0,1.0,0.0,0.0,0.0,-416.85789157380515,70.0,52.71463204782417,0.9931902334200026,0.0,0.11650390654017077,0.0
3.0996477603912354,-5.487240017213963,-11.046409487899947,11.095507082478637,1.0365584292497907,1.6957946483847048,-2.472365989498167,0.0,50.0,20.0,1.0,0.0,0.0,0.0,-416.85789157380515,70.0,52.71463204782417,0.9931902334200026,0.0,0.11650390654017077,0.0
3.128689765930176,-4.858338745470913,-11.740909035686148,11.587953131039026,0.9667357618431704,1.6245261539011842,-2.473540361222901,0.0,50.0,20.0,1.0,0.0,0.0,0.0,-416.85789157380515,70.0,52.71463204782417,0.9931902334200026,0.0,0.11650390654017077,0.0
3.1589860916137695,-4.440250125148209,-11.719117590095422,11.763211349682178,1.0892953856102339,1.5519597222616983,-2.474053421522524,0.0,50.0,20.0,1.0,0.0,0.0,0.0,-416.85789157380515,70.0,52.71463204782417,0.9931902334200026,0.0,0.11650390654017077,0.0
3.191035270690918,-4.639719273980923,-11.84209218503587,10.963215486746964,1.1611778902768646,1.6364549577906322,-2.5,0.0,50.0,20.0,1.0,0.0,0.0,0.0,-416.85789157380515,70.0,52.71463204782417,0.9931902334200026,0.0,0.11650390654017077,0.0
3.220536947250366,-5.104187456014822,-11.25617163202373,11.001573126589543,1.1310236042911652,1.5039350124203494,-2.3068957858301893,0.0,50.0,20.0,1.0,0.0,0.0,0.0,-416.85789157380515,70.0,52.71463204782417,0.9931902334200026,0.0,0.11650390654017077,0.0
3.2507083415985107,-5.133639235656907,-11.309390740777662,11.346242000916495,1.1866483047751262,1.4591545555805523,-2.140805175604079,0.0,50.0,20.0,1.0,0.0,0.0,0.0,-416.85789157380515,70.0,52.71463204782417,0.9931902334200026,0.0,0.11650390654017077,0.0
3.280987024307251,-5.83847877444541,-11.660767105971503,11.717447663388844,1.2746775079227657,1.463985833106715,-1.992551090392267,0.0,50.0,20.0,1.0,0.0,0.0,0.0,-416.85789157380515,70.0,52.71463204782417,0.9931902334200026,0.0,0.11650390654017077,0.0
3.310791015625,-5.368553150533089,-12.13184551421303,11.832958198169152,1.2100663652322514,1.292990616505789,-1.8438455993466907,0.0,50.0,20.0,1.0,0.0,0.0,0.0,-416.85789157380515,70.0,52.71463204782417,0.9931902334200026,0.0,0.11650390654017077,0.0
3.3427436351776123,-5.982697229568167,-12.366140072055257,12.221002821341614,1.2399075386128453,1.408536896070209,-2.0051829503864846,0.0,50.0,20.0,1.0,0.0,0.0,0.0,-416.85789157380515,70.0,52.71463204782417,0.9931902334200026,0.0,0.11650390654017077,0.0
3.3732099533081055,-5.738866462133951,-13.0,12.8697769651322,1.3580854038565722,1.5112310472559511,-2.0900447632567127,0.0,50.0,20.0,1.0,0.0,0.0,0.0,-416.85789157380515,70.0,52.71463204782417,0.9931902334200026,0.0,0.11650390654017077,0.0
3.4026999473571777,-6.430130351076767,-12.74507112054798,13.0,1.435969576626054,1.572172166617011,-2.2348942856222616,0.0,50.0,20.0,1.0,0.0,0.0,0.0,-416.85789157380515,70.0,52.71463204782417,0.9931902334200026,0.0,0.11650390654017077,0.0
3.435051202774048,-7.16560062622221,-12.45913027553747,13.0,1.5004278522263677,1.4222824473593683,-2.1402769817987215,0.0,50.0,20.0,1.0,0.0,0.0,0.0,-416.85789157380515,70.0,52.71463204782417,0.9931902334200026,0.0,0.11650390654017077,0.0
3.4649112224578857,-7.004279884271173,-12.349618422437372,13.0,1.5880980849351825,1.3423181576502414,-2.0494627823156644,0.0,50.0,20.0,1.0,0.0,0.0,0.0,-416.85789157380515,70.0,52.71463204782417,0.9931902334200026,0.0,0.11650390654017077,0.0
3.4948861598968506,-6.4686642988883785,-13.0,13.0,1.6577542325846517,1.4865910551317505,-2.19251685302166,0.0,50.0,20.0,1.0,0.0,0.0,0.0,-416.85789157380515,70.0,52.71463204782417,0.9931902334200026,0.0,0.11650390654017077,0.0
3.525484800338745,-6.923622032029842,-13.0,13.0,1.481885816368873,1.6810131327976892,-2.1436270775905264,0.0,50.0,20.0,1.0,0.0,0.0,0.0,-416.85789157380515,70.0,52.71463204782417,0.9931902334200026,0.0,0.11650390654017077,0.0
3.5546085834503174,-7.0136518895188145,-12.695823197038317,12.944280796173054,1.6579133250250553,1.8297292074217952,-2.086027770411577,0.0,50.0,20.0,1.0,0.0,0.0,0.0,-416.85789157380515,70.0,52.71463204782417,0.9931902334200026,0.0,0.11650390654017077,0.0
3.5864105224609375,-7.255859832783335,-12.094163824923987,13.0,1.7929553571657135,2.0287502995992432,-2.1847509559543923,0.0,50.0,20.0,1.0,0.0,0.0,0.0,-416.85789157380515,70.0,52.71463204782417,0.9931902334200026,0.0,0.11650390654017077,0.0
3.6181349754333496,-7.133163724921817,-12.547427707122425,12.214017728339792,1.9762452077611923,1.8616774909174896,-2.0559841654499698,0.0,50.0,20.0,1.0,0.0,0.0,0.0,-416.85789157380515,70.0,52.71463204782417,0.9931902334200026,0.0,0.11650390654017077,0.0
3.6470015048980713,-7.503999195631415,-12.970955483471451,11.429792190091081,1.9785218434935379,1.8052855034924835,-2.097746107848636,0.0,50.0,20.0,1.0,0.0,0.0,0.0,-416.85789157380515,70.0,52.71463204782417,0.9931902334200026,0.0,0.11650390654017077,0.0
3.6772685050964355,-7.583568672993135,-12.371853705101536,11.716706268573432,2.126439557040528,1.834771879507599,-1.9501281443261584,0.0,50.0,20.0,1.0,0.0,0.0,0.0,-416.85789157380515,70.0,52.71463204782417,0.9931902334200026,0.0,0.11650390654017077,0.0
3.7077507972717285,-7.257632315952413,-11.98629218703177,11.58937994081261,2.031719331402756,1.7711532386461448,-1.9799644260574425,0.0,50.0,20.0,1.0,0.0,0.0,0.0,-416.85789157380515,70.0,52.71463204782417,0.9931902334200026,0.0,0.11650390654017077,0.0
3.7389142513275146,-7.228262435287016,-11.661502100858282,11.951437435255466,1.8774792659292137,1.6929690572994491,-2.1455532116574583,0.0,50.0,20.0,1.0,0.0,0.0,0.0,-416.85789157380515,70.0,52.71463204782417,0.9931902334200026,0.0,0.11650390654017077,0.0
3.769524335861206,-6.5207720908011595,-11.128575742789021,11.250109312598964,1.6897217661719444,1.5053868448736893,-1.9895731956054972,0.0,50.0,20.0,1.0,0.0,0.0,0.0,-416.85789157380515,70.0,52.71463204782417,0.9931902334200026,0.0,0.11650390654017077,0.0
3.7987918853759766,-5.8338374531053905,-10.72374227101272,10.717055329193872,1.4959219612889256,1.6437040064349133,-1.817237990899412,0.0,50.0,20.0,1.0,0.0,0.0,0.0,-416.85789157380515,70.0,52.71463204782417,0.9931902334200026,0.0,0.11650390654017077,0.0
3.8291966915130615,-6.257949097303982,-10.02154953468679,10.066771411711418,1.6183599856148763,1.8099157050599588,-1.75216363455916,0.0,50.0,20.0,1.0,0.0,0.0,0.0,-416.85789157380515,70.0,52.71463204782417,0.9931902334200026,0.0,0.11650390654017077,0.0
3.8595147132873535,-5.966114164806271,-10.246023552350293,10.11568707561639,1.4924599635256095,1.656717298257334,-1.723893609162116,0.0,50.0,20.0,1.0,0.0,0.0,0.0,-416.85789157380515,70.0,52.71463204782417,0.9931902334200026,0.0,0.11650390654017077,0.0
3.8906424045562744,-6.096425382533117,-10.132788715287862,10.651232113730309,1.4234390131496635,1.7098718108096709,-1.8978830925950931,0.0,50.0,20.0,1.0,0.0,0.0,0.0,-416.85789157380515,70.0,52.71463204782417,0.9931902334200026,0.0,0.11650390654017077,0.0
3.920654535293579,-6.040885177511127,-10.443921982795512,9.857877790231068,1.4614424344055494,1.7311043624324158,-1.9562013667707545,0.0,50.0,20.0,1.0,0.0,0.0,0.0,-416.85789157380515,70.0,52.71463204782417,0.9931902334200026,0.0,0.11650390654017077,0.0
3.9503722190856934,-6.556163635173711,-9.679396259484523,10.552719650143542,1.5128491620569888,1.5928259665453401,-2.1034834365913104,0.0,50.0,20.0,1.0,0.0,0.0,0.0,-416.85789157380515,70.0,52.71463204782417,0.9931902334200026,0.0,0.11650390654017077,0.0
3.9809935092926025,-5.919508407169853,-9.962574043280894,10.981931829069246,1.3446322764939993,1.7744421166451312,-2.26198378469181,0.0,50.0,20.0,1.0,0.0,0.0,0.0,-416.85789157380515,70.0,52.71463204782417,0.9931902334200026,0.0,0.11650390654017077,0.0
4.011516332626343,-5.7385995560843295,-9.376604835526766,10.98157226566306,1.4107494667669704,1.8525966951158102,-2.096210024170144,0.0,50.0,20.0,1.0,0.0,0.0,0.0,-416.85789157380515,70.0,52.71463204782417,0.9931902334200026,0.0,0.11650390654017077,0.0
4.042663097381592,-5.0400124993917785,-8.846571499347359,11.459013605473368,1.5170181863333214,1.9631387384390013,-1.9233489510617654,0.0,50.0,20.0,1.0,0.0,0.0,0.0,-416.85789157380515,70.0,52.71463204782417,0.9931902334200026,0.0,0.11650390654017077,0.0
4.0735204219818115,-4.600432108027645,-8.3496865398468,11.068176850714476,1.576135711373748,1.970600691269372,-1.7495640176406475,0.0,50.0,20.0,1.0,0.0,0.0,0.0,-416.85789157380515,70.0,52.71463204782417,0.9931902334200026,0.0,0.11650390654017077,0.0
4.103049993515015,-4.024039954977081,-8.589798966031408,11.377193176642715,1.4137929187530816,1.9750166069414006,-1.917877811087245,0.0,50.0,20.0,1.0,0.0,0.0,0.0,-416.85789157380515,70.0,52.71463204782417,0.9931902334200026,0.0,0.11650390654017077,0.0
4.1355345249176025,-3.673265865153118,-8.074715937207758,12.063637647020172,1.5445365554543682,2.071476540221317,-2.0288579980663277,0.0,50.0,20.0,1.0,0.0,0.0,0.0,-416.85789157380515,70.0,52.71463204782417,0.9931902334200026,0.0,0.11650390654017077,0.0
4.1644933223724365,-3.9362149796963424,-7.7431048068210915,11.63659588289095,1.5349256440162724,1.9144678950029403,-1.9461269462631359,0.0,50.0,20.0,1.0,0.0,0.0,0.0,-416.85789157380515,70.0,52.71463204782417,0.9931902334200026,0.0,0.11650390654017077,0.0
4.194471597671509,-3.7635402225848122,-8.404441924949138,11.586690730839404,1.605313065863966,1.8689529972384855,-1.79610488428394,0.0,50.0,20.0,1.0,0.0,0.0,0.0,-416.85789157380515,70.0,52.71463204782417,0.9931902334200026,0.0,0.11650390654017077,0.0
4.225040912628174,-3.3188948945173857,-9.125319293415924,12.083533813952362,1.7185971321610993,2.04588437467895,-1.6555412688311086,0.0,50.0,20.0,1.0,0.0,0.0,0.0,-416.85789157380515,70.0,52.71463204782417,0.9931902334200026,0.0,0.11650390654017077,0.0
4.255041122436523,-3.005313287740126,-8.34509484475539,11.956886800557797,1.592600310209032,2.040061389995002,-1.8117089887345552,0.0,50.0,20.0,1.0,0.0,0.0,0.0,-416.85789157380515,70.0,52.71463204782417,0.9931902334200026,0.0,0.11650390654017077,0.0
4.286919355392456,-2.769373908459349,-8.801531132663284,12.365252504435784,1.4417321427736955,2.069524840212723,-1.7700352813833522,0.0,50.0,20.0,1.0,0.0,0.0,0.0,-416.85789157380515,70.0,52.71463204782417,0.9931902334200026,0.0,0.11650390654017077,0.0
4.31694483757019,-2.3966903854549213,-9.448383811010416,12.34196509105384,1.269749892662657,1.9381115881752655,-1.8865102468225206,0.0,50.0,20.0,1.0,0.0,0.0,0.0,-416.85789157380515,70.0,52.71463204782417,0.9931902334200026,0.0,0.11650390654017077,0.0
4.347104787826538,-2.9669746750176245,-8.802629640973876,12.87685662980234,1.1388725537062567,1.751526654773308,-1.9482343087810294,0.0,50.0,20.0,1.0,0.0,0.0,0.0,-416.85789157380515,70.0,52.71463204782417,0.9931902334200026,0.0,0.11650390654017077,0.0
4.376753091812134,-2.948531626764107,-8.607492565690425,13.0,0.954966443575427,1.6182122733331707,-1.8360076345045875,0.0,50.0,20.0,1.0,0.0,0.0,0.0,-416.85789157380515,70.0,52.71463204782417,0.9931902334200026,0.0,0.11650390654017077,0.0
4.406658172607422,-2.4419396816731926,-7.895909976223345,13.0,0.9352094789947423,1.5436894889668968,-1.8945460934802072,0.0,50.0,20.0,1.0,0.0,0.0,0.0,-416.85789157380515,70.0,52.71463204782417,0.9931902334200026,0.0,0.11650390654017077,0.0
4.43876051902771,-1.8647458152744472,-7.830413730696426,12.764250741170471,0.7438904503726176,1.4195913966628513,-1.7715550731400553,0.0,50.0,20.0,1.0,0.0,0.0,0.0,-416.85789157380515,70.0,52.71463204782417,0.9931902334200026,0.0,0.11650390654017077,0.0
4.468319892883301,-2.042691848478684,-8.158806663493827,12.889678037314598,0.8963318573903393,1.3634296623619868,-1.8270094457948562,0.0,50.0,20.0,1.0,0.0,0.0,0.0,-416.85789157380515,70.0,52.71463204782417,0.9931902334200026,0.0,0.11650390654017077,0.0
4.498456954956055,-2.6566413653223266,-8.527936045705529,13.0,1.0268649949548923,1.180061735169078,-1.8039141323831758,0.0,50.0,20.0,1.0,0.0,0.0,0.0,-416.85789157380515,70.0,52.71463204782417,0.9931902334200026,0.0,0.11650390654017077,0.0
4.529963731765747,-3.3846777405507495,-8.990213898802914,12.782602264922783,1.1511541264510592,1.1158506029070585,-1.787288171494698,0.0,50.0,20.0,1.0,0.0,0.0,0.0,-416.85789157380515,70.0,52.71463204782417,0.9931902334200026,0.0,0.11650390654017077,0.0
4.55931544303894,-3.5659969416349284,-8.37084862344646,12.955792343858905,1.0456446438634257,1.2943762941663686,-1.833348272147583,0.0,50.0,20.0,1.0,0.0,0.0,0.0,-416.85789157380515,70.0,52.71463204782417,0.9931902334200026,0.0,0.11650390654017077,0.0
4.590872049331665,-3.138601157933067,-7.935516342094767,13.0,1.0935716247017089,1.1153213390100019,-1.728770837199473,0.0,50.0,20.0,1.0,0.0,0.0,0.0,-416.85789157380515,70.0,52.71463204782417,0.9931902334200026,0.0,0.11650390654017077,0.0
4.6209540367126465,-2.7080406579199945,-8.477979201415682,13.0,0.976493372686432,1.264453635374907,-1.5517763275004701,0.0,50.0,20.0,1.0,0.0,0.0,0.0,-416.85789157380515,70.0,52.71463204782417,0.9931902334200026,0.0,0.11650390654017077,0.0
4.650989055633545,-3.34117689068567,-8.836885050826536,13.0,0.9325145810755145,1.1487949356258877,-1.5704052315466972,0.0,50.0,20.0,1.0,0.0,0.0,0.0,-416.85789157380515,70.0,52.71463204782417,0.9931902334200026,0.0,0.11650390654017077,0.0
4.68110203742981,-2.8700448247081676,-9.14137411927635,12.681905246083213,1.123384394123692,1.3450782155812366,-1.614803684723267,0.0,50.0,20.0,1.0,0.0,0.0,0.0,-416.85789157380515,70.0,52.71463204782417,0.9931902334200026,0.0,0.11650390654017077,0.0
4.7112390995025635,-2.3909168457651724,-9.009867292427693,12.290865877871395,1.1691442597458763,1.1619466134845102,-1.659869396706485,0.0,50.0,20.0,1.0,0.0,0.0,0.0,-416.85789157380515,70.0,52.71463204782417,0.9931902334200026,0.0,0.11650390654017077,0.0
4.743615388870239,-2.517975739511345,-9.651127396684519,12.980676312792673,1.3262209810513195,1.0844948882203718,-1.7105692592396684,0.0,50.0,20.0,1.0,0.0,0.0,0.0,-416.85789157380515,70.0,52.71463204782417,0.9931902334200026,0.0,0.11650390654017077,0.0
