# Timestamp, Fx, Fy, Fz, Tx, Ty, Tz, FemurPosX, FemurPosY, FemurPosZ, FemurQuatW, FemurQuatX, FemurQuatY, FemurQuatZ, TibiaPosX, TibiaPosY, TibiaPosZ, TibiaQuatW, TibiaQuatX, TibiaQuatY, TibiaQuatZ
0.02271723747253418,8.06991312518328,13.0,1.9029824782529166,-0.17725949627811904,0.08404466238928374,1.4184197387301887,0.0,50.0,20.0,1.0,0.0,0.0,0.0,-369.28932188134524,70.0,79.28932188134524,0.9238795325112867,0.0,0.3826834323650898,0.0
0.05302882194519043,8.825009693206361,12.83321018109143,1.60025785522515,-0.3103838022852608,0.23873701267688455,1.5,0.0,50.0,20.0,1.0,0.0,0.0,0.0,-369.28932188134524,70.0,79.28932188134524,0.9238795325112867,0.0,0.3826834323650898,0.0
0.08342814445495605,8.430052624592005,13.0,2.0417827353809717,-0.26221104289670727,0.27104223144389594,1.5,0.0,50.0,20.0,1.0,0.0,0.0,0.0,-369.28932188134524,70.0,79.28932188134524,0.9238795325112867,0.0,0.3826834323650898,0.0
0.11386346817016602,8.038745354113837,12.33599765622307,1.9318687757965267,-0.25326348381606056,0.4032772991054076,1.3301832941481544,0.0,50.0,20.0,1.0,0.0,0.0,0.0,-369.28932188134524,70.0,79.28932188134524,0.9238795325112867,0.0,0.3826834323650898,0.0
0.1428234577178955,8.494741993126075,11.54292402895193,1.3602266109149075,-0.1209969684953936,0.5172750384825198,1.474191386823686,0.0,50.0,20.0,1.0,0.0,0.0,0.0,-369.28932188134524,70.0,79.28932188134524,0.9238795325112867,0.0,0.3826834323650898,0.0
0.17403054237365723,8.029598508189984,12.084327326473359,1.6011317876117823,-0.025964776575135573,0.7018418113733109,1.5,0.0,50.0,20.0,1.0,0.0,0.0,0.0,-369.28932188134524,70.0,79.28932188134524,0.9238795325112867,0.0,0.3826834323650898,0.0
0.20347070693969727,8.289837313906137,12.673582404542243,2.0571682671866376,-0.048866051554049106,0.6248297960732502,1.3355403720954935,0.0,50.0,20.0,1.0,0.0,0.0,0.0,-369.28932188134524,70.0,79.28932188134524,0.9238795325112867,0.0,0.3826834323650898,0.0
0.2361154556274414,8.91535623799751,12.89483814455511,2.585299897429155,-0.12719148127781837,0.7402748653792681,1.5,0.0,50.0,20.0,1.0,0.0,0.0,0.0,-369.28932188134524,70.0,79.28932188134524,0.9238795325112867,0.0,0.3826834323650898,0.0
0.2655024528503418,8.411534112097339,12.645102439780452,2.4050464397005937,-0.1669006380403929,0.8775030927828764,1.5,0.0,50.0,20.0,1.0,0.0,0.0,0.0,-369.28932188134524,70.0,79.28932188134524,0.9238795325112867,0.0,0.3826834323650898,0.0
0.29514622688293457,7.745004170456733,12.105499346831369,3.1122443577952303,-0.11631862624781336,0.7978744712271635,1.5,0.0,50.0,20.0,1.0,0.0,0.0,0.0,-369.28932188134524,70.0,79.28932188134524,0.9238795325112867,0.0,0.3826834323650898,0.0
0.32549238204956055,8.40612333198226,12.409621479865066,3.126484325894939,-0.176665650278144,0.8943806392232034,1.5,0.0,50.0,20.0,1.0,0.0,0.0,0.0,-369.28932188134524,70.0,79.28932188134524,0.9238795325112867,0.0,0.3826834323650898,0.0
0.3554081916809082,8.90582322245272,12.694464216819723,3.724817316470772,0.0036267700749263165,1.0395263220494622,1.391050225692412,0.0,50.0,20.0,1.0,0.0,0.0,0.0,-369.28932188134524,70.0,79.28932188134524,0.9238795325112867,0.0,0.3826834323650898,0.0
0.38773679733276367,8.734385150796337,13.0,3.0842468227284003,-0.06480584519790605,1.211951637886076,1.4183513094708238,0.0,50.0,20.0,1.0,0.0,0.0,0.0,-369.28932188134524,70.0,79.28932188134524,0.9238795325112867,0.0,0.3826834323650898,0.0
0.4172036647796631,7.971071672853004,13.0,2.876431206530871,0.05349701003573437,1.3559794775317835,1.5,0.0,50.0,20.0,1.0,0.0,0.0,0.0,-369.28932188134524,70.0,79.28932188134524,0.9238795325112867,0.0,0.3826834323650898,0.0
0.44807887077331543,8.725031182409248,12.72628207202812,2.8351204156436767,0.22293680308093117,1.2591606879108577,1.4360867966631918,0.0,50.0,20.0,1.0,0.0,0.0,0.0,-369.28932188134524,70.0,79.28932188134524,0.9238795325112867,0.0,0.3826834323650898,0.0
0.4792025089263916,8.090254657211663,13.0,2.148884461755662,0.3397992603782366,1.393195897395969,1.2514195429177843,0.0,50.0,20.0,1.0,0.0,0.0,0.0,-369.28932188134524,70.0,79.28932188134524,0.9238795325112867,0.0,0.3826834323650898,0.0
0.5093750953674316,8.109423245139055,13.0,1.4031410210022002,0.5208513268972526,1.3447938556938233,1.1644800885702655,0.0,50.0,20.0,1.0,0.0,0.0,0.0,-369.28932188134524,70.0,79.28932188134524,0.9238795325112867,0.0,0.3826834323650898,0.0
0.5396738052368164,8.597521527808368,13.0,0.7440898128046668,0.5900322986187428,1.4201714312403695,1.2498248689933942,0.0,50.0,20.0,1.0,0.0,0.0,0.0,-369.28932188134524,70.0,79.28932188134524,0.9238795325112867,0.0,0.3826834323650898,0.0
0.5697686672210693,8.354564722082797,12.69816523342559,0.953088592972385,0.698794757006812,1.5,1.2307404015193166,0.0,50.0,20.0,1.0,0.0,0.0,0.0,-369.28932188134524,70.0,79.28932188134524,0.9238795325112867,0.0,0.3826834323650898,0.0
0.5993492603302002,8.545221014854516,12.342235236578365,0.6785031675535775,0.5223145956388058,1.442262189243848,1.2525031919352663,0.0,50.0,20.0,1.0,0.0,0.0,0.0,-369.28932188134524,70.0,79.28932188134524,0.9238795325112867,0.0,0.3826834323650898,0.0
0.6311323642730713,9.3288912485568,12.329160501016801,-0.015053614424256123,0.6931871908144498,1.5,1.1395587033257648,0.0,50.0,20.0,1.0,0.0,0.0,0.0,-369.28932188134524,70.0,79.28932188134524,0.9238795325112867,0.0,0.3826834323650898,0.0
0.6604864597320557,8.994070437191121,12.409043273477266,0.7280510203410469,0.8005432535138362,1.382631822046331,0.9692963169458958,0.0,50.0,20.0,1.0,0.0,0.0,0.0,-369.28932188134524,70.0,79.28932188134524,0.9238795325112867,0.0,0.3826834323650898,0.0
0.6911008358001709,9.463911376605967,12.382866765022177,0.6086408632834462,0.6522236893625146,1.5,0.8897937681168873,0.0,50.0,20.0,1.0,0.0,0.0,0.0,-369.28932188134524,70.0,79.28932188134524,0.9238795325112867,0.0,0.3826834323650898,0.0
0.7209820747375488,9.587090354083246,13.0,-0.15595310405789897,0.7799382890675206,1.453503924924724,0.9530210992379888,0.0,50.0,20.0,1.0,0.0,0.0,0.0,-369.28932188134524,70.0,79.28932188134524,0.9238795325112867,0.0,0.3826834323650898,0.0
0.7504770755767822,9.61874043416211,13.0,0.6159929955688555,0.7943616093287492,1.302410147281367,1.151409127247624,0.0,50.0,20.0,1.0,0.0,0.0,0.0,-369.28932188134524,70.0,79.28932188134524,0.9238795325112867,0.0,0.3826834323650898,0.0
0.7833521366119385,9.86006336903633,13.0,0.7784988021231904,0.6174172222051115,1.2631462711175385,1.123880328291878,0.0,50.0,20.0,1.0,0.0,0.0,0.0,-369.28932188134524,70.0,79.28932188134524,0.9238795325112867,0.0,0.3826834323650898,0.0
0.8136072158813477,10.231237209818957,13.0,1.2949310435816772,0.560424446269458,1.1636526293534324,1.0302195433139485,0.0,50.0,20.0,1.0,0.0,0.0,0.0,-369.28932188134524,70.0,79.28932188134524,0.9238795325112867,0.0,0.3826834323650898,0.0
0.8436503410339355,10.156006722627504,12.882276287092077,0.9690678819749272,0.5866735301615644,1.2263439637430549,0.9297738100978296,0.0,50.0,20.0,1.0,0.0,0.0,0.0,-369.28932188134524,70.0,79.28932188134524,0.9238795325112867,0.0,0.3826834323650898,0.0
0.8750514984130859,10.179734376357025,12.884594059767064,0.25688041995936717,0.39040330447150073,1.097319830790471,1.0483237860280794,0.0,50.0,20.0,1.0,0.0,0.0,0.0,-369.28932188134524,70.0,79.28932188134524,0.9238795325112867,0.0,0.3826834323650898,0.0
0.9035320281982422,10.072343012780948,12.884596549075825,-0.43003560731029256,0.4483224406635323,1.1880023395222594,1.0319330801575857,0.0,50.0,20.0,1.0,0.0,0.0,0.0,-369.28932188134524,70.0,79.28932188134524,0.9238795325112867,0.0,0.3826834323650898,0.0
0.9353296756744385,10.666105717973348,12.47703473713351,-0.8249178567719668,0.5332382228863213,1.188670922086204,0.8777160980281465,0.0,50.0,20.0,1.0,0.0,0.0,0.0,-369.28932188134524,70.0,79.28932188134524,0.9238795325112867,0.0,0.3826834323650898,0.0
0.9652769565582275,9.914662169287048,11.724078111935231,-0.11268348732765476,0.6150274252289982,1.0742361460573528,0.9946634341059206,0.0,50.0,20.0,1.0,0.0,0.0,0.0,-369.28932188134524,70.0,79.28932188134524,0.9238795325112867,0.0,0.3826834323650898,0.0
0.9952371120452881,10.645184141125446,11.692025727693329,-0.646054901508607,0.5170627344182612,0.9187515088743181,0.8271674907164628,0.0,50.0,20.0,1.0,0.0,0.0,0.0,-369.28932188134524,70.0,79.28932188134524,0.9238795325112867,0.0,0.3826834323650898,0.0
1.0251588821411133,10.618818841285695,11.257428407425545,-1.2972799820370757,0.47027931501228704,0.8088801058287055,0.7520340030528381,0.0,50.0,20.0,1.0,0.0,0.0,0.0,-369.28932188134524,70.0,79.28932188134524,0.9238795325112867,0.0,0.3826834323650898,0.0
1.0552191734313965,9.984419688771672,10.701083779161236,-2.0873102024718135,0.2903160746317485,0.8060278489965595,0.9282679649397532,0.0,50.0,20.0,1.0,0.0,0.0,0.0,-369.28932188134524,70.0,79.28932188134524,0.9238795325112867,0.0,0.3826834323650898,0.0
1.0875287055969238,10.28036544621318,10.952731661119532,-1.9485554784585608,0.428056627680606,0.7596276849152066,1.1056564990234328,0.0,50.0,20.0,1.0,0.0,0.0,0.0,-369.28932188134524,70.0,79.28932188134524,0.9238795325112867,0.0,0.3826834323650898,0.0
1.119277000427246,11.072563718822227,11.507838153807135,-2.180247007039248,0.2896222465234274,0.6601069170187026,0.9509563603307539,0.0,50.0,20.0,1.0,0.0,0.0,0.0,-369.28932188134524,70.0,79.28932188134524,0.9238795325112867,0.0,0.3826834323650898,0.0
1.1474957466125488,11.66315144823078,11.985125744556727,-1.643231027577488,0.3744989187834778,0.6152333190716226,1.0224002258276226,0.0,50.0,20.0,1.0,0.0,0.0,0.0,-369.28932188134524,70.0,79.28932188134524,0.9238795325112867,0.0,0.3826834323650898,0.0
1.179671287536621,11.211724236915321,12.579605139344375,-1.3822424919554375,0.4156292598636201,0.7712070527164789,1.0705060869976808,0.0,50.0,20.0,1.0,0.0,0.0,0.0,-369.28932188134524,70.0,79.28932188134524,0.9238795325112867,0.0,0.3826834323650898,0.0
1.2096829414367676,10.564508129511564,12.098492682540979,-1.3876795790403165,0.4450672411008394,0.8547794205282472,0.9740520952442075,0.0,50.0,20.0,1.0,0.0,0.0,0.0,-369.28932188134524,70.0,79.28932188134524,0.9238795325112867,0.0,0.3826834323650898,0.0
1.2407422065734863,10.280287517100845,11.54165370248078,-0.9668000854949543,0.60745098279436,1.006406730889804,0.8758811624693956,0.0,50.0,20.0,1.0,0.0,0.0,0.0,-369.28932188134524,70.0,79.28932188134524,0.9238795325112867,0.0,0.3826834323650898,0.0
1.2696032524108887,10.71268586826329,10.858904868084823,-1.4848079607030837,0.5031754048414668,0.8396306027783342,0.9737277822066075,0.0,50.0,20.0,1.0,0.0,0.0,0.0,-369.28932188134524,70.0,79.28932188134524,0.9238795325112867,0.0,0.3826834323650898,0.0
1.2994632720947266,11.371533929551925,11.073058841662032,-1.4445196686368655,0.3658543902127302,0.9733756507244666,0.820732710114756,0.0,50.0,20.0,1.0,0.0,0.0,0.0,-369.28932188134524,70.0,79.28932188134524,0.9238795325112867,0.0,0.3826834323650898,0.0
1.3310577869415283,10.811449273829556,11.247844477492498,-0.7000534359587292,0.4963059134540193,0.9694780130429682,0.6232250793287055,0.0,50.0,20.0,1.0,0.0,0.0,0.0,-369.28932188134524,70.0,79.28932188134524,0.9238795325112867,0.0,0.3826834323650898,0.0
1.3614161014556885,11.287835098331875,10.974981634558214,-0.6236113137831559,0.4259546596799546,0.9259098112541404,0.6432039094296085,0.0,50.0,20.0,1.0,0.0,0.0,0.0,-369.28932188134524,70.0,79.28932188134524,0.9238795325112867,0.0,0.3826834323650898,0.0
1.3909876346588135,11.217524007361167,11.515232663217429,-0.34351775922685424,0.623746600838162,0.9279845918481288,0.7868831392077766,0.0,50.0,20.0,1.0,0.0,0.0,0.0,-369.28932188134524,70.0,79.28932188134524,0.9238795325112867,0.0,0.3826834323650898,0.0
1.420572280883789,10.891993901896406,11.294049249918402,0.14469229788925808,0.7626088713956436,1.0060699875533856,0.7456297726842017,0.0,50.0,20.0,1.0,0.0,0.0,0.0,-369.28932188134524,70.0,79.28932188134524,0.9238795325112867,0.0,0.3826834323650898,0.0
1.4512534141540527,11.654367556703777,11.167703609667626,0.3667586543173019,0.6042803700699187,0.8813585907619346,0.5706930866332782,0.0,50.0,20.0,1.0,0.0,0.0,0.0,-369.28932188134524,70.0,79.28932188134524,0.9238795325112867,0.0,0.3826834323650898,0.0
1.4833686351776123,11.300965811443746,10.930212876605344,-0.1602774905598604,0.579378561958287,0.8652499820247476,0.6740813966888841,0.0,50.0,20.0,1.0,0.0,0.0,0.0,-369.28932188134524,70.0,79.28932188134524,0.9238795325112867,0.0,0.3826834323650898,0.0
1.5130326747894287,11.32752180454725,11.638697431301168,0.5985758213714675,0.5132473683396139,0.7886928707470755,0.8103366248525683,0.0,50.0,20.0,1.0,0.0,0.0,0.0,-369.28932188134524,70.0,79.28932188134524,0.9238795325112867,0.0,0.3826834323650898,0.0
1.5428516864776611,10.817369747052108,11.81393538921265,1.0025834507706142,0.7049740325465164,0.676413107340819,0.7920716617705075,0.0,50.0,20.0,1.0,0.0,0.0,0.0,-369.28932188134524,70.0,79.28932188134524,0.9238795325112867,0.0,0.3826834323650898,0.0
1.5737462043762207,10.813842711050677,11.07897034409501,1.0492148769412706,0.5365893629068348,0.5251825620966708,0.6499816215992746,0.0,50.0,20.0,1.0,0.0,0.0,0.0,-369.28932188134524,70.0,79.28932188134524,0.9238795325112867,0.0,0.3826834323650898,0.0
1.6035528182983398,11.248575683104303,10.43947151666292,0.3782556273243117,0.597237755231735,0.5302944323756476,0.8455522185628239,0.0,50.0,20.0,1.0,0.0,0.0,0.0,-369.28932188134524,70.0,79.28932188134524,0.9238795325112867,0.0,0.3826834323650898,0.0
1.6353070735931396,11.257549789463303,10.608243562067763,0.7954502292991116,0.4626443849704698,0.634020500169238,1.004243048457772,0.0,50.0,20.0,1.0,0.0,0.0,0.0,-369.28932188134524,70.0,79.28932188134524,0.9238795325112867,0.0,0.3826834323650898,0.0
1.6661691665649414,10.652538105339522,10.875200349671095,1.1491312650070977,0.3040325024088439,0.5306480153667471,0.9534499700269324,0.0,50.0,20.0,1.0,0.0,0.0,0.0,-369.28932188134524,70.0,79.28932188134524,0.9238795325112867,0.0,0.3826834323650898,0.0
1.6951723098754883,11.316005958303643,10.691327559551741,1.8346144743660096,0.2816187888642586,0.36963743899466406,1.0401973729642209,0.0,50.0,20.0,1.0,0.0,0.0,0.0,-369.28932188134524,70.0,79.28932188134524,0.9238795325112867,0.0,0.3826834323650898,0.0
1.725048303604126,11.573326387450562,11.47766347407115,2.464270751135728,0.42592285763243215,0.2774648442340623,0.9914438568932832,0.0,50.0,20.0,1.0,0.0,0.0,0.0,-369.28932188134524,70.0,79.28932188134524,0.9238795325112867,0.0,0.3826834323650898,0.0
1.7551074028015137,12.3456811505277,10.84779794243678,3.1138629058311054,0.46570727641864773,0.23607200549756485,1.1026547087444618,0.0,50.0,20.0,1.0,0.0,0.0,0.0,-369.28932188134524,70.0,79.28932188134524,0.9238795325112867,0.0,0.3826834323650898,0.0
1.7868461608886719,12.95132292753933,10.504074034014666,2.8484467392976196,0.4733434336798174,0.32087201619690875,0.9762266001678322,0.0,50.0,20.0,1.0,0.0,0.0,0.0,-369.28932188134524,70.0,79.28932188134524,0.9238795325112867,0.0,0.3826834323650898,0.0
1.8177790641784668,12.668332532021603,9.857895694940083,2.966789197362066,0.3046994205487551,0.4675840795339074,1.0235412318619939,0.0,50.0,20.0,1.0,0.0,0.0,0.0,-369.28932188134524,70.0,79.28932188134524,0.9238795325112867,0.0,0.3826834323650898,0.0
1.847311019897461,12.25646953462286,9.937053018529928,3.308168073353587,0.48831480951937584,0.6671169572324689,1.066570500400737,0.0,50.0,20.0,1.0,0.0,0.0,0.0,-369.28932188134524,70.0,79.28932188134524,0.9238795325112867,0.0,0.3826834323650898,0.0
1.8793840408325195,11.719782233691271,9.699315534092769,3.0620983535670465,0.5530497460859918,0.7869084163417583,0.9102161609527911,0.0,50.0,20.0,1.0,0.0,0.0,0.0,-369.28932188134524,70.0,79.28932188134524,0.9238795325112867,0.0,0.3826834323650898,0.0
1.909879207611084,11.888074024849155,9.26653774614995,3.7681811187045895,0.6351804542191337,0.8520207964662907,0.7248330517304099,0.0,50.0,20.0,1.0,0.0,0.0,0.0,-369.28932188134524,70.0,79.28932188134524,0.9238795325112867,0.0,0.3826834323650898,0.0
1.9392569065093994,11.739273698154587,9.81081861214474,4.351427057877245,0.48498428084577216,1.041690218522031,0.890860831726374,0.0,50.0,20.0,1.0,0.0,0.0,0.0,-369.28932188134524,70.0,79.28932188134524,0.9238795325112867,0.0,0.3826834323650898,0.0
1.9696424007415771,10.971134059270911,9.512491842970869,4.348511269335715,0.5149531115751147,1.2151022015102986,1.0769146566008556,0.0,50.0,20.0,1.0,0.0,0.0,0.0,-369.28932188134524,70.0,79.28932188134524,0.9238795325112867,0.0,0.3826834323650898,0.0
1.9998364448547363,10.533379333528373,8.94289189793842,4.976098019545424,0.5772875830047955,1.314074966902751,1.2382085544331387,0.0,50.0,20.0,1.0,0.0,0.0,0.0,-369.28932188134524,70.0,79.28932188134524,0.9238795325112867,0.0,0.3826834323650898,0.0
2.030970573425293,11.303282205716275,8.158884607163845,5.096253355402402,0.4178634873915762,1.2897660935158846,1.3572098989878234,0.0,50.0,20.0,1.0,0.0,0.0,0.0,-369.28932188134524,70.0,79.28932188134524,0.9238795325112867,0.0,0.3826834323650898,0.0
2.061753511428833,11.767026616736924,8.172149121536329,4.395339441451122,0.27456271584510306,1.4307778290127773,1.193488980273869,0.0,50.0,20.0,1.0,0.0,0.0,0.0,-369.28932188134524,70.0,79.28932188134524,0.9238795325112867,0.0,0.3826834323650898,0.0
2.0918221473693848,11.187736417297586,8.74412710849081,3.763951779511165,0.0965842831026211,1.5,1.092262498992044,0.0,50.0,20.0,1.0,0.0,0.0,0.0,-369.28932188134524,70.0,79.28932188134524,0.9238795325112867,0.0,0.3826834323650898,0.0
2.1227025985717773,11.57178858721066,8.906405914218103,3.032603466439127,0.23082897850957976,1.393198019196916,1.1531985751979925,0.0,50.0,20.0,1.0,0.0,0.0,0.0,-369.28932188134524,70.0,79.28932188134524,0.9238795325112867,0.0,0.3826834323650898,0.0
2.151902437210083,10.85375636547425,9.101053016875243,3.282318139610518,0.3495114401946763,1.4496311322608553,1.2243255155796424,0.0,50.0,20.0,1.0,0.0,0.0,0.0,-369.28932188134524,70.0,79.28932188134524,0.9238795325112867,0.0,0.3826834323650898,0.0
2.183415174484253,10.727935367756736,8.333067235649086,4.0535101324749725,0.309553613589535,1.5,1.1476959718555046,0.0,50.0,20.0,1.0,0.0,0.0,0.0,-369.28932188134524,70.0,79.28932188134524,0.9238795325112867,0.0,0.3826834323650898,0.0
2.2134952545166016,11.289344752106617,7.788829578391751,4.0647492396176235,0.23813477805996572,1.4830065151390208,1.1544454089616893,0.0,50.0,20.0,1.0,0.0,0.0,0.0,-369.28932188134524,70.0,79.28932188134524,0.9238795325112867,0.0,0.3826834323650898,0.0
2.2433109283447266,11.549836337607408,7.276905406388068,3.4062810529431706,0.23656300422541804,1.4012337062747484,1.261292702233783,0.0,50.0,20.0,1.0,0.0,0.0,0.0,-369.28932188134524,70.0,79.28932188134524,0.9238795325112867,0.0,0.3826834323650898,0.0
2.2733042240142822,11.446573522492638,7.454186710154604,3.814701826581131,0.10254138405246482,1.5,1.4148659374355028,0.0,50.0,20.0,1.0,0.0,0.0,0.0,-369.28932188134524,70.0,79.28932188134524,0.9238795325112867,0.0,0.3826834323650898,0.0
2.30312180519104,11.13228482962733,7.720760963258574,3.1789282199226716,0.18211263164762936,1.40640414259135,1.5,0.0,50.0,20.0,1.0,0.0,0.0,0.0,-369.28932188134524,70.0,79.28932188134524,0.9238795325112867,0.0,0.3826834323650898,0.0
2.335176944732666,11.222375501315137,7.300521303149309,3.3424840702093195,0.35995694006294243,1.4813019490610586,1.3107992811552176,0.0,50.0,20.0,1.0,0.0,0.0,0.0,-369.28932188134524,70.0,79.28932188134524,0.9238795325112867,0.0,0.3826834323650898,0.0
2.3650259971618652,10.938744814253734,7.690386919113321,3.0096155471322863,0.448996537444742,1.5,1.4353936635917457,0.0,50.0,20.0,1.0,0.0,0.0,0.0,-369.28932188134524,70.0,79.28932188134524,0.9238795325112867,0.0,0.3826834323650898,0.0
2.3949785232543945,10.310186413138334,8.225389735671474,3.2409092861068123,0.6279096515412246,1.5,1.43860966397282,0.0,50.0,20.0,1.0,0.0,0.0,0.0,-369.28932188134524,70.0,79.28932188134524,0.9238795325112867,0.0,0.3826834323650898,0.0
2.4243783950805664,9.66021238792336,9.000228931931437,3.1743694501976654,0.5407033396338276,1.3850369181984217,1.5,0.0,50.0,20.0,1.0,0.0,0.0,0.0,-369.28932188134524,70.0,79.28932188134524,0.9238795325112867,0.0,0.3826834323650898,0.0
2.4557855129241943,9.181208533863668,8.213444662476942,3.2104202887283493,0.5217537448486285,1.3662240426919454,1.5,0.0,50.0,20.0,1.0,0.0,0.0,0.0,-369.28932188134524,70.0,79.28932188134524,0.9238795325112867,0.0,0.3826834323650898,0.0
2.487994432449341,8.417137274740577,8.516613043363872,2.48952526861605,0.6995445842925927,1.5,1.4224169219716332,0.0,50.0,20.0,1.0,0.0,0.0,0.0,-369.28932188134524,70.0,79.28932188134524,0.9238795325112867,0.0,0.3826834323650898,0.0
2.5169756412506104,8.899400026289447,9.037614025897296,2.213343490737582,0.7957826438168387,1.3534820989159138,1.3017689476292316,0.0,50.0,20.0,1.0,0.0,0.0,0.0,-369.28932188134524,70.0,79.28932188134524,0.9238795325112867,0.0,0.3826834323650898,0.0
2.5465879440307617,9.604727100677282,9.417378331074481,2.649070743707334,0.815870267480697,1.3312756194640316,1.1583564016671164,0.0,50.0,20.0,1.0,0.0,0.0,0.0,-369.28932188134524,70.0,79.28932188134524,0.9238795325112867,0.0,0.3826834323650898,0.0
2.5795300006866455,9.14379028616364,9.813141768180017,2.965798117255593,0.9112835785284289,1.5,1.3192027506443176,0.0,50.0,20.0,1.0,0.0,0.0,0.0,-369.28932188134524,70.0,79.28932188134524,0.9238795325112867,0.0,0.3826834323650898,0.0
2.610022783279419,8.540030587442304,10.298665390655163,2.809294615867834,0.7818967145452422,1.5,1.152944305828222,0.0,50.0,20.0,1.0,0.0,0.0,0.0,-369.28932188134524,70.0,79.28932188134524,0.9238795325112867,0.0,0.3826834323650898,0.0
2.639282703399658,8.199335376100453,10.911777445717343,3.5468540839044174,0.8594199402673024,1.5,1.2871501448373168,0.0,50.0,20.0,1.0,0.0,0.0,0.0,-369.28932188134524,70.0,79.28932188134524,0.9238795325112867,0.0,0.3826834323650898,0.0
2.669044256210327,7.696275266722294,10.990943193598003,3.875580351568754,0.9796783216343528,1.310237637700758,1.2027679502897666,0.0,50.0,20.0,1.0,0.0,0.0,0.0,-369.28932188134524,70.0,79.28932188134524,0.9238795325112867,0.0,0.3826834323650898,0.0
2.6990296840667725,8.35725525456859,11.004149092653568,3.8023737768062773,1.0434552323581245,1.147695434678149,1.1135542687691606,0.0,50.0,20.0,1.0,0.0,0.0,0.0,-369.28932188134524,70.0,79.28932188134524,0.9238795325112867,0.0,0.3826834323650898,0.0
2.7312052249908447,9.00419332795445,10.247322886698127,3.696709284104738,1.0340029305907212,0.9811089415700597,0.9544855992088254,0.0,50.0,20.0,1.0,0.0,0.0,0.0,-369.28932188134524,70.0,79.28932188134524,0.9238795325112867,0.0,0.3826834323650898,0.0
2.761181116104126,9.112337223830671,10.867257244099129,4.338958292552853,1.182976719442158,0.9413908997653309,0.9245649604029929,0.0,50.0,20.0,1.0,0.0,0.0,0.0,-369.28932188134524,70.0,79.28932188134524,0.9238795325112867,0.0,0.3826834323650898,0.0
2.790668249130249,9.402947108728538,10.844365650392177,4.089390848082844,1.3389892833832344,1.0599073430876573,0.9227702114020087,0.0,50.0,20.0,1.0,0.0,0.0,0.0,-369.28932188134524,70.0,79.28932188134524,0.9238795325112867,0.0,0.3826834323650898,0.0
2.822173595428467,9.153000807401906,11.178254526900508,4.596357719288055,1.3349052405075583,0.8794713277824803,0.8864536035004505,0.0,50.0,20.0,1.0,0.0,0.0,0.0,-369.28932188134524,70.0,79.28932188134524,0.9238795325112867,0.0,0.3826834323650898,0.0
2.8521335124969482,9.01642331098951,11.02436834992055,4.564711993587586,1.1973376833593243,0.6857437414065243,0.8853678585970932,0.0,50.0,20.0,1.0,0.0,0.0,0.0,-369.28932188134524,70.0,79.28932188134524,0.9238795325112867,0.0,0.3826834323650898,0.0
2.8836545944213867,8.752091137711888,10.319409998428144,4.500709089618269,1.3384396947780601,0.5173199818260732,0.7794398494737077,0.0,50.0,20.0,1.0,0.0,0.0,0.0,-369.28932188134524,70.0,79.28932188134524,0.9238795325112867,0.0,0.3826834323650898,0.0
2.9135711193084717,9.19599765480694,10.75080623008995,4.959907667225512,1.3336413010476171,0.3658856688129777,0.8245627303718222,0.0,50.0,20.0,1.0,0.0,0.0,0.0,-369.28932188134524,70.0,79.28932188134524,0.9238795325112867,0.0,0.3826834323650898,0.0
2.9429070949554443,9.233614617113766,11.216970506706302,4.813419985252704,1.5,0.5198789776476778,0.7415284127493879,0.0,50.0,20.0,1.0,0.0,0.0,0.0,-369.28932188134524,70.0,79.28932188134524,0.9238795325112867,0.0,0.3826834323650898,0.0
2.97357439994812,9.09515857805695,10.975219362162564,4.192260162007748,1.3728238137633517,0.7008447371586146,0.8085788357352682,0.0,50.0,20.0,1.0,0.0,0.0,0.0,-369.28932188134524,70.0,79.28932188134524,0.9238795325112867,0.0,0.3826834323650898,0.0
3.0035693645477295,9.691753431992758,11.347817744713785,4.786386440346645,1.2486902266236308,0.7312180044084309,0.6805788559839143,0.0,50.0,20.0,1.0,0.0,0.0,0.0,-369.28932188134524,70.0,79.28932188134524,0.9238795325112867,0.0,0.3826834323650898,0.0
3.0356366634368896,9.793058631346483,11.767452500182063,5.261598177222485,1.1604825468331512,0.7555589508531626,0.6627000499854641,0.0,50.0,20.0,1.0,0.0,0.0,0.0,-369.28932188134524,70.0,79.28932188134524,0.9238795325112867,0.0,0.3826834323650898,0.0
3.0658695697784424,10.190624265614545,12.349826674462317,5.998493428604689,1.2061762221518084,0.8620464321266885,0.551285329195791,0.0,50.0,20.0,1.0,0.0,0.0,0.0,-369.28932188134524,70.0,79.28932188134524,0.9238795325112867,0.0,0.3826834323650898,0.0
3.095323324203491,9.82631335189156,12.617615759773983,6.703429991541822,1.1475503872020685,0.9655940254247768,0.4549392094197212,0.0,50.0,20.0,1.0,0.0,0.0,0.0,-369.28932188134524,70.0,79.28932188134524,0.9238795325112867,0.0,0.3826834323650898,0.0
3.1282811164855957,9.51133646007159,12.818502374453612,6.700116167559142,1.17237761335036,0.8119458401204539,0.36880042019936826,0.0,50.0,20.0,1.0,0.0,0.0,0.0,-369.28932188134524,70.0,79.28932188134524,0.9238795325112867,0.0,0.3826834323650898,0.0
3.155590772628784,8.877887856893715,12.860778042905835,6.235606145460481,1.2931992449600753,0.8808892421609458,0.3425365975369421,0.0,50.0,20.0,1.0,0.0,0.0,0.0,-369.28932188134524,70.0,79.28932188134524,0.9238795325112867,0.0,0.3826834323650898,0.0
3.187408208847046,9.514618556856654,13.0,5.96155906373536,1.4631689172325428,0.8303794777823799,0.4513732255453051,0.0,50.0,20.0,1.0,0.0,0.0,0.0,-369.28932188134524,70.0,79.28932188134524,0.9238795325112867,0.0,0.3826834323650898,0.0
3.2184560298919678,9.528263688875693,13.0,6.119573907054347,1.3799971561049722,0.981191188540296,0.5461814826909238,0.0,50.0,20.0,1.0,0.0,0.0,0.0,-369.28932188134524,70.0,79.28932188134524,0.9238795325112867,0.0,0.3826834323650898,0.0
3.247580051422119,8.79293197644618,12.469441284869951,6.56455769604796,1.2958668579781873,1.1490546498109708,0.461308557184105,0.0,50.0,20.0,1.0,0.0,0.0,0.0,-369.28932188134524,70.0,79.28932188134524,0.9238795325112867,0.0,0.3826834323650898,0.0
3.2791190147399902,8.018699699985756,12.617688192238669,6.036393304467782,1.1029256436564892,0.9884724126877543,0.5226229575128514,0.0,50.0,20.0,1.0,0.0,0.0,0.0,-369.28932188134524,70.0,79.28932188134524,0.9238795325112867,0.0,0.3826834323650898,0.0
3.3094589710235596,7.441745480393374,12.944891924808593,5.992545594957105,1.2150625971642017,1.1253165317897653,0.4482113503401141,0.0,50.0,20.0,1.0,0.0,0.0,0.0,-369.28932188134524,70.0,79.28932188134524,0.9238795325112867,0.0,0.3826834323650898,0.0
3.3393783569335938,7.457709492731326,12.46385281428358,5.371683839828376,1.1371268868642792,0.9454321352997674,0.5260129155017368,0.0,50.0,20.0,1.0,0.0,0.0,0.0,-369.28932188134524,70.0,79.28932188134524,0.9238795325112867,0.0,0.3826834323650898,0.0
3.369209051132202,7.48568008841481,12.456453066842446,5.826734884150702,1.1294420608926343,0.8567450826878069,0.6004640401590007,0.0,50.0,20.0,1.0,0.0,0.0,0.0,-369.28932188134524,70.0,79.28932188134524,0.9238795325112867,0.0,0.3826834323650898,0.0
3.3992621898651123,7.22484192720432,12.799063587589478,6.333988150148138,1.1774530401378942,0.9169007248254525,0.7560535766324676,0.0,50.0,20.0,1.0,0.0,0.0,0.0,-369.28932188134524,70.0,79.28932188134524,0.9238795325112867,0.0,0.3826834323650898,0.0
3.430830240249634,7.772629077265139,13.0,6.988456826340208,1.3081858128159203,1.0208776078560664,0.6427365436565443,0.0,50.0,20.0,1.0,0.0,0.0,0.0,-369.28932188134524,70.0,79.28932188134524,0.9238795325112867,0.0,0.3826834323650898,0.0
3.461679697036743,7.407567582990627,12.72594205444178,6.643014761847653,1.275670084509168,0.8275547136354889,0.567507859234962,0.0,50.0,20.0,1.0,0.0,0.0,0.0,-369.28932188134524,70.0,79.28932188134524,0.9238795325112867,0.0,0.3826834323650898,0.0
3.491445779800415,7.405596427181403,12.33448353894764,7.357553970515828,1.2506537267028555,0.8616918649627647,0.4704159550450117,0.0,50.0,20.0,1.0,0.0,0.0,0.0,-369.28932188134524,70.0,79.28932188134524,0.9238795325112867,0.0,0.3826834323650898,0.0
3.5214293003082275,7.728487718389545,11.588758737576384,7.770147518233204,1.1674782067679748,0.7060521048952395,0.4047052472745349,0.0,50.0,20.0,1.0,0.0,0.0,0.0,-369.28932188134524,70.0,79.28932188134524,0.9238795325112867,0.0,0.3826834323650898,0.0
3.551283121109009,7.346400386177713,12.18176386907363,7.011054909313385,1.093396712301352,0.7140455591502025,0.365797197393811,0.0,50.0,20.0,1.0,0.0,0.0,0.0,-369.28932188134524,70.0,79.28932188134524,0.9238795325112867,0.0,0.3826834323650898,0.0
3.583329677581787,7.438890103435857,11.703792766346758,7.44190219074291,1.169756255910943,0.6705771972495054,0.4880525756122849,0.0,50.0,20.0,1.0,0.0,0.0,0.0,-369.28932188134524,70.0,79.28932188134524,0.9238795325112867,0.0,0.3826834323650898,0.0
3.613983631134033,7.757513695099375,11.44256558338238,7.157360208022474,1.0312844416834,0.6114995875623819,0.6132074537508507,0.0,50.0,20.0,1.0,0.0,0.0,0.0,-369.28932188134524,70.0,79.28932188134524,0.9238795325112867,0.0,0.3826834323650898,0.0
3.643313407897949,7.284396941935493,11.351724135512969,7.661823293033291,1.2056333002129023,0.6893523945217087,0.6083656962196493,0.0,50.0,20.0,1.0,0.0,0.0,0.0,-369.28932188134524,70.0,79.28932188134524,0.9238795325112867,0.0,0.3826834323650898,0.0
3.6732261180877686,7.328929516595459,12.142031559944364,8.16012570821438,1.218073473314413,0.5631265327591697,0.7152151689715069,0.0,50.0,20.0,1.0,0.0,0.0,0.0,-369.28932188134524,70.0,79.28932188134524,0.9238795325112867,0.0,0.3826834323650898,0.0
3.7030270099639893,7.498698326659997,12.372676283113309,8.907143549666262,1.4002835368185758,0.5062110262728214,0.6272635178810437,0.0,50.0,20.0,1.0,0.0,0.0,0.0,-369.28932188134524,70.0,79.28932188134524,0.9238795325112867,0.0,0.3826834323650898,0.0
3.7350804805755615,8.158138040192474,12.77254508244953,8.325829042902358,1.3464445834517171,0.3162373859557112,0.756654917593711,0.0,50.0,20.0,1.0,0.0,0.0,0.0,-369.28932188134524,70.0,79.28932188134524,0.9238795325112867,0.0,0.3826834323650898,0.0
3.765160083770752,8.577807533962442,13.0,8.902885548766402,1.3226672881850972,0.24144165308362087,0.7650429908970426,0.0,50.0,20.0,1.0,0.0,0.0,0.0,-369.28932188134524,70.0,79.28932188134524,0.9238795325112867,0.0,0.3826834323650898,0.0
3.7959728240966797,9.20034558982339,13.0,8.343513397121018,1.5,0.07294120177073427,0.8124729198378191,0.0,50.0,20.0,1.0,0.0,0.0,0.0,-369.28932188134524,70.0,79.28932188134524,0.9238795325112867,0.0,0.3826834323650898,0.0
3.826181411743164,9.786844554881952,13.0,8.964493203984672,1.3944587730949163,-0.10058158183902363,0.9247675139308995,0.0,50.0,20.0,1.0,0.0,0.0,0.0,-369.28932188134524,70.0,79.28932188134524,0.9238795325112867,0.0,0.3826834323650898,0.0
3.857039213180542,9.601078167462807,12.54538664117625,8.321996174432329,1.275082264769667,-0.0799072482146615,0.7570828259972286,0.0,50.0,20.0,1.0,0.0,0.0,0.0,-369.28932188134524,70.0,79.28932188134524,0.9238795325112867,0.0,0.3826834323650898,0.0
3.888996124267578,9.700363525640176,12.058439060883046,8.450707157325885,1.1889579290834353,0.07855177540280045,0.9109471177317767,0.0,50.0,20.0,1.0,0.0,0.0,0.0,-369.28932188134524,70.0,79.28932188134524,0.9238795325112867,0.0,0.3826834323650898,0.0
3.91951584815979,9.739167870969887,12.105303756459477,8.58549533416876,1.0928084677372822,0.21786784613818572,0.8088984586488183,0.0,50.0,20.0,1.0,0.0,0.0,0.0,-369.28932188134524,70.0,79.28932188134524,0.9238795325112867,0.0,0.3826834323650898,0.0
3.9497716426849365,10.039541291346417,11.672410147728993,8.29361509390834,1.1076713863609509,0.15556412293479102,0.82383546929953,0.0,50.0,20.0,1.0,0.0,0.0,0.0,-369.28932188134524,70.0,79.28932188134524,0.9238795325112867,0.0,0.3826834323650898,0.0
3.9820961952209473,10.38678141617506,11.427432273653165,7.988656291261717,0.9086440912360738,0.26708089315549266,0.6807190345417096,0.0,50.0,20.0,1.0,0.0,0.0,0.0,-369.28932188134524,70.0,79.28932188134524,0.9238795325112867,0.0,0.3826834323650898,0.0
4.012421607971191,10.553747356012703,10.853982847024618,7.368772006248394,0.7313613274905462,0.26792592630851697,0.5607338918132782,0.0,50.0,20.0,1.0,0.0,0.0,0.0,-369.28932188134524,70.0,79.28932188134524,0.9238795325112867,0.0,0.3826834323650898,0.0
4.042663335800171,10.695310196682284,11.502076831068914,7.980645297783619,0.9270375477203274,0.4560734820655841,0.6625678232058339,0.0,50.0,20.0,1.0,0.0,0.0,0.0,-369.28932188134524,70.0,79.28932188134524,0.9238795325112867,0.0,0.3826834323650898,0.0
4.0733349323272705,11.178410166476919,11.505362049935403,8.47155224860512,0.9101428354372586,0.27021211496056463,0.7234860884480834,0.0,50.0,20.0,1.0,0.0,0.0,0.0,-369.28932188134524,70.0,79.28932188134524,0.9238795325112867,0.0,0.3826834323650898,0.0
4.102957725524902,11.05795581397355,11.387095585674416,7.8136626085827805,1.0519710862241587,0.19495160054140415,0.6338189018537128,0.0,50.0,20.0,1.0,0.0,0.0,0.0,-369.28932188134524,70.0,79.28932188134524,0.9238795325112867,0.0,0.3826834323650898,0.0
4.201093435287476,10.77930275486125,12.13574319347063,8.342028157054784,1.2405710728768307,0.050770868116637224,0.7261136150992318,0.0,50.0,20.0,1.0,0.0,0.0,0.0,-369.28932188134524,70.0,79.28932188134524,0.9238795325112867,0.0,0.3826834323650898,0.0
4.29491114616394,10.062972378597674,11.894645343361772,8.89232896222542,1.14861967058703,0.23100208887894108,0.5322082191224693,0.0,50.0,20.0,1.0,0.0,0.0,0.0,-369.28932188134524,70.0,79.28932188134524,0.9238795325112867,0.0,0.3826834323650898,0.0
4.327310085296631,9.850991691580358,12.005158458089102,9.123122469294472,1.2168937789211856,0.25468816835092417,0.5171844826888787,0.0,50.0,20.0,1.0,0.0,0.0,0.0,-369.28932188134524,70.0,79.28932188134524,0.9238795325112867,0.0,0.3826834323650898,0.0
4.35737681388855,9.90117140762917,11.740420256066086,8.35318118510232,1.0585626066378142,0.06329360030290751,0.6671652264569037,0.0,50.0,20.0,1.0,0.0,0.0,0.0,-369.28932188134524,70.0,79.28932188134524,0.9238795325112867,0.0,0.3826834323650898,0.0
4.387549877166748,9.163622520758876,11.373395416466682,7.9319145983573565,0.916258781147139,-0.001825323866116474,0.7634213184652958,0.0,50.0,20.0,1.0,0.0,0.0,0.0,-369.28932188134524,70.0,79.28932188134524,0.9238795325112867,0.0,0.3826834323650898,0.0
4.417409896850586,9.64971012657177,11.176993089813982,7.884501733150433,1.0899858290235025,-0.18093968846629466,0.9029925366401694,0.0,50.0,20.0,1.0,0.0,0.0,0.0,-369.28932188134524,70.0,79.28932188134524,0.9238795325112867,0.0,0.3826834323650898,0.0
4.447263479232788,10.146342315693422,11.236342817898443,8.072538136011785,1.1318898259785677,-0.1507516559490302,0.8218368437011292,0.0,50.0,20.0,1.0,0.0,0.0,0.0,-369.28932188134524,70.0,79.28932188134524,0.9238795325112867,0.0,0.3826834323650898,0.0
4.479296445846558,9.366113408576636,11.503293672104503,8.232547731519533,1.0186243072766745,-0.1404105352251621,0.7187001410684684,0.0,50.0,20.0,1.0,0.0,0.0,0.0,-369.28932188134524,70.0,79.28932188134524,0.9238795325112867,0.0,0.3826834323650898,0.0
4.509482145309448,9.323133042540587,10.79302497139657,8.507747431154238,1.0228950663176168,-0.1595660627040293,0.6035604896871967,0.0,50.0,20.0,1.0,0.0,0.0,0.0,-369.28932188134524,70.0,79.28932188134524,0.9238795325112867,0.0,0.3826834323650898,0.0
4.539517641067505,9.548514920441662,11.368175425426669,7.907660955808447,0.9215500865045895,-0.22218136557948667,0.6730426614427912,0.0,50.0,20.0,1.0,0.0,0.0,0.0,-369.28932188134524,70.0,79.28932188134524,0.9238795325112867,0.0,0.3826834323650898,0.0
4.571503400802612,9.664066217188726,10.681469564853872,8.65721410919199,0.7310375226443107,-0.03481237099877518,0.4870981895184624,0.0,50.0,20.0,1.0,0.0,0.0,0.0,-369.28932188134524,70.0,79.28932188134524,0.9238795325112867,0.0,0.3826834323650898,0.0
4.601370811462402,9.450873787418114,10.458920677090143,8.122715710004236,0.7756335426032154,-0.18448661833617722,0.5298215889367646,0.0,50.0,20.0,1.0,0.0,0.0,0.0,-369.28932188134524,70.0,79.28932188134524,0.9238795325112867,0.0,0.3826834323650898,0.0
4.6312665939331055,9.812397878176135,10.972815789122958,8.308814204715441,0.9679657548200105,-0.26780188986652753,0.5477391096564882,0.0,50.0,20.0,1.0,0.0,0.0,0.0,-369.28932188134524,70.0,79.28932188134524,0.9238795325112867,0.0,0.3826834323650898,0.0
4.66145396232605,10.494933924893836,10.236288372127023,8.757194484155999,0.7769917551463996,-0.3068077092000511,0.658539889958269,0.0,50.0,20.0,1.0,0.0,0.0,0.0,-369.28932188134524,70.0,79.28932188134524,0.9238795325112867,0.0,0.3826834323650898,0.0
4.6915740966796875,9.975901230089342,10.058316374654693,8.785140103844748,0.9172860798204951,-0.15461721569676923,0.6492748550416003,0.0,50.0,20.0,1.0,0.0,0.0,0.0,-369.28932188134524,70.0,79.28932188134524,0.9238795325112867,0.0,0.3826834323650898,0.0
4.723341464996338,9.854415826050506,10.078501772457155,9.004857810775075,0.8153461530372761,-0.01637093162075698,0.5405310160451278,0.0,50.0,20.0,1.0,0.0,0.0,0.0,-369.28932188134524,70.0,79.28932188134524,0.9238795325112867,0.0,0.3826834323650898,0.0
4.753408193588257,9.718871170822075,10.362496419903996,8.710456466424574,0.6697595464322407,-0.2149568735515502,0.4464688608729981,0.0,50.0,20.0,1.0,0.0,0.0,0.0,-369.28932188134524,70.0,79.28932188134524,0.9238795325112867,0.0,0.3826834323650898,0.0
4.7833006381988525,9.909728399164578,10.93049456613745,9.323547128646698,0.5034750655202019,-0.15117983644808491,0.4037515757122372,0.0,50.0,20.0,1.0,0.0,0.0,0.0,-369.28932188134524,70.0,79.28932188134524,0.9238795325112867,0.0,0.3826834323650898,0.0
4.813628196716309,9.863610088950336,10.508979344650951,9.330005130660227,0.5328567918436942,-0.19754510869799397,0.38305924004920777,0.0,50.0,20.0,1.0,0.0,0.0,0.0,-369.28932188134524,70.0,79.28932188134524,0.9238795325112867,0.0,0.3826834323650898,0.0
4.843488454818726,9.174870415590929,10.326260576241026,9.965762962222158,0.5134686874659108,-0.20508327699277693,0.4012990799263344,0.0,50.0,20.0,1.0,0.0,0.0,0.0,-369.28932188134524,70.0,79.28932188134524,0.9238795325112867,0.0,0.3826834323650898,0.0
4.875471115112305,8.919995810292635,10.21200947636718,10.11934373565324,0.6560056872430424,-0.24392716557866834,0.40755979334811193,0.0,50.0,20.0,1.0,0.0,0.0,0.0,-369.28932188134524,70.0,79.28932188134524,0.9238795325112867,0.0,0.3826834323650898,0.0
4.905515193939209,9.260968615516493,10.672606473357796,10.594707749322842,0.6693691925610972,-0.1350185718241917,0.34252066215449706,0.0,50.0,20.0,1.0,0.0,0.0,0.0,-369.28932188134524,70.0,79.28932188134524,0.9238795325112867,0.0,0.3826834323650898,0.0
4.935089588165283,9.622074631928612,11.358934870834961,9.997832542802449,0.7783147192559166,0.03841317792985616,0.2969466822441025,0.0,50.0,20.0,1.0,0.0,0.0,0.0,-369.28932188134524,70.0,79.28932188134524,0.9238795325112867,0.0,0.3826834323650898,0.0
4.965642929077148,9.982191020508516,10.732982916176418,10.23520494816596,0.5984801950471191,-0.08179304103553801,0.1384338586026517,0.0,50.0,20.0,1.0,0.0,0.0,0.0,-369.28932188134524,70.0,79.28932188134524,0.9238795325112867,0.0,0.3826834323650898,0.0
4.995577573776245,10.015214330778335,10.230367497677424,1.9911009039009606,0.3545757495502344,-1.033994761316122,0.708519992670408,0.0,50.0,20.0,1.0,0.0,0.0,0.0,-369.28932188134524,70.0,79.28932188134524,0.9238795325112867,0.0,0.3826834323650898,0.0
5.027421474456787,10.513505865255802,10.365463219134114,1.7863238289214118,0.42270407337755994,-1.0263308247158263,0.8666106341809722,0.0,50.0,20.0,1.0,0.0,0.0,0.0,-369.28932188134524,70.0,79.28932188134524,0.9238795325112867,0.0,0.3826834323650898,0.0
5.057138919830322,9.882271695365429,11.15003192563351,1.7131726143459203,0.567086334225223,-1.106947297537276,1.035546502297737,0.0,50.0,20.0,1.0,0.0,0.0,0.0,-369.28932188134524,70.0,79.28932188134524,0.9238795325112867,0.0,0.3826834323650898,0.0
5.087148904800415,9.99237602766214,11.473569139211754,2.2567385335046817,0.6072972998702337,-1.1629626433453881,0.9353724590066081,0.0,50.0,20.0,1.0,0.0,0.0,0.0,-369.28932188134524,70.0,79.28932188134524,0.9238795325112867,0.0,0.3826834323650898,0.0
