# Timestamp, Fx, Fy, Fz, Tx, Ty, Tz, FemurPosX, FemurPosY, FemurPosZ, FemurQuatW, FemurQuatX, FemurQuatY, FemurQuatZ, TibiaPosX, TibiaPosY, TibiaPosZ, TibiaQuatW, TibiaQuatX, TibiaQuatY, TibiaQuatZ
0.020960092544555664,-3.78446,-5.58178,2.33995,-2.26727,-3.56171,3.64246,0.73058,-0.227008,0.700719,-0.186532,0.0464836,0.981136,0.0204042,-0.0693365,-0.00149193,0.556571,0.252443,0.117083,0.956188,-0.0909307
0.040673255920410156,-3.78446,-5.58178,2.33995,-2.26727,-3.56171,3.64246,0.73058,-0.227008,0.700719,-0.186532,0.0464836,0.981136,0.0204042,-0.0693365,-0.00149193,0.556571,0.252443,0.117083,0.956188,-0.0909307
0.06031918525695801,-3.78446,-5.58178,2.33995,-2.26727,-3.56171,3.64246,0.73058,-0.227008,0.700719,-0.186532,0.0464836,0.981136,0.0204042,-0.0693365,-0.00149193,0.556571,0.252443,0.117083,0.956188,-0.0909307
0.08069372177124023,-3.78446,-5.58178,2.33995,-2.26727,-3.56171,3.64246,0.73058,-0.227008,0.700719,-0.186532,0.0464836,0.981136,0.0204042,-0.0693365,-0.00149193,0.556571,0.252443,0.117083,0.956188,-0.0909307
0.10034799575805664,-3.78446,-5.58178,2.33995,-2.26727,-3.56171,3.64246,0.73058,-0.227008,0.700719,-0.186532,0.0464836,0.981136,0.0204042,-0.0693365,-0.00149193,0.556571,0.252443,0.117083,0.956188,-0.0909307
0.12012267112731934,-3.78446,-5.58178,2.33995,-2.26727,-3.56171,3.64246,0.73058,-0.227008,0.700719,-0.186532,0.0464836,0.981136,0.0204042,-0.0693365,-0.00149193,0.556571,0.252443,0.117083,0.956188,-0.0909307
0.14089488983154297,-3.78446,-5.58178,2.33995,-2.26727,-3.56171,3.64246,0.73058,-0.227008,0.700719,-0.186532,0.0464836,0.981136,0.0204042,-0.0693365,-0.00149193,0.556571,0.252443,0.117083,0.956188,-0.0909307
0.16017508506774902,-3.78446,-5.58178,2.33995,-2.26727,-3.56171,3.64246,0.73058,-0.227008,0.700719,-0.186532,0.0464836,0.981136,0.0204042,-0.0693365,-0.00149193,0.556571,0.252443,0.117083,0.956188,-0.0909307
0.18038511276245117,-3.78446,-5.58178,2.33995,-2.26727,-3.56171,3.64246,0.73058,-0.227008,0.700719,-0.186532,0.0464836,0.981136,0.0204042,-0.0693365,-0.00149193,0.556571,0.252443,0.117083,0.956188,-0.0909307
0.20091867446899414,-3.78446,-5.58178,2.33995,-2.26727,-3.56171,3.64246,0.73058,-0.227008,0.700719,-0.186532,0.0464836,0.981136,0.0204042,-0.0693365,-0.00149193,0.556571,0.252443,0.117083,0.956188,-0.0909307
0.22079873085021973,-3.78446,-5.58178,2.33995,-2.26727,-3.56171,3.64246,0.73058,-0.227008,0.700719,-0.186532,0.0464836,0.981136,0.0204042,-0.0693365,-0.00149193,0.556571,0.252443,0.117083,0.956188,-0.0909307
0.2398824691772461,-3.78446,-5.58178,2.33995,-2.26727,-3.56171,3.64246,0.73058,-0.227008,0.700719,-0.186532,0.0464836,0.981136,0.0204042,-0.0693365,-0.00149193,0.556571,0.252443,0.117083,0.956188,-0.0909307
0.2600290775299072,-3.78446,-5.58178,2.33995,-2.26727,-3.56171,3.64246,0.73058,-0.227008,0.700719,-0.186532,0.0464836,0.981136,0.0204042,-0.0693365,-0.00149193,0.556571,0.252443,0.117083,0.956188,-0.0909307
0.2799394130706787,-3.78446,-5.58178,2.33995,-2.26727,-3.56171,3.64246,0.73058,-0.227008,0.700719,-0.186532,0.0464836,0.981136,0.0204042,-0.0693365,-0.00149193,0.556571,0.252443,0.117083,0.956188,-0.0909307
0.3001105785369873,-3.78446,-5.58178,2.33995,-2.26727,-3.56171,3.64246,0.73058,-0.227008,0.700719,-0.186532,0.0464836,0.981136,0.0204042,-0.0693365,-0.00149193,0.556571,0.252443,0.117083,0.956188,-0.0909307
0.3198368549346924,-3.78446,-5.58178,2.33995,-2.26727,-3.56171,3.64246,0.73058,-0.227008,0.700719,-0.186532,0.0464836,0.981136,0.0204042,-0.0693365,-0.00149193,0.556571,0.252443,0.117083,0.956188,-0.0909307
0.33998703956604004,-3.78446,-5.58178,2.33995,-2.26727,-3.56171,3.64246,0.73058,-0.227008,0.700719,-0.186532,0.0464836,0.981136,0.0204042,-0.0693365,-0.00149193,0.556571,0.252443,0.117083,0.956188,-0.0909307
0.3598480224609375,-3.78446,-5.58178,2.33995,-2.26727,-3.56171,3.64246,0.73058,-0.227008,0.700719,-0.186532,0.0464836,0.981136,0.0204042,-0.0693365,-0.00149193,0.556571,0.252443,0.117083,0.956188,-0.0909307
0.37994933128356934,-3.78446,-5.58178,2.33995,-2.26727,-3.56171,3.64246,0.73058,-0.227008,0.700719,-0.186532,0.0464836,0.981136,0.0204042,-0.0693365,-0.00149193,0.556571,0.252443,0.117083,0.956188,-0.0909307
0.40006208419799805,-3.78446,-5.58178,2.33995,-2.26727,-3.56171,3.64246,0.73058,-0.227008,0.700719,-0.186532,0.0464836,0.981136,0.0204042,-0.0693365,-0.00149193,0.556571,0.252443,0.117083,0.956188,-0.0909307
0.42005014419555664,-3.78446,-5.58178,2.33995,-2.26727,-3.56171,3.64246,0.73058,-0.227008,0.700719,-0.186532,0.0464836,0.981136,0.0204042,-0.0693365,-0.00149193,0.556571,0.252443,0.117083,0.956188,-0.0909307
0.4398832321166992,-3.78446,-5.58178,2.33995,-2.26727,-3.56171,3.64246,0.73058,-0.227008,0.700719,-0.186532,0.0464836,0.981136,0.0204042,-0.0693365,-0.00149193,0.556571,0.252443,0.117083,0.956188,-0.0909307
0.46031880378723145,-3.78446,-5.58178,2.33995,-2.26727,-3.56171,3.64246,0.73058,-0.227008,0.700719,-0.186532,0.0464836,0.981136,0.0204042,-0.0693365,-0.00149193,0.556571,0.252443,0.117083,0.956188,-0.0909307
0.47980809211730957,-3.78446,-5.58178,2.33995,-2.26727,-3.56171,3.64246,0.73058,-0.227008,0.700719,-0.186532,0.0464836,0.981136,0.0204042,-0.0693365,-0.00149193,0.556571,0.252443,0.117083,0.956188,-0.0909307
0.5000607967376709,-3.78446,-5.58178,2.33995,-2.26727,-3.56171,3.64246,0.73058,-0.227008,0.700719,-0.186532,0.0464836,0.981136,0.0204042,-0.0693365,-0.00149193,0.556571,0.252443,0.117083,0.956188,-0.0909307
0.5203709602355957,-3.78446,-5.58178,2.33995,-2.26727,-3.56171,3.64246,0.73058,-0.227008,0.700719,-0.186532,0.0464836,0.981136,0.0204042,-0.0693365,-0.00149193,0.556571,0.252443,0.117083,0.956188,-0.0909307
0.5400998592376709,-3.78446,-5.58178,2.33995,-2.26727,-3.56171,3.64246,0.73058,-0.227008,0.700719,-0.186532,0.0464836,0.981136,0.0204042,-0.0693365,-0.00149193,0.556571,0.252443,0.117083,0.956188,-0.0909307
0.5605611801147461,-3.78446,-5.58178,2.33995,-2.26727,-3.56171,3.64246,0.73058,-0.227008,0.700719,-0.186532,0.0464836,0.981136,0.0204042,-0.0693365,-0.00149193,0.556571,0.252443,0.117083,0.956188,-0.0909307
0.5800344944000244,-3.78446,-5.58178,2.33995,-2.26727,-3.56171,3.64246,0.73058,-0.227008,0.700719,-0.186532,0.0464836,0.981136,0.0204042,-0.0693365,-0.00149193,0.556571,0.252443,0.117083,0.956188,-0.0909307
0.6003577709197998,-3.78446,-5.58178,2.33995,-2.26727,-3.56171,3.64246,0.73058,-0.227008,0.700719,-0.186532,0.0464836,0.981136,0.0204042,-0.0693365,-0.00149193,0.556571,0.252443,0.117083,0.956188,-0.0909307
0.6209120750427246,-3.78446,-5.58178,2.33995,-2.26727,-3.56171,3.64246,0.73058,-0.227008,0.700719,-0.186532,0.0464836,0.981136,0.0204042,-0.0693365,-0.00149193,0.556571,0.252443,0.117083,0.956188,-0.0909307
0.6401658058166504,-3.78446,-5.58178,2.33995,-2.26727,-3.56171,3.64246,0.73058,-0.227008,0.700719,-0.186532,0.0464836,0.981136,0.0204042,-0.0693365,-0.00149193,0.556571,0.252443,0.117083,0.956188,-0.0909307
0.6605629920959473,-3.78446,-5.58178,2.33995,-2.26727,-3.56171,3.64246,0.73058,-0.227008,0.700719,-0.186532,0.0464836,0.981136,0.0204042,-0.0693365,-0.00149193,0.556571,0.252443,0.117083,0.956188,-0.0909307
0.6801750659942627,-3.78446,-5.58178,2.33995,-2.26727,-3.56171,3.64246,0.73058,-0.227008,0.700719,-0.186532,0.0464836,0.981136,0.0204042,-0.0693365,-0.00149193,0.556571,0.252443,0.117083,0.956188,-0.0909307
0.7005698680877686,-3.78446,-5.58178,2.33995,-2.26727,-3.56171,3.64246,0.73058,-0.227008,0.700719,-0.186532,0.0464836,0.981136,0.0204042,-0.0693365,-0.00149193,0.556571,0.252443,0.117083,0.956188,-0.0909307
0.720146656036377,-3.78446,-5.58178,2.33995,-2.26727,-3.56171,3.64246,0.73058,-0.227008,0.700719,-0.186532,0.0464836,0.981136,0.0204042,-0.0693365,-0.00149193,0.556571,0.252443,0.117083,0.956188,-0.0909307
0.7405257225036621,-3.78446,-5.58178,2.33995,-2.26727,-3.56171,3.64246,0.73058,-0.227008,0.700719,-0.186532,0.0464836,0.981136,0.0204042,-0.0693365,-0.00149193,0.556571,0.252443,0.117083,0.956188,-0.0909307
0.7610025405883789,-3.78446,-5.58178,2.33995,-2.26727,-3.56171,3.64246,0.73058,-0.227008,0.700719,-0.186532,0.0464836,0.981136,0.0204042,-0.0693365,-0.00149193,0.556571,0.252443,0.117083,0.956188,-0.0909307
0.7804491519927979,-3.78446,-5.58178,2.33995,-2.26727,-3.56171,3.64246,0.73058,-0.227008,0.700719,-0.186532,0.0464836,0.981136,0.0204042,-0.0693365,-0.00149193,0.556571,0.252443,0.117083,0.956188,-0.0909307
0.8000204563140869,-3.78446,-5.58178,2.33995,-2.26727,-3.56171,3.64246,0.73058,-0.227008,0.700719,-0.186532,0.0464836,0.981136,0.0204042,-0.0693365,-0.00149193,0.556571,0.252443,0.117083,0.956188,-0.0909307
0.8207247257232666,-3.78446,-5.58178,2.33995,-2.26727,-3.56171,3.64246,0.73058,-0.227008,0.700719,-0.186532,0.0464836,0.981136,0.0204042,-0.0693365,-0.00149193,0.556571,0.252443,0.117083,0.956188,-0.0909307
0.8400883674621582,-3.78446,-5.58178,2.33995,-2.26727,-3.56171,3.64246,0.73058,-0.227008,0.700719,-0.186532,0.0464836,0.981136,0.0204042,-0.0693365,-0.00149193,0.556571,0.252443,0.117083,0.956188,-0.0909307
0.8603637218475342,-3.78446,-5.58178,2.33995,-2.26727,-3.56171,3.64246,0.73058,-0.227008,0.700719,-0.186532,0.0464836,0.981136,0.0204042,-0.0693365,-0.00149193,0.556571,0.252443,0.117083,0.956188,-0.0909307
0.8807477951049805,-3.78446,-5.58178,2.33995,-2.26727,-3.56171,3.64246,0.73058,-0.227008,0.700719,-0.186532,0.0464836,0.981136,0.0204042,-0.0693365,-0.00149193,0.556571,0.252443,0.117083,0.956188,-0.0909307
0.9002699851989746,-3.78446,-5.58178,2.33995,-2.26727,-3.56171,3.64246,0.73058,-0.227008,0.700719,-0.186532,0.0464836,0.981136,0.0204042,-0.0693365,-0.00149193,0.556571,0.252443,0.117083,0.956188,-0.0909307
0.9210553169250488,-3.78446,-5.58178,2.33995,-2.26727,-3.56171,3.64246,0.73058,-0.227008,0.700719,-0.186532,0.0464836,0.981136,0.0204042,-0.0693365,-0.00149193,0.556571,0.252443,0.117083,0.956188,-0.0909307
0.9402906894683838,-3.78446,-5.58178,2.33995,-2.26727,-3.56171,3.64246,0.73058,-0.227008,0.700719,-0.186532,0.0464836,0.981136,0.0204042,-0.0693365,-0.00149193,0.556571,0.252443,0.117083,0.956188,-0.0909307
0.9610574245452881,-3.78446,-5.58178,2.33995,-2.26727,-3.56171,3.64246,0.73058,-0.227008,0.700719,-0.186532,0.0464836,0.981136,0.0204042,-0.0693365,-0.00149193,0.556571,0.252443,0.117083,0.956188,-0.0909307
0.980872631072998,-3.78446,-5.58178,2.33995,-2.26727,-3.56171,3.64246,0.73058,-0.227008,0.700719,-0.186532,0.0464836,0.981136,0.0204042,-0.0693365,-0.00149193,0.556571,0.252443,0.117083,0.956188,-0.0909307
1.0005412101745605,-3.78446,-5.58178,2.33995,-2.26727,-3.56171,3.64246,0.73058,-0.227008,0.700719,-0.186532,0.0464836,0.981136,0.0204042,-0.0693365,-0.00149193,0.556571,0.252443,0.117083,0.956188,-0.0909307
1.0201964378356934,-3.78446,-5.58178,2.33995,-2.26727,-3.56171,3.64246,0.73058,-0.227008,0.700719,-0.186532,0.0464836,0.981136,0.0204042,-0.0693365,-0.00149193,0.556571,0.252443,0.117083,0.956188,-0.0909307
1.0401968955993652,-3.78446,-5.58178,2.33995,-2.26727,-3.56171,3.64246,0.73058,-0.227008,0.700719,-0.186532,0.0464836,0.981136,0.0204042,-0.0693365,-0.00149193,0.556571,0.252443,0.117083,0.956188,-0.0909307
1.060941219329834,-3.78446,-5.58178,2.33995,-2.26727,-3.56171,3.64246,0.73058,-0.227008,0.700719,-0.186532,0.0464836,0.981136,0.0204042,-0.0693365,-0.00149193,0.556571,0.252443,0.117083,0.956188,-0.0909307
1.0802748203277588,-3.78446,-5.58178,2.33995,-2.26727,-3.56171,3.64246,0.73058,-0.227008,0.700719,-0.186532,0.0464836,0.981136,0.0204042,-0.0693365,-0.00149193,0.556571,0.252443,0.117083,0.956188,-0.0909307
1.1009232997894287,-3.78446,-5.58178,2.33995,-2.26727,-3.56171,3.64246,0.73058,-0.227008,0.700719,-0.186532,0.0464836,0.981136,0.0204042,-0.0693365,-0.00149193,0.556571,0.252443,0.117083,0.956188,-0.0909307
1.1205992698669434,-3.78446,-5.58178,2.33995,-2.26727,-3.56171,3.64246,0.73058,-0.227008,0.700719,-0.186532,0.0464836,0.981136,0.0204042,-0.0693365,-0.00149193,0.556571,0.252443,0.117083,0.956188,-0.0909307
1.1399569511413574,-3.78446,-5.58178,2.33995,-2.26727,-3.56171,3.64246,0.73058,-0.227008,0.700719,-0.186532,0.0464836,0.981136,0.0204042,-0.0693365,-0.00149193,0.556571,0.252443,0.117083,0.956188,-0.0909307
1.1603972911834717,-3.78446,-5.58178,2.33995,-2.26727,-3.56171,3.64246,0.73058,-0.227008,0.700719,-0.186532,0.0464836,0.981136,0.0204042,-0.0693365,-0.00149193,0.556571,0.252443,0.117083,0.956188,-0.0909307
1.1799938678741455,-3.78446,-5.58178,2.33995,-2.26727,-3.56171,3.64246,0.73058,-0.227008,0.700719,-0.186532,0.0464836,0.981136,0.0204042,-0.0693365,-0.00149193,0.556571,0.252443,0.117083,0.956188,-0.0909307
1.2003748416900635,-3.78446,-5.58178,2.33995,-2.26727,-3.56171,3.64246,0.73058,-0.227008,0.700719,-0.186532,0.0464836,0.981136,0.0204042,-0.0693365,-0.00149193,0.556571,0.252443,0.117083,0.956188,-0.0909307
1.2201666831970215,-3.78446,-5.58178,2.33995,-2.26727,-3.56171,3.64246,0.73058,-0.227008,0.700719,-0.186532,0.0464836,0.981136,0.0204042,-0.0693365,-0.00149193,0.556571,0.252443,0.117083,0.956188,-0.0909307
1.2408418655395508,-3.78446,-5.58178,2.33995,-2.26727,-3.56171,3.64246,0.73058,-0.227008,0.700719,-0.186532,0.0464836,0.981136,0.0204042,-0.0693365,-0.00149193,0.556571,0.252443,0.117083,0.956188,-0.0909307
1.2605409622192383,-3.78446,-5.58178,2.33995,-2.26727,-3.56171,3.64246,0.73058,-0.227008,0.700719,-0.186532,0.0464836,0.981136,0.0204042,-0.0693365,-0.00149193,0.556571,0.252443,0.117083,0.956188,-0.0909307
1.280937910079956,-3.78446,-5.58178,2.33995,-2.26727,-3.56171,3.64246,0.73058,-0.227008,0.700719,-0.186532,0.0464836,0.981136,0.0204042,-0.0693365,-0.00149193,0.556571,0.252443,0.117083,0.956188,-0.0909307
1.3004341125488281,-3.78446,-5.58178,2.33995,-2.26727,-3.56171,3.64246,0.73058,-0.227008,0.700719,-0.186532,0.0464836,0.981136,0.0204042,-0.0693365,-0.00149193,0.556571,0.252443,0.117083,0.956188,-0.0909307
1.3201758861541748,-3.78446,-5.58178,2.33995,-2.26727,-3.56171,3.64246,0.73058,-0.227008,0.700719,-0.186532,0.0464836,0.981136,0.0204042,-0.0693365,-0.00149193,0.556571,0.252443,0.117083,0.956188,-0.0909307
1.3405070304870605,-3.78446,-5.58178,2.33995,-2.26727,-3.56171,3.64246,0.73058,-0.227008,0.700719,-0.186532,0.0464836,0.981136,0.0204042,-0.0693365,-0.00149193,0.556571,0.252443,0.117083,0.956188,-0.0909307
1.3610146045684814,-3.78446,-5.58178,2.33995,-2.26727,-3.56171,3.64246,0.73058,-0.227008,0.700719,-0.186532,0.0464836,0.981136,0.0204042,-0.0693365,-0.00149193,0.556571,0.252443,0.117083,0.956188,-0.0909307
1.3802366256713867,-3.78446,-5.58178,2.33995,-2.26727,-3.56171,3.64246,0.73058,-0.227008,0.700719,-0.186532,0.0464836,0.981136,0.0204042,-0.0693365,-0.00149193,0.556571,0.252443,0.117083,0.956188,-0.0909307
1.400543451309204,-3.78446,-5.58178,2.33995,-2.26727,-3.56171,3.64246,0.73058,-0.227008,0.700719,-0.186532,0.0464836,0.981136,0.0204042,-0.0693365,-0.00149193,0.556571,0.252443,0.117083,0.956188,-0.0909307
1.4209527969360352,-3.78446,-5.58178,2.33995,-2.26727,-3.56171,3.64246,0.73058,-0.227008,0.700719,-0.186532,0.0464836,0.981136,0.0204042,-0.0693365,-0.00149193,0.556571,0.252443,0.117083,0.956188,-0.0909307
1.4400737285614014,-3.78446,-5.58178,2.33995,-2.26727,-3.56171,3.64246,0.73058,-0.227008,0.700719,-0.186532,0.0464836,0.981136,0.0204042,-0.0693365,-0.00149193,0.556571,0.252443,0.117083,0.956188,-0.0909307
1.4604923725128174,-3.78446,-5.58178,2.33995,-2.26727,-3.56171,3.64246,0.73058,-0.227008,0.700719,-0.186532,0.0464836,0.981136,0.0204042,-0.0693365,-0.00149193,0.556571,0.252443,0.117083,0.956188,-0.0909307
1.4808423519134521,-3.78446,-5.58178,2.33995,-2.26727,-3.56171,3.64246,0.73058,-0.227008,0.700719,-0.186532,0.0464836,0.981136,0.0204042,-0.0693365,-0.00149193,0.556571,0.252443,0.117083,0.956188,-0.0909307
1.5001296997070312,-3.78446,-5.58178,2.33995,-2.26727,-3.56171,3.64246,0.73058,-0.227008,0.700719,-0.186532,0.0464836,0.981136,0.0204042,-0.0693365,-0.00149193,0.556571,0.252443,0.117083,0.956188,-0.0909307
1.5204365253448486,-3.78446,-5.58178,2.33995,-2.26727,-3.56171,3.64246,0.73058,-0.227008,0.700719,-0.186532,0.0464836,0.981136,0.0204042,-0.0693365,-0.00149193,0.556571,0.252443,0.117083,0.956188,-0.0909307
1.5405797958374023,-3.78446,-5.58178,2.33995,-2.26727,-3.56171,3.64246,0.73058,-0.227008,0.700719,-0.186532,0.0464836,0.981136,0.0204042,-0.0693365,-0.00149193,0.556571,0.252443,0.117083,0.956188,-0.0909307
1.5601561069488525,-3.78446,-5.58178,2.33995,-2.26727,-3.56171,3.64246,0.73058,-0.227008,0.700719,-0.186532,0.0464836,0.981136,0.0204042,-0.0693365,-0.00149193,0.556571,0.252443,0.117083,0.956188,-0.0909307
1.580230951309204,-3.78446,-5.58178,2.33995,-2.26727,-3.56171,3.64246,0.73058,-0.227008,0.700719,-0.186532,0.0464836,0.981136,0.0204042,-0.0693365,-0.00149193,0.556571,0.252443,0.117083,0.956188,-0.0909307
1.6003265380859375,-3.78446,-5.58178,2.33995,-2.26727,-3.56171,3.64246,0.73058,-0.227008,0.700719,-0.186532,0.0464836,0.981136,0.0204042,-0.0693365,-0.00149193,0.556571,0.252443,0.117083,0.956188,-0.0909307
1.6205480098724365,-3.78446,-5.58178,2.33995,-2.26727,-3.56171,3.64246,0.73058,-0.227008,0.700719,-0.186532,0.0464836,0.981136,0.0204042,-0.0693365,-0.00149193,0.556571,0.252443,0.117083,0.956188,-0.0909307
1.6408390998840332,-3.78446,-5.58178,2.33995,-2.26727,-3.56171,3.64246,0.73058,-0.227008,0.700719,-0.186532,0.0464836,0.981136,0.0204042,-0.0693365,-0.00149193,0.556571,0.252443,0.117083,0.956188,-0.0909307
1.6609630584716797,-3.78446,-5.58178,2.33995,-2.26727,-3.56171,3.64246,0.73058,-0.227008,0.700719,-0.186532,0.0464836,0.981136,0.0204042,-0.0693365,-0.00149193,0.556571,0.252443,0.117083,0.956188,-0.0909307
1.679807186126709,-3.78446,-5.58178,2.33995,-2.26727,-3.56171,3.64246,0.73058,-0.227008,0.700719,-0.186532,0.0464836,0.981136,0.0204042,-0.0693365,-0.00149193,0.556571,0.252443,0.117083,0.956188,-0.0909307
1.6999866962432861,-3.78446,-5.58178,2.33995,-2.26727,-3.56171,3.64246,0.73058,-0.227008,0.700719,-0.186532,0.0464836,0.981136,0.0204042,-0.0693365,-0.00149193,0.556571,0.252443,0.117083,0.956188,-0.0909307
1.7209534645080566,-3.78446,-5.58178,2.33995,-2.26727,-3.56171,3.64246,0.73058,-0.227008,0.700719,-0.186532,0.0464836,0.981136,0.0204042,-0.0693365,-0.00149193,0.556571,0.252443,0.117083,0.956188,-0.0909307
1.7399547100067139,-3.78446,-5.58178,2.33995,-2.26727,-3.56171,3.64246,0.73058,-0.227008,0.700719,-0.186532,0.0464836,0.981136,0.0204042,-0.0693365,-0.00149193,0.556571,0.252443,0.117083,0.956188,-0.0909307
1.7597277164459229,-3.78446,-5.58178,2.33995,-2.26727,-3.56171,3.64246,0.73058,-0.227008,0.700719,-0.186532,0.0464836,0.981136,0.0204042,-0.0693365,-0.00149193,0.556571,0.252443,0.117083,0.956188,-0.0909307
1.7800416946411133,-3.78446,-5.58178,2.33995,-2.26727,-3.56171,3.64246,0.73058,-0.227008,0.700719,-0.186532,0.0464836,0.981136,0.0204042,-0.0693365,-0.00149193,0.556571,0.252443,0.117083,0.956188,-0.0909307
1.7997815608978271,-3.78446,-5.58178,2.33995,-2.26727,-3.56171,3.64246,0.73058,-0.227008,0.700719,-0.186532,0.0464836,0.981136,0.0204042,-0.0693365,-0.00149193,0.556571,0.252443,0.117083,0.956188,-0.0909307
1.820038080215454,-3.78446,-5.58178,2.33995,-2.26727,-3.56171,3.64246,0.73058,-0.227008,0.700719,-0.186532,0.0464836,0.981136,0.0204042,-0.0693365,-0.00149193,0.556571,0.252443,0.117083,0.956188,-0.0909307
1.8398194313049316,-3.78446,-5.58178,2.33995,-2.26727,-3.56171,3.64246,0.73058,-0.227008,0.700719,-0.186532,0.0464836,0.981136,0.0204042,-0.0693365,-0.00149193,0.556571,0.252443,0.117083,0.956188,-0.0909307
1.8599538803100586,-3.78446,-5.58178,2.33995,-2.26727,-3.56171,3.64246,0.73058,-0.227008,0.700719,-0.186532,0.0464836,0.981136,0.0204042,-0.0693365,-0.00149193,0.556571,0.252443,0.117083,0.956188,-0.0909307
1.8798105716705322,-3.78446,-5.58178,2.33995,-2.26727,-3.56171,3.64246,0.73058,-0.227008,0.700719,-0.186532,0.0464836,0.981136,0.0204042,-0.0693365,-0.00149193,0.556571,0.252443,0.117083,0.956188,-0.0909307
1.9000370502471924,-3.78446,-5.58178,2.33995,-2.26727,-3.56171,3.64246,0.73058,-0.227008,0.700719,-0.186532,0.0464836,0.981136,0.0204042,-0.0693365,-0.00149193,0.556571,0.252443,0.117083,0.956188,-0.0909307
1.9227092266082764,-3.78446,-5.58178,2.33995,-2.26727,-3.56171,3.64246,0.73058,-0.227008,0.700719,-0.186532,0.0464836,0.981136,0.0204042,-0.0693365,-0.00149193,0.556571,0.252443,0.117083,0.956188,-0.0909307
1.9405536651611328,-3.78446,-5.58178,2.33995,-2.26727,-3.56171,3.64246,0.73058,-0.227008,0.700719,-0.186532,0.0464836,0.981136,0.0204042,-0.0693365,-0.00149193,0.556571,0.252443,0.117083,0.956188,-0.0909307
1.9598231315612793,-3.78446,-5.58178,2.33995,-2.26727,-3.56171,3.64246,0.73058,-0.227008,0.700719,-0.186532,0.0464836,0.981136,0.0204042,-0.0693365,-0.00149193,0.556571,0.252443,0.117083,0.956188,-0.0909307
1.9800398349761963,-3.78446,-5.58178,2.33995,-2.26727,-3.56171,3.64246,0.73058,-0.227008,0.700719,-0.186532,0.0464836,0.981136,0.0204042,-0.0693365,-0.00149193,0.556571,0.252443,0.117083,0.956188,-0.0909307
1.999828577041626,-3.78446,-5.58178,2.33995,-2.26727,-3.56171,3.64246,0.73058,-0.227008,0.700719,-0.186532,0.0464836,0.981136,0.0204042,-0.0693365,-0.00149193,0.556571,0.252443,0.117083,0.956188,-0.0909307
2.020078182220459,-3.78446,-5.58178,2.33995,-2.26727,-3.56171,3.64246,0.73058,-0.227008,0.700719,-0.186532,0.0464836,0.981136,0.0204042,-0.0693365,-0.00149193,0.556571,0.252443,0.117083,0.956188,-0.0909307
2.040989637374878,-3.78446,-5.58178,2.33995,-2.26727,-3.56171,3.64246,0.73058,-0.227008,0.700719,-0.186532,0.0464836,0.981136,0.0204042,-0.0693365,-0.00149193,0.556571,0.252443,0.117083,0.956188,-0.0909307
2.0609655380249023,-3.78446,-5.58178,2.33995,-2.26727,-3.56171,3.64246,0.73058,-0.227008,0.700719,-0.186532,0.0464836,0.981136,0.0204042,-0.0693365,-0.00149193,0.556571,0.252443,0.117083,0.956188,-0.0909307
2.0797770023345947,-3.78446,-5.58178,2.33995,-2.26727,-3.56171,3.64246,0.73058,-0.227008,0.700719,-0.186532,0.0464836,0.981136,0.0204042,-0.0693365,-0.00149193,0.556571,0.252443,0.117083,0.956188,-0.0909307
2.100053548812866,-3.78446,-5.58178,2.33995,-2.26727,-3.56171,3.64246,0.73058,-0.227008,0.700719,-0.186532,0.0464836,0.981136,0.0204042,-0.0693365,-0.00149193,0.556571,0.252443,0.117083,0.956188,-0.0909307
2.119920015335083,-3.78446,-5.58178,2.33995,-2.26727,-3.56171,3.64246,0.73058,-0.227008,0.700719,-0.186532,0.0464836,0.981136,0.0204042,-0.0693365,-0.00149193,0.556571,0.252443,0.117083,0.956188,-0.0909307
2.1399385929107666,-3.78446,-5.58178,2.33995,-2.26727,-3.56171,3.64246,0.73058,-0.227008,0.700719,-0.186532,0.0464836,0.981136,0.0204042,-0.0693365,-0.00149193,0.556571,0.252443,0.117083,0.956188,-0.0909307
2.1598258018493652,-3.78446,-5.58178,2.33995,-2.26727,-3.56171,3.64246,0.73058,-0.227008,0.700719,-0.186532,0.0464836,0.981136,0.0204042,-0.0693365,-0.00149193,0.556571,0.252443,0.117083,0.956188,-0.0909307
2.1800084114074707,-3.78446,-5.58178,2.33995,-2.26727,-3.56171,3.64246,0.73058,-0.227008,0.700719,-0.186532,0.0464836,0.981136,0.0204042,-0.0693365,-0.00149193,0.556571,0.252443,0.117083,0.956188,-0.0909307
2.2003047466278076,-3.78446,-5.58178,2.33995,-2.26727,-3.56171,3.64246,0.73058,-0.227008,0.700719,-0.186532,0.0464836,0.981136,0.0204042,-0.0693365,-0.00149193,0.556571,0.252443,0.117083,0.956188,-0.0909307
2.220989942550659,-3.78446,-5.58178,2.33995,-2.26727,-3.56171,3.64246,0.73058,-0.227008,0.700719,-0.186532,0.0464836,0.981136,0.0204042,-0.0693365,-0.00149193,0.556571,0.252443,0.117083,0.956188,-0.0909307
2.2401671409606934,-3.78446,-5.58178,2.33995,-2.26727,-3.56171,3.64246,0.73058,-0.227008,0.700719,-0.186532,0.0464836,0.981136,0.0204042,-0.0693365,-0.00149193,0.556571,0.252443,0.117083,0.956188,-0.0909307
2.2606730461120605,-3.78446,-5.58178,2.33995,-2.26727,-3.56171,3.64246,0.73058,-0.227008,0.700719,-0.186532,0.0464836,0.981136,0.0204042,-0.0693365,-0.00149193,0.556571,0.252443,0.117083,0.956188,-0.0909307
2.2801942825317383,-3.78446,-5.58178,2.33995,-2.26727,-3.56171,3.64246,0.73058,-0.227008,0.700719,-0.186532,0.0464836,0.981136,0.0204042,-0.0693365,-0.00149193,0.556571,0.252443,0.117083,0.956188,-0.0909307
2.300483465194702,-3.78446,-5.58178,2.33995,-2.26727,-3.56171,3.64246,0.73058,-0.227008,0.700719,-0.186532,0.0464836,0.981136,0.0204042,-0.0693365,-0.00149193,0.556571,0.252443,0.117083,0.956188,-0.0909307
2.3210439682006836,-3.78446,-5.58178,2.33995,-2.26727,-3.56171,3.64246,0.73058,-0.227008,0.700719,-0.186532,0.0464836,0.981136,0.0204042,-0.0693365,-0.00149193,0.556571,0.252443,0.117083,0.956188,-0.0909307
2.3400378227233887,-3.78446,-5.58178,2.33995,-2.26727,-3.56171,3.64246,0.73058,-0.227008,0.700719,-0.186532,0.0464836,0.981136,0.0204042,-0.0693365,-0.00149193,0.556571,0.252443,0.117083,0.956188,-0.0909307
2.3609814643859863,-3.78446,-5.58178,2.33995,-2.26727,-3.56171,3.64246,0.73058,-0.227008,0.700719,-0.186532,0.0464836,0.981136,0.0204042,-0.0693365,-0.00149193,0.556571,0.252443,0.117083,0.956188,-0.0909307
2.380436420440674,-3.78446,-5.58178,2.33995,-2.26727,-3.56171,3.64246,0.73058,-0.227008,0.700719,-0.186532,0.0464836,0.981136,0.0204042,-0.0693365,-0.00149193,0.556571,0.252443,0.117083,0.956188,-0.0909307
2.4007694721221924,-3.78446,-5.58178,2.33995,-2.26727,-3.56171,3.64246,0.73058,-0.227008,0.700719,-0.186532,0.0464836,0.981136,0.0204042,-0.0693365,-0.00149193,0.556571,0.252443,0.117083,0.956188,-0.0909307
2.420175313949585,-3.78446,-5.58178,2.33995,-2.26727,-3.56171,3.64246,0.73058,-0.227008,0.700719,-0.186532,0.0464836,0.981136,0.0204042,-0.0693365,-0.00149193,0.556571,0.252443,0.117083,0.956188,-0.0909307
2.4404656887054443,-3.78446,-5.58178,2.33995,-2.26727,-3.56171,3.64246,0.73058,-0.227008,0.700719,-0.186532,0.0464836,0.981136,0.0204042,-0.0693365,-0.00149193,0.556571,0.252443,0.117083,0.956188,-0.0909307
2.4607574939727783,-3.78446,-5.58178,2.33995,-2.26727,-3.56171,3.64246,0.73058,-0.227008,0.700719,-0.186532,0.0464836,0.981136,0.0204042,-0.0693365,-0.00149193,0.556571,0.252443,0.117083,0.956188,-0.0909307
2.4801206588745117,-3.78446,-5.58178,2.33995,-2.26727,-3.56171,3.64246,0.73058,-0.227008,0.700719,-0.186532,0.0464836,0.981136,0.0204042,-0.0693365,-0.00149193,0.556571,0.252443,0.117083,0.956188,-0.0909307
2.500437021255493,-3.78446,-5.58178,2.33995,-2.26727,-3.56171,3.64246,0.73058,-0.227008,0.700719,-0.186532,0.0464836,0.981136,0.0204042,-0.0693365,-0.00149193,0.556571,0.252443,0.117083,0.956188,-0.0909307
2.5207982063293457,-3.78446,-5.58178,2.33995,-2.26727,-3.56171,3.64246,0.73058,-0.227008,0.700719,-0.186532,0.0464836,0.981136,0.0204042,-0.0693365,-0.00149193,0.556571,0.252443,0.117083,0.956188,-0.0909307
2.54091739654541,-3.78446,-5.58178,2.33995,-2.26727,-3.56171,3.64246,0.73058,-0.227008,0.700719,-0.186532,0.0464836,0.981136,0.0204042,-0.0693365,-0.00149193,0.556571,0.252443,0.117083,0.956188,-0.0909307
2.5602757930755615,-3.78446,-5.58178,2.33995,-2.26727,-3.56171,3.64246,0.73058,-0.227008,0.700719,-0.186532,0.0464836,0.981136,0.0204042,-0.0693365,-0.00149193,0.556571,0.252443,0.117083,0.956188,-0.0909307
2.580631732940674,-3.78446,-5.58178,2.33995,-2.26727,-3.56171,3.64246,0.73058,-0.227008,0.700719,-0.186532,0.0464836,0.981136,0.0204042,-0.0693365,-0.00149193,0.556571,0.252443,0.117083,0.956188,-0.0909307
2.599970817565918,-3.78446,-5.58178,2.33995,-2.26727,-3.56171,3.64246,0.73058,-0.227008,0.700719,-0.186532,0.0464836,0.981136,0.0204042,-0.0693365,-0.00149193,0.556571,0.252443,0.117083,0.956188,-0.0909307
2.6202962398529053,-3.78446,-5.58178,2.33995,-2.26727,-3.56171,3.64246,0.73058,-0.227008,0.700719,-0.186532,0.0464836,0.981136,0.0204042,-0.0693365,-0.00149193,0.556571,0.252443,0.117083,0.956188,-0.0909307
2.640260696411133,-3.78446,-5.58178,2.33995,-2.26727,-3.56171,3.64246,0.73058,-0.227008,0.700719,-0.186532,0.0464836,0.981136,0.0204042,-0.0693365,-0.00149193,0.556571,0.252443,0.117083,0.956188,-0.0909307
2.6606571674346924,-3.78446,-5.58178,2.33995,-2.26727,-3.56171,3.64246,0.73058,-0.227008,0.700719,-0.186532,0.0464836,0.981136,0.0204042,-0.0693365,-0.00149193,0.556571,0.252443,0.117083,0.956188,-0.0909307
2.679841995239258,-3.78446,-5.58178,2.33995,-2.26727,-3.56171,3.64246,0.73058,-0.227008,0.700719,-0.186532,0.0464836,0.981136,0.0204042,-0.0693365,-0.00149193,0.556571,0.252443,0.117083,0.956188,-0.0909307
2.700108766555786,-3.78446,-5.58178,2.33995,-2.26727,-3.56171,3.64246,0.73058,-0.227008,0.700719,-0.186532,0.0464836,0.981136,0.0204042,-0.0693365,-0.00149193,0.556571,0.252443,0.117083,0.956188,-0.0909307
2.720409870147705,-3.78446,-5.58178,2.33995,-2.26727,-3.56171,3.64246,0.73058,-0.227008,0.700719,-0.186532,0.0464836,0.981136,0.0204042,-0.0693365,-0.00149193,0.556571,0.252443,0.117083,0.956188,-0.0909307
2.740457773208618,-3.78446,-5.58178,2.33995,-2.26727,-3.56171,3.64246,0.73058,-0.227008,0.700719,-0.186532,0.0464836,0.981136,0.0204042,-0.0693365,-0.00149193,0.556571,0.252443,0.117083,0.956188,-0.0909307
2.760911226272583,-3.78446,-5.58178,2.33995,-2.26727,-3.56171,3.64246,0.73058,-0.227008,0.700719,-0.186532,0.0464836,0.981136,0.0204042,-0.0693365,-0.00149193,0.556571,0.252443,0.117083,0.956188,-0.0909307
2.780194044113159,-3.78446,-5.58178,2.33995,-2.26727,-3.56171,3.64246,0.73058,-0.227008,0.700719,-0.186532,0.0464836,0.981136,0.0204042,-0.0693365,-0.00149193,0.556571,0.252443,0.117083,0.956188,-0.0909307
2.800459861755371,-3.78446,-5.58178,2.33995,-2.26727,-3.56171,3.64246,0.73058,-0.227008,0.700719,-0.186532,0.0464836,0.981136,0.0204042,-0.0693365,-0.00149193,0.556571,0.252443,0.117083,0.956188,-0.0909307
2.8206725120544434,-3.78446,-5.58178,2.33995,-2.26727,-3.56171,3.64246,0.73058,-0.227008,0.700719,-0.186532,0.0464836,0.981136,0.0204042,-0.0693365,-0.00149193,0.556571,0.252443,0.117083,0.956188,-0.0909307
2.8409552574157715,-3.78446,-5.58178,2.33995,-2.26727,-3.56171,3.64246,0.73058,-0.227008,0.700719,-0.186532,0.0464836,0.981136,0.0204042,-0.0693365,-0.00149193,0.556571,0.252443,0.117083,0.956188,-0.0909307
2.860269069671631,-3.78446,-5.58178,2.33995,-2.26727,-3.56171,3.64246,0.73058,-0.227008,0.700719,-0.186532,0.0464836,0.981136,0.0204042,-0.0693365,-0.00149193,0.556571,0.252443,0.117083,0.956188,-0.0909307
2.8808844089508057,-3.78446,-5.58178,2.33995,-2.26727,-3.56171,3.64246,0.73058,-0.227008,0.700719,-0.186532,0.0464836,0.981136,0.0204042,-0.0693365,-0.00149193,0.556571,0.252443,0.117083,0.956188,-0.0909307
2.9004054069519043,-3.78446,-5.58178,2.33995,-2.26727,-3.56171,3.64246,0.73058,-0.227008,0.700719,-0.186532,0.0464836,0.981136,0.0204042,-0.0693365,-0.00149193,0.556571,0.252443,0.117083,0.956188,-0.0909307
2.9204344749450684,-3.78446,-5.58178,2.33995,-2.26727,-3.56171,3.64246,0.73058,-0.227008,0.700719,-0.186532,0.0464836,0.981136,0.0204042,-0.0693365,-0.00149193,0.556571,0.252443,0.117083,0.956188,-0.0909307
2.940802812576294,-3.78446,-5.58178,2.33995,-2.26727,-3.56171,3.64246,0.73058,-0.227008,0.700719,-0.186532,0.0464836,0.981136,0.0204042,-0.0693365,-0.00149193,0.556571,0.252443,0.117083,0.956188,-0.0909307
2.9602320194244385,-3.78446,-5.58178,2.33995,-2.26727,-3.56171,3.64246,0.73058,-0.227008,0.700719,-0.186532,0.0464836,0.981136,0.0204042,-0.0693365,-0.00149193,0.556571,0.252443,0.117083,0.956188,-0.0909307
2.980452060699463,-3.78446,-5.58178,2.33995,-2.26727,-3.56171,3.64246,0.73058,-0.227008,0.700719,-0.186532,0.0464836,0.981136,0.0204042,-0.0693365,-0.00149193,0.556571,0.252443,0.117083,0.956188,-0.0909307
3.000929117202759,-3.78446,-5.58178,2.33995,-2.26727,-3.56171,3.64246,0.73058,-0.227008,0.700719,-0.186532,0.0464836,0.981136,0.0204042,-0.0693365,-0.00149193,0.556571,0.252443,0.117083,0.956188,-0.0909307
3.020411252975464,-3.78446,-5.58178,2.33995,-2.26727,-3.56171,3.64246,0.73058,-0.227008,0.700719,-0.186532,0.0464836,0.981136,0.0204042,-0.0693365,-0.00149193,0.556571,0.252443,0.117083,0.956188,-0.0909307
3.0405590534210205,-3.78446,-5.58178,2.33995,-2.26727,-3.56171,3.64246,0.73058,-0.227008,0.700719,-0.186532,0.0464836,0.981136,0.0204042,-0.0693365,-0.00149193,0.556571,0.252443,0.117083,0.956188,-0.0909307
3.0599443912506104,-3.78446,-5.58178,2.33995,-2.26727,-3.56171,3.64246,0.73058,-0.227008,0.700719,-0.186532,0.0464836,0.981136,0.0204042,-0.0693365,-0.00149193,0.556571,0.252443,0.117083,0.956188,-0.0909307
3.0801074504852295,-3.78446,-5.58178,2.33995,-2.26727,-3.56171,3.64246,0.73058,-0.227008,0.700719,-0.186532,0.0464836,0.981136,0.0204042,-0.0693365,-0.00149193,0.556571,0.252443,0.117083,0.956188,-0.0909307
3.1004364490509033,-3.78446,-5.58178,2.33995,-2.26727,-3.56171,3.64246,0.73058,-0.227008,0.700719,-0.186532,0.0464836,0.981136,0.0204042,-0.0693365,-0.00149193,0.556571,0.252443,0.117083,0.956188,-0.0909307
3.1210274696350098,-3.78446,-5.58178,2.33995,-2.26727,-3.56171,3.64246,0.73058,-0.227008,0.700719,-0.186532,0.0464836,0.981136,0.0204042,-0.0693365,-0.00149193,0.556571,0.252443,0.117083,0.956188,-0.0909307
3.140867233276367,-3.78446,-5.58178,2.33995,-2.26727,-3.56171,3.64246,0.73058,-0.227008,0.700719,-0.186532,0.0464836,0.981136,0.0204042,-0.0693365,-0.00149193,0.556571,0.252443,0.117083,0.956188,-0.0909307
3.1602509021759033,-3.78446,-5.58178,2.33995,-2.26727,-3.56171,3.64246,0.73058,-0.227008,0.700719,-0.186532,0.0464836,0.981136,0.0204042,-0.0693365,-0.00149193,0.556571,0.252443,0.117083,0.956188,-0.0909307
3.1805784702301025,-3.78446,-5.58178,2.33995,-2.26727,-3.56171,3.64246,0.73058,-0.227008,0.700719,-0.186532,0.0464836,0.981136,0.0204042,-0.0693365,-0.00149193,0.556571,0.252443,0.117083,0.956188,-0.0909307
3.19975209236145,-3.78446,-5.58178,2.33995,-2.26727,-3.56171,3.64246,0.73058,-0.227008,0.700719,-0.186532,0.0464836,0.981136,0.0204042,-0.0693365,-0.00149193,0.556571,0.252443,0.117083,0.956188,-0.0909307
3.2198476791381836,-3.78446,-5.58178,2.33995,-2.26727,-3.56171,3.64246,0.73058,-0.227008,0.700719,-0.186532,0.0464836,0.981136,0.0204042,-0.0693365,-0.00149193,0.556571,0.252443,0.117083,0.956188,-0.0909307
3.2397897243499756,-3.78446,-5.58178,2.33995,-2.26727,-3.56171,3.64246,0.73058,-0.227008,0.700719,-0.186532,0.0464836,0.981136,0.0204042,-0.0693365,-0.00149193,0.556571,0.252443,0.117083,0.956188,-0.0909307
3.260878086090088,-3.78446,-5.58178,2.33995,-2.26727,-3.56171,3.64246,0.73058,-0.227008,0.700719,-0.186532,0.0464836,0.981136,0.0204042,-0.0693365,-0.00149193,0.556571,0.252443,0.117083,0.956188,-0.0909307
3.279827356338501,-3.78446,-5.58178,2.33995,-2.26727,-3.56171,3.64246,0.73058,-0.227008,0.700719,-0.186532,0.0464836,0.981136,0.0204042,-0.0693365,-0.00149193,0.556571,0.252443,0.117083,0.956188,-0.0909307
3.3000404834747314,-3.78446,-5.58178,2.33995,-2.26727,-3.56171,3.64246,0.73058,-0.227008,0.700719,-0.186532,0.0464836,0.981136,0.0204042,-0.0693365,-0.00149193,0.556571,0.252443,0.117083,0.956188,-0.0909307
3.3197519779205322,-3.78446,-5.58178,2.33995,-2.26727,-3.56171,3.64246,0.73058,-0.227008,0.700719,-0.186532,0.0464836,0.981136,0.0204042,-0.0693365,-0.00149193,0.556571,0.252443,0.117083,0.956188,-0.0909307
3.339984178543091,-3.78446,-5.58178,2.33995,-2.26727,-3.56171,3.64246,0.73058,-0.227008,0.700719,-0.186532,0.0464836,0.981136,0.0204042,-0.0693365,-0.00149193,0.556571,0.252443,0.117083,0.956188,-0.0909307
3.3598294258117676,-3.78446,-5.58178,2.33995,-2.26727,-3.56171,3.64246,0.73058,-0.227008,0.700719,-0.186532,0.0464836,0.981136,0.0204042,-0.0693365,-0.00149193,0.556571,0.252443,0.117083,0.956188,-0.0909307
3.3800547122955322,-3.78446,-5.58178,2.33995,-2.26727,-3.56171,3.64246,0.73058,-0.227008,0.700719,-0.186532,0.0464836,0.981136,0.0204042,-0.0693365,-0.00149193,0.556571,0.252443,0.117083,0.956188,-0.0909307
3.3997790813446045,-3.78446,-5.58178,2.33995,-2.26727,-3.56171,3.64246,0.73058,-0.227008,0.700719,-0.186532,0.0464836,0.981136,0.0204042,-0.0693365,-0.00149193,0.556571,0.252443,0.117083,0.956188,-0.0909307
3.4200026988983154,-3.78446,-5.58178,2.33995,-2.26727,-3.56171,3.64246,0.73058,-0.227008,0.700719,-0.186532,0.0464836,0.981136,0.0204042,-0.0693365,-0.00149193,0.556571,0.252443,0.117083,0.956188,-0.0909307
3.4397854804992676,-3.78446,-5.58178,2.33995,-2.26727,-3.56171,3.64246,0.73058,-0.227008,0.700719,-0.186532,0.0464836,0.981136,0.0204042,-0.0693365,-0.00149193,0.556571,0.252443,0.117083,0.956188,-0.0909307
3.4600210189819336,-3.78446,-5.58178,2.33995,-2.26727,-3.56171,3.64246,0.73058,-0.227008,0.700719,-0.186532,0.0464836,0.981136,0.0204042,-0.0693365,-0.00149193,0.556571,0.252443,0.117083,0.956188,-0.0909307
3.479823589324951,-3.78446,-5.58178,2.33995,-2.26727,-3.56171,3.64246,0.73058,-0.227008,0.700719,-0.186532,0.0464836,0.981136,0.0204042,-0.0693365,-0.00149193,0.556571,0.252443,0.117083,0.956188,-0.0909307
3.5000243186950684,-3.78446,-5.58178,2.33995,-2.26727,-3.56171,3.64246,0.73058,-0.227008,0.700719,-0.186532,0.0464836,0.981136,0.0204042,-0.0693365,-0.00149193,0.556571,0.252443,0.117083,0.956188,-0.0909307
3.5198171138763428,-3.78446,-5.58178,2.33995,-2.26727,-3.56171,3.64246,0.73058,-0.227008,0.700719,-0.186532,0.0464836,0.981136,0.0204042,-0.0693365,-0.00149193,0.556571,0.252443,0.117083,0.956188,-0.0909307
3.5400428771972656,-3.78446,-5.58178,2.33995,-2.26727,-3.56171,3.64246,0.73058,-0.227008,0.700719,-0.186532,0.0464836,0.981136,0.0204042,-0.0693365,-0.00149193,0.556571,0.252443,0.117083,0.956188,-0.0909307
3.5597951412200928,-3.78446,-5.58178,2.33995,-2.26727,-3.56171,3.64246,0.73058,-0.227008,0.700719,-0.186532,0.0464836,0.981136,0.0204042,-0.0693365,-0.00149193,0.556571,0.252443,0.117083,0.956188,-0.0909307
3.5800061225891113,-3.78446,-5.58178,2.33995,-2.26727,-3.56171,3.64246,0.73058,-0.227008,0.700719,-0.186532,0.0464836,0.981136,0.0204042,-0.0693365,-0.00149193,0.556571,0.252443,0.117083,0.956188,-0.0909307
3.5997977256774902,-3.78446,-5.58178,2.33995,-2.26727,-3.56171,3.64246,0.73058,-0.227008,0.700719,-0.186532,0.0464836,0.981136,0.0204042,-0.0693365,-0.00149193,0.556571,0.252443,0.117083,0.956188,-0.0909307
3.6200368404388428,-3.78446,-5.58178,2.33995,-2.26727,-3.56171,3.64246,0.73058,-0.227008,0.700719,-0.186532,0.0464836,0.981136,0.0204042,-0.0693365,-0.00149193,0.556571,0.252443,0.117083,0.956188,-0.0909307
3.6397557258605957,-3.78446,-5.58178,2.33995,-2.26727,-3.56171,3.64246,0.73058,-0.227008,0.700719,-0.186532,0.0464836,0.981136,0.0204042,-0.0693365,-0.00149193,0.556571,0.252443,0.117083,0.956188,-0.0909307
3.6609814167022705,-3.78446,-5.58178,2.33995,-2.26727,-3.56171,3.64246,0.73058,-0.227008,0.700719,-0.186532,0.0464836,0.981136,0.0204042,-0.0693365,-0.00149193,0.556571,0.252443,0.117083,0.956188,-0.0909307
3.6798226833343506,-3.78446,-5.58178,2.33995,-2.26727,-3.56171,3.64246,0.73058,-0.227008,0.700719,-0.186532,0.0464836,0.981136,0.0204042,-0.0693365,-0.00149193,0.556571,0.252443,0.117083,0.956188,-0.0909307
3.7059595584869385,-3.78446,-5.58178,2.33995,-2.26727,-3.56171,3.64246,0.73058,-0.227008,0.700719,-0.186532,0.0464836,0.981136,0.0204042,-0.0693365,-0.00149193,0.556571,0.252443,0.117083,0.956188,-0.0909307
3.7225852012634277,-3.78446,-5.58178,2.33995,-2.26727,-3.56171,3.64246,0.73058,-0.227008,0.700719,-0.186532,0.0464836,0.981136,0.0204042,-0.0693365,-0.00149193,0.556571,0.252443,0.117083,0.956188,-0.0909307
3.7407846450805664,-3.78446,-5.58178,2.33995,-2.26727,-3.56171,3.64246,0.73058,-0.227008,0.700719,-0.186532,0.0464836,0.981136,0.0204042,-0.0693365,-0.00149193,0.556571,0.252443,0.117083,0.956188,-0.0909307
3.7598159313201904,-3.78446,-5.58178,2.33995,-2.26727,-3.56171,3.64246,0.73058,-0.227008,0.700719,-0.186532,0.0464836,0.981136,0.0204042,-0.0693365,-0.00149193,0.556571,0.252443,0.117083,0.956188,-0.0909307
3.7799558639526367,-3.78446,-5.58178,2.33995,-2.26727,-3.56171,3.64246,0.73058,-0.227008,0.700719,-0.186532,0.0464836,0.981136,0.0204042,-0.0693365,-0.00149193,0.556571,0.252443,0.117083,0.956188,-0.0909307
3.7998015880584717,-3.78446,-5.58178,2.33995,-2.26727,-3.56171,3.64246,0.73058,-0.227008,0.700719,-0.186532,0.0464836,0.981136,0.0204042,-0.0693365,-0.00149193,0.556571,0.252443,0.117083,0.956188,-0.0909307
3.8200409412384033,-3.78446,-5.58178,2.33995,-2.26727,-3.56171,3.64246,0.73058,-0.227008,0.700719,-0.186532,0.0464836,0.981136,0.0204042,-0.0693365,-0.00149193,0.556571,0.252443,0.117083,0.956188,-0.0909307
3.839810609817505,-3.78446,-5.58178,2.33995,-2.26727,-3.56171,3.64246,0.73058,-0.227008,0.700719,-0.186532,0.0464836,0.981136,0.0204042,-0.0693365,-0.00149193,0.556571,0.252443,0.117083,0.956188,-0.0909307
3.860053300857544,-3.78446,-5.58178,2.33995,-2.26727,-3.56171,3.64246,0.73058,-0.227008,0.700719,-0.186532,0.0464836,0.981136,0.0204042,-0.0693365,-0.00149193,0.556571,0.252443,0.117083,0.956188,-0.0909307
3.879838228225708,-3.78446,-5.58178,2.33995,-2.26727,-3.56171,3.64246,0.73058,-0.227008,0.700719,-0.186532,0.0464836,0.981136,0.0204042,-0.0693365,-0.00149193,0.556571,0.252443,0.117083,0.956188,-0.0909307
3.9000425338745117,-3.78446,-5.58178,2.33995,-2.26727,-3.56171,3.64246,0.73058,-0.227008,0.700719,-0.186532,0.0464836,0.981136,0.0204042,-0.0693365,-0.00149193,0.556571,0.252443,0.117083,0.956188,-0.0909307
3.9198200702667236,-3.78446,-5.58178,2.33995,-2.26727,-3.56171,3.64246,0.73058,-0.227008,0.700719,-0.186532,0.0464836,0.981136,0.0204042,-0.0693365,-0.00149193,0.556571,0.252443,0.117083,0.956188,-0.0909307
3.939973831176758,-3.78446,-5.58178,2.33995,-2.26727,-3.56171,3.64246,0.73058,-0.227008,0.700719,-0.186532,0.0464836,0.981136,0.0204042,-0.0693365,-0.00149193,0.556571,0.252443,0.117083,0.956188,-0.0909307
3.959766387939453,-3.78446,-5.58178,2.33995,-2.26727,-3.56171,3.64246,0.73058,-0.227008,0.700719,-0.186532,0.0464836,0.981136,0.0204042,-0.0693365,-0.00149193,0.556571,0.252443,0.117083,0.956188,-0.0909307
3.980076551437378,-3.78446,-5.58178,2.33995,-2.26727,-3.56171,3.64246,0.73058,-0.227008,0.700719,-0.186532,0.0464836,0.981136,0.0204042,-0.0693365,-0.00149193,0.556571,0.252443,0.117083,0.956188,-0.0909307
3.9997775554656982,-3.78446,-5.58178,2.33995,-2.26727,-3.56171,3.64246,0.73058,-0.227008,0.700719,-0.186532,0.0464836,0.981136,0.0204042,-0.0693365,-0.00149193,0.556571,0.252443,0.117083,0.956188,-0.0909307
4.019946098327637,-3.78446,-5.58178,2.33995,-2.26727,-3.56171,3.64246,0.73058,-0.227008,0.700719,-0.186532,0.0464836,0.981136,0.0204042,-0.0693365,-0.00149193,0.556571,0.252443,0.117083,0.956188,-0.0909307
4.039814233779907,-3.78446,-5.58178,2.33995,-2.26727,-3.56171,3.64246,0.73058,-0.227008,0.700719,-0.186532,0.0464836,0.981136,0.0204042,-0.0693365,-0.00149193,0.556571,0.252443,0.117083,0.956188,-0.0909307
4.059932470321655,-3.78446,-5.58178,2.33995,-2.26727,-3.56171,3.64246,0.73058,-0.227008,0.700719,-0.186532,0.0464836,0.981136,0.0204042,-0.0693365,-0.00149193,0.556571,0.252443,0.117083,0.956188,-0.0909307
4.079819202423096,-3.78446,-5.58178,2.33995,-2.26727,-3.56171,3.64246,0.73058,-0.227008,0.700719,-0.186532,0.0464836,0.981136,0.0204042,-0.0693365,-0.00149193,0.556571,0.252443,0.117083,0.956188,-0.0909307
4.100045204162598,-3.78446,-5.58178,2.33995,-2.26727,-3.56171,3.64246,0.73058,-0.227008,0.700719,-0.186532,0.0464836,0.981136,0.0204042,-0.0693365,-0.00149193,0.556571,0.252443,0.117083,0.956188,-0.0909307
4.119718074798584,-3.78446,-5.58178,2.33995,-2.26727,-3.56171,3.64246,0.73058,-0.227008,0.700719,-0.186532,0.0464836,0.981136,0.0204042,-0.0693365,-0.00149193,0.556571,0.252443,0.117083,0.956188,-0.0909307
4.139906167984009,-3.78446,-5.58178,2.33995,-2.26727,-3.56171,3.64246,0.73058,-0.227008,0.700719,-0.186532,0.0464836,0.981136,0.0204042,-0.0693365,-0.00149193,0.556571,0.252443,0.117083,0.956188,-0.0909307
4.159776210784912,-3.78446,-5.58178,2.33995,-2.26727,-3.56171,3.64246,0.73058,-0.227008,0.700719,-0.186532,0.0464836,0.981136,0.0204042,-0.0693365,-0.00149193,0.556571,0.252443,0.117083,0.956188,-0.0909307
4.180070877075195,-3.78446,-5.58178,2.33995,-2.26727,-3.56171,3.64246,0.73058,-0.227008,0.700719,-0.186532,0.0464836,0.981136,0.0204042,-0.0693365,-0.00149193,0.556571,0.252443,0.117083,0.956188,-0.0909307
4.199808359146118,-3.78446,-5.58178,2.33995,-2.26727,-3.56171,3.64246,0.73058,-0.227008,0.700719,-0.186532,0.0464836,0.981136,0.0204042,-0.0693365,-0.00149193,0.556571,0.252443,0.117083,0.956188,-0.0909307
4.219987630844116,-3.78446,-5.58178,2.33995,-2.26727,-3.56171,3.64246,0.73058,-0.227008,0.700719,-0.186532,0.0464836,0.981136,0.0204042,-0.0693365,-0.00149193,0.556571,0.252443,0.117083,0.956188,-0.0909307
4.239879131317139,-3.78446,-5.58178,2.33995,-2.26727,-3.56171,3.64246,0.73058,-0.227008,0.700719,-0.186532,0.0464836,0.981136,0.0204042,-0.0693365,-0.00149193,0.556571,0.252443,0.117083,0.956188,-0.0909307
4.2600414752960205,-3.78446,-5.58178,2.33995,-2.26727,-3.56171,3.64246,0.73058,-0.227008,0.700719,-0.186532,0.0464836,0.981136,0.0204042,-0.0693365,-0.00149193,0.556571,0.252443,0.117083,0.956188,-0.0909307
4.279903411865234,-3.78446,-5.58178,2.33995,-2.26727,-3.56171,3.64246,0.73058,-0.227008,0.700719,-0.186532,0.0464836,0.981136,0.0204042,-0.0693365,-0.00149193,0.556571,0.252443,0.117083,0.956188,-0.0909307
4.300028562545776,-3.78446,-5.58178,2.33995,-2.26727,-3.56171,3.64246,0.73058,-0.227008,0.700719,-0.186532,0.0464836,0.981136,0.0204042,-0.0693365,-0.00149193,0.556571,0.252443,0.117083,0.956188,-0.0909307
4.319788932800293,-3.78446,-5.58178,2.33995,-2.26727,-3.56171,3.64246,0.73058,-0.227008,0.700719,-0.186532,0.0464836,0.981136,0.0204042,-0.0693365,-0.00149193,0.556571,0.252443,0.117083,0.956188,-0.0909307
4.339995861053467,-3.78446,-5.58178,2.33995,-2.26727,-3.56171,3.64246,0.73058,-0.227008,0.700719,-0.186532,0.0464836,0.981136,0.0204042,-0.0693365,-0.00149193,0.556571,0.252443,0.117083,0.956188,-0.0909307
4.360459089279175,-3.78446,-5.58178,2.33995,-2.26727,-3.56171,3.64246,0.73058,-0.227008,0.700719,-0.186532,0.0464836,0.981136,0.0204042,-0.0693365,-0.00149193,0.556571,0.252443,0.117083,0.956188,-0.0909307
4.380969762802124,-3.78446,-5.58178,2.33995,-2.26727,-3.56171,3.64246,0.73058,-0.227008,0.700719,-0.186532,0.0464836,0.981136,0.0204042,-0.0693365,-0.00149193,0.556571,0.252443,0.117083,0.956188,-0.0909307
4.400799512863159,-3.78446,-5.58178,2.33995,-2.26727,-3.56171,3.64246,0.73058,-0.227008,0.700719,-0.186532,0.0464836,0.981136,0.0204042,-0.0693365,-0.00149193,0.556571,0.252443,0.117083,0.956188,-0.0909307
4.420467853546143,-3.78446,-5.58178,2.33995,-2.26727,-3.56171,3.64246,0.73058,-0.227008,0.700719,-0.186532,0.0464836,0.981136,0.0204042,-0.0693365,-0.00149193,0.556571,0.252443,0.117083,0.956188,-0.0909307
4.439802646636963,-3.78446,-5.58178,2.33995,-2.26727,-3.56171,3.64246,0.73058,-0.227008,0.700719,-0.186532,0.0464836,0.981136,0.0204042,-0.0693365,-0.00149193,0.556571,0.252443,0.117083,0.956188,-0.0909307
4.460186719894409,-3.78446,-5.58178,2.33995,-2.26727,-3.56171,3.64246,0.73058,-0.227008,0.700719,-0.186532,0.0464836,0.981136,0.0204042,-0.0693365,-0.00149193,0.556571,0.252443,0.117083,0.956188,-0.0909307
4.480479717254639,-3.78446,-5.58178,2.33995,-2.26727,-3.56171,3.64246,0.73058,-0.227008,0.700719,-0.186532,0.0464836,0.981136,0.0204042,-0.0693365,-0.00149193,0.556571,0.252443,0.117083,0.956188,-0.0909307
4.500827312469482,-3.78446,-5.58178,2.33995,-2.26727,-3.56171,3.64246,0.73058,-0.227008,0.700719,-0.186532,0.0464836,0.981136,0.0204042,-0.0693365,-0.00149193,0.556571,0.252443,0.117083,0.956188,-0.0909307
4.520171165466309,-3.78446,-5.58178,2.33995,-2.26727,-3.56171,3.64246,0.73058,-0.227008,0.700719,-0.186532,0.0464836,0.981136,0.0204042,-0.0693365,-0.00149193,0.556571,0.252443,0.117083,0.956188,-0.0909307
4.5403149127960205,-3.78446,-5.58178,2.33995,-2.26727,-3.56171,3.64246,0.73058,-0.227008,0.700719,-0.186532,0.0464836,0.981136,0.0204042,-0.0693365,-0.00149193,0.556571,0.252443,0.117083,0.956188,-0.0909307
4.5608203411102295,-3.78446,-5.58178,2.33995,-2.26727,-3.56171,3.64246,0.73058,-0.227008,0.700719,-0.186532,0.0464836,0.981136,0.0204042,-0.0693365,-0.00149193,0.556571,0.252443,0.117083,0.956188,-0.0909307
4.579927206039429,-3.78446,-5.58178,2.33995,-2.26727,-3.56171,3.64246,0.73058,-0.227008,0.700719,-0.186532,0.0464836,0.981136,0.0204042,-0.0693365,-0.00149193,0.556571,0.252443,0.117083,0.956188,-0.0909307
4.600358009338379,-3.78446,-5.58178,2.33995,-2.26727,-3.56171,3.64246,0.73058,-0.227008,0.700719,-0.186532,0.0464836,0.981136,0.0204042,-0.0693365,-0.00149193,0.556571,0.252443,0.117083,0.956188,-0.0909307
4.621035099029541,-3.78446,-5.58178,2.33995,-2.26727,-3.56171,3.64246,0.73058,-0.227008,0.700719,-0.186532,0.0464836,0.981136,0.0204042,-0.0693365,-0.00149193,0.556571,0.252443,0.117083,0.956188,-0.0909307
4.640204906463623,-3.78446,-5.58178,2.33995,-2.26727,-3.56171,3.64246,0.73058,-0.227008,0.700719,-0.186532,0.0464836,0.981136,0.0204042,-0.0693365,-0.00149193,0.556571,0.252443,0.117083,0.956188,-0.0909307
4.660507917404175,-3.78446,-5.58178,2.33995,-2.26727,-3.56171,3.64246,0.73058,-0.227008,0.700719,-0.186532,0.0464836,0.981136,0.0204042,-0.0693365,-0.00149193,0.556571,0.252443,0.117083,0.956188,-0.0909307
4.680945873260498,-3.78446,-5.58178,2.33995,-2.26727,-3.56171,3.64246,0.73058,-0.227008,0.700719,-0.186532,0.0464836,0.981136,0.0204042,-0.0693365,-0.00149193,0.556571,0.252443,0.117083,0.956188,-0.0909307
4.699985504150391,-3.78446,-5.58178,2.33995,-2.26727,-3.56171,3.64246,0.73058,-0.227008,0.700719,-0.186532,0.0464836,0.981136,0.0204042,-0.0693365,-0.00149193,0.556571,0.252443,0.117083,0.956188,-0.0909307
4.720296382904053,-3.78446,-5.58178,2.33995,-2.26727,-3.56171,3.64246,0.73058,-0.227008,0.700719,-0.186532,0.0464836,0.981136,0.0204042,-0.0693365,-0.00149193,0.556571,0.252443,0.117083,0.956188,-0.0909307
4.7404398918151855,-3.78446,-5.58178,2.33995,-2.26727,-3.56171,3.64246,0.73058,-0.227008,0.700719,-0.186532,0.0464836,0.981136,0.0204042,-0.0693365,-0.00149193,0.556571,0.252443,0.117083,0.956188,-0.0909307
4.760687828063965,-3.78446,-5.58178,2.33995,-2.26727,-3.56171,3.64246,0.73058,-0.227008,0.700719,-0.186532,0.0464836,0.981136,0.0204042,-0.0693365,-0.00149193,0.556571,0.252443,0.117083,0.956188,-0.0909307
4.779935598373413,-3.78446,-5.58178,2.33995,-2.26727,-3.56171,3.64246,0.73058,-0.227008,0.700719,-0.186532,0.0464836,0.981136,0.0204042,-0.0693365,-0.00149193,0.556571,0.252443,0.117083,0.956188,-0.0909307
4.800185680389404,-3.78446,-5.58178,2.33995,-2.26727,-3.56171,3.64246,0.73058,-0.227008,0.700719,-0.186532,0.0464836,0.981136,0.0204042,-0.0693365,-0.00149193,0.556571,0.252443,0.117083,0.956188,-0.0909307
4.820486545562744,-3.78446,-5.58178,2.33995,-2.26727,-3.56171,3.64246,0.73058,-0.227008,0.700719,-0.186532,0.0464836,0.981136,0.0204042,-0.0693365,-0.00149193,0.556571,0.252443,0.117083,0.956188,-0.0909307
4.840907573699951,-3.78446,-5.58178,2.33995,-2.26727,-3.56171,3.64246,0.73058,-0.227008,0.700719,-0.186532,0.0464836,0.981136,0.0204042,-0.0693365,-0.00149193,0.556571,0.252443,0.117083,0.956188,-0.0909307
4.86034369468689,-3.78446,-5.58178,2.33995,-2.26727,-3.56171,3.64246,0.73058,-0.227008,0.700719,-0.186532,0.0464836,0.981136,0.0204042,-0.0693365,-0.00149193,0.556571,0.252443,0.117083,0.956188,-0.0909307
