# Timestamp, Fx, Fy, Fz, Tx, Ty, Tz, FemurPosX, FemurPosY, FemurPosZ, FemurQuatW, FemurQuatX, FemurQuatY, FemurQuatZ, TibiaPosX, TibiaPosY, TibiaPosZ, TibiaQuatW, TibiaQuatX, TibiaQuatY, TibiaQuatZ
0.09124088287353516,9.652998757209549,6.777185179273628,4.26626659675458,-0.8585905056350573,0.61505717172007,1.0652000625400797,0.0,50.0,20.0,1.0,0.0,0.0,0.0,-345.720071320378,70.0,116.66390772502892,0.8165050283830807,0.0,0.5773383224982944,0.0
0.18103408813476562,9.821251478341557,6.68636461196093,4.207825417830502,-0.8538143065967458,0.557164440212434,1.0532569564279495,0.0,50.0,20.0,1.0,0.0,0.0,0.0,-344.94532344301365,70.0,118.94185348983754,0.8095002980548014,0.0,0.5871194660792536,0.0
0.26223134994506836,9.979767788548727,6.594719198643489,4.1472889963241535,-0.847741617567025,0.5023426827251901,1.0395828498786024,0.0,50.0,20.0,1.0,0.0,0.0,0.0,-344.2448201670483,70.0,121.17387408687934,0.8025774913150775,0.0,0.5965478777385741,0.0
0.3428831100463867,10.12873417338443,6.502851000810266,4.084772977615612,-0.8405488143744088,0.45072659278140464,1.024426395908696,0.0,50.0,20.0,1.0,0.0,0.0,0.0,-343.61536350404884,70.0,123.35414014254063,0.7957570604696491,0.0,0.6056159680133139,0.0
0.4251723289489746,10.26838124863596,6.41134219119457,4.020380113404128,-0.8324192190050952,0.4024003553327166,1.0080421296964435,0.0,50.0,20.0,1.0,0.0,0.0,0.0,-343.0534874086956,70.0,125.47707814341739,0.7890593192421677,0.0,0.6143170115804111,0.0
0.5085361003875732,10.398977085340233,6.320754077454417,3.9542007470853933,-0.8235387470580328,0.3574003522655525,0.99068428405411,0.0,50.0,20.0,1.0,0.0,0.0,0.0,-342.55549786852896,70.0,127.53738652004768,0.7825043561538566,0.0,0.6226451096734306,0.0
0.5935714244842529,10.520820653627597,6.231626451246402,3.8863134491049367,-0.8140920014277703,0.31571925078088064,0.9726013481695689,0.0,50.0,20.0,1.0,0.0,0.0,0.0,-342.1175139713052,70.0,129.53004814753186,0.7761119502123007,0.0,0.6305951480448128,0.0
0.6827640533447266,10.634235436013373,6.144477197706554,3.816785770952338,-0.8042589438102791,0.2773110944986781,0.9540315284184003,0.0,50.0,20.0,1.0,0.0,0.0,0.0,-341.7355095163257,70.0,131.45033935663815,0.7699014892937986,0.0,0.6381627510151238,0.0
0.7745318412780762,10.739563250380984,6.059802105991794,3.745675089889649,-0.7942122136310761,0.2420970158940382,0.9351991822801754,0.0,50.0,20.0,1.0,0.0,0.0,0.0,-341.4053547543129,70.0,133.29383560247564,0.7638918915577138,0.0,0.645344232183397,0.0
0.859386682510376,10.837158314272967,5.978074827601024,3.673029519783449,-0.7841151087501838,0.209971219097554,0.916312220508804,0.0,50.0,20.0,1.0,0.0,0.0,0.0,-341.12285786364964,70.0,135.0564139863297,0.7581015301846789,0.0,0.6521365423986364,0.0
0.9519622325897217,10.927381575033927,5.899746935400257,3.5988888664267225,-0.7741201979264829,0.18080693392912942,0.8975604137303285,0.0,50.0,20.0,1.0,0.0,0.0,0.0,-340.88380579815515,70.0,136.73425286905476,0.7525481616845039,0.0,0.6585372156114443,0.0
1.0345938205718994,11.01059532463582,5.825248042409591,3.5232856084372433,-0.764368503221229,0.15446210505023927,0.879114499203903,0.0,50.0,20.0,1.0,0.0,0.0,0.0,-340.68400417202747,70.0,138.3238288511113,0.7472488579746666,0.0,0.6645443132369403,0.0
1.1160874366760254,11.087158113457795,5.7549859453344325,3.446245887183239,-0.7549891710218974,0.13078464555879338,0.8611259605756922,0.0,50.0,20.0,1.0,0.0,0.0,0.0,-340.5193158801714,70.0,139.82191142449227,0.7422199423873888,0.0,0.670156367665384,0.0
1.1987440586090088,11.157419973706551,5.689346763443151,3.3677904912258865,-0.7460995415797925,0.10961714567343171,0.843727345377983,0.0,50.0,20.0,1.0,0.0,0.0,0.0,-340.38569818587564,70.0,141.22555562530925,0.7374769297228584,0.0,0.6753723255557236,0.0
1.2869422435760498,11.22171796037503,5.628695048656012,3.2879358225129933,-0.7378055265947259,0.09080098019868835,0.8270329882784968,0.0,50.0,20.0,1.0,0.0,0.0,0.0,-340.2792380417909,70.0,142.53209303256907,0.7330344704290206,0.0,0.680191491539585,0.0
1.367335319519043,11.280372015498472,5.573373847579052,3.2066948330567913,-0.7302022099906301,0.07417980118554486,0.8111400190794616,0.0,50.0,20.0,1.0,0.0,0.0,0.0,-340.19618544355217,70.0,143.7391214688211,0.7289062989547384,0.0,0.6846134729495948,0.0
1.4473745822906494,11.333681159842248,5.523704700675308,3.124077922136471,-0.7233745963393502,0.0596024342145893,0.7961295499946419,0.0,50.0,20.0,1.0,0.0,0.0,0.0,-340.1329846474323,70.0,144.84449376200524,0.7251051862936672,0.0,0.6886381261664404,0.0
1.5302047729492188,11.381920014933652,5.4799875677978305,3.0400937852438705,-0.7173984425253,0.04692521876652773,0.7820679542092007,0.0,50.0,20.0,1.0,0.0,0.0,0.0,-340.0863031134668,70.0,145.84630592532878,0.7216428967109397,0.0,0.6922655051543763,0.0
1.6165661811828613,11.425335657431887,5.442500672905395,2.9547502070983365,-0.7123411197844047,0.036013846591963425,0.7690081652586396,0.0,50.0,20.0,1.0,0.0,0.0,0.0,-340.05305806303056,70.0,146.74288510364357,0.7185301486241076,0.0,0.6954958127251506,0.0
1.7016379833221436,11.464144807138307,5.411500263927754,2.8680547921513355,-0.7082624642281116,0.0267447585014668,0.7569909431012265,0.0,50.0,20.0,1.0,0.0,0.0,0.0,-340.0304405644761,70.0,147.5327776210357,0.7157765795936757,0.0,0.6983293550361308,0.0
1.7837419509887695,11.498531349419524,5.387220286429015,2.7800156271334355,-0.7052155837951088,0.01900616122486646,0.7460460671945912,0.0,50.0,20.0,1.0,0.0,0.0,0.0,-340.0159370818931,70.0,148.21473744562707,0.7133907153670173,0.0,0.7007664997901479,0.0
1.8657472133636475,11.528644192402481,5.369871971921024,2.6906418714074225,-0.7032475979802633,0.012698723434306962,0.7361934291236722,0.0,50.0,20.0,1.0,0.0,0.0,0.0,-340.00734844018655,70.0,148.78771536439157,0.7113799429123948,0.0,0.7028076385626141,0.0
1.947136640548706,11.554595458974331,5.359643343388161,2.599944272212873,-0.7024002936105714,0.007736004949611976,0.7274440073527004,0.0,50.0,20.0,1.0,0.0,0.0,0.0,-340.00280617447584,70.0,149.25084913364904,0.7097504873769054,0.0,0.7044531536363828,0.0
2.028541326522827,11.576459013367035,5.3566986417948526,2.5079356033381726,-0.7027106854556726,0.00404466654875931,0.7198007146597506,0.0,50.0,20.0,1.0,0.0,0.0,0.0,-340.0007862434094,70.0,149.6034548402857,0.7085073929032579,0.0,0.7057033896768731,0.0
2.1087217330932617,11.59426932193184,5.361177678055537,2.4146310273415126,-0.7042114747448863,0.0015645004466632378,0.713259115029305,0.0,50.0,20.0,1.0,0.0,0.0,0.0,-340.0001200945775,70.0,149.8450196752113,0.7076545072448445,0.0,0.7065586305297363,0.0
2.189532995223999,11.608020647630486,5.3731951151687625,2.3200483831545777,-0.7069314019268419,0.00024831392761028774,0.7078080115387128,0.0,50.0,20.0,1.0,0.0,0.0,0.0,-340.0000030761215,70.0,149.9751962845675,0.7071944701262607,0.0,0.7070190813711023,0.0
2.2698497772216797,11.617666577821621,5.392839684981418,2.2242084027196407,-0.7108954924772078,6.169119646956141e-05,0.7034299103918532,0.0,50.0,20.0,1.0,0.0,0.0,0.0,-340.00000019227275,70.0,149.9937988262723,0.7071287053066354,0.0,0.7070848563866726,0.0
2.349325656890869,11.623119885145778,5.420173343406872,2.1271348621976824,-0.7161251964558887,0.0009826515008356075,0.7001013690189306,0.0,50.0,20.0,1.0,0.0,0.0,0.0,-340.0000492023986,70.0,149.90080082007515,0.707457416315374,0.0,0.706755972100962,0.0
2.428440570831299,11.624252721760284,5.455230366943643,2.0288546751952485,-0.7226384240416989,0.00300121513135533,0.6977932383295845,0.0,50.0,20.0,1.0,0.0,0.0,0.0,-340.0004610637132,70.0,149.69633483890138,0.7081795858435155,0.0,0.7060323464222492,0.0
2.51131534576416,11.620897147898548,5.498016392127177,1.9293979373346615,-0.7304494806130766,0.006118883136119875,0.6964708109894687,0.0,50.0,20.0,1.0,0.0,0.0,0.0,-340.0019177176971,70.0,149.38069404832748,0.7092929787882878,0.0,0.704913803412614,0.0
2.5947213172912598,11.612845996773286,5.548507398216742,1.8287979332719801,-0.7395689062560222,0.010348031562799362,0.6960938891548551,0.0,50.0,20.0,1.0,0.0,0.0,0.0,-340.00546722005765,70.0,148.9543355600183,0.7107941489629107,0.0,0.7034000837361989,0.0
2.6865034103393555,11.599854079246287,5.606648632117468,1.7270911188814588,-0.7500032259974221,0.015711216835394975,0.6966167865672833,0.0,50.0,20.0,1.0,0.0,0.0,0.0,-340.01251621434875,70.0,148.41788552432874,0.7126784494976373,0.0,0.7014908606829056,0.0
2.7728004455566406,11.581639733467643,5.6723534734299905,1.6243170927042863,-0.7617546186875793,0.0222403855514885,0.6979882813574179,0.0,50.0,20.0,1.0,0.0,0.0,0.0,-340.0248197507246,70.0,147.77214584748265,0.714940046970784,0.0,0.699185761609469,0.0
2.858997344970703,11.557886726839632,5.745502236790476,1.520518571834769,-0.7748205143639927,0.029975979633664194,0.7001515373660772,0.0,50.0,20.0,1.0,0.0,0.0,0.0,-340.04446845429004,70.0,147.01810238026403,0.7175719393194524,0.0,0.6964843945856362,0.0
2.9455606937408447,11.528246520149645,5.825940908508599,1.4157413881244338,-0.7891931321586925,0.03896592648367781,0.7030440132482153,0.0,50.0,20.0,1.0,0.0,0.0,0.0,-340.0738730526123,70.0,146.15693438846472,0.7205659775882264,0.0,0.6933863799804,0.0
3.0274248123168945,11.49234090647337,5.913479815136134,1.3100345208657946,-0.8048589733636005,0.04926450368088861,0.7065973800250545,0.0,50.0,20.0,1.0,0.0,0.0,0.0,-340.11574627961744,70.0,145.19002508091333,0.7239128915798042,0.0,0.6898913866722548,0.0
3.1092400550842285,11.44976504036423,6.007892223210284,1.203450181921864,-0.8217982870958838,0.06093106895227813,0.7107374689886653,0.0,50.0,20.0,1.0,0.0,0.0,0.0,-340.17308218365645,70.0,144.1189729392738,0.7276023194737844,0.0,0.6859991725187203,0.0
3.1903343200683594,11.400090875764581,6.1089128722185535,1.096043968552012,-0.8399845290095739,0.07402864872519056,0.7153842727981924,0.0,50.0,20.0,1.0,0.0,0.0,0.0,-340.24913288124253,70.0,142.9456035654362,0.7316228414783256,0.0,0.6817096286742479,0.0
3.272966146469116,11.342871033799039,6.216236447016191,0.9878750979138523,-0.8593838365237003,0.08862238263039421,0.720452023055898,0.0,50.0,20.0,1.0,0.0,0.0,0.0,-340.3473828149812,70.0,141.67198173776674,0.7359620175737103,0.0,0.6770228273026204,0.0
3.353242874145508,11.27764312388877,6.329516001668113,0.8790067353646867,-0.8799545468644452,0.1047778268730608,0.7258493674046921,0.0,50.0,20.0,1.0,0.0,0.0,0.0,-340.47152059457227,70.0,140.30042334721028,0.7406064293968482,0.0,0.6719390721903671,0.0
3.434929132461548,11.20393454315505,6.448361354125913,0.7695064262197245,-0.9016467865744434,0.12255912637038856,0.7314796680229134,0.0,50.0,20.0,1.0,0.0,0.0,0.0,-340.62540852335286,70.0,138.83350686878433,0.7455417263011362,0.0,0.6664589517321541,0.0
3.5288736820220947,11.121267779498119,6.572337480393204,0.6594466375253668,-0.9244021627052563,0.1420270737949508,0.7372414410904989,0.0,50.0,20.0,1.0,0.0,0.0,0.0,-340.8130499394606,70.0,137.2740840137903,0.7507526756069862,0.0,0.6605833937278104,0.0
3.6087605953216553,11.029166242626653,6.700962947921477,0.5489054126545384,-0.9481535863286279,0.16323708285396832,0.7430289531803624,0.0,50.0,20.0,1.0,0.0,0.0,0.0,-341.0385545299623,70.0,135.62528920357843,0.7562232170345656,0.0,0.6543137214042605,0.0
3.691837787628174,10.92716064419373,6.833708440887827,0.4379671371100835,-0.972825257930935,0.18623711281833535,0.7487329854737816,0.0,50.0,20.0,1.0,0.0,0.0,0.0,-341.3061018077402,70.0,133.89054750725956,0.7619365212822536,0.0,0.6476517100543299,0.0
3.776129961013794,10.814795942537055,6.9699954445989505,0.32672340882038925,-0.9983328413856204,0.21106559087904203,0.7542417701928464,0.0,50.0,20.0,1.0,0.0,0.0,0.0,-341.61990297394743,70.0,132.0735806937222,0.7678750526820031,0.0,0.6405996436688136,0.0
3.8602638244628906,10.691638858743689,7.109195172282439,0.21527400042874914,-1.0245838483134688,0.23774938760831169,0.7594420958046293,0.0,50.0,20.0,1.0,0.0,0.0,0.0,-341.98416142272436,70.0,130.17841106284772,0.7740206358268243,0.0,0.6331603709284391,0.0
3.9470040798187256,10.557285958261827,7.250627834529534,0.10372789463561467,-1.0514782476614284,0.26630190780174295,0.764220568656022,0.0,50.0,20.0,1.0,0.0,0.0,0.0,-342.4030321787896,70.0,128.2093627420945,0.7803545260261694,0.0,0.625337359919006,0.0
4.029234170913696,10.41137227546319,7.393562369005207,-0.007795633394524566,-1.0789093063664132,0.29672136341975996,0.7684650091895081,0.0,50.0,20.0,1.0,0.0,0.0,0.0,-342.88058059160227,70.0,126.1710601625725,0.7868574834028952,0.0,0.6171347509360192,0.0
4.111096143722534,10.25358043688123,7.537216764847215,-0.11916592009701606,-1.1067646563477962,0.3289892964427964,0.7720659513699053,0.0,50.0,20.0,1.0,0.0,0.0,0.0,-343.4207406410644,70.0,124.068423463286,0.7935098504010962,0.0,0.6085574067550488,0.0
4.195715427398682,10.083650211893069,7.680759131266254,-0.23023984544877826,-1.134927571349904,0.3630694165925009,0.7749182051446346,0.0,50.0,20.0,1.0,0.0,0.0,0.0,-344.02727323823717,70.0,121.90666061302039,0.8002916324283904,0.0,0.5996109597606618,0.0
4.279271602630615,9.901388387184738,7.823309671750396,-0.340860842125246,-1.163278425100693,0.3989068117154225,0.7769224344495986,0.0,50.0,20.0,1.0,0.0,0.0,0.0,-344.7037249292648,70.0,119.69125608602737,0.8071825813097451,0.0,0.5903018553504104,0.0
4.363624811172485,9.706678823578978,7.9639437321898665,-0.4508580388222901,-1.1916962907889272,0.4364275772090848,0.7779866982213206,0.0,50.0,20.0,1.0,0.0,0.0,0.0,-345.45338743068714,70.0,117.42795597957885,0.8141622811836138,0.0,0.5806373910608016,0.0
4.450782299041748,9.499492511324666,8.101696091126463,-0.560045601485923,-1.220060631980873,0.4755388956436955,0.778027899726522,0.0,50.0,20.0,1.0,0.0,0.0,0.0,-346.27925843866444,70.0,115.12274951786831,0.8212102364258853,0.0,0.5706257508992576,0.0
4.533740282058716,9.279897393980237,8.23556665097478,-0.6682223415348947,-1.2482530277453157,0.5161295795642189,0.7769730907023061,0.0,50.0,20.0,1.0,0.0,0.0,0.0,-347.18400416249403,70.0,112.78184694679123,0.8283059611436125,0.0,0.5602760344097863,0.0
4.617056846618652,9.048067683544728,8.364527668225513,-0.7751716633016775,-1.2761588707156806,0.558071070577502,0.7747605814529591,0.0,50.0,20.0,1.0,0.0,0.0,0.0,-348.16992403349076,70.0,110.41165388671634,0.8354290697398662,0.0,0.5495982800496938,0.0
4.705148696899414,8.804292343340842,8.487532626289687,-0.8806619230169683,-1.30366897659482,0.6012188677079555,0.7713408159779761,0.0,50.0,20.0,1.0,0.0,0.0,0.0,-349.238918033233,70.0,108.01874227441718,0.8425593680138593,0.0,0.5386034825101726,0.0
4.790987253189087,8.548982374047677,8.603526805255663,-0.9844472678524686,-1.330681047352062,0.6454143392004044,0.766676981881927,0.0,50.0,20.0,1.0,0.0,0.0,0.0,-350.39245706998906,70.0,105.60981808951166,0.8496769442278881,0.0,0.5273036036739729,0.0
4.882016181945801,8.282676506764332,8.711459537742043,-1.0862690150043943,-1.357100937830183,0.6904868559163184,0.7607453374260843,0.0,50.0,20.0,1.0,0.0,0.0,0.0,-351.63155680859876,70.0,103.19168612385093,0.8567622595450534,0.0,0.5157115769684201,0.0
4.962080717086792,8.00604489019555,8.810298059829444,-1.1858576169052009,-1.3828436860607227,0.7362561724006637,0.7535352516157091,0.0,50.0,20.0,1.0,0.0,0.0,0.0,-352.9567553272461,70.0,100.77121211283884,0.8637962372202173,0.0,0.503841304940548,0.0
5.075728416442871,7.719890362368715,8.899042772935298,-1.2829352390605304,-1.407834280367851,0.7825349743727326,0.7450489665909062,0.0,50.0,20.0,1.0,0.0,0.0,0.0,-354.3680949346007,70.0,98.35528260440915,0.8707603499114749,0.0,0.49170764995273947,0.0
5.156421899795532,7.425146925750097,8.97674363053844,-1.3772189518380804,-1.4320081502308157,0.8291315091197031,0.7353011037707817,0.0,50.0,20.0,1.0,0.0,0.0,0.0,-355.86510843324027,70.0,95.95076299290085,0.8776367044714435,0.0,0.4793264179705769,0.0
5.238221645355225,7.122875102241129,9.042517258911834,-1.4684245074777262,-1.4553113817285461,0.8758522178558841,0.7243179453267562,0.0,50.0,20.0,1.0,0.0,0.0,0.0,-357.44681006071096,70.0,93.56445419022097,0.8844081235769463,0.0,0.4667143354891779,0.0
