# Timestamp, Fx, Fy, Fz, Tx, Ty, Tz, FemurPosX, FemurPosY, FemurPosZ, FemurQuatW, FemurQuatX, FemurQuatY, FemurQuatZ, TibiaPosX, TibiaPosY, TibiaPosZ, TibiaQuatW, TibiaQuatX, TibiaQuatY, TibiaQuatZ
0.0182650089263916,1.7168862189005876,-9.689636664160854,6.364706926428727,-2.106920778149774,-1.881250246410378,0.5978905018292849,0.0,50.0,20.0,1.0,0.0,0.0,0.0,-345.72007132038715,70.0,116.66390772500304,0.81650502838316,0.0,0.5773383224981824,0.0
0.035323143005371094,0.9774894723799369,-9.804014228419897,5.566331005309857,-2.0921978095011813,-1.9057266556969863,0.41243364180520226,0.0,50.0,20.0,1.0,0.0,0.0,0.0,-346.87350853945213,70.0,113.56572234490571,0.8259366732840184,0.0,0.5637629038208603,0.0
0.06710648536682129,1.3432260393504611,-10.382817467351256,6.009450959585545,-2.285269032471994,-2.0087804109597753,0.4770475726373359,0.0,50.0,20.0,1.0,0.0,0.0,0.0,-347.50352242610455,70.0,111.99471567766057,0.8306782900808816,0.0,0.5567527084696605,0.0
0.10027217864990234,1.2896472919060595,-10.921250521945463,5.825487691811586,-2.214573725895182,-1.8549367426498422,0.34121364960877165,0.0,50.0,20.0,1.0,0.0,0.0,0.0,-348.1699240334772,70.0,110.41165388674793,0.8354290697397717,0.0,0.5495982800498375,0.0
0.1170194149017334,0.7858927968455092,-10.708905006354742,6.0759350918817105,-2.031455872679447,-1.7020337862220558,0.5182306634001839,0.0,50.0,20.0,1.0,0.0,0.0,0.0,-348.8732563129504,70.0,108.81849219619606,0.8401830389974674,0.0,0.5423029236330745,0.0
0.15076971054077148,0.3069150873385398,-9.960938906521365,5.7070114001660945,-2.1964458435214698,-1.7096641746166072,0.6367546364671144,0.0,50.0,20.0,1.0,0.0,0.0,0.0,-350.39245706997315,70.0,105.60981808954386,0.8496769442277934,0.0,0.5273036036741255,0.0
0.18371295928955078,0.5046184613139827,-9.580292697939964,6.188804108417802,-2.2382762839840753,-1.7277096585535185,0.6909821901327277,0.0,50.0,20.0,1.0,0.0,0.0,0.0,-351.2089735581603,70.0,103.99833021069202,0.854405260369188,0.0,0.5196072084310033,0.0
0.21694731712341309,0.988220178822096,-8.928375511285605,6.017739431327054,-2.2590140443627695,-1.710735860410832,0.7102559071255781,0.0,50.0,20.0,1.0,0.0,0.0,0.0,-352.06371067527897,70.0,102.38478163655077,0.8591135500137606,0.0,0.5117850214521268,0.0
0.25034546852111816,1.709503191750796,-8.774280598026984,5.682823528165792,-2.121528295755953,-1.788298135098918,0.8896090730202544,0.0,50.0,20.0,1.0,0.0,0.0,0.0,-352.9567553272278,70.0,100.77121211287124,0.8637962372201234,0.0,0.5038413049407087,0.0
0.2691690921783447,1.2040237432694831,-9.164414023145635,5.994131891386905,-2.125236424324325,-1.7982934773612556,0.9617805505508437,0.0,50.0,20.0,1.0,0.0,0.0,0.0,-353.88809540258535,70.0,99.15966280003886,0.8684478602655462,0.0,0.49578050990351996,0.0
0.3009028434753418,1.0694356491721053,-9.346499698370819,5.636287581379827,-1.9928574736208777,-1.7729249826652687,0.7946283895757014,0.0,50.0,20.0,1.0,0.0,0.0,0.0,-355.8651084332195,70.0,95.95076299293308,0.8776367044713517,0.0,0.47932641797074504,0.0
0.33359360694885254,1.2477982743058578,-8.615864055138976,5.87210379176048,-1.914371009247628,-1.729726372564637,0.828431803782176,0.0,50.0,20.0,1.0,0.0,0.0,0.0,-356.9102487425735,70.0,94.35745120881867,0.8821636718636211,0.0,0.47094294351236793,0.0
0.36703991889953613,1.4575659221154313,-9.071474693031222,6.307461009828262,-1.784430496418853,-1.8740184498303916,0.8820773775446735,0.0,50.0,20.0,1.0,0.0,0.0,0.0,-357.99261785746046,70.0,92.77422543881572,0.8866390882461259,0.0,0.4624620278402094,0.0
0.4004170894622803,1.7626661945071131,-8.885438157241264,5.793106518236119,-1.8696524856999934,-1.9308879646489083,0.9999817863766871,0.0,50.0,20.0,1.0,0.0,0.0,0.0,-359.11169127895926,70.0,91.20304844424666,0.8910582235627292,0.0,0.45388901971873397,0.0
0.4336671829223633,2.159360548819607,-8.75375351332854,6.233647056862789,-1.7381317147963964,-1.7576743144570042,0.9836705267051667,0.0,50.0,20.0,1.0,0.0,0.0,0.0,-361.4573392063382,70.0,88.10452007253048,0.8997096196203237,0.0,0.4364889464381113,0.0
0.46701741218566895,1.840688941982557,-9.376251207841168,6.751489081754251,-1.735567357648931,-1.5642002027153088,1.0648691849180552,0.0,50.0,20.0,1.0,0.0,0.0,0.0,-362.68235390505873,70.0,86.58090506529274,0.9039333353038466,0.0,0.4276733862732912,0.0
0.4841301441192627,2.607739890578241,-9.726994620067494,6.749121320672921,-1.5664935809276084,-1.4522922392475153,1.125820563830736,0.0,50.0,20.0,1.0,0.0,0.0,0.0,-363.9409563274749,70.0,85.07680017419875,0.9080836961035069,0.0,0.4187887305921612,0.0
0.5169918537139893,3.3199065877426484,-9.341778093151008,7.150381944378478,-1.5911557110252528,-1.5709329872207776,1.0459996045550457,0.0,50.0,20.0,1.0,0.0,0.0,0.0,-365.23212024542346,70.0,83.59394487695282,0.9121569358477937,0.0,0.4098410965054189,0.0
0.5501999855041504,4.071636513507057,-9.450595194396143,7.148168975151838,-1.5831210106203522,-1.5148110607082752,0.8845063792000061,0.0,50.0,20.0,1.0,0.0,0.0,0.0,-366.55472510118494,70.0,82.13401739429771,0.9161495036447443,0.0,0.4008367335605465,0.0
0.5837619304656982,3.9233413401532586,-8.702485853876647,6.659241930846588,-1.50114573031974,-1.4937414934770874,1.051965352294121,0.0,50.0,20.0,1.0,0.0,0.0,0.0,-369.28932188134536,70.0,79.28932188134513,0.9238795325112871,0.0,0.38268343236508906,0.0
0.6170699596405029,4.051610541767021,-9.061932823112288,7.343882831541048,-1.651150566384489,-1.3058658779931787,1.1916502711400359,0.0,50.0,20.0,1.0,0.0,0.0,0.0,-370.6986295529925,70.0,77.90755896651415,0.9276110203999461,0.0,0.37354758041321956,0.0
0.6506309509277344,3.397832378452248,-8.4752926105728,6.629861486769649,-1.6368597258542685,-1.221509278312583,1.2076648543957278,0.0,50.0,20.0,1.0,0.0,0.0,0.0,-372.134017394298,70.0,76.5547251011847,0.9312498990572168,0.0,0.364381154158559,0.0
0.6670598983764648,2.9166158080374056,-7.769948803918327,7.0260277516961915,-1.5311620733372993,-1.3430059449575602,1.2150611351094895,0.0,50.0,20.0,1.0,0.0,0.0,0.0,-373.59394487695306,70.0,75.23212024542322,0.93479377339223,0.0,0.35519093629640397,0.0
0.7002875804901123,3.2151010497683528,-7.998781683234553,7.48850853737746,-1.3914745950474985,-1.473844738308388,1.2375130459689418,0.0,50.0,20.0,1.0,0.0,0.0,0.0,-375.076800174199,70.0,73.94095632747468,0.9382404906859576,0.0,0.3459837881135089,0.0
0.7337207794189453,2.7910099639999224,-7.77330550920126,7.713787347535064,-1.2143424955962114,-1.4459037122342804,1.117773629288636,0.0,50.0,20.0,1.0,0.0,0.0,0.0,-378.10452007253076,70.0,71.45733920633799,0.944835067071661,0.0,0.3275464791929383,0.0
0.7671675682067871,2.6784468261629946,-8.184228870001032,7.242036507954842,-1.2888017641751388,-1.2614981705238866,0.9396954956088139,0.0,50.0,20.0,1.0,0.0,0.0,0.0,-379.64584980026365,70.0,70.26684156721454,0.9479798479735354,0.0,0.3183303438820634,0.0
0.800269365310669,2.968108758186899,-7.492141135998982,6.587533229040432,-1.327873887413131,-1.0866272647624533,0.7403854812173615,0.0,50.0,20.0,1.0,0.0,0.0,0.0,-381.2030484442469,70.0,69.11169127895907,0.9510213160624764,0.0,0.3091253085640116,0.0
0.8174293041229248,2.651353965540504,-7.751367234334873,7.003537568674234,-1.4104037292407308,-0.8936508774305048,0.548080095234137,0.0,50.0,20.0,1.0,0.0,0.0,0.0,-382.774225438816,70.0,67.99261785746027,0.9539585476909879,0.0,0.2999384758367978,0.0
0.8520119190216064,3.3177830927294663,-7.9034289860023605,6.403208060586711,-1.3646861415257845,-0.8476167379762375,0.6074826381208476,0.0,50.0,20.0,1.0,0.0,0.0,0.0,-385.95076299293333,70.0,65.86510843321936,0.9595178256988784,0.0,0.281647904600934,0.0
0.8849606513977051,3.53525517377033,-7.90055292202899,6.36482972268778,-1.5533629104963154,-0.8673574594174946,0.5339215377875705,0.0,50.0,20.0,1.0,0.0,0.0,0.0,-387.5521707049735,70.0,64.85761806103991,0.9621392361268718,0.0,0.2725584163169422,0.0
0.9166913032531738,4.2920896311245915,-8.082596314949576,5.682235877129678,-1.6285553225068148,-0.7783763614889362,0.5305457744362976,0.0,50.0,20.0,1.0,0.0,0.0,0.0,-389.1596628000391,70.0,63.888095402585165,0.9646551316336187,0.0,0.26351561056781025,0.0
0.9503414630889893,4.829710691920512,-7.744067206512276,6.39359518045368,-1.5357185147132155,-0.9371792788886475,0.5196857473971845,0.0,50.0,20.0,1.0,0.0,0.0,0.0,-390.7712121128715,70.0,62.956755327227654,0.9670657802672276,0.0,0.25452657353631714,0.0
0.9695119857788086,4.16601790771383,-7.476783565123441,6.00528527527774,-1.477099242833849,-1.0220418428884328,0.34880880597328956,0.0,50.0,20.0,1.0,0.0,0.0,0.0,-392.384781636551,70.0,62.06371067527883,0.9693716762024801,0.0,0.24559835784547526,0.0
1.0006873607635498,4.9436457572205414,-7.61735389584675,5.704345571977875,-1.5610250918554618,-0.8330273448399248,0.35584172910750295,0.0,50.0,20.0,1.0,0.0,0.0,0.0,-395.6098180895441,70.0,60.39245706997298,0.9736722829834149,0.0,0.22795237517925734,0.0
1.0333707332611084,5.421091388165673,-8.149747915739065,5.105815133686581,-1.3897340284088022,-0.7411893584956486,0.446965195047602,0.0,50.0,20.0,1.0,0.0,0.0,0.0,-397.2172123618744,70.0,59.61397739743691,0.9756690591654608,0.0,0.21924845948645696,0.0
1.066997766494751,5.954690895883193,-7.71048885593442,5.6489042816511,-1.338488338641545,-0.6676533594132227,0.6286914228009626,0.0,50.0,20.0,1.0,0.0,0.0,0.0,-398.8184921961963,70.0,58.87325631295029,0.9775651990712684,0.0,0.2106330495547919,0.0
1.100334882736206,3.081555317605819,-5.06355845824567,12.76599295961783,-1.2092872119519893,-1.4479038534664275,2.413284189848702,0.0,50.0,20.0,1.0,0.0,0.0,0.0,-400.4116538867482,70.0,58.16992403347702,0.9793622311650654,0.0,0.20211288966165694,0.0
1.132863998413086,3.2040975930908586,-4.351670743467071,12.277473226478318,-1.2188590375519535,-1.3490102639044068,2.345549322992509,0.0,50.0,20.0,1.0,0.0,0.0,0.0,-403.56572234490596,70.0,56.87350853945202,0.9826659947829374,0.0,0.18538485023663637,0.0
1.1663854122161865,3.614497679904901,-3.963841779630712,13.0,-1.035174514765501,-1.3150202037603616,2.3669816219778372,0.0,50.0,20.0,1.0,0.0,0.0,0.0,-405.12274951789925,70.0,56.279258438652946,0.9841766649371114,0.0,0.1771899889758582,0.0
1.1834361553192139,3.8950743323087287,-3.9270684490497585,13.0,-1.077980027833218,-1.468205599080579,2.4391842189594617,0.0,50.0,20.0,1.0,0.0,0.0,0.0,-406.6639077250033,70.0,55.72007132038705,0.9855960853199777,0.0,0.1691163995653148,0.0
1.2164306640625,3.4655254212014643,-3.6985144739916276,12.431963502235366,-1.275710167751392,-1.6515126362935408,2.278091216336339,0.0,50.0,20.0,1.0,0.0,0.0,0.0,-408.18734614962045,70.0,55.195173883414924,0.9869266085089232,0.0,0.16117031183525907,0.0
1.249495267868042,3.0487466912305754,-3.0174483755747454,12.038379199204854,-1.18542183599643,-1.5075391895131338,2.117685871822676,0.0,50.0,20.0,1.0,0.0,0.0,0.0,-409.6912560860571,70.0,54.703724929255344,0.988170721765082,0.0,0.1533578320343528,0.0
1.2828903198242188,2.46395838224209,-2.633281072281134,12.630564630599558,-1.2052997347482672,-1.5537529961764898,1.9839008070355075,0.0,50.0,20.0,1.0,0.0,0.0,0.0,-412.6334847957991,70.0,53.817497196328674,0.9904102756021651,0.0,0.1381574680632335,0.0
1.3162260055541992,3.019591781969093,-2.9599752631561187,13.0,-1.3462188111323876,-1.7489324127631731,1.874280420217706,0.0,50.0,20.0,1.0,0.0,0.0,0.0,-414.06842346331416,70.0,53.42074064105688,0.9914112652147521,0.0,0.13078112709899842,0.0
1.3495235443115234,3.408902091194206,-2.8014013718689013,12.95263843514274,-1.3366532526953316,-1.9216362904432767,1.7695487550134072,0.0,50.0,20.0,1.0,0.0,0.0,0.0,-415.47707814339384,70.0,53.05348740870156,0.9923369200813261,0.0,0.12356147070793463,0.0
1.3662164211273193,2.621850409339257,-3.1851381540661854,13.0,-1.2242599335822932,-1.9255712833678431,1.8456449501820096,0.0,50.0,20.0,1.0,0.0,0.0,0.0,-416.8578915736209,70.0,52.714632047867994,0.9931902334198922,0.0,0.11650390654111115,0.0
1.4001672267913818,2.2204294279744454,-3.3221022064699754,12.441613755697782,-1.3458399190174097,-1.9849523969744907,1.997932624322933,0.0,50.0,20.0,1.0,0.0,0.0,0.0,-418.2093627421204,70.0,52.4030321787838,0.993974264810755,0.0,0.10961368935456478,0.0
1.4334158897399902,2.158279043737608,-3.934621583926952,12.334756873744434,-1.2241606833154925,-1.8692716523043553,1.9336890759898053,0.0,50.0,20.0,1.0,0.0,0.0,0.0,-420.8185627599968,70.0,51.856877645920505,0.9953469805903856,0.0,0.09635553035297223,0.0
1.4668641090393066,2.5609086858479584,-3.433443298014183,13.0,-1.1152960272437573,-2.026262183071201,2.1316153434977925,0.0,50.0,20.0,1.0,0.0,0.0,0.0,-422.0735806937461,70.0,51.61990297394311,0.9959420089193368,0.0,0.08999730479139664,0.0
1.5002045631408691,1.9832128331975927,-3.040375546030625,13.0,-1.2431971097907253,-2.1151592750304165,2.2712890283719087,0.0,50.0,20.0,1.0,0.0,0.0,0.0,-423.29383560245515,70.0,51.40535475431638,0.9964804193903752,0.0,0.08382585383747597,0.0
1.5175249576568604,1.9333681802579628,-3.690075778778009,12.837327899347727,-1.4429794051043796,-2.0771613880743676,2.2893247620265953,0.0,50.0,20.0,1.0,0.0,0.0,0.0,-424.4781208117594,70.0,51.21198824520424,0.9969654250644697,0.0,0.07784562432160985,0.0
1.5506072044372559,2.1248941549049345,-3.5545759034828768,13.0,-1.4535428711817386,-1.9291026912968672,2.141116378387928,0.0,50.0,20.0,1.0,0.0,0.0,0.0,-426.734252869036,70.0,50.88380579815768,0.9977880391191366,0.0,0.06647577747411756,0.0
1.582826852798462,1.4911826606549368,-3.937680961804125,13.0,-1.386071707003292,-1.9316407277325258,2.2794735615275474,0.0,50.0,20.0,1.0,0.0,0.0,0.0,-427.80398254716243,70.0,50.74650052370909,0.9981320039861734,0.0,0.06109421100681643,0.0
1.6162326335906982,2.056371161018676,-3.423374416513989,13.0,-1.2624737718826602,-1.9528330340540017,2.4345814828529666,0.0,50.0,20.0,1.0,0.0,0.0,0.0,-428.8335068688037,70.0,50.62540852335067,0.9984352544773479,0.0,0.05591996617267721,0.0
1.6495556831359863,2.348261059241768,-3.6475375179069545,13.0,-1.1431219370452694,-1.9882046149967394,2.5,0.0,50.0,20.0,1.0,0.0,0.0,0.0,-429.82191142447556,70.0,50.51931588017311,0.9987008664255451,0.0,0.05095664236255689,0.0
1.6694908142089844,1.698462996804464,-3.1204259840902,13.0,-1.0289998261293902,-1.8924512761341243,2.5,0.0,50.0,20.0,1.0,0.0,0.0,0.0,-430.76833767676885,70.0,50.42702971815174,0.9989318552380043,0.0,0.04620766809479528,0.0
1.7001230716705322,1.111259585745536,-3.827149936312995,12.316313737680979,-1.038220080660453,-1.9094835172851323,2.5,0.0,50.0,20.0,1.0,0.0,0.0,0.0,-432.53209303255454,70.0,50.27923804179201,0.9993016610568802,0.0,0.0373656287108903,0.0
1.732884407043457,1.3892890893024208,-3.924906070978996,13.0,-0.9412153161974837,-2.0560171555026616,2.5,0.0,50.0,20.0,1.0,0.0,0.0,0.0,-433.347972869548,70.0,50.22149261962409,0.9994461150566746,0.0,0.03327856815009359,0.0
1.7662348747253418,1.5622759258880983,-4.614877481770644,13.0,-0.7856205973843002,-2.203951286546424,2.5,0.0,50.0,20.0,1.0,0.0,0.0,0.0,-434.11897293928797,70.0,50.17308218365562,0.9995672008833232,0.0,0.029417867330555344,0.0
1.800145149230957,1.9047589389098294,-5.236218478907457,12.329248984166707,-0.6896232063905386,-2.270436923466239,2.363511066773398,0.0,50.0,20.0,1.0,0.0,0.0,0.0,-434.8444937619928,70.0,50.13298464743292,0.9996674830976725,0.0,0.025786105505961943,0.0
1.8328948020935059,1.3232788946683174,-5.99714586823565,13.0,-0.7427800669569506,-2.3469824980881384,2.2532450616631228,0.0,50.0,20.0,1.0,0.0,0.0,0.0,-436.1569343884762,70.0,50.0738730526119,0.9998153003114828,0.0,0.01921887777835824,0.0
1.866858720779419,1.2799519720211479,-5.423523130954527,13.0,-0.6332008527843573,-2.4407582893682127,2.119895396183803,0.0,50.0,20.0,1.0,0.0,0.0,0.0,-436.74288510363357,70.0,50.05305806303092,0.9998673460438866,0.0,0.016287735114331296,0.0
1.8834412097930908,1.9975876639646033,-5.445433015265598,12.313835891574428,-0.6371981494259786,-2.2913280990231044,2.09654453758551,0.0,50.0,20.0,1.0,0.0,0.0,0.0,-437.28141525427816,70.0,50.03696034543404,0.9999075948670606,0.0,0.013594179900609998,0.0
1.9162256717681885,1.6501898832893387,-4.84204870709973,12.943754556753381,-0.5145934260138232,-2.456984236921408,2.054261132298088,0.0,50.0,20.0,1.0,0.0,0.0,0.0,-437.7721458474914,70.0,50.024819750724376,0.999937948698007,0.0,0.011139962011689878,0.0
1.9502389430999756,0.8607027893522883,-4.168140349100173,12.285762697278038,-0.6902212491068687,-2.4123338767652,1.9777215116527602,0.0,50.0,20.0,1.0,0.0,0.0,0.0,-438.21473744561956,70.0,50.015937081893256,0.9999601565015147,0.0,0.00892666844160267,0.0
1.982877492904663,0.17111920593835273,-4.637079917410463,12.81230772289795,-0.8368415384887102,-2.4113860115427936,1.8256173720812663,0.0,50.0,20.0,1.0,0.0,0.0,0.0,-438.9543355600243,70.0,50.005467220057625,0.9999863318564469,0.0,0.005228393662313638,0.0
2.01637864112854,0.96615026354441,-5.400789786125322,12.623252831268989,-0.7347558529811795,-2.3348224855462574,1.7088178804599756,0.0,50.0,20.0,1.0,0.0,0.0,0.0,-439.2508491336441,70.0,50.00280617447589,0.9999929845392019,0.0,0.0037457806101563614,0.0
2.049726724624634,0.6866210158915069,-4.91476799704661,12.239350451422773,-0.9214173830941289,-2.4191973697831792,1.6911323463803396,0.0,50.0,20.0,1.0,0.0,0.0,0.0,-439.49823560707983,70.0,50.001258845453464,0.9999968528814142,0.0,0.002508829860185865,0.0
2.066357374191284,0.6629916235852208,-4.609465279185299,12.609464232703138,-1.035455502317812,-2.3606608608723647,1.712290402387384,0.0,50.0,20.0,1.0,0.0,0.0,0.0,-439.6963348389046,70.0,50.00046106371322,0.9999988473400526,0.0,0.0015183275555923576,0.0
2.099677801132202,0.2221593605047299,-4.679659586737473,12.739248187786886,-1.1448650525718913,-2.474040366203078,1.780492249292716,0.0,50.0,20.0,1.0,0.0,0.0,0.0,-439.845019675209,70.0,50.00012009457747,0.9999996997635112,0.0,0.0007749018566085895,0.0
2.1328089237213135,0.3273625611535725,-5.271589727384315,12.377220826685473,-1.0105500808939567,-2.4638087563741644,1.879718710861645,0.0,50.0,20.0,1.0,0.0,0.0,0.0,-439.9937988262727,70.0,50.00000019227278,0.9999999995193181,0.0,3.1005868651236565e-05,0.0
2.1663272380828857,-0.44499783847154345,-5.173350162203226,12.569478470251719,-1.079338153985598,-2.2784928433788947,1.954289720508851,0.0,50.0,20.0,1.0,0.0,0.0,0.0,-439.9937988262727,70.0,50.00000019227278,0.9999999995193181,0.0,3.1005868651236565e-05,0.0
2.1997010707855225,-0.12283343614366588,-4.4945803322141815,12.432331022805174,-1.2785404065910555,-2.173334787892654,1.9877433521795285,0.0,50.0,20.0,1.0,0.0,0.0,0.0,-439.9441953145839,70.0,50.000015570815776,0.9999999610729597,0.0,0.0002790234379419633,0.0
2.2169158458709717,0.0913471514201864,-5.263465061346104,12.626691490972735,-1.4094241397775156,-2.177137485638756,2.181840263759645,0.0,50.0,20.0,1.0,0.0,0.0,0.0,-439.845019675209,70.0,50.00012009457747,0.9999996997635112,0.0,0.0007749018566087639,0.0
2.2500853538513184,-0.6520549129455138,-5.173232791412625,11.997726114484736,-1.5080715244226512,-2.035494602054972,2.1002317706547458,0.0,50.0,20.0,1.0,0.0,0.0,0.0,-439.4982356070798,70.0,50.001258845453464,0.9999968528814142,0.0,0.0025088298601861265,0.0
2.282958507537842,-0.9114296891087271,-4.789750844993707,11.862970661099919,-1.389244020649013,-1.999273200840477,2.0573245081697467,0.0,50.0,20.0,1.0,0.0,0.0,0.0,-439.25084913364407,70.0,50.00280617447589,0.9999929845392019,0.0,0.00374578061015671,0.0
2.3163559436798096,-1.6655390056372372,-5.215899080816814,12.390688026941893,-1.247235444854647,-1.8059479882614833,1.934991647080291,0.0,50.0,20.0,1.0,0.0,0.0,0.0,-438.9543355600242,70.0,50.005467220057625,0.9999863318564468,0.0,0.005228393662314075,0.0
2.349454879760742,-1.7170679576032128,-5.006739813787286,11.618820023163318,-1.2512457358571707,-1.6347258151026014,2.0730853725718466,0.0,50.0,20.0,1.0,0.0,0.0,0.0,-438.6088887970172,70.0,50.00967642006084,0.9999758086572373,0.0,0.006955724283224423,0.0
2.36924409866333,-1.707467632044423,-4.727078259141198,10.886790711217573,-1.2940708635089258,-1.7676064485119234,2.048867992864417,0.0,50.0,20.0,1.0,0.0,0.0,0.0,-438.21473744561945,70.0,50.015937081893256,0.9999601565015147,0.0,0.008926668441603237,0.0
2.4000051021575928,-1.7531364908697187,-5.411100121084075,11.179795725008873,-1.483511813130609,-1.6972342137285727,2.0364767481957937,0.0,50.0,20.0,1.0,0.0,0.0,0.0,-437.28141525427804,70.0,50.03696034543404,0.9999075948670606,0.0,0.013594179900610695,0.0
2.432877779006958,-1.0121233505513774,-4.710452019475943,11.904995127300664,-1.4356746749355562,-1.5679614041325078,1.9526293298338442,0.0,50.0,20.0,1.0,0.0,0.0,0.0,-436.7428851036334,70.0,50.05305806303093,0.9998673460438866,0.0,0.016287735114332166,0.0
2.4662487506866455,-0.8046866818253413,-4.685632827772176,12.199932910907,-1.6209283201805982,-1.5554195844217582,1.8468038231049049,0.0,50.0,20.0,1.0,0.0,0.0,0.0,-436.15693438847603,70.0,50.0738730526119,0.9998153003114828,0.0,0.019218877778359067,0.0
2.4995851516723633,-0.27993980801253815,-4.600052666984052,12.557508573136655,-1.6159013011076264,-1.5022317542416928,1.9221076655166538,0.0,50.0,20.0,1.0,0.0,0.0,0.0,-435.5239831047737,70.0,50.100223860342666,0.9997494089512065,0.0,0.022385694130701447,0.0
2.532871723175049,0.4873738406740411,-5.054442907190294,12.991774863596946,-1.70780352688672,-1.628514057561727,1.8281963333703362,0.0,50.0,20.0,1.0,0.0,0.0,0.0,-434.11897293928786,70.0,50.17308218365564,0.9995672008833232,0.0,0.029417867330555954,0.0
2.56624436378479,0.2837940619460535,-4.387793324087576,13.0,-1.8424596101508566,-1.4299839705996473,1.651054351335947,0.0,50.0,20.0,1.0,0.0,0.0,0.0,-433.3479728695479,70.0,50.2214926196241,0.9994461150566746,0.0,0.033278568150094244,0.0
2.5832996368408203,0.4084326984869582,-4.174875543094984,13.0,-2.041461751774167,-1.5735278210825168,1.6706952263339925,0.0,50.0,20.0,1.0,0.0,0.0,0.0,-432.53209303255437,70.0,50.27923804179203,0.9993016610568802,0.0,0.037365628710891004,0.0
2.6167852878570557,0.7962461862882655,-4.1876116615936185,13.0,-2.13180907858201,-1.4066956217520719,1.8137889915621965,0.0,50.0,20.0,1.0,0.0,0.0,0.0,-431.6719817377834,70.0,50.34738281497978,0.9991311655258789,0.0,0.04167630111824828,0.0
2.6501731872558594,0.7449984112867584,-4.971821776661483,12.547828163358826,-2.1826181770680506,-1.3879666831114663,1.9018315713165084,0.0,50.0,20.0,1.0,0.0,0.0,0.0,-430.76833767676874,70.0,50.42702971815176,0.9989318552380043,0.0,0.04620766809479572,0.0
2.682842493057251,0.8397582370536392,-4.728044290911129,13.0,-2.185046756652355,-1.5469427564145364,2.0006201216362283,0.0,50.0,20.0,1.0,0.0,0.0,0.0,-428.8335068688036,70.0,50.625408523350686,0.9984352544773479,0.0,0.05591996617267751,0.0
2.716235876083374,0.3928509833640187,-5.280523891590458,12.930044396726686,-2.184151596227937,-1.5535289366261662,1.8266427607688516,0.0,50.0,20.0,1.0,0.0,0.0,0.0,-427.80398254716243,70.0,50.74650052370909,0.9981320039861734,0.0,0.061094211006816564,0.0
2.7495970726013184,0.2173201074233112,-4.734883047170497,13.0,-1.990978210505168,-1.691960282880289,1.9931731984214873,0.0,50.0,20.0,1.0,0.0,0.0,0.0,-426.734252869036,70.0,50.88380579815768,0.9977880391191366,0.0,0.06647577747411748,0.0
2.7660672664642334,0.20820117697444696,-5.378529584625365,13.0,-2.161660664580799,-1.5574008889700135,1.9297614086568293,0.0,50.0,20.0,1.0,0.0,0.0,0.0,-425.6252892036002,70.0,51.03855452995917,0.9974002342842136,0.0,0.07206089542738021,0.0
2.7994816303253174,-0.5048979879797919,-5.680476886609888,13.0,-1.982378370454531,-1.387659542389736,1.9522986720907303,0.0,50.0,20.0,1.0,0.0,0.0,0.0,-424.4781208117595,70.0,51.21198824520424,0.9969654250644697,0.0,0.07784562432160975,0.0
2.8327159881591797,-0.9866146662393691,-5.409870198944725,12.94235585812828,-1.8109447901441544,-1.2013950777216484,2.1295168096340062,0.0,50.0,20.0,1.0,0.0,0.0,0.0,-422.07358069374624,70.0,51.619902973943084,0.9959420089193369,0.0,0.08999730479139609,0.0
2.8662331104278564,-1.5869776214919487,-5.299197603277364,13.0,-1.7628798622704676,-1.3106243118189118,2.3269096784513974,0.0,50.0,20.0,1.0,0.0,0.0,0.0,-420.8185627599969,70.0,51.85687764592049,0.9953469805903856,0.0,0.09635553035297144,0.0
2.899595260620117,-1.1479486973264048,-4.973949962540562,13.0,-1.699560503700417,-1.2160093767034148,2.4875048205939203,0.0,50.0,20.0,1.0,0.0,0.0,0.0,-419.5300481475099,70.0,52.117513971309776,0.9946921283208444,0.0,0.1028959175893237,0.0
2.916843891143799,-0.38328400033538057,-4.799615973383691,13.0,-1.7296961395709662,-1.251856128743757,2.5,0.0,50.0,20.0,1.0,0.0,0.0,0.0,-418.20936274212056,70.0,52.40303217878376,0.9939742648107551,0.0,0.10961368935456381,0.0
2.951754093170166,0.020292389419407808,-4.3556700184935355,12.406338748521984,-1.6407809352160343,-1.0890315258759204,2.3236549151184795,0.0,50.0,20.0,1.0,0.0,0.0,0.0,-415.4770781433941,70.0,53.0534874087015,0.9923369200813262,0.0,0.12356147070793325,0.0
2.983505964279175,0.7656309548328686,-4.728221870323055,12.066553687219951,-1.678940097938347,-1.1643353318938097,2.153351872622693,0.0,50.0,20.0,1.0,0.0,0.0,0.0,-414.06842346331445,70.0,53.420740641056796,0.9914112652147523,0.0,0.1307811270989969,0.0
3.017972946166992,0.2309752817515589,-4.679999600320865,11.306717727581038,-1.5973393787165648,-1.3583982172586762,2.007248265900829,0.0,50.0,20.0,1.0,0.0,0.0,0.0,-412.63348479579946,70.0,53.817497196328574,0.9904102756021653,0.0,0.13815746806323162,0.0
3.050483465194702,0.08018558365509365,-4.243915679388159,10.890128043091742,-1.7785437357892548,-1.4508345536195442,1.8710055959996479,0.0,50.0,20.0,1.0,0.0,0.0,0.0,-411.17387408685505,70.0,54.24482016705565,0.9893310361879495,0.0,0.14568493688531514,0.0
3.070215940475464,-0.3936175284296594,-4.377659747346718,10.630343450491399,-1.9179613947056315,-1.264944064938578,1.6953263254277724,0.0,50.0,20.0,1.0,0.0,0.0,0.0,-409.6912560860575,70.0,54.70372492925523,0.9881707217650824,0.0,0.15335783203435077,0.0
3.099915027618408,-0.03663317646120129,-3.584701519606356,10.603116322452644,-2.1064073356881323,-1.1566367122416872,1.7194899679961173,0.0,50.0,20.0,1.0,0.0,0.0,0.0,-406.6639077250038,70.0,55.720071320386864,0.9855960853199781,0.0,0.16911639956531224,0.0
3.133464813232422,0.6243650554600371,-3.1878489676229833,10.379472039089466,-2.218430926895498,-1.2844481091120254,1.6633890033918992,0.0,50.0,20.0,1.0,0.0,0.0,0.0,-405.1227495178998,70.0,56.27925843865275,0.9841766649371119,0.0,0.17718998897585536,0.0
3.1669862270355225,1.2957484533010442,-2.9140266905153416,9.71881698750918,-2.309775307876399,-1.4310523485835924,1.4904021277616533,0.0,50.0,20.0,1.0,0.0,0.0,0.0,-403.56572234490653,70.0,56.87350853945179,0.9826659947829379,0.0,0.18538485023663331,0.0
3.2003307342529297,1.7649233322368858,-2.5403720740495737,9.743380277932168,-2.118155022496969,-1.4656124734089888,1.348181346646226,0.0,50.0,20.0,1.0,0.0,0.0,0.0,-401.9947156776615,70.0,57.5035224261042,0.9810618675035122,0.0,0.19369463629775863,0.0
3.233407735824585,1.913392231950962,-1.9181365188637367,10.341680392269469,-2.006831542768332,-1.5155410391538702,1.1516480043108044,0.0,50.0,20.0,1.0,0.0,0.0,0.0,-398.818492196197,70.0,58.87325631294998,0.9775651990712692,0.0,0.21063304955478826,0.0
3.2669475078582764,2.3073424551503283,-2.5755897293427976,10.280148440863378,-1.9366143652241048,-1.4725582468908742,1.2700851955830015,0.0,50.0,20.0,1.0,0.0,0.0,0.0,-397.2172123618751,70.0,59.61397739743657,0.9756690591654616,0.0,0.21924845948645305,0.0
3.284048318862915,2.327291145994357,-2.784972151816888,10.279211503364944,-1.757963922538249,-1.5769187486873473,1.3603051740946568,0.0,50.0,20.0,1.0,0.0,0.0,0.0,-395.6098180895449,70.0,60.39245706997261,0.9736722829834158,0.0,0.22795237517925318,0.0
3.316973924636841,2.6968446563614634,-2.090818142341967,10.63873111993394,-1.705017515392895,-1.625914149795142,1.4010567017904887,0.0,50.0,20.0,1.0,0.0,0.0,0.0,-393.9983302106931,70.0,61.20897355815977,0.9715735341234862,0.0,0.23673797285353027,0.0
3.3499271869659424,3.2425707324548076,-2.7863500652682793,10.826558161235292,-1.5143819852625953,-1.577571606084445,1.257880621872749,0.0,50.0,20.0,1.0,0.0,0.0,0.0,-392.3847816365519,70.0,62.06371067527836,0.9693716762024813,0.0,0.24559835784547054,0.0
3.3836982250213623,3.254874213041437,-2.6419062783830496,10.966599802931231,-1.3291140131855033,-1.4261721731489783,1.169996475857998,0.0,50.0,20.0,1.0,0.0,0.0,0.0,-389.15966280004,70.0,63.88809540258464,0.96465513163362,0.0,0.26351561056780526,0.0
3.4169301986694336,2.7191893607513054,-2.8567322102239903,11.223601496748925,-1.4493520442156218,-1.4356664547599303,0.9876821071180294,0.0,50.0,20.0,1.0,0.0,0.0,0.0,-387.5521707049744,70.0,64.85761806103935,0.9621392361268732,0.0,0.272558416316937,0.0
3.450453042984009,3.2278018630272833,-3.5755552149487957,10.877088368645806,-1.5938626497190016,-1.6008345911815514,1.0314203122557446,0.0,50.0,20.0,1.0,0.0,0.0,0.0,-385.9507629929343,70.0,65.86510843321874,0.95951782569888,0.0,0.2816479046009284,0.0
3.466970920562744,3.3417186402257464,-4.199311511365611,10.12834073682226,-1.615170615727086,-1.759066596422562,1.0764905980071484,0.0,50.0,20.0,1.0,0.0,0.0,0.0,-384.35745120881995,70.0,66.91024874257266,0.9567908634007417,0.0,0.29077696558163496,0.0
3.5003631114959717,3.0183765507941676,-4.96107256717057,9.798282235771712,-1.7259494876818242,-1.7790802918952275,1.1690877224737983,0.0,50.0,20.0,1.0,0.0,0.0,0.0,-382.77422543881704,70.0,67.99261785745954,0.9539585476909898,0.0,0.2999384758367917,0.0
3.533673048019409,2.5685236042630315,-5.008442017611918,9.994998016550344,-1.6276569707583057,-1.7296705959358967,1.1680504753034102,0.0,50.0,20.0,1.0,0.0,0.0,0.0,-379.6458498002647,70.0,70.26684156721373,0.9479798479735375,0.0,0.318330343882057,0.0
3.566809892654419,3.310999610536907,-5.614226760895086,9.370557610071709,-1.4562068233801098,-1.8163419573527293,0.983254943965068,0.0,50.0,20.0,1.0,0.0,0.0,0.0,-378.10452007253184,70.0,71.45733920633712,0.9448350670716632,0.0,0.3275464791929316,0.0
3.59991192817688,2.721102203510858,-6.276803042209259,9.283172859612796,-1.6125513001851173,-1.7587883174391326,0.824645401536811,0.0,50.0,20.0,1.0,0.0,0.0,0.0,-376.58090506529413,70.0,72.6823539050576,0.9415881427007841,0.0,0.3367666395670568,0.0
3.616957187652588,2.9978389537312395,-6.846200439065334,9.880739442528409,-1.4370082288202208,-1.8683737183427898,0.6863735810651176,0.0,50.0,20.0,1.0,0.0,0.0,0.0,-375.0768001742002,70.0,73.9409563274737,0.9382404906859603,0.0,0.3459837881135018,0.0
3.6508572101593018,3.748775163242274,-7.5631551423982275,9.342731178691828,-1.5896479231681204,-1.874771822293259,0.8483040777249722,0.0,50.0,20.0,1.0,0.0,0.0,0.0,-372.1340173942991,70.0,76.5547251011836,0.9312498990572198,0.0,0.36438115415855143,0.0
3.683777093887329,4.293406782574911,-7.633253979627588,9.935148078942124,-1.4723615806179517,-1.8493968977857658,0.9564292400677075,0.0,50.0,20.0,1.0,0.0,0.0,0.0,-370.6986295529937,70.0,77.907558966513,0.9276110203999492,0.0,0.3735475804132118,0.0
3.7168467044830322,4.314446738204626,-7.1480220305123465,10.340995142930652,-1.2928191223429337,-1.9495176204506866,0.8356175347908671,0.0,50.0,20.0,1.0,0.0,0.0,0.0,-369.28932188134655,70.0,79.28932188134395,0.9238795325112903,0.0,0.3826834323650813,0.0
3.75034499168396,3.827058057507527,-7.564661418281468,9.808054560310895,-1.309507557293163,-1.7540716760200428,0.9558212607181524,0.0,50.0,20.0,1.0,0.0,0.0,0.0,-367.9075589665156,70.0,80.69862955299101,0.9200580700341935,0.0,0.3917820156221506,0.0
3.7691898345947266,3.7414022628467634,-7.685880381130566,9.861408717165787,-1.1284348437672769,-1.681528430743214,0.7910126344540148,0.0,50.0,20.0,1.0,0.0,0.0,0.0,-366.55472510118614,70.0,82.13401739429641,0.9161495036447479,0.0,0.4008367335605384,0.0
3.8007595539093018,4.038159522955583,-6.915089545698851,9.489624968325344,-1.2435530961117267,-1.7786772022638637,0.739349929310124,0.0,50.0,20.0,1.0,0.0,0.0,0.0,-363.9409563274761,70.0,85.07680017419734,0.9080836961035108,0.0,0.41878873059215277,0.0
3.833653211593628,3.915424595572258,-6.451401840784569,9.373049265239292,-1.3974790084914859,-1.7128577932976652,0.9368349485567717,0.0,50.0,20.0,1.0,0.0,0.0,0.0,-362.6823539050599,70.0,86.58090506529126,0.9039333353038507,0.0,0.4276733862732825,0.0
3.86686372756958,3.456604253487314,-6.826061212150146,9.676867777702586,-1.401972369364298,-1.8120503977157434,0.9410264675783561,0.0,50.0,20.0,1.0,0.0,0.0,0.0,-361.4573392063394,70.0,88.10452007252901,0.8997096196203278,0.0,0.4364889464381029,0.0
3.900123357772827,3.575589011579937,-6.415172551567734,10.141433331210841,-1.2490491795437977,-1.9358504921189532,0.7953973953579544,0.0,50.0,20.0,1.0,0.0,0.0,0.0,-360.2668415672159,70.0,89.64584980026184,0.895416523746737,0.0,0.44522943411381644,0.0
3.9336822032928467,3.886490522063383,-5.712414314140053,9.842451753753581,-1.1347373909987526,-1.8780187388046894,0.6856978346081224,0.0,50.0,20.0,1.0,0.0,0.0,0.0,-357.9926178574616,70.0,92.77422543881406,0.8866390882461306,0.0,0.4624620278402004,0.0
3.966935396194458,3.605591833335483,-5.880409839354328,9.82497619856628,-1.140833947021377,-2.0493944943435447,0.666647418804488,0.0,50.0,20.0,1.0,0.0,0.0,0.0,-356.9102487425747,70.0,94.35745120881694,0.882163671863626,0.0,0.47094294351235877,0.0
3.9841692447662354,3.2776642145245054,-5.1815605118968655,10.238425708324526,-1.0959168948484403,-2.036051026709569,0.5829005998820601,0.0,50.0,20.0,1.0,0.0,0.0,0.0,-355.86510843322066,70.0,95.9507629929313,0.8776367044713567,0.0,0.47932641797073583,0.0
4.01691198348999,3.654649314688298,-5.789922215613138,9.674402824710263,-1.0593862141572148,-1.9016906283943866,0.44643326221841517,0.0,50.0,20.0,1.0,0.0,0.0,0.0,-354.8576180610412,70.0,97.55217070497136,0.8730630827581379,0.0,0.4876072738637691,0.0
4.050323963165283,4.360331736043975,-5.606288285423552,10.194309991202129,-0.9939783902970237,-1.7449824244017613,0.4523311307230746,0.0,50.0,20.0,1.0,0.0,0.0,0.0,-353.88809540258643,70.0,99.15966280003701,0.8684478602655515,0.0,0.49578050990351075,0.0
4.083676099777222,3.7864950362665146,-6.342915507322357,9.978972597234064,-0.9763897032403264,-1.7554100177150984,0.38551266580562016,0.0,50.0,20.0,1.0,0.0,0.0,0.0,-352.06371067528005,70.0,102.38478163654884,0.8591135500137661,0.0,0.5117850214521174,0.0
4.116926193237305,4.4877415216015,-6.315732971090716,9.259404913013952,-1.0201868635157207,-1.890849293901161,0.49725592155463727,0.0,50.0,20.0,1.0,0.0,0.0,0.0,-351.20897355816135,70.0,103.99833021069007,0.8544052603691937,0.0,0.519607208430994,0.0
4.150325536727905,3.9451944757356476,-6.739711490215195,8.56229503972832,-1.0171243126939014,-1.7730039663641857,0.5393138258038944,0.0,50.0,20.0,1.0,0.0,0.0,0.0,-350.3924570699741,70.0,105.60981808954185,0.8496769442277993,0.0,0.527303603674116,0.0
4.166989088058472,4.138422718468641,-7.098912228582579,8.213909668389052,-0.91754171684994,-1.8325527618723212,0.44441069599006056,0.0,50.0,20.0,1.0,0.0,0.0,0.0,-349.613977397438,70.0,107.21721236187207,0.8449342803973807,0.0,0.5348701354622076,0.0
4.200382709503174,3.968312381009265,-7.21588866967976,8.870744971315737,-1.091734864706579,-1.9302796101859812,0.589836516374971,0.0,50.0,20.0,1.0,0.0,0.0,0.0,-348.8732563129513,70.0,108.81849219619401,0.8401830389974734,0.0,0.5423029236330651,0.0
4.233638763427734,4.448690860793917,-7.204445721546986,8.402617381482663,-1.1822727468549694,-1.8012002343601505,0.5621569700071554,0.0,50.0,20.0,1.0,0.0,0.0,0.0,-347.5035224261054,70.0,111.99471567765849,0.8306782900808878,0.0,0.5567527084696512,0.0
4.2670228481292725,3.9483783977997353,-7.252046247508451,8.646604521336194,-1.2966874446612786,-1.8788027549528752,0.56407430877411,0.0,50.0,20.0,1.0,0.0,0.0,0.0,-346.8735085394529,70.0,113.56572234490358,0.8259366732840249,0.0,0.5637629038208508,0.0
4.300393581390381,4.317785667380811,-8.031972866674794,8.825629157590315,-1.3392700590360458,-1.976342729661738,0.48341022874736195,0.0,50.0,20.0,1.0,0.0,0.0,0.0,-346.27925843865387,70.0,115.12274951789689,0.8212102364257984,0.0,0.5706257508993827,0.0
4.31687068939209,4.946726062238216,-8.485518279654123,9.538040515782633,-1.3038492986698624,-1.9576992801920583,0.31329358048758993,0.0,50.0,20.0,1.0,0.0,0.0,0.0,-345.7200713203879,70.0,116.66390772500087,0.8165050283831666,0.0,0.577338322498173,0.0
4.350725889205933,5.303972506554283,-7.969713239938589,8.900284982751533,-1.3828862915458873,-1.8827527558533004,0.35743463198730235,0.0,50.0,20.0,1.0,0.0,0.0,0.0,-344.7037249292561,70.0,119.6912560860547,0.8071825813096605,0.0,0.5903018553505262,0.0
4.384779214859009,4.789643599415099,-7.372216180308349,8.297918405958805,-1.32577578718283,-2.018258670810944,0.36142483415070226,0.0,50.0,20.0,1.0,0.0,0.0,0.0,-344.2448201670565,70.0,121.17387408685224,0.802577491315162,0.0,0.5965478777384604,0.0
4.418015003204346,4.851951051849691,-7.980462770493336,7.647941895050522,-1.4730284307494734,-2.1719676672254127,0.32282940430593954,0.0,50.0,20.0,1.0,0.0,0.0,0.0,-343.8174971963293,70.0,122.63348479579673,0.7980179045742121,0.0,0.6026337394960423,0.0
4.450124263763428,4.648174750884927,-7.615791304656823,7.379312842465329,-1.3211197854890986,-2.0339428343682715,0.22073661646818238,0.0,50.0,20.0,1.0,0.0,0.0,0.0,-343.42074064105753,70.0,124.06842346331176,0.793509850401015,0.0,0.6085574067551547,0.0
4.4691338539123535,4.228864077539102,-7.543281819789965,8.08468580667552,-1.126916037147389,-1.9058805965226346,0.3442083127538094,0.0,50.0,20.0,1.0,0.0,0.0,0.0,-343.05348740870215,70.0,125.47707814339145,0.7890593192422498,0.0,0.6143170115803055,0.0
4.5005505084991455,3.570527983317021,-7.300692393233973,8.719916331442533,-1.094781889543646,-1.8104735834519667,0.4917654547230843,0.0,50.0,20.0,1.0,0.0,0.0,0.0,-342.4030321787843,70.0,128.20936274211812,0.7803545260260938,0.0,0.6253373599191004,0.0
4.533468723297119,3.0860891893727573,-7.694934177713244,8.284601627733393,-1.045649467260348,-1.9122841693880137,0.6305774950346124,0.0,50.0,20.0,1.0,0.0,0.0,0.0,-342.1175139713103,70.0,129.53004814750742,0.7761119502123794,0.0,0.6305951480447158,0.0
4.56693696975708,2.374477573914003,-6.981029872486836,7.74553708386055,-0.8716343479836326,-1.8703873285473067,0.7597664727877447,0.0,50.0,20.0,1.0,0.0,0.0,0.0,-341.8568776459209,70.0,130.81856275999453,0.7719502485264367,0.0,0.635682950691595,0.0
4.600339412689209,2.235838671317789,-7.452045089067395,7.481152877981538,-1.0163522189577558,-1.6731744567324962,0.8517110279690397,0.0,50.0,20.0,1.0,0.0,0.0,0.0,-341.6199029739435,70.0,132.07358069374385,0.7678750526819326,0.0,0.6405996436688982,0.0
4.633721113204956,2.668174306916284,-8.081771813204416,6.766009593674481,-1.1927328696306718,-1.8396299937968628,0.6646101627826215,0.0,50.0,20.0,1.0,0.0,0.0,0.0,-341.21198824520457,70.0,134.47812081175724,0.7600061815151333,0.0,0.6499158438280961,0.0
4.666970729827881,1.896418086602011,-8.01333400622217,6.907942674867504,-1.3475030208723549,-1.957686721995326,0.7911205223657082,0.0,50.0,20.0,1.0,0.0,0.0,0.0,-341.03855452995947,70.0,135.62528920359807,0.7562232170345008,0.0,0.6543137214043355,0.0
4.683865070343018,1.4721457960768305,-7.408924324776945,6.442892146846117,-1.202095672514501,-1.8005715512707747,0.6279962129840061,0.0,50.0,20.0,1.0,0.0,0.0,0.0,-340.88380579815794,70.0,136.73425286903395,0.752548161684573,0.0,0.6585372156113652,0.0
4.7168848514556885,1.0424501698217186,-6.613691874650599,5.725974046704829,-1.0857920361090758,-1.7052499610223166,0.48566206085447583,0.0,50.0,20.0,1.0,0.0,0.0,0.0,-340.7465005237093,70.0,137.80398254716042,0.7489860394321098,0.0,0.662585777643772,0.0
4.751254320144653,1.6316647201892969,-6.621623859457843,5.8018923269189315,-1.1589763912292967,-1.8037169935546735,0.35702466039547637,0.0,50.0,20.0,1.0,0.0,0.0,0.0,-340.62540852335087,70.0,138.8335068688017,0.745541726301078,0.0,0.6664589517322193,0.0
4.78451132774353,2.058112216349603,-7.328307529730402,6.42215191369323,-1.1570375592001394,-1.7517176607887084,0.32876695101156583,0.0,50.0,20.0,1.0,0.0,0.0,0.0,-340.4270297181519,70.0,140.768337676767,0.7390252442347047,0.0,0.6736777333293976,0.0
4.816514492034912,2.75758607897348,-7.322124289427806,7.140870614000102,-1.18862322851712,-1.7686243187208297,0.4670804789858904,0.0,50.0,20.0,1.0,0.0,0.0,0.0,-340.34738281497994,70.0,141.67198173778178,0.7359620175736592,0.0,0.6770228273026759,0.0
4.851255893707275,3.4621533284178385,-6.759013195053753,7.86543236832434,-1.1577084675596458,-1.8384917797423046,0.6332396953803741,0.0,50.0,20.0,1.0,0.0,0.0,0.0,-340.27923804179215,70.0,142.53209303255284,0.733034470429076,0.0,0.6801914915395253,0.0
