# Timestamp, Fx, Fy, Fz, Tx, Ty, Tz, FemurPosX, FemurPosY, FemurPosZ, FemurQuatW, FemurQuatX, FemurQuatY, FemurQuatZ, TibiaPosX, TibiaPosY, TibiaPosZ, TibiaQuatW, TibiaQuatX, TibiaQuatY, TibiaQuatZ
0.018646240234375,9.714775714736966,-12.906666689553717,-5.490133436358693,-1.294431918380167,-1.283416450791723,-1.400630190631703,0.0,50.0,20.0,1.0,0.0,0.0,0.0,-350.39245707003283,70.0,105.60981808942333,0.8496769442281481,0.0,0.5273036036735541,0.0
0.050424814224243164,10.07378018613191,-12.942490929969377,-4.822891741564551,-1.4794683081320605,-1.3859264451459563,-1.5,0.0,50.0,20.0,1.0,0.0,0.0,0.0,-351.20897355822143,70.0,103.99833021057412,0.8544052603695329,0.0,0.5196072084304361,0.0
0.08373880386352539,9.751638696993334,-13.0,-4.88180083719893,-1.5,-1.3574895938235116,-1.5,0.0,50.0,20.0,1.0,0.0,0.0,0.0,-352.0637106753433,70.0,102.38478163643194,0.8591135500141063,0.0,0.5117850214515463,0.0
0.11705374717712402,9.81899817459027,-13.0,-4.87473635683137,-1.3206010101317545,-1.2956709240508641,-1.5,0.0,50.0,20.0,1.0,0.0,0.0,0.0,-353.8880954026519,70.0,99.15966279992602,0.8684478602658711,0.0,0.495780509902951,0.0
0.15040326118469238,9.911464412799269,-12.370532902986998,-4.202188637918867,-1.410376866661989,-1.2673657399641167,-1.5,0.0,50.0,20.0,1.0,0.0,0.0,0.0,-354.85761806110986,70.0,97.55217070485992,0.8730630827584571,0.0,0.48760727386319774,0.0
0.16770219802856445,9.59446101554531,-12.527758881548992,-4.277671292532426,-1.3122983398230903,-1.124332608830788,-1.5,0.0,50.0,20.0,1.0,0.0,0.0,0.0,-355.8651084332902,70.0,95.9507629928231,0.8776367044716649,0.0,0.47932641797017145,0.0
0.20041465759277344,9.465499924181742,-11.940694845747089,-3.743647672607555,-1.3066170590798154,-1.0156582332549566,-1.5,0.0,50.0,20.0,1.0,0.0,0.0,0.0,-356.91024874264485,70.0,94.35745120871212,0.8821636718639231,0.0,0.47094294351180227,0.0
0.23374152183532715,10.1072603572138,-11.427083637502003,-3.1463375442973196,-1.4446969792524305,-1.1919869506926113,-1.3029958205251133,0.0,50.0,20.0,1.0,0.0,0.0,0.0,-357.99261785753487,70.0,92.7742254387091,0.8866390882464265,0.0,0.462462027839633,0.0
0.2671046257019043,9.74630721339518,-10.87803397752499,-3.3862926356890184,-1.3788658082487197,-1.2136039806884114,-1.1928812315670094,0.0,50.0,20.0,1.0,0.0,0.0,0.0,-360.26684156729254,70.0,89.64584980016065,0.8954165237470195,0.0,0.44522943411324817,0.0
0.3003807067871094,9.418522719721576,-10.928992660394686,-3.44073021378469,-1.225056360710973,-1.0232009846268515,-1.0618606385646423,0.0,50.0,20.0,1.0,0.0,0.0,0.0,-361.4573392064162,70.0,88.10452007243155,0.8997096196205986,0.0,0.4364889464375447,0.0
0.3336970806121826,9.61449261801734,-10.802873211874669,-2.644191586186796,-1.4151280972697735,-1.0134705056868654,-0.8933364660385315,0.0,50.0,20.0,1.0,0.0,0.0,0.0,-362.6823539051367,70.0,86.58090506519765,0.9039333353041096,0.0,0.4276733862727353,0.0
0.35037994384765625,9.126215512419684,-10.030763767096992,-3.161122449669107,-1.3827384161088088,-0.9174922974125849,-0.719371754814941,0.0,50.0,20.0,1.0,0.0,0.0,0.0,-363.9409563275556,70.0,85.07680017410419,0.9080836961037672,0.0,0.4187887305915967,0.0
0.3843119144439697,9.370833205065287,-10.613789801647311,-2.399133113845286,-1.5,-1.0124102571445113,-0.859871263046437,0.0,50.0,20.0,1.0,0.0,0.0,0.0,-366.5547251012649,70.0,82.13401739421116,0.9161495036449806,0.0,0.40083673356000665,0.0
0.4170513153076172,9.345683077440931,-10.526068024442626,-2.923881837349242,-1.5,-0.9303765639035565,-0.873733542615164,0.0,50.0,20.0,1.0,0.0,0.0,0.0,-367.9075589665968,70.0,80.69862955290648,0.9200580700344232,0.0,0.3917820156216113,0.0
0.45043110847473145,9.769768380749893,-11.15625025781512,-2.217290899339639,-1.323792406831246,-1.0329968420459283,-0.9862379062661542,0.0,50.0,20.0,1.0,0.0,0.0,0.0,-369.28932188142704,70.0,79.28932188126345,0.9238795325115081,0.0,0.3826834323645554,0.0
0.48381876945495605,9.583075716349459,-10.971645584927575,-2.256964972573864,-1.3895880705442398,-0.9986003988126932,-1.1408030016308797,0.0,50.0,20.0,1.0,0.0,0.0,0.0,-370.69862955307644,70.0,77.90755896643343,0.9276110204001636,0.0,0.3735475804126793,0.0
0.5005214214324951,8.828300125691786,-10.245702337394677,-1.901051550608985,-1.2665374202973134,-1.0181053107256786,-1.249918995485945,0.0,50.0,20.0,1.0,0.0,0.0,0.0,-372.13401739438086,70.0,76.55472510110808,0.9312498990574225,0.0,0.36438115415803324,0.0
0.5337810516357422,9.229296571209645,-10.145882134578912,-1.5968202475856679,-1.1481754886877085,-0.8933473627008679,-1.2200293011060117,0.0,50.0,20.0,1.0,0.0,0.0,0.0,-375.07680017428265,70.0,73.94095632740326,0.938240490686148,0.0,0.3459837881129928,0.0
0.5671272277832031,9.75119187637188,-10.878854123781252,-1.0343841866518324,-1.1712446909629277,-1.076748609935855,-1.3259801632473773,0.0,50.0,20.0,1.0,0.0,0.0,0.0,-376.58090506537513,70.0,72.68235390499113,0.9415881427009605,0.0,0.33676663956656344,0.0
0.6004233360290527,10.15001033804205,-11.188331070883436,-0.812355367279811,-1.31478372114417,-0.8859840767302293,-1.2457063339248609,0.0,50.0,20.0,1.0,0.0,0.0,0.0,-378.1045200726112,70.0,71.45733920627458,0.9448350670718287,0.0,0.3275464791924543,0.0
0.6337547302246094,9.94012861801831,-11.558082895750118,-0.9724656316733178,-1.2766867885741244,-0.897371247603461,-1.4140398149162325,0.0,50.0,20.0,1.0,0.0,0.0,0.0,-379.6458498003458,70.0,70.26684156715238,0.9479798479736993,0.0,0.31833034388157516,0.0
0.6670913696289062,9.966390814538874,-11.380989520184734,-0.6877444485533091,-1.451156728395728,-0.7759746550008344,-1.475469431055131,0.0,50.0,20.0,1.0,0.0,0.0,0.0,-382.7742254388976,70.0,67.9926178574033,0.9539585476911371,0.0,0.29993847583632305,0.0
0.6843369007110596,10.559276396058294,-11.001626076555143,-1.241917280091004,-1.5,-0.5981803904979197,-1.5,0.0,50.0,20.0,1.0,0.0,0.0,0.0,-384.35745120889834,70.0,66.91024874252017,0.9567908634008788,0.0,0.2907769655811836,0.0
0.7171275615692139,9.786257154894486,-11.380419353316523,-1.354364288870796,-1.5,-0.7297178871627816,-1.5,0.0,50.0,20.0,1.0,0.0,0.0,0.0,-385.95076299301036,70.0,65.86510843316987,0.9595178256990073,0.0,0.2816479046004946,0.0
0.7504458427429199,9.227230495728396,-12.13169581042922,-1.7469873580454014,-1.5,-0.6194186005007252,-1.5,0.0,50.0,20.0,1.0,0.0,0.0,0.0,-387.55217070505165,70.0,64.85761806099177,0.9621392361269969,0.0,0.2725584163165005,0.0
0.7837779521942139,8.853634353711378,-11.735323666337935,-2.1893735609791,-1.4465936835158453,-0.610379470436388,-1.5,0.0,50.0,20.0,1.0,0.0,0.0,0.0,-389.15966280011475,70.0,63.88809540254053,0.9646551316337344,0.0,0.26351561056738676,0.0
0.8170981407165527,8.535891001165101,-11.223638850079194,-1.4138521013025025,-1.3298134702617113,-0.43191162772154085,-1.5,0.0,50.0,20.0,1.0,0.0,0.0,0.0,-392.3847816366248,70.0,62.06371067523888,0.9693716762025831,0.0,0.24559835784506873,0.0
0.8504548072814941,8.840237914867593,-11.231961926388735,-1.288542521446891,-1.1591574520983245,-0.5414048478165188,-1.488596857588484,0.0,50.0,20.0,1.0,0.0,0.0,0.0,-393.9983302107632,70.0,61.208973558123475,0.9715735341235797,0.0,0.23673797285314696,0.0
0.8676948547363281,8.187394897093935,-11.583768011893481,-0.5392224026299057,-1.0499413052808158,-0.3865896683023272,-1.5,0.0,50.0,20.0,1.0,0.0,0.0,0.0,-395.60981808961566,70.0,60.39245706993755,0.9736722829835058,0.0,0.22795237517886868,0.0
0.9004390239715576,7.782720482790719,-11.55575621233312,-0.5354636310087804,-1.0304568612743206,-0.28483844420852217,-1.3295863755116588,0.0,50.0,20.0,1.0,0.0,0.0,0.0,-397.21721236194287,70.0,59.61397739740448,0.9756690591655439,0.0,0.21924845948608723,0.0
0.9337553977966309,6.9928761167512805,-11.665931054566764,-0.3727243748250919,-0.95176460617254,-0.250213931120813,-1.3831855314335784,0.0,50.0,20.0,1.0,0.0,0.0,0.0,-398.8184921962617,70.0,58.87325631292073,0.977565199071344,0.0,0.21063304955444118,0.0
0.9671549797058105,6.477629128770058,-11.103781300389452,-0.17277380464848646,-0.9036883471694604,-0.40021480522381014,-1.4311594809776855,0.0,50.0,20.0,1.0,0.0,0.0,0.0,-401.99471567772343,70.0,57.503522426078746,0.981061867503577,0.0,0.19369463629743014,0.0
1.0004351139068604,6.878902336980113,-11.43503809549313,-0.4539223910684985,-1.056603075493522,-0.5334537233939208,-1.2655855844489952,0.0,50.0,20.0,1.0,0.0,0.0,0.0,-403.56572234496525,70.0,56.87350853942881,0.9826659947829964,0.0,0.18538485023632348,0.0
1.0338881015777588,7.317193527076764,-10.86901316869393,-1.1258319795277008,-1.2431848303382833,-0.48936470827931944,-1.4072066085845059,0.0,50.0,20.0,1.0,0.0,0.0,0.0,-405.1227495179588,70.0,56.27925843863079,0.9841766649371677,0.0,0.17718998897554566,0.0
1.05064058303833,7.483083967561137,-11.02834510713801,-0.5363864831376008,-1.0724960986720702,-0.6175027795783591,-1.5,0.0,50.0,20.0,1.0,0.0,0.0,0.0,-406.6639077250595,70.0,55.72007132036718,0.9855960853200281,0.0,0.1691163995650212,0.0
1.084369421005249,7.083119278708679,-10.40600780013025,-1.1299112067581745,-0.8951813057091442,-0.7989538435670107,-1.5,0.0,50.0,20.0,1.0,0.0,0.0,0.0,-409.69125608610995,70.0,54.70372492923855,0.9881707217651247,0.0,0.15335783203407868,0.0
1.1170556545257568,6.406465894631732,-10.142011206010327,-0.9203939393486831,-0.7752299659274828,-0.8385406609950976,-1.494463272313893,0.0,50.0,20.0,1.0,0.0,0.0,0.0,-411.1738740869041,70.0,54.24482016704087,0.9893310361879868,0.0,0.14568493688506157,0.0
1.1504156589508057,5.972438930809284,-10.541041664551262,-0.9804996725762333,-0.9617711757442274,-0.9401650841405635,-1.5,0.0,50.0,20.0,1.0,0.0,0.0,0.0,-412.6334847958485,70.0,53.817497196314605,0.9904102756022006,0.0,0.13815746806297902,0.0
1.1837477684020996,6.408564629738729,-11.29812241939086,-0.20891733567876136,-1.1576097411592938,-1.1166971535997876,-1.5,0.0,50.0,20.0,1.0,0.0,0.0,0.0,-414.06842346336015,70.0,53.42074064104452,0.9914112652147833,0.0,0.1307811270987621,0.0
1.2003858089447021,7.100834036541475,-11.284259449038816,-0.35874262143564006,-1.3364722607529673,-1.206536976509552,-1.5,0.0,50.0,20.0,1.0,0.0,0.0,0.0,-415.47707814343653,70.0,53.05348740869074,0.9923369200813533,0.0,0.12356147070771598,0.0
1.2342791557312012,6.526306757708373,-11.451352781741095,0.12868679358138502,-1.2657536949594188,-1.3868433920783727,-1.475417771263369,0.0,50.0,20.0,1.0,0.0,0.0,0.0,-418.20936274215967,70.0,52.40303217877505,0.9939742648107771,0.0,0.1096136893543649,0.0
1.267035722732544,7.1528138350168975,-10.858045806438188,-0.20492200602784066,-1.0938409863269751,-1.2523996025626096,-1.3568376642748643,0.0,50.0,20.0,1.0,0.0,0.0,0.0,-419.53004814754865,70.0,52.11751397130166,0.9946921283208647,0.0,0.1028959175891266,0.0
1.3003995418548584,6.6279130892174365,-10.10898810324311,-0.2569671911325793,-1.0897292731527137,-1.2862371864846809,-1.282544699404271,0.0,50.0,20.0,1.0,0.0,0.0,0.0,-420.81856276003253,70.0,51.85687764591353,0.9953469805904032,0.0,0.09635553035279086,0.0
1.333712100982666,6.357110286909476,-10.23788853624257,-1.000158897692918,-0.9090277726424012,-1.1826518539482191,-1.2516841249208936,0.0,50.0,20.0,1.0,0.0,0.0,0.0,-422.07358069377875,70.0,51.61990297393717,0.9959420089193518,0.0,0.08999730479123157,0.0
1.3670601844787598,6.489510989848254,-10.426474120374522,-1.097945690960126,-0.9607145311702002,-1.333427068570769,-1.3760894012605698,0.0,50.0,20.0,1.0,0.0,0.0,0.0,-424.4781208117887,70.0,51.21198824519965,0.9969654250644813,0.0,0.07784562432146232,0.0
1.384242296218872,6.992928284433059,-10.536381180575514,-0.6794199669609031,-1.1346525055687449,-1.3354666897569047,-1.5,0.0,50.0,20.0,1.0,0.0,0.0,0.0,-425.6252892036265,70.0,51.038554529955334,0.9974002342842232,0.0,0.07206089542724758,0.0
1.4170501232147217,6.750704259522579,-10.56133698717191,-0.33483275560128223,-1.2704139115688193,-1.4852010321942481,-1.4405100134457727,0.0,50.0,20.0,1.0,0.0,0.0,0.0,-426.734252869062,70.0,50.8838057981542,0.9977880391191453,0.0,0.06647577747398684,0.0
1.4503765106201172,7.016737906852932,-10.893007360578274,-0.40979334387688493,-1.4625569741798055,-1.5,-1.4923676081327673,0.0,50.0,20.0,1.0,0.0,0.0,0.0,-427.8039825471856,70.0,50.746500523706246,0.9981320039861806,0.0,0.06109421100669994,0.0
1.4843249320983887,7.383049201993144,-10.89990894534823,-0.8869280577189034,-1.5,-1.5,-1.359606087413109,0.0,50.0,20.0,1.0,0.0,0.0,0.0,-428.8335068688264,70.0,50.62540852334811,0.9984352544773544,0.0,0.055919966172562806,0.0
1.5170588493347168,7.7654188316488355,-10.296103060433499,-0.7975176773080767,-1.5,-1.353662983145263,-1.2735788669054005,0.0,50.0,20.0,1.0,0.0,0.0,0.0,-430.7683376767865,70.0,50.42702971815012,0.9989318552380084,0.0,0.04620766809470679,0.0
1.5504412651062012,7.432498026310114,-10.178788539202428,-1.4091761155550744,-1.5,-1.4561261806032768,-1.2421646495965004,0.0,50.0,20.0,1.0,0.0,0.0,0.0,-431.6719817378008,70.0,50.34738281497833,0.9991311655258824,0.0,0.0416763011181612,0.0
1.5678021907806396,6.6630456814198,-10.266474475561846,-0.7743368909532982,-1.5,-1.394449825213462,-1.141078177246263,0.0,50.0,20.0,1.0,0.0,0.0,0.0,-432.53209303256943,70.0,50.279238041790904,0.999301661056883,0.0,0.03736562871081559,0.0
1.6004233360290527,6.813943216882669,-9.652470092837039,-1.452648857903303,-1.3591432224158757,-1.2668132798764837,-1.083776874606206,0.0,50.0,20.0,1.0,0.0,0.0,0.0,-433.34797286956075,70.0,50.221492619623234,0.9994461150566767,0.0,0.033278568150029886,0.0
1.633742094039917,7.515110929413584,-9.465559675087535,-2.1719793696746876,-1.286320957969706,-1.1886199946521834,-0.9587525104673128,0.0,50.0,20.0,1.0,0.0,0.0,0.0,-434.11897293930036,70.0,50.1730821836549,0.9995672008833251,0.0,0.029417867330493286,0.0
1.667069435119629,7.329906392434314,-9.400065925994353,-2.8376258105505814,-1.4607334585803875,-1.2346573621917787,-0.8818499276956207,0.0,50.0,20.0,1.0,0.0,0.0,0.0,-435.52398310478395,70.0,50.10022386034221,0.9997494089512076,0.0,0.022385694130650446,0.0
1.7004146575927734,7.45550015578812,-9.549778067504832,-3.4231273428210542,-1.2841273627649656,-1.1146304876630588,-0.9984659392177389,0.0,50.0,20.0,1.0,0.0,0.0,0.0,-436.15693438848444,70.0,50.073873052611575,0.9998153003114836,0.0,0.019218877778317003,0.0
1.7337560653686523,7.733977265139634,-9.82311804653233,-3.176683402154214,-1.2855104686983927,-1.2732339353453959,-1.065402039371364,0.0,50.0,20.0,1.0,0.0,0.0,0.0,-436.74288510364016,70.0,50.053058063030704,0.9998673460438872,0.0,0.01628773511429825,0.0
1.7504265308380127,7.693044497387403,-9.037126965294688,-2.3847661972930814,-1.4484009340076711,-1.1305659782715924,-1.250179409069129,0.0,50.0,20.0,1.0,0.0,0.0,0.0,-437.2814152542845,70.0,50.036960345433855,0.999907594867061,0.0,0.013594179900578391,0.0
1.784318208694458,7.286719221517221,-8.5378916299003,-2.2055537914939514,-1.4013238000055508,-1.1386897757271968,-1.3409830732199208,0.0,50.0,20.0,1.0,0.0,0.0,0.0,-438.21473744562326,70.0,50.015937081893185,0.9999601565015148,0.0,0.008926668441584358,0.0
1.8170716762542725,7.6119944957895145,-8.453237890686854,-2.6825953171528125,-1.4173964502130767,-1.2218953253903506,-1.46367739330466,0.0,50.0,20.0,1.0,0.0,0.0,0.0,-438.6088887970207,70.0,50.0096764200608,0.9999758086572375,0.0,0.0069557242832068095,0.0
1.8504292964935303,8.189139996114335,-8.791279319543845,-2.5565350295833325,-1.4987476709143868,-1.2782534731624033,-1.3290983701590426,0.0,50.0,20.0,1.0,0.0,0.0,0.0,-438.9543355600267,70.0,50.0054672200576,0.9999863318564469,0.0,0.0052283936623016055,0.0
1.8838465213775635,7.980584750158063,-7.998482613675565,-1.986131953710917,-1.5,-1.4496233528882274,-1.1340888596120993,0.0,50.0,20.0,1.0,0.0,0.0,0.0,-439.25084913364634,70.0,50.002806174475865,0.9999929845392019,0.0,0.0037457806101454617,0.0
1.9004263877868652,7.764012803463558,-7.704866433229844,-1.69944336073855,-1.3168229982335817,-1.5,-1.2563137290468052,0.0,50.0,20.0,1.0,0.0,0.0,0.0,-439.49823560708126,70.0,50.001258845453464,0.9999968528814142,0.0,0.0025088298601788892,0.0
1.934342384338379,8.539442388842643,-7.301303003174604,-2.277371068121505,-1.4418078551560913,-1.5,-1.3991750665833242,0.0,50.0,20.0,1.0,0.0,0.0,0.0,-439.84501967520964,70.0,50.00012009457747,0.9999996997635112,0.0,0.000774901856605494,0.0
1.9671452045440674,8.733095192858737,-7.328010611067317,-1.793001853834704,-1.5,-1.3133237983795172,-1.4326566890436825,0.0,50.0,20.0,1.0,0.0,0.0,0.0,-439.9441953145842,70.0,50.000015570815776,0.9999999610729597,0.0,0.00027902343794065535,0.0
2.0004184246063232,8.670185475583981,-6.900240109344979,-1.134614903334593,-1.5,-1.1465436714393427,-1.5,0.0,50.0,20.0,1.0,0.0,0.0,0.0,-439.9937988262728,70.0,50.00000019227278,0.9999999995193181,0.0,3.100586865101857e-05,0.0
2.0337564945220947,8.527786925817152,-6.830785172326489,-1.8229081418860578,-1.5,-1.0717339267577926,-1.5,0.0,50.0,20.0,1.0,0.0,0.0,0.0,-439.99379882627267,70.0,50.00000019227278,0.9999999995193181,0.0,3.1005868651498156e-05,0.0
2.0670862197875977,8.709063517695862,-6.897784673661738,-1.2272044940353952,-1.4357856440825043,-1.214032286162869,-1.5,0.0,50.0,20.0,1.0,0.0,0.0,0.0,-439.8450196752089,70.0,50.00012009457747,0.9999996997635112,0.0,0.0007749018566091998,0.0
2.084289789199829,8.498110546259435,-7.1660945382983305,-1.1790190102422267,-1.4359471833841215,-1.2097163218015965,-1.4916249107693331,0.0,50.0,20.0,1.0,0.0,0.0,0.0,-439.69633483890476,70.0,50.0004610637132,0.9999988473400526,0.0,0.00151832755559166,0.0
2.117063045501709,8.859906555965154,-7.616731252768902,-1.3238076388010036,-1.5,-1.3699771059669412,-1.3704981920902959,0.0,50.0,20.0,1.0,0.0,0.0,0.0,-439.4982356070804,70.0,50.001258845453464,0.9999968528814142,0.0,0.002508829860183031,0.0
2.1504077911376953,9.63838556199342,-8.34133030416398,-0.8210195773448301,-1.3800371246997667,-1.223319980943684,-1.3336174490027086,0.0,50.0,20.0,1.0,0.0,0.0,0.0,-439.2508491336447,70.0,50.00280617447588,0.9999929845392019,0.0,0.003745780610153571,0.0
2.1837270259857178,9.064017224138667,-8.646910132300674,-0.13536669416811842,-1.3721144484187071,-1.1582004616588435,-1.2045180836604252,0.0,50.0,20.0,1.0,0.0,0.0,0.0,-438.9543355600255,70.0,50.00546722005761,0.9999863318564469,0.0,0.005228393662307535,0.0
2.217089891433716,9.504356949605324,-8.610734863032485,-0.21753426200271742,-1.213312223422807,-1.0656966695056824,-1.0737896794614015,0.0,50.0,20.0,1.0,0.0,0.0,0.0,-438.21473744562167,70.0,50.01593708189323,0.9999601565015147,0.0,0.008926668441592117,0.0
2.2504138946533203,9.356896354349296,-9.23036268584289,0.44129129283248636,-1.0988972949833582,-0.8857199658394597,-0.9937433674044354,0.0,50.0,20.0,1.0,0.0,0.0,0.0,-437.7721458474946,70.0,50.024819750724305,0.9999379486980072,0.0,0.011139962011673967,0.0
2.2676641941070557,9.46123475916515,-9.093061859703027,0.5935923765353881,-0.9223397129792927,-0.7337028250677965,-1.1379890036991223,0.0,50.0,20.0,1.0,0.0,0.0,0.0,-437.28141525428146,70.0,50.03696034543394,0.9999075948670608,0.0,0.013594179900593736,0.0
2.300384521484375,10.146820443351173,-8.50636677584804,0.9678398092485108,-0.9025485032458771,-0.8355500151603257,-1.2684045970893643,0.0,50.0,20.0,1.0,0.0,0.0,0.0,-436.74288510363806,70.0,50.053058063030775,0.999867346043887,0.0,0.016287735114308668,0.0
2.333758592605591,10.770786974192838,-7.909001303474323,0.4231841182635474,-0.9352202566249732,-0.9529281391823803,-1.225984447334445,0.0,50.0,20.0,1.0,0.0,0.0,0.0,-436.1569343884822,70.0,50.07387305261166,0.9998153003114834,0.0,0.019218877778328296,0.0
2.36720609664917,11.445699828732236,-7.645808547389631,0.06669763636539389,-0.7921074507894227,-0.7866066109516545,-1.1332307154449461,0.0,50.0,20.0,1.0,0.0,0.0,0.0,-434.8444937620006,70.0,50.13298464743252,0.9996674830976735,0.0,0.025786105505922974,0.0
2.400395631790161,11.30915651624113,-7.851326579907612,-0.2341305672453201,-0.9026271792800554,-0.8648444602425437,-1.2623574144264624,0.0,50.0,20.0,1.0,0.0,0.0,0.0,-434.1189729392976,70.0,50.173082183655055,0.9995672008833246,0.0,0.029417867330507143,0.0
2.433699607849121,11.535002506808473,-7.655765167949511,0.4214759741780273,-0.9020610157477764,-0.8294142296047866,-1.4485661735935342,0.0,50.0,20.0,1.0,0.0,0.0,0.0,-433.3479728695578,70.0,50.22149261962343,0.9994461150566762,0.0,0.03327856815004462,0.0
2.4504313468933105,11.220304284512107,-8.099290010627495,0.5481976908057647,-0.7022463654709528,-0.729240685995829,-1.5,0.0,50.0,20.0,1.0,0.0,0.0,0.0,-432.53209303256637,70.0,50.279238041791146,0.9993016610568825,0.0,0.03736562871083114,0.0
2.484320878982544,10.59150089726337,-8.298915560174967,0.6499319409472851,-0.6573194596457134,-0.8898971419709545,-1.4743932278776293,0.0,50.0,20.0,1.0,0.0,0.0,0.0,-430.76833767678306,70.0,50.427029718150436,0.9989318552380076,0.0,0.04620766809472399,0.0
2.5171332359313965,10.76703024146726,-7.973344281901764,-0.1079042477519282,-0.6183129447886,-1.0280750248678474,-1.327826458775208,0.0,50.0,20.0,1.0,0.0,0.0,0.0,-429.82191142449216,70.0,50.519315880171405,0.9987008664255493,0.0,0.05095664236247368,0.0
2.5504367351531982,10.867584879408895,-8.269179078724026,-0.006814368399841286,-0.43534669747670607,-0.9931330213157926,-1.5,0.0,50.0,20.0,1.0,0.0,0.0,0.0,-428.8335068688204,70.0,50.625408523348796,0.9984352544773527,0.0,0.05591996617259306,0.0
2.5837340354919434,10.828975895239086,-8.99963232723583,0.32845587652234187,-0.34084805094290577,-0.8563789508102804,-1.5,0.0,50.0,20.0,1.0,0.0,0.0,0.0,-427.8039825471817,70.0,50.746500523706715,0.9981320039861794,0.0,0.06109421100671947,0.0
2.6003215312957764,11.383209546704302,-9.298624171714627,0.850933052398445,-0.28584522068505597,-0.8487850970993347,-1.5,0.0,50.0,20.0,1.0,0.0,0.0,0.0,-426.73425286905797,70.0,50.883805798154754,0.9977880391191439,0.0,0.06647577747400715,0.0
2.63431453704834,11.145981807286855,-9.852606329760674,0.5576211105489206,-0.20987864602803497,-0.8874144181633358,-1.324726255438565,0.0,50.0,20.0,1.0,0.0,0.0,0.0,-424.4781208117844,70.0,51.21198824520033,0.9969654250644795,0.0,0.07784562432148409,0.0
2.667055130004883,11.146318156223058,-10.31945408824235,-0.1822801527063621,-0.03642733674203308,-0.7709388973089099,-1.4254195203431357,0.0,50.0,20.0,1.0,0.0,0.0,0.0,-423.2938356024802,70.0,51.40535475431213,0.9964804193903859,0.0,0.08382585383734911,0.0
2.700434446334839,10.81475617931509,-10.872409005222616,-0.8597866496057067,0.06389336952381647,-0.5901250587762124,-1.5,0.0,50.0,20.0,1.0,0.0,0.0,0.0,-422.07358069377415,70.0,51.619902973938,0.9959420089193497,0.0,0.08999730479125476,0.0
2.733734607696533,10.697518623016407,-10.896118875548046,-1.4070771460969398,0.19391035185104327,-0.5093896809890421,-1.5,0.0,50.0,20.0,1.0,0.0,0.0,0.0,-420.8185627600278,70.0,51.85687764591445,0.9953469805904008,0.0,0.09635553035281473,0.0
2.767094135284424,10.770488724154783,-10.53955232651422,-1.5688010017388572,0.05052957031720656,-0.5512788753816343,-1.4592720522218012,0.0,50.0,20.0,1.0,0.0,0.0,0.0,-418.2093627421547,70.0,52.403032178776144,0.9939742648107743,0.0,0.10961368935439007,0.0
2.784332513809204,10.962527989294703,-9.756173766618751,-1.2691196491326222,-0.08605884855005791,-0.46468655868482645,-1.3318478941978538,0.0,50.0,20.0,1.0,0.0,0.0,0.0,-416.8578915736584,70.0,52.714632047859084,0.9931902334199146,0.0,0.11650390654091994,0.0
2.8171048164367676,11.55200508019417,-10.130312431109147,-1.349067227766247,-0.09368560101599174,-0.28607790254552484,-1.344312539011327,0.0,50.0,20.0,1.0,0.0,0.0,0.0,-415.4770781434314,70.0,53.053487408692064,0.9923369200813501,0.0,0.1235614707077424,0.0
2.8504104614257812,10.992423185643467,-10.438036955504684,-1.943856812034075,-0.01782324219795492,-0.17283911486100256,-1.3346248165147117,0.0,50.0,20.0,1.0,0.0,0.0,0.0,-414.0684234633549,70.0,53.420740641045924,0.9914112652147797,0.0,0.1307811270987891,0.0
2.883774995803833,10.320090139484869,-9.833288179255879,-2.564026946954501,-0.011013027439331108,-0.34607275286716455,-1.1881477481795542,0.0,50.0,20.0,1.0,0.0,0.0,0.0,-412.6334847958399,70.0,53.81749719631708,0.9904102756021944,0.0,0.1381574680630235,0.0
2.9170589447021484,10.714853569939864,-9.7623253795077,-1.8545104683858258,0.08650702266115481,-0.39772829422296635,-1.0600801647715454,0.0,50.0,20.0,1.0,0.0,0.0,0.0,-409.69125608610443,70.0,54.703724929240295,0.9881707217651201,0.0,0.15335783203410738,0.0
2.9504189491271973,11.081727486010625,-9.602565979033919,-1.2191278678088875,0.09034532052945346,-0.2548107919058449,-0.8987104078990413,0.0,50.0,20.0,1.0,0.0,0.0,0.0,-408.1873461496677,70.0,55.19517388339908,0.9869266085089633,0.0,0.1611703118350132,0.0
2.967646360397339,11.198076824370716,-9.395105003464307,-1.4726632143066665,-0.02845642141805023,-0.09827085215266312,-0.9448911780421642,0.0,50.0,20.0,1.0,0.0,0.0,0.0,-406.66390772505383,70.0,55.720071320369186,0.985596085320023,0.0,0.16911639956505084,0.0
3.0004284381866455,10.755849510341731,-8.695916823123476,-1.5241735062381492,0.1278939630557368,-0.22159109583100378,-1.0488043524805888,0.0,50.0,20.0,1.0,0.0,0.0,0.0,-405.122749517953,70.0,56.27925843863294,0.9841766649371623,0.0,0.1771899889755758,0.0
3.0337533950805664,10.217208641256175,-9.147326029868477,-2.2700102826896864,0.014129904370157667,-0.23472209644853598,-1.102401233379208,0.0,50.0,20.0,1.0,0.0,0.0,0.0,-403.56572234495945,70.0,56.873508539431086,0.9826659947829907,0.0,0.18538485023635407,0.0
3.0671300888061523,9.561432992242334,-9.489547926750966,-2.5148787219228037,0.10577514477006413,-0.2500249670826413,-1.0432281094271756,0.0,50.0,20.0,1.0,0.0,0.0,0.0,-400.4116538868046,70.0,58.16992403345273,0.9793622311651273,0.0,0.20211288966135646,0.0
3.1009013652801514,10.352970809250346,-8.701517719217861,-3.076764566598766,-0.00480902702970995,-0.21598384280551935,-1.2051900263869517,0.0,50.0,20.0,1.0,0.0,0.0,0.0,-398.81849219625576,70.0,58.87325631292342,0.9775651990713371,0.0,0.21063304955447296,0.0
3.1337532997131348,10.358526622194193,-9.169624896425791,-3.1583781064815803,-0.1787427862521677,-0.22011992080120754,-1.3655245873883441,0.0,50.0,20.0,1.0,0.0,0.0,0.0,-397.21721236193696,70.0,59.6139773974073,0.9756690591655367,0.0,0.21924845948611932,0.0
3.1504273414611816,10.537949313942411,-8.787572102711245,-3.1226071655444487,-0.08713381269538115,-0.1811770349843054,-1.4008118334286281,0.0,50.0,20.0,1.0,0.0,0.0,0.0,-395.60981808960605,70.0,60.392457069942296,0.9736722829834936,0.0,0.22795237517892084,0.0
3.184339761734009,10.702521988010497,-9.415229078679024,-2.6514586020465782,-0.15042464818563886,-0.1783725987485297,-1.436606826855068,0.0,50.0,20.0,1.0,0.0,0.0,0.0,-392.3847816366188,70.0,62.06371067524212,0.9693716762025747,0.0,0.24559835784510167,0.0
3.2170612812042236,10.688818727626675,-9.871474666489037,-2.417231141589504,-0.14528187775134976,-0.08782352566104354,-1.399847304957106,0.0,50.0,20.0,1.0,0.0,0.0,0.0,-390.77121211293843,70.0,62.956755327189796,0.9670657802673255,0.0,0.2545265735359453,0.0
3.250401496887207,11.206655852495002,-9.741182440135665,-1.9953478845919537,-0.11352929856251318,-0.10430878548988926,-1.4921698104076975,0.0,50.0,20.0,1.0,0.0,0.0,0.0,-389.1596628001088,70.0,63.88809540254404,0.9646551316337253,0.0,0.2635156105674201,0.0
3.283745288848877,10.439507625983588,-9.102071463095053,-1.4901073239211122,-0.10769004596033468,-0.13641591990507074,-1.5,0.0,50.0,20.0,1.0,0.0,0.0,0.0,-387.55217070504204,70.0,64.85761806099765,0.9621392361269816,0.0,0.2725584163165546,0.0
3.3004209995269775,10.713549577470307,-8.73525758521465,-2.1512240545015744,-0.05565933099393114,-0.24482933829125442,-1.5,0.0,50.0,20.0,1.0,0.0,0.0,0.0,-385.9507629930045,70.0,65.86510843317366,0.9595178256989975,0.0,0.28164790460052835,0.0
3.334315776824951,10.475672796969134,-8.474461029811488,-1.4035203677531471,0.06621668784960336,-0.2788619965320936,-1.5,0.0,50.0,20.0,1.0,0.0,0.0,0.0,-382.7742254388882,70.0,67.99261785740988,0.9539585476911199,0.0,0.2999384758363778,0.0
3.3671774864196777,10.844419640579426,-8.923449862221432,-0.807026817815947,0.24666790671041602,-0.33465686462210115,-1.457984570592016,0.0,50.0,20.0,1.0,0.0,0.0,0.0,-381.20304844432127,70.0,69.11169127890504,0.9510213160626184,0.0,0.30912530856357456,0.0
3.4004297256469727,11.285135518951202,-8.483571485620859,-0.16021839509094082,0.2564080340682125,-0.14583063453451717,-1.2659283930017753,0.0,50.0,20.0,1.0,0.0,0.0,0.0,-379.64584980034005,70.0,70.26684156715673,0.9479798479736878,0.0,0.31833034388160936,0.0
3.433760404586792,10.982716461395432,-8.494579978285286,0.013232510338274772,0.21211196945259783,-0.2552844451102475,-1.328219956239031,0.0,50.0,20.0,1.0,0.0,0.0,0.0,-378.1045200726055,70.0,71.45733920627904,0.9448350670718169,0.0,0.3275464791924884,0.0
3.4670910835266113,10.643958254244952,-9.01248460035347,0.28882647067821543,0.22839092578917747,-0.218404280197326,-1.2426027613116917,0.0,50.0,20.0,1.0,0.0,0.0,0.0,-375.0768001742738,70.0,73.94095632741087,0.9382404906861277,0.0,0.3459837881130478,0.0
3.4843008518218994,10.240580314607516,-9.476476490934388,-0.08875878613818011,0.17952538319543154,-0.1722124718352746,-1.3021113778725202,0.0,50.0,20.0,1.0,0.0,0.0,0.0,-373.5939448770293,70.0,75.23212024535552,0.9347937733924111,0.0,0.3551909362959274,0.0
3.517094373703003,10.18836419067201,-8.752251843730033,-0.3224599231735914,0.027812418649274473,-0.24462472697760776,-1.1035631160456094,0.0,50.0,20.0,1.0,0.0,0.0,0.0,-372.1340173943755,70.0,76.55472510111304,0.9312498990574092,0.0,0.36438115415806727,0.0
3.550394058227539,10.488210507919025,-9.432172760982855,0.18411798318541694,0.06525478046693223,-0.13114991020131714,-0.992327355813211,0.0,50.0,20.0,1.0,0.0,0.0,0.0,-370.698629553068,70.0,77.9075589664416,0.9276110204001417,0.0,0.37354758041273395,0.0
3.5837628841400146,10.770877090685035,-9.03183065313544,-0.44484568665002944,-0.11845364377140924,-0.08030268188170994,-0.9471398056744089,0.0,50.0,20.0,1.0,0.0,0.0,0.0,-369.28932188142187,70.0,79.28932188126862,0.9238795325114941,0.0,0.3826834323645892,0.0
3.6170504093170166,11.499890905150533,-8.945396170560757,-0.6688903338962782,-0.28102922386260015,-0.16290446473150513,-0.8618977147027791,0.0,50.0,20.0,1.0,0.0,0.0,0.0,-366.55472510126,70.0,82.13401739421651,0.916149503644966,0.0,0.4008367335600401,0.0
3.6503818035125732,11.5076883776224,-8.332793446055883,-1.0489600820339215,-0.24539566292727766,-0.2658306622576453,-0.8903226911014143,0.0,50.0,20.0,1.0,0.0,0.0,0.0,-365.23212024549906,70.0,83.59394487686768,0.9121569358480269,0.0,0.4098410965048996,0.0
3.667633295059204,12.057552917362313,-8.93846884952065,-0.4600115717275146,-0.24063025000727023,-0.4641720065018756,-0.8621673625229899,0.0,50.0,20.0,1.0,0.0,0.0,0.0,-363.940956327548,70.0,85.0768001741131,0.9080836961037426,0.0,0.41878873059164995,0.0
3.700428009033203,12.00547919933233,-8.49920162364429,-0.8046744949585447,-0.2641126026426648,-0.4261185647913243,-0.7579155890944124,0.0,50.0,20.0,1.0,0.0,0.0,0.0,-362.6823539051321,70.0,86.58090506520327,0.903933335304094,0.0,0.42767338627276813,0.0
3.733766794204712,11.945345366006999,-8.846338933257757,-0.08798316530474604,-0.24042629506043375,-0.5085085850749334,-0.639307974250813,0.0,50.0,20.0,1.0,0.0,0.0,0.0,-361.4573392064117,70.0,88.10452007243723,0.8997096196205828,0.0,0.4364889464375772,0.0
3.767083168029785,12.711593393853171,-9.384790323339919,-0.7649665242162292,-0.4344989134303693,-0.36003144620060296,-0.622420847928329,0.0,50.0,20.0,1.0,0.0,0.0,0.0,-359.1116912790299,70.0,91.20304844414946,0.8910582235630019,0.0,0.4538890197181986,0.0
3.8004660606384277,11.98628886436855,-9.855626049129588,-0.6808103509248982,-0.6040472681551453,-0.20836678234913292,-0.4469811896787241,0.0,50.0,20.0,1.0,0.0,0.0,0.0,-357.9926178575283,70.0,92.77422543871853,0.8866390882463999,0.0,0.462462027839684,0.0
3.8337223529815674,12.225904145160946,-9.945267515179609,-0.8097933693477248,-0.7995858360245169,-0.2589809028363831,-0.49211138095794693,0.0,50.0,20.0,1.0,0.0,0.0,0.0,-356.91024874264093,70.0,94.357451208718,0.8821636718639064,0.0,0.4709429435118335,0.0
3.85040283203125,12.884992758346435,-9.173801999299357,-1.3986408058412254,-0.7445195706859532,-0.2753900543074884,-0.5540010641036548,0.0,50.0,20.0,1.0,0.0,0.0,0.0,-355.86510843328637,70.0,95.95076299282903,0.877636704471648,0.0,0.47932641797020237,0.0
3.884338140487671,13.0,-9.056832939359744,-0.6630033504342374,-0.7044983105860627,-0.28491189890750757,-0.6797349654339767,0.0,50.0,20.0,1.0,0.0,0.0,0.0,-353.88809540264845,70.0,99.159662799932,0.8684478602658539,0.0,0.4957805099029811,0.0
3.9170982837677,12.652131430057445,-8.89387482775939,0.04430337668730333,-0.5195061057948344,-0.17744184502175475,-0.5537675707426142,0.0,50.0,20.0,1.0,0.0,0.0,0.0,-352.95675532728995,70.0,100.77121211276133,0.8637962372204415,0.0,0.5038413049401633,0.0
3.950389862060547,12.038258714393134,-9.166494389384118,0.3552078622029149,-0.46025648135861913,-0.3712901255235139,-0.6088184975560094,0.0,50.0,20.0,1.0,0.0,0.0,0.0,-352.0637106753381,70.0,102.38478163644157,0.8591135500140782,0.0,0.5117850214515933,0.0
3.983759641647339,11.797494284141667,-9.567109493985761,1.0656959234841061,-0.5378084635368393,-0.49490367444974176,-0.6221888387927589,0.0,50.0,20.0,1.0,0.0,0.0,0.0,-351.2089735582183,70.0,103.99833021058012,0.8544052603695154,0.0,0.5196072084304649,0.0
4.000426530838013,11.31994108326343,-8.926062277796197,0.7937317403074481,-0.4402652885491172,-0.4115103689255571,-0.7420231804590331,0.0,50.0,20.0,1.0,0.0,0.0,0.0,-350.39245707002806,70.0,105.6098180894329,0.8496769442281198,0.0,0.5273036036735995,0.0
4.03432297706604,12.064141331062558,-9.620474681199719,0.21099163999038828,-0.5883896645177038,-0.35151405900125315,-0.6795621225165418,0.0,50.0,20.0,1.0,0.0,0.0,0.0,-348.8732563130027,70.0,108.81849219608034,0.8401830389978117,0.0,0.5423029236325411,0.0
4.067099571228027,11.899539835558718,-10.124578482861907,0.4909777430784984,-0.5944909600736379,-0.32878405367785124,-0.5777853892932034,0.0,50.0,20.0,1.0,0.0,0.0,0.0,-348.1699240335264,70.0,110.4116538866337,0.8354290697401136,0.0,0.5495982800493179,0.0
4.1004414558410645,12.344722488170845,-9.440379483571503,-0.10256941965508648,-0.7370419683306745,-0.4962628973772597,-0.7400886975177177,0.0,50.0,20.0,1.0,0.0,0.0,0.0,-347.5035224261523,70.0,111.99471567754438,0.8306782900812312,0.0,0.5567527084691388,0.0
4.133833169937134,12.99520022520712,-9.634137814140402,0.47965859170425673,-0.7306965173617335,-0.5364580511032031,-0.6652411727125513,0.0,50.0,20.0,1.0,0.0,0.0,0.0,-346.8735085394983,70.0,113.56572234478767,0.8259366732843757,0.0,0.5637629038203369,0.0
4.167090177536011,12.363696514302008,-8.988750100824761,-0.18916977250476041,-0.5878725502730899,-0.42496231783854654,-0.7137086071166087,0.0,50.0,20.0,1.0,0.0,0.0,0.0,-345.7200713204287,70.0,116.66390772488552,0.8165050283835198,0.0,0.5773383224976735,0.0
4.184312582015991,12.919550990549785,-8.60813057663141,-0.6526381986761233,-0.6430973019721224,-0.4407684188411471,-0.7958493957938063,0.0,50.0,20.0,1.0,0.0,0.0,0.0,-345.1951738834537,70.0,118.18734614950483,0.8118271178351187,0.0,0.5838978769849434,0.0
4.217081308364868,13.0,-7.848815066938578,-0.10210182174015003,-0.44426554039257155,-0.5310314714932147,-0.8455067478312266,0.0,50.0,20.0,1.0,0.0,0.0,0.0,-344.70372492929243,70.0,119.69125608594041,0.8071825813100144,0.0,0.5903018553500421,0.0
4.250421762466431,12.890512987432453,-8.643970819361781,-0.1837972755153099,-0.4268122356804934,-0.591379974728191,-0.9735201205343547,0.0,50.0,20.0,1.0,0.0,0.0,0.0,-344.2448201670912,70.0,121.1738740867371,0.8025774913155206,0.0,0.5965478777379779,0.0
4.283753871917725,12.418805386336054,-8.581421132313338,-0.38622015760479167,-0.575870309203377,-0.46248691342232967,-1.1171755352126644,0.0,50.0,20.0,1.0,0.0,0.0,0.0,-343.8174971963614,70.0,122.63348479568423,0.7980179045745646,0.0,0.6026337394955755,0.0
4.317087650299072,12.582432514923035,-8.486333898065846,-0.450578083043477,-0.649741143687621,-0.2636651842399296,-1.1775870002446926,0.0,50.0,20.0,1.0,0.0,0.0,0.0,-343.0534874087308,70.0,125.47707814327822,0.7890593192426086,0.0,0.6143170115798448,0.0
4.350435733795166,12.027876809793948,-8.174038809011588,-0.11311610263988892,-0.7928226651977646,-0.4476043832553358,-1.1589785356111615,0.0,50.0,20.0,1.0,0.0,0.0,0.0,-342.7146320478948,70.0,126.85789157350831,0.7846722514097579,0.0,0.6199108467090583,0.0
4.3676438331604,12.475245744377423,-8.053797320195354,0.625701009118054,-0.9002222434348646,-0.41122722152003427,-0.9985273297421557,0.0,50.0,20.0,1.0,0.0,0.0,0.0,-342.40303217880887,70.0,128.20936274200795,0.7803545260264466,0.0,0.62533735991866,0.0
4.400386810302734,12.997517027528048,-8.293991927986124,1.1513883961263378,-0.8949676024206237,-0.26899978828363647,-1.0041919958410699,0.0,50.0,20.0,1.0,0.0,0.0,0.0,-342.11751397133264,70.0,129.53004814740055,0.7761119502127236,0.0,0.6305951480442922,0.0
4.433708906173706,13.0,-8.213177885269097,1.549851922675199,-0.9803724521161088,-0.4687474723430638,-1.0766385285642222,0.0,50.0,20.0,1.0,0.0,0.0,0.0,-341.8568776459417,70.0,130.81856275988812,0.7719502485267813,0.0,0.6356829506911764,0.0
4.467057943344116,13.0,-8.40878378659857,1.8511929935455265,-1.0700647715406482,-0.6036824204618645,-1.2719388568600565,0.0,50.0,20.0,1.0,0.0,0.0,0.0,-341.40535475433404,70.0,133.2938356023509,0.7638918915581219,0.0,0.6453442321829138,0.0
4.50035548210144,13.0,-7.778107021265686,2.2805630110590167,-1.1336128743257685,-0.6509192727670279,-1.4513548129026992,0.0,50.0,20.0,1.0,0.0,0.0,0.0,-341.2119882452204,70.0,134.47812081165637,0.7600061815154652,0.0,0.6499158438277081,0.0
4.533687353134155,13.0,-8.491817226234385,1.6546480541282613,-1.2251930772711297,-0.45345878118840255,-1.4238082010519317,0.0,50.0,20.0,1.0,0.0,0.0,0.0,-341.03855452997396,70.0,135.62528920349843,0.7562232170348302,0.0,0.6543137214039547,0.0
4.55035138130188,13.0,-8.92030686444582,2.0058002917334354,-1.3196576545421745,-0.5083626301363168,-1.2973984680013502,0.0,50.0,20.0,1.0,0.0,0.0,0.0,-340.8838057981708,70.0,136.7342528689383,0.7525481616848907,0.0,0.6585372156110022,0.0
4.584382057189941,12.220216430981054,-9.617011374357444,1.9597141821837736,-1.3829389668408305,-0.49171845558272187,-1.2024457325905775,0.0,50.0,20.0,1.0,0.0,0.0,0.0,-340.625408523361,70.0,138.8335068687119,0.7455417263013792,0.0,0.6664589517318823,0.0
4.617069721221924,12.970543307128327,-9.0989393966801,2.559904546863718,-1.1845675687642827,-0.5204949241859183,-1.380222176817328,0.0,50.0,20.0,1.0,0.0,0.0,0.0,-340.51931588018226,70.0,139.8219114243859,0.742219942387747,0.0,0.6701563676649872,0.0
4.650401592254639,13.0,-9.097825752395263,3.348882559038412,-1.1981435192333028,-0.5123566728635551,-1.32076859800272,0.0,50.0,20.0,1.0,0.0,0.0,0.0,-340.4270297181599,70.0,140.76833767668148,0.739025244234994,0.0,0.6736777333290802,0.0
4.68377423286438,13.0,-8.446387456880668,2.895167591457986,-1.1690170171099745,-0.5526389044789413,-1.46898196671322,0.0,50.0,20.0,1.0,0.0,0.0,0.0,-340.3473828149867,70.0,141.67198173770066,0.7359620175739348,0.0,0.6770228273023764,0.0
4.717057943344116,13.0,-9.139284448513074,2.096516522255098,-1.2301915746804137,-0.7379029740116976,-1.4155409886011414,0.0,50.0,20.0,1.0,0.0,0.0,0.0,-340.279238041798,70.0,142.5320930324743,0.7330344704293438,0.0,0.6801914915392367,0.0
4.734333515167236,13.0,-9.253876613538775,2.8858997124735604,-1.2838570259064523,-0.8998693431599891,-1.3680006731057612,0.0,50.0,20.0,1.0,0.0,0.0,0.0,-340.1730821836599,70.0,144.11897293921544,0.7276023194739849,0.0,0.6859991725185076,0.0
4.767066478729248,12.522354424613399,-9.822202741225933,3.34424578804061,-1.1518944592876657,-0.8848463460011181,-1.321612916984979,0.0,50.0,20.0,1.0,0.0,0.0,0.0,-340.1329846474365,70.0,144.84449376192345,0.7251051862939492,0.0,0.6886381261661434,0.0
4.800438165664673,11.809059667568205,-9.264052063732013,2.977565978778114,-1.1266460076598759,-0.8935923585658374,-1.229233037821418,0.0,50.0,20.0,1.0,0.0,0.0,0.0,-340.1002238603455,70.0,145.52398310470943,0.7227586626782504,0.0,0.6911005104350214,0.0
4.85038423538208,11.556685779994542,-8.745130989075957,2.3338476915207655,-1.124559068913436,-0.8570002617684354,-1.0575627740918894,0.0,50.0,20.0,1.0,0.0,0.0,0.0,-340.0738730526142,70.0,146.15693438841527,0.720565977588398,0.0,0.6933863799802216,0.0
4.867596864700317,11.188400136847319,-7.9577088368882,1.6644567886752517,-0.994754510711131,-0.9936249811852944,-1.0818104862763704,0.0,50.0,20.0,1.0,0.0,0.0,0.0,-340.03696034543543,70.0,147.2814152542261,0.7166539776830027,0.0,0.6974289040978516,0.0
4.884308099746704,5.994206404854857,-12.360026039431164,-2.4630582493671938,-1.3966091043448823,-0.5779399818063413,-0.9740474922912623,0.0,50.0,20.0,1.0,0.0,0.0,0.0,-340.02481975072544,70.0,147.77214584744337,0.7149400469709213,0.0,0.6991857616093285,0.0
4.917095899581909,5.826165160527318,-11.843766659324357,-2.5670575788368435,-1.5,-0.7241573243911585,-0.982737702051799,0.0,50.0,20.0,1.0,0.0,0.0,0.0,-340.01593708189404,70.0,148.21473744557574,0.7133907153671971,0.0,0.7007664997899647,0.0
4.950496435165405,6.6219613621333195,-12.300942969330814,-3.125610490773389,-1.5,-0.8652644100751092,-0.9437903815047617,0.0,50.0,20.0,1.0,0.0,0.0,0.0,-340.0096764200614,70.0,148.60888879697873,0.712008115132901,0.0,0.7021712355151652,0.0
4.974523544311523,7.135629834984175,-12.677736215300618,-3.813178872203105,-1.3174315558828107,-0.9649066356845658,-0.8266033844104635,0.0,50.0,20.0,1.0,0.0,0.0,0.0,-340.005467220058,70.0,148.95433555999026,0.7107941489630093,0.0,0.7034000837360992,0.0
5.0170817375183105,7.6736874301955655,-11.948099026002724,-3.9557015382195337,-1.2162160248737386,-1.0986635970586254,-0.7342467396107593,0.0,50.0,20.0,1.0,0.0,0.0,0.0,-340.0012588454536,70.0,149.49823560705596,0.7088785664447192,0.0,0.7053305452305889,0.0
5.050434112548828,8.171754681399024,-11.978995101758898,-3.7085416070568105,-1.1039047625399363,-1.0397592082656697,-0.7971307783877135,0.0,50.0,20.0,1.0,0.0,0.0,0.0,-340.00046106371326,70.0,149.69633483888572,0.7081795858435708,0.0,0.7060323464221937,0.0
5.067606687545776,7.734081766222088,-11.686919060514017,-3.3465346861120895,-0.9870172281702884,-0.9310250260628621,-0.7869302707396749,0.0,50.0,20.0,1.0,0.0,0.0,0.0,-340.0001200945775,70.0,149.84501967519557,0.7076545072449,0.0,0.7065586305296807,0.0
