# Timestamp, Fx, Fy, Fz, Tx, Ty, Tz, FemurPosX, FemurPosY, FemurPosZ, FemurQuatW, FemurQuatX, FemurQuatY, FemurQuatZ, TibiaPosX, TibiaPosY, TibiaPosZ, TibiaQuatW, TibiaQuatX, TibiaQuatY, TibiaQuatZ
0.017107486724853516,-5.61322,2.36367,-2.28261,-3.5658,3.66471,-0.0693344,-0.227009,0.700723,0.0463963,0.12896,0.981149,0.0204785,-0.186481,-0.00149299,0.556579,0.117075,0.730577,0.956209,-0.0908661,0.252392
0.03504586219787598,-5.5216,2.38208,-2.2609,-3.56099,3.63247,-0.0693542,-0.226971,0.70061,0.0463389,0.129048,0.981103,0.0214816,-0.186621,-0.00174631,0.557043,0.116513,0.730513,0.957282,-0.084827,0.250681
0.05075407028198242,-5.5216,2.38208,-2.2609,-3.56099,3.63247,-0.0693542,-0.226971,0.70061,0.0463389,0.129048,0.981103,0.0214816,-0.186621,-0.00174631,0.557043,0.116513,0.730513,0.957282,-0.084827,0.250681
0.07030034065246582,-5.5216,2.38208,-2.2609,-3.56099,3.63247,-0.0693542,-0.226971,0.70061,0.0463389,0.129048,0.981103,0.0214816,-0.186621,-0.00174631,0.557043,0.116513,0.730513,0.957282,-0.084827,0.250681
0.08423686027526855,-5.58178,2.33995,-2.26727,-3.56171,3.64246,-0.0693365,-0.227008,0.700719,0.0464836,0.128961,0.981136,0.0204042,-0.186532,-0.00149193,0.556571,0.117083,0.73058,0.956188,-0.0909307,0.252443
0.10281848907470703,-5.58178,2.33995,-2.26727,-3.56171,3.64246,-0.0693365,-0.227008,0.700719,0.0464836,0.128961,0.981136,0.0204042,-0.186532,-0.00149193,0.556571,0.117083,0.73058,0.956188,-0.0909307,0.252443
0.12264275550842285,-5.64306,2.35592,-2.29602,-3.57882,3.68339,-0.0693371,-0.227008,0.70072,0.0465222,0.128964,0.981136,0.0204478,-0.186522,-0.00149099,0.556576,0.117065,0.730575,0.956193,-0.0908999,0.252442
0.13368892669677734,-5.64306,2.35592,-2.29602,-3.57882,3.68339,-0.0693371,-0.227008,0.70072,0.0465222,0.128964,0.981136,0.0204478,-0.186522,-0.00149099,0.556576,0.117065,0.730575,0.956193,-0.0908999,0.252442
0.16255712509155273,-5.64306,2.35592,-2.29602,-3.57882,3.68339,-0.0693371,-0.227008,0.70072,0.0465222,0.128964,0.981136,0.0204478,-0.186522,-0.00149099,0.556576,0.117065,0.730575,0.956193,-0.0908999,0.252442
0.17270278930664062,-5.56931,2.40995,-2.28067,-3.56514,3.66523,-0.0694095,-0.227019,0.700736,0.0465448,0.129026,0.981159,0.0206346,-0.186375,-0.00167529,0.556943,0.116107,0.730568,0.957089,-0.0863005,0.251103
0.19287562370300293,-5.56931,2.40995,-2.28067,-3.56514,3.66523,-0.0694095,-0.227019,0.700736,0.0465448,0.129026,0.981159,0.0206346,-0.186375,-0.00167529,0.556943,0.116107,0.730568,0.957089,-0.0863005,0.251103
0.22281980514526367,-5.54778,2.37939,-2.272,-3.52628,3.65112,-0.0694064,-0.227018,0.700725,0.0464965,0.128588,0.981164,0.0205951,-0.186362,-0.00165882,0.557356,0.116362,0.730564,0.957797,-0.0869148,0.248052
0.22324275970458984,-5.54778,2.37939,-2.272,-3.52628,3.65112,-0.0694064,-0.227018,0.700725,0.0464965,0.128588,0.981164,0.0205951,-0.186362,-0.00165882,0.557356,0.116362,0.730564,0.957797,-0.0869148,0.248052
0.2551157474517822,-5.54778,2.37939,-2.272,-3.52628,3.65112,-0.0694064,-0.227018,0.700725,0.0464965,0.128588,0.981164,0.0205951,-0.186362,-0.00165882,0.557356,0.116362,0.730564,0.957797,-0.0869148,0.248052
0.27344632148742676,-5.35503,2.36626,-2.22424,-3.414,3.43227,-0.069357,-0.224973,0.698598,0.0824886,0.12906,0.982085,0.0279528,-0.1671,-0.00175141,0.557032,0.116502,0.7318,0.957265,-0.0847738,0.250766
0.2842280864715576,-5.35503,2.36626,-2.22424,-3.414,3.43227,-0.069357,-0.224973,0.698598,0.0824886,0.12906,0.982085,0.0279528,-0.1671,-0.00175141,0.557032,0.116502,0.7318,0.957265,-0.0847738,0.250766
0.3149871826171875,-5.35503,2.36626,-2.22424,-3.414,3.43227,-0.069357,-0.224973,0.698598,0.0824886,0.12906,0.982085,0.0279528,-0.1671,-0.00175141,0.557032,0.116502,0.7318,0.957265,-0.0847738,0.250766
0.323256254196167,-5.56827,2.45342,-2.29004,-3.56461,3.67977,-0.0693762,-0.227013,0.700736,0.0465019,0.129101,0.981168,0.0205653,-0.186343,-0.00178867,0.557062,0.116286,0.730565,0.957341,-0.0840569,0.250817
0.34482765197753906,-5.56827,2.45342,-2.29004,-3.56461,3.67977,-0.0693762,-0.227013,0.700736,0.0465019,0.129101,0.981168,0.0205653,-0.186343,-0.00178867,0.557062,0.116286,0.730565,0.957341,-0.0840569,0.250817
0.37311482429504395,-5.52963,2.37197,-2.26723,-3.54771,3.63189,-0.0694074,-0.226995,0.70067,0.0458245,0.129031,0.980971,0.0211029,-0.187484,-0.00167313,0.556953,0.116103,0.730564,0.95709,-0.0862689,0.251109
0.374713659286499,-5.52963,2.37197,-2.26723,-3.54771,3.63189,-0.0694074,-0.226995,0.70067,0.0458245,0.129031,0.980971,0.0211029,-0.187484,-0.00167313,0.556953,0.116103,0.730564,0.95709,-0.0862689,0.251109
0.4069247245788574,-5.52963,2.37197,-2.26723,-3.54771,3.63189,-0.0694074,-0.226995,0.70067,0.0458245,0.129031,0.980971,0.0211029,-0.187484,-0.00167313,0.556953,0.116103,0.730564,0.95709,-0.0862689,0.251109
0.4231858253479004,-5.62411,2.31377,-2.28244,-3.57355,3.65186,-0.0693593,-0.227001,0.70068,0.0459472,0.128917,0.981003,0.0212191,-0.187273,-0.00148123,0.556493,0.116516,0.730548,0.956103,-0.0926764,0.252392
0.43697524070739746,-5.62411,2.31377,-2.28244,-3.57355,3.65186,-0.0693593,-0.227001,0.70068,0.0459472,0.128917,0.981003,0.0212191,-0.187273,-0.00148123,0.556493,0.116516,0.730548,0.956103,-0.0926764,0.252392
0.46687817573547363,-5.62411,2.31377,-2.28244,-3.57355,3.65186,-0.0693593,-0.227001,0.70068,0.0459472,0.128917,0.981003,0.0212191,-0.187273,-0.00148123,0.556493,0.116516,0.730548,0.956103,-0.0926764,0.252392
0.4731125831604004,-5.57527,2.35347,-2.27129,-3.54632,3.63204,-0.0693356,-0.226994,0.700673,0.0458723,0.128964,0.980966,0.0210299,-0.187507,-0.00149346,0.556581,0.117084,0.730567,0.956198,-0.0908481,0.252434
0.49691152572631836,-5.57527,2.35347,-2.27129,-3.54632,3.63204,-0.0693356,-0.226994,0.700673,0.0458723,0.128964,0.980966,0.0210299,-0.187507,-0.00149346,0.556581,0.117084,0.730567,0.956198,-0.0908481,0.252434
0.5231335163116455,-5.6558,2.32863,-2.3056,-3.57517,3.68099,-0.069439,-0.227021,0.700689,0.0459982,0.128616,0.98097,0.0216832,-0.187382,-0.00148205,0.556811,0.116852,0.730559,0.956748,-0.0910897,0.250361
0.5268266201019287,-5.6558,2.32863,-2.3056,-3.57517,3.68099,-0.069439,-0.227021,0.700689,0.0459982,0.128616,0.98097,0.0216832,-0.187382,-0.00148205,0.556811,0.116852,0.730559,0.956748,-0.0910897,0.250361
0.5589630603790283,-5.6558,2.32863,-2.3056,-3.57517,3.68099,-0.069439,-0.227021,0.700689,0.0459982,0.128616,0.98097,0.0216832,-0.187382,-0.00148205,0.556811,0.116852,0.730559,0.956748,-0.0910897,0.250361
0.5733983516693115,-5.63882,2.36027,-2.29966,-3.55554,3.68294,-0.0693376,-0.227008,0.700726,0.0465219,0.128964,0.981134,0.0204522,-0.186532,-0.00148708,0.556582,0.117097,0.730579,0.956202,-0.0907918,0.252435
0.5882523059844971,-5.63882,2.36027,-2.29966,-3.55554,3.68294,-0.0693376,-0.227008,0.700726,0.0465219,0.128964,0.981134,0.0204522,-0.186532,-0.00148708,0.556582,0.117097,0.730579,0.956202,-0.0907918,0.252435
0.6181721687316895,-5.63882,2.36027,-2.29966,-3.55554,3.68294,-0.0693376,-0.227008,0.700726,0.0465219,0.128964,0.981134,0.0204522,-0.186532,-0.00148708,0.556582,0.117097,0.730579,0.956202,-0.0907918,0.252435
0.6234662532806396,-5.62613,2.35643,-2.29129,-3.56007,3.67317,-0.0693347,-0.227012,0.700715,0.046487,0.128959,0.981135,0.0204285,-0.186534,-0.00149106,0.556581,0.117072,0.730576,0.956206,-0.0908961,0.252394
0.650890588760376,-5.62613,2.35643,-2.29129,-3.56007,3.67317,-0.0693347,-0.227012,0.700715,0.046487,0.128959,0.981135,0.0204285,-0.186534,-0.00149106,0.556581,0.117072,0.730576,0.956206,-0.0908961,0.252394
0.6733043193817139,-5.48114,2.32846,-2.26167,-3.46426,3.45757,-0.0693373,-0.224947,0.698583,0.0824136,0.128958,0.981817,0.0290767,-0.168515,-0.00149356,0.556575,0.117086,0.731775,0.956207,-0.0908497,0.252399
0.6800079345703125,-5.48114,2.32846,-2.26167,-3.46426,3.45757,-0.0693373,-0.224947,0.698583,0.0824136,0.128958,0.981817,0.0290767,-0.168515,-0.00149356,0.556575,0.117086,0.731775,0.956207,-0.0908497,0.252399
0.7109074592590332,-5.48114,2.32846,-2.26167,-3.46426,3.45757,-0.0693373,-0.224947,0.698583,0.0824136,0.128958,0.981817,0.0290767,-0.168515,-0.00149356,0.556575,0.117086,0.731775,0.956207,-0.0908497,0.252399
0.7240478992462158,-5.59527,2.40177,-2.30439,-3.56571,3.69921,-0.0693762,-0.22701,0.700725,0.0465048,0.129104,0.981147,0.0203877,-0.186473,-0.0017831,0.557061,0.116319,0.730583,0.957323,-0.0840578,0.25087
0.7404506206512451,-5.59527,2.40177,-2.30439,-3.56571,3.69921,-0.0693762,-0.22701,0.700725,0.0465048,0.129104,0.981147,0.0203877,-0.186473,-0.0017831,0.557061,0.116319,0.730583,0.957323,-0.0840578,0.25087
0.7706754207611084,-5.59527,2.40177,-2.30439,-3.56571,3.69921,-0.0693762,-0.22701,0.700725,0.0465048,0.129104,0.981147,0.0203877,-0.186473,-0.0017831,0.557061,0.116319,0.730583,0.957323,-0.0840578,0.25087
0.7740483283996582,-5.35152,2.39689,-2.21935,-3.44767,3.42589,-0.0693546,-0.224969,0.698607,0.0825997,0.129049,0.982051,0.0278591,-0.167262,-0.00174863,0.557048,0.116506,0.731802,0.957288,-0.0847955,0.250671
0.802844762802124,-5.35152,2.39689,-2.21935,-3.44767,3.42589,-0.0693546,-0.224969,0.698607,0.0825997,0.129049,0.982051,0.0278591,-0.167262,-0.00174863,0.557048,0.116506,0.731802,0.957288,-0.0847955,0.250671
0.823265790939331,-5.55692,2.34058,-2.24591,-3.58413,3.60441,-0.0693355,-0.226996,0.700675,0.0458786,0.128921,0.980974,0.0211362,-0.187452,-0.00150481,0.556518,0.116637,0.730561,0.956109,-0.0926411,0.252327
0.8320276737213135,-5.55692,2.34058,-2.24591,-3.58413,3.60441,-0.0693355,-0.226996,0.700675,0.0458786,0.128921,0.980974,0.0211362,-0.187452,-0.00150481,0.556518,0.116637,0.730561,0.956109,-0.0926411,0.252327
0.8622679710388184,-5.55692,2.34058,-2.24591,-3.58413,3.60441,-0.0693355,-0.226996,0.700675,0.0458786,0.128921,0.980974,0.0211362,-0.187452,-0.00150481,0.556518,0.116637,0.730561,0.956109,-0.0926411,0.252327
0.8724701404571533,-5.42688,2.304,-2.23438,-3.41597,3.41075,-0.0693369,-0.224783,0.698345,0.0843856,0.128961,0.981922,0.030558,-0.166654,-0.00149129,0.556578,0.117059,0.731659,0.956217,-0.0908179,0.252384
0.8925633430480957,-5.42688,2.304,-2.23438,-3.41597,3.41075,-0.0693369,-0.224783,0.698345,0.0843856,0.128961,0.981922,0.030558,-0.166654,-0.00149129,0.556578,0.117059,0.731659,0.956217,-0.0908179,0.252384
0.9230690002441406,-5.62257,2.33599,-2.28999,-3.55596,3.66905,-0.0693612,-0.227006,0.700719,0.0465072,0.128943,0.981123,0.020468,-0.186588,-0.00145832,0.556544,0.116835,0.730577,0.956212,-0.0911922,0.252375
0.9234888553619385,-5.62257,2.33599,-2.28999,-3.55596,3.66905,-0.0693612,-0.227006,0.700719,0.0465072,0.128943,0.981123,0.020468,-0.186588,-0.00145832,0.556544,0.116835,0.730577,0.956212,-0.0911922,0.252375
0.9547288417816162,-5.62257,2.33599,-2.28999,-3.55596,3.66905,-0.0693612,-0.227006,0.700719,0.0465072,0.128943,0.981123,0.020468,-0.186588,-0.00145832,0.556544,0.116835,0.730577,0.956212,-0.0911922,0.252375
0.972740888595581,-5.59237,2.33909,-2.27157,-3.55979,3.65001,-0.0693375,-0.227019,0.700727,0.0464706,0.128959,0.981176,0.0205362,-0.186312,-0.00149427,0.556573,0.117047,0.730562,0.956209,-0.0908983,0.252394
0.9851739406585693,-5.59237,2.33909,-2.27157,-3.55979,3.65001,-0.0693375,-0.227019,0.700727,0.0464706,0.128959,0.981176,0.0205362,-0.186312,-0.00149427,0.556573,0.117047,0.730562,0.956209,-0.0908983,0.252394
1.0145092010498047,-5.59237,2.33909,-2.27157,-3.55979,3.65001,-0.0693375,-0.227019,0.700727,0.0464706,0.128959,0.981176,0.0205362,-0.186312,-0.00149427,0.556573,0.117047,0.730562,0.956209,-0.0908983,0.252394
1.0225515365600586,-5.41794,2.40639,-2.26949,-3.47653,3.43745,-0.0693543,-0.224963,0.698423,0.0842721,0.129042,0.981446,0.0296982,-0.169645,-0.00174094,0.55704,0.116547,0.73181,0.957273,-0.0848848,0.250679
1.044936180114746,-5.41794,2.40639,-2.26949,-3.47653,3.43745,-0.0693543,-0.224963,0.698423,0.0842721,0.129042,0.981446,0.0296982,-0.169645,-0.00174094,0.55704,0.116547,0.73181,0.957273,-0.0848848,0.250679
1.073150873184204,-5.46933,2.33403,-2.24248,-3.44451,3.45231,-0.0693592,-0.224808,0.698355,0.0842765,0.128948,0.982172,0.02928,-0.165467,-0.00146498,0.556551,0.116801,0.731708,0.956219,-0.0911835,0.252366
1.074728012084961,-5.46933,2.33403,-2.24248,-3.44451,3.45231,-0.0693592,-0.224808,0.698355,0.0842765,0.128948,0.982172,0.02928,-0.165467,-0.00146498,0.556551,0.116801,0.731708,0.956219,-0.0911835,0.252366
1.1069111824035645,-5.46933,2.33403,-2.24248,-3.44451,3.45231,-0.0693592,-0.224808,0.698355,0.0842765,0.128948,0.982172,0.02928,-0.165467,-0.00146498,0.556551,0.116801,0.731708,0.956219,-0.0911835,0.252366
1.1233017444610596,-5.59073,2.43801,-2.30126,-3.57196,3.69508,-0.0693744,-0.227007,0.700725,0.0464943,0.129115,0.981137,0.0204644,-0.186519,-0.00178667,0.557052,0.116288,0.730579,0.957315,-0.0840559,0.250917
1.1361103057861328,-5.59073,2.43801,-2.30126,-3.57196,3.69508,-0.0693744,-0.227007,0.700725,0.0464943,0.129115,0.981137,0.0204644,-0.186519,-0.00178667,0.557052,0.116288,0.730579,0.957315,-0.0840559,0.250917
1.1670396327972412,-5.59073,2.43801,-2.30126,-3.57196,3.69508,-0.0693744,-0.227007,0.700725,0.0464943,0.129115,0.981137,0.0204644,-0.186519,-0.00178667,0.557052,0.116288,0.730579,0.957315,-0.0840559,0.250917
1.1732463836669922,-5.49066,2.35132,-2.26129,-3.48858,3.46162,-0.0694346,-0.224948,0.698579,0.0824961,0.128626,0.981816,0.0290846,-0.168482,-0.00148077,0.556809,0.11684,0.731773,0.956736,-0.0911152,0.250407
1.1968376636505127,-5.49066,2.35132,-2.26129,-3.48858,3.46162,-0.0694346,-0.224948,0.698579,0.0824961,0.128626,0.981816,0.0290846,-0.168482,-0.00148077,0.556809,0.11684,0.731773,0.956736,-0.0911152,0.250407
1.2232038974761963,-5.65354,2.32827,-2.2991,-3.5774,3.68219,-0.0694664,-0.226963,0.700601,0.0463067,0.128618,0.981083,0.0212551,-0.186762,-0.00145274,0.556765,0.116508,0.730529,0.956719,-0.0915587,0.250464
1.2258920669555664,-5.65354,2.32827,-2.2991,-3.5774,3.68219,-0.0694664,-0.226963,0.700601,0.0463067,0.128618,0.981083,0.0212551,-0.186762,-0.00145274,0.556765,0.116508,0.730529,0.956719,-0.0915587,0.250464
1.258972406387329,-5.65354,2.32827,-2.2991,-3.5774,3.68219,-0.0694664,-0.226963,0.700601,0.0463067,0.128618,0.981083,0.0212551,-0.186762,-0.00145274,0.556765,0.116508,0.730529,0.956719,-0.0915587,0.250464
1.2726070880889893,-5.5323,2.46462,-2.26424,-3.58656,3.64919,-0.0693558,-0.227009,0.700719,0.0465027,0.129059,0.981139,0.02046,-0.186509,-0.0017459,0.557033,0.116529,0.730576,0.957261,-0.0847754,0.250771
1.2885289192199707,-5.5323,2.46462,-2.26424,-3.58656,3.64919,-0.0693558,-0.227009,0.700719,0.0465027,0.129059,0.981139,0.02046,-0.186509,-0.0017459,0.557033,0.116529,0.730576,0.957261,-0.0847754,0.250771
1.3185558319091797,-5.5323,2.46462,-2.26424,-3.58656,3.64919,-0.0693558,-0.227009,0.700719,0.0465027,0.129059,0.981139,0.02046,-0.186509,-0.0017459,0.557033,0.116529,0.730576,0.957261,-0.0847754,0.250771
1.322728157043457,-5.61466,2.41744,-2.31074,-3.5749,3.697,-0.0693562,-0.227004,0.700681,0.0458604,0.129044,0.981004,0.0213439,-0.187274,-0.00174709,0.557033,0.116556,0.730549,0.957275,-0.0848114,0.250693
1.3508660793304443,-5.61466,2.41744,-2.31074,-3.5749,3.697,-0.0693562,-0.227004,0.700681,0.0458604,0.129044,0.981004,0.0213439,-0.187274,-0.00174709,0.557033,0.116556,0.730549,0.957275,-0.0848114,0.250693
1.373218059539795,-5.39014,2.3884,-2.24782,-3.45115,3.4388,-0.0693561,-0.224904,0.698668,0.0829672,0.129037,0.981786,0.0286982,-0.16849,-0.00174648,0.557048,0.116555,0.731724,0.957288,-0.0848208,0.250639
1.3808441162109375,-5.39014,2.3884,-2.24782,-3.45115,3.4388,-0.0693561,-0.224904,0.698668,0.0829672,0.129037,0.981786,0.0286982,-0.16849,-0.00174648,0.557048,0.116555,0.731724,0.957288,-0.0848208,0.250639
1.4108905792236328,-5.39014,2.3884,-2.24782,-3.45115,3.4388,-0.0693561,-0.224904,0.698668,0.0829672,0.129037,0.981786,0.0286982,-0.16849,-0.00174648,0.557048,0.116555,0.731724,0.957288,-0.0848208,0.250639
1.423283338546753,-5.65527,2.31952,-2.30536,-3.58935,3.68041,-0.0693377,-0.227019,0.700739,0.0459025,0.128962,0.980933,0.0214437,-0.187628,-0.00148992,0.556576,0.117074,0.730607,0.956205,-0.0908365,0.252416
1.4400241374969482,-5.65527,2.31952,-2.30536,-3.58935,3.68041,-0.0693377,-0.227019,0.700739,0.0459025,0.128962,0.980933,0.0214437,-0.187628,-0.00148992,0.556576,0.117074,0.730607,0.956205,-0.0908365,0.252416
1.4709060192108154,-5.65527,2.31952,-2.30536,-3.58935,3.68041,-0.0693377,-0.227019,0.700739,0.0459025,0.128962,0.980933,0.0214437,-0.187628,-0.00148992,0.556576,0.117074,0.730607,0.956205,-0.0908365,0.252416
1.4730415344238281,-5.36085,2.29803,-2.23769,-3.41024,3.35983,-0.0694571,-0.224449,0.698454,0.0875933,0.128563,0.981382,0.0318525,-0.167934,-0.00157705,0.557289,0.115871,0.731608,0.957649,-0.0883812,0.248338
1.50288987159729,-5.36085,2.29803,-2.23769,-3.41024,3.35983,-0.0694571,-0.224449,0.698454,0.0875933,0.128563,0.981382,0.0318525,-0.167934,-0.00157705,0.557289,0.115871,0.731608,0.957649,-0.0883812,0.248338
1.5233967304229736,-5.63549,2.3323,-2.29698,-3.55676,3.68095,-0.069339,-0.227012,0.700716,0.046476,0.128962,0.981145,0.0203807,-0.186492,-0.00149594,0.556573,0.117059,0.730575,0.956202,-0.0908619,0.252425
1.531956672668457,-5.63549,2.3323,-2.29698,-3.55676,3.68095,-0.069339,-0.227012,0.700716,0.046476,0.128962,0.981145,0.0203807,-0.186492,-0.00149594,0.556573,0.117059,0.730575,0.956202,-0.0908619,0.252425
1.5629863739013672,-5.63549,2.3323,-2.29698,-3.55676,3.68095,-0.069339,-0.227012,0.700716,0.046476,0.128962,0.981145,0.0203807,-0.186492,-0.00149594,0.556573,0.117059,0.730575,0.956202,-0.0908619,0.252425
1.5733325481414795,-5.47955,2.33353,-2.24347,-3.43476,3.46838,-0.0693601,-0.225114,0.698148,0.0817222,0.128955,0.982203,0.0289825,-0.166611,-0.00146128,0.556542,0.116807,0.731727,0.956189,-0.091246,0.252455
1.5921576023101807,-5.47955,2.33353,-2.24347,-3.43476,3.46838,-0.0693601,-0.225114,0.698148,0.0817222,0.128955,0.982203,0.0289825,-0.166611,-0.00146128,0.556542,0.116807,0.731727,0.956189,-0.091246,0.252455
1.6236076354980469,-5.43923,2.3555,-2.22784,-3.43275,3.43028,-0.0693601,-0.224811,0.698349,0.0842516,0.128961,0.982177,0.0292481,-0.16545,-0.00146136,0.556545,0.116759,0.731705,0.956203,-0.0911967,0.252441
1.623988151550293,-5.43923,2.3555,-2.22784,-3.43275,3.43028,-0.0693601,-0.224811,0.698349,0.0842516,0.128961,0.982177,0.0292481,-0.16545,-0.00146136,0.556545,0.116759,0.731705,0.956203,-0.0911967,0.252441
1.6548867225646973,-5.43923,2.3555,-2.22784,-3.43275,3.43028,-0.0693601,-0.224811,0.698349,0.0842516,0.128961,0.982177,0.0292481,-0.16545,-0.00146136,0.556545,0.116759,0.731705,0.956203,-0.0911967,0.252441
1.673267126083374,-5.65687,2.35518,-2.30453,-3.57047,3.69322,-0.0693342,-0.227012,0.700733,0.0465482,0.128969,0.981161,0.0206115,-0.186365,-0.00148918,0.556569,0.117098,0.730569,0.956185,-0.0908518,0.252477
1.684039831161499,-5.65687,2.35518,-2.30453,-3.57047,3.69322,-0.0693342,-0.227012,0.700733,0.0465482,0.128969,0.981161,0.0206115,-0.186365,-0.00148918,0.556569,0.117098,0.730569,0.956185,-0.0908518,0.252477
1.7148993015289307,-5.65687,2.35518,-2.30453,-3.57047,3.69322,-0.0693342,-0.227012,0.700733,0.0465482,0.128969,0.981161,0.0206115,-0.186365,-0.00148918,0.556569,0.117098,0.730569,0.956185,-0.0908518,0.252477
1.7234835624694824,-5.61165,2.33532,-2.27937,-3.57254,3.6611,-0.0693577,-0.227016,0.700713,0.0464111,0.128969,0.981139,0.020407,-0.186536,-0.00146176,0.556534,0.116766,0.730582,0.956178,-0.0912458,0.252515
1.7448360919952393,-5.61165,2.33532,-2.27937,-3.57254,3.6611,-0.0693577,-0.227016,0.700713,0.0464111,0.128969,0.981139,0.020407,-0.186536,-0.00146176,0.556534,0.116766,0.730582,0.956178,-0.0912458,0.252515
1.7730157375335693,-5.47146,2.30202,-2.26755,-3.44713,3.43575,-0.0693355,-0.224811,0.69857,0.0832561,0.128963,0.981576,0.0301447,-0.169317,-0.00149503,0.556573,0.117041,0.731675,0.956198,-0.0909395,0.25242
1.7745327949523926,-5.47146,2.30202,-2.26755,-3.44713,3.43575,-0.0693355,-0.224811,0.69857,0.0832561,0.128963,0.981576,0.0301447,-0.169317,-0.00149503,0.556573,0.117041,0.731675,0.956198,-0.0909395,0.25242
1.806901454925537,-5.47146,2.30202,-2.26755,-3.44713,3.43575,-0.0693355,-0.224811,0.69857,0.0832561,0.128963,0.981576,0.0301447,-0.169317,-0.00149503,0.556573,0.117041,0.731675,0.956198,-0.0909395,0.25242
1.823235273361206,-5.61733,2.34509,-2.29013,-3.54238,3.66851,-0.0693338,-0.227013,0.700712,0.046447,0.128966,0.981136,0.0204924,-0.186536,-0.00149003,0.55658,0.117039,0.730577,0.956212,-0.0908672,0.252397
1.8360192775726318,-5.61733,2.34509,-2.29013,-3.54238,3.66851,-0.0693338,-0.227013,0.700712,0.046447,0.128966,0.981136,0.0204924,-0.186536,-0.00149003,0.55658,0.117039,0.730577,0.956212,-0.0908672,0.252397
1.8668885231018066,-5.61733,2.34509,-2.29013,-3.54238,3.66851,-0.0693338,-0.227013,0.700712,0.046447,0.128966,0.981136,0.0204924,-0.186536,-0.00149003,0.55658,0.117039,0.730577,0.956212,-0.0908672,0.252397
1.8730518817901611,-5.65358,2.27951,-2.29977,-3.5559,3.6816,-0.0693525,-0.227004,0.700725,0.0465224,0.128925,0.981132,0.0203498,-0.186551,-0.00148014,0.556486,0.116473,0.730579,0.956099,-0.0927651,0.252395
1.896873950958252,-5.65358,2.27951,-2.29977,-3.5559,3.6816,-0.0693525,-0.227004,0.700725,0.0465224,0.128925,0.981132,0.0203498,-0.186551,-0.00148014,0.556486,0.116473,0.730579,0.956099,-0.0927651,0.252395
1.9227807521820068,-5.43731,2.26172,-2.22642,-3.45321,3.39277,-0.0693382,-0.224853,0.698551,0.0830746,0.128866,0.981801,0.0294703,-0.168216,-0.00162992,0.556188,0.115952,0.73172,0.955926,-0.0954339,0.252294
1.9337470531463623,-5.43731,2.26172,-2.22642,-3.45321,3.39277,-0.0693382,-0.224853,0.698551,0.0830746,0.128866,0.981801,0.0294703,-0.168216,-0.00162992,0.556188,0.115952,0.73172,0.955926,-0.0954339,0.252294
1.9585208892822266,-5.43731,2.26172,-2.22642,-3.45321,3.39277,-0.0693382,-0.224853,0.698551,0.0830746,0.128866,0.981801,0.0294703,-0.168216,-0.00162992,0.556188,0.115952,0.73172,0.955926,-0.0954339,0.252294
1.9726321697235107,-5.59895,2.30691,-2.27761,-3.53028,3.64193,-0.0693504,-0.227033,0.700791,0.0465449,0.128922,0.9811,0.0207769,-0.186666,-0.00147886,0.556493,0.116475,0.730625,0.956107,-0.0927741,0.252361
1.989084005355835,-5.59895,2.30691,-2.27761,-3.53028,3.64193,-0.0693504,-0.227033,0.700791,0.0465449,0.128922,0.9811,0.0207769,-0.186666,-0.00147886,0.556493,0.116475,0.730625,0.956107,-0.0927741,0.252361
2.0185656547546387,-5.59895,2.30691,-2.27761,-3.53028,3.64193,-0.0693504,-0.227033,0.700791,0.0465449,0.128922,0.9811,0.0207769,-0.186666,-0.00147886,0.556493,0.116475,0.730625,0.956107,-0.0927741,0.252361
2.0230002403259277,-5.58622,2.42505,-2.29305,-3.59043,3.67555,-0.0693572,-0.227008,0.700685,0.0459603,0.129059,0.980994,0.0213908,-0.187301,-0.00175307,0.557037,0.116512,0.73055,0.957259,-0.0848008,0.250776
2.0509045124053955,-5.58622,2.42505,-2.29305,-3.59043,3.67555,-0.0693572,-0.227008,0.700685,0.0459603,0.129059,0.980994,0.0213908,-0.187301,-0.00175307,0.557037,0.116512,0.73055,0.957259,-0.0848008,0.250776
2.07331919670105,-5.40311,2.39015,-2.24221,-3.44562,3.43392,-0.0693523,-0.224777,0.698337,0.0843296,0.129058,0.981959,0.030503,-0.166475,-0.00174023,0.557038,0.116525,0.731663,0.957265,-0.084816,0.250744
2.0799612998962402,-5.40311,2.39015,-2.24221,-3.44562,3.43392,-0.0693523,-0.224777,0.698337,0.0843296,0.129058,0.981959,0.030503,-0.166475,-0.00174023,0.557038,0.116525,0.731663,0.957265,-0.084816,0.250744
2.110888719558716,-5.40311,2.39015,-2.24221,-3.44562,3.43392,-0.0693523,-0.224777,0.698337,0.0843296,0.129058,0.981959,0.030503,-0.166475,-0.00174023,0.557038,0.116525,0.731663,0.957265,-0.084816,0.250744
2.1234793663024902,-5.35145,2.45065,-2.20928,-3.4488,3.40938,-0.0693538,-0.224811,0.698357,0.0842531,0.129069,0.98216,0.029338,-0.165535,-0.00175118,0.557033,0.116461,0.731704,0.957275,-0.0847345,0.250763
2.140739679336548,-5.35145,2.45065,-2.20928,-3.4488,3.40938,-0.0693538,-0.224811,0.698357,0.0842531,0.129069,0.98216,0.029338,-0.165535,-0.00175118,0.557033,0.116461,0.731704,0.957275,-0.0847345,0.250763
2.170867443084717,-5.35145,2.45065,-2.20928,-3.4488,3.40938,-0.0693538,-0.224811,0.698357,0.0842531,0.129069,0.98216,0.029338,-0.165535,-0.00175118,0.557033,0.116461,0.731704,0.957275,-0.0847345,0.250763
2.172945976257324,-5.62682,2.14176,-2.50128,-3.76527,3.52572,-0.0693553,-0.227167,0.700191,0.045308,0.129054,0.974607,0.025063,-0.217853,-0.00174489,0.557041,0.116508,0.729399,0.957279,-0.0847744,0.25071
2.2028324604034424,-5.62682,2.14176,-2.50128,-3.76527,3.52572,-0.0693553,-0.227167,0.700191,0.045308,0.129054,0.974607,0.025063,-0.217853,-0.00174489,0.557041,0.116508,0.729399,0.957279,-0.0847744,0.25071
2.223111629486084,-5.69559,2.08051,-2.51859,-3.77472,3.54236,-0.0693343,-0.227107,0.700127,0.045623,0.128951,0.97445,0.0230789,-0.218708,-0.00148715,0.55658,0.117108,0.729362,0.956222,-0.0908474,0.252335
2.2328622341156006,-5.69559,2.08051,-2.51859,-3.77472,3.54236,-0.0693343,-0.227107,0.700127,0.045623,0.128951,0.97445,0.0230789,-0.218708,-0.00148715,0.55658,0.117108,0.729362,0.956222,-0.0908474,0.252335
2.262885093688965,-5.69559,2.08051,-2.51859,-3.77472,3.54236,-0.0693343,-0.227107,0.700127,0.045623,0.128951,0.97445,0.0230789,-0.218708,-0.00148715,0.55658,0.117108,0.729362,0.956222,-0.0908474,0.252335
2.273181200027466,-5.59715,2.0974,-2.45613,-3.78341,3.47312,-0.0693359,-0.22709,0.700122,0.0450539,0.128952,0.974463,0.0237325,-0.218699,-0.00148692,0.556585,0.117103,0.729361,0.956218,-0.0908371,0.252353
2.2929699420928955,-5.59715,2.0974,-2.45613,-3.78341,3.47312,-0.0693359,-0.22709,0.700122,0.0450539,0.128952,0.974463,0.0237325,-0.218699,-0.00148692,0.556585,0.117103,0.729361,0.956218,-0.0908371,0.252353
2.3233578205108643,-5.43124,2.28804,-2.23281,-3.42779,3.39822,-0.0693494,-0.224813,0.698123,0.0856156,0.128924,0.981833,0.0304508,-0.166576,-0.00148117,0.556484,0.116497,0.731767,0.95609,-0.09281,0.252403
2.3237972259521484,-5.43124,2.28804,-2.23281,-3.42779,3.39822,-0.0693494,-0.224813,0.698123,0.0856156,0.128924,0.981833,0.0304508,-0.166576,-0.00148117,0.556484,0.116497,0.731767,0.95609,-0.09281,0.252403
2.3547372817993164,-5.43124,2.28804,-2.23281,-3.42779,3.39822,-0.0693494,-0.224813,0.698123,0.0856156,0.128924,0.981833,0.0304508,-0.166576,-0.00148117,0.556484,0.116497,0.731767,0.95609,-0.09281,0.252403
2.373121738433838,-5.60838,2.36131,-2.27931,-3.57294,3.65987,-0.0693305,-0.227011,0.700722,0.0465113,0.128972,0.981135,0.0204905,-0.186521,-0.0014957,0.556573,0.117049,0.730582,0.956205,-0.0908466,0.252424
2.3849241733551025,-5.60838,2.36131,-2.27931,-3.57294,3.65987,-0.0693305,-0.227011,0.700722,0.0465113,0.128972,0.981135,0.0204905,-0.186521,-0.0014957,0.556573,0.117049,0.730582,0.956205,-0.0908466,0.252424
2.414703607559204,-5.60838,2.36131,-2.27931,-3.57294,3.65987,-0.0693305,-0.227011,0.700722,0.0465113,0.128972,0.981135,0.0204905,-0.186521,-0.0014957,0.556573,0.117049,0.730582,0.956205,-0.0908466,0.252424
2.423218011856079,-5.39498,2.30458,-2.23247,-3.39731,3.39998,-0.0693355,-0.224618,0.698553,0.0864129,0.128962,0.981851,0.0287682,-0.166357,-0.00148742,0.556573,0.117084,0.731772,0.956205,-0.0908426,0.252409
2.4448623657226562,-5.39498,2.30458,-2.23247,-3.39731,3.39998,-0.0693355,-0.224618,0.698553,0.0864129,0.128962,0.981851,0.0287682,-0.166357,-0.00148742,0.556573,0.117084,0.731772,0.956205,-0.0908426,0.252409
2.473151445388794,-5.61879,2.34465,-2.28508,-3.56522,3.66934,-0.0694396,-0.227012,0.700721,0.0464594,0.128624,0.981131,0.0204573,-0.186562,-0.00148435,0.556817,0.116807,0.73058,0.956743,-0.0911007,0.250398
2.4747557640075684,-5.61879,2.34465,-2.28508,-3.56522,3.66934,-0.0694396,-0.227012,0.700721,0.0464594,0.128624,0.981131,0.0204573,-0.186562,-0.00148435,0.556817,0.116807,0.73058,0.956743,-0.0911007,0.250398
2.5068464279174805,-5.61879,2.34465,-2.28508,-3.56522,3.66934,-0.0694396,-0.227012,0.700721,0.0464594,0.128624,0.981131,0.0204573,-0.186562,-0.00148435,0.556817,0.116807,0.73058,0.956743,-0.0911007,0.250398
2.5231692790985107,-5.61395,2.36026,-2.28466,-3.5722,3.65446,-0.0693333,-0.227001,0.700686,0.0459471,0.128958,0.980996,0.0213515,-0.187294,-0.00149085,0.55658,0.117091,0.73055,0.956212,-0.0908531,0.252376
2.5369350910186768,-5.61395,2.36026,-2.28466,-3.5722,3.65446,-0.0693333,-0.227001,0.700686,0.0459471,0.128958,0.980996,0.0213515,-0.187294,-0.00149085,0.55658,0.117091,0.73055,0.956212,-0.0908531,0.252376
2.5668373107910156,-5.61395,2.36026,-2.28466,-3.5722,3.65446,-0.0693333,-0.227001,0.700686,0.0459471,0.128958,0.980996,0.0213515,-0.187294,-0.00149085,0.55658,0.117091,0.73055,0.956212,-0.0908531,0.252376
2.573176860809326,-5.45755,2.27175,-2.25732,-3.39584,3.44655,-0.0693341,-0.224861,0.698493,0.0830387,0.128958,0.981867,0.0293818,-0.167862,-0.00149271,0.556571,0.117066,0.731743,0.956206,-0.0909289,0.252386
2.596869707107544,-5.45755,2.27175,-2.25732,-3.39584,3.44655,-0.0693341,-0.224861,0.698493,0.0830387,0.128958,0.981867,0.0293818,-0.167862,-0.00149271,0.556571,0.117066,0.731743,0.956206,-0.0909289,0.252386
2.6232173442840576,-5.62867,2.0767,-2.47523,-3.77302,3.4946,-0.0693301,-0.2271,0.700122,0.0450158,0.128956,0.97448,0.0237185,-0.218629,-0.0014861,0.55658,0.117117,0.729363,0.956206,-0.0909063,0.25237
2.62597393989563,-5.62867,2.0767,-2.47523,-3.77302,3.4946,-0.0693301,-0.2271,0.700122,0.0450158,0.128956,0.97448,0.0237185,-0.218629,-0.0014861,0.55658,0.117117,0.729363,0.956206,-0.0909063,0.25237
2.6589088439941406,-5.62867,2.0767,-2.47523,-3.77302,3.4946,-0.0693301,-0.2271,0.700122,0.0450158,0.128956,0.97448,0.0237185,-0.218629,-0.0014861,0.55658,0.117117,0.729363,0.956206,-0.0909063,0.25237
2.6732852458953857,-5.39812,2.31225,-2.22457,-3.43666,3.39519,-0.0693356,-0.224851,0.698549,0.0831757,0.128945,0.981797,0.0295175,-0.168182,-0.0014833,0.556582,0.117136,0.731714,0.956209,-0.0909104,0.252346
2.688156843185425,-5.39812,2.31225,-2.22457,-3.43666,3.39519,-0.0693356,-0.224851,0.698549,0.0831757,0.128945,0.981797,0.0295175,-0.168182,-0.0014833,0.556582,0.117136,0.731714,0.956209,-0.0909104,0.252346
2.719045400619507,-5.39812,2.31225,-2.22457,-3.43666,3.39519,-0.0693356,-0.224851,0.698549,0.0831757,0.128945,0.981797,0.0295175,-0.168182,-0.0014833,0.556582,0.117136,0.731714,0.956209,-0.0909104,0.252346
2.72322416305542,-5.4336,2.29743,-2.24517,-3.47136,3.42081,-0.0693362,-0.225017,0.698384,0.0840758,0.128952,0.981688,0.0290586,-0.168453,-0.00149,0.556576,0.117071,0.731861,0.956208,-0.0909588,0.252365
2.750856876373291,-5.4336,2.29743,-2.24517,-3.47136,3.42081,-0.0693362,-0.225017,0.698384,0.0840758,0.128952,0.981688,0.0290586,-0.168453,-0.00149,0.556576,0.117071,0.731861,0.956208,-0.0909588,0.252365
2.7736594676971436,-5.40359,2.31701,-2.21215,-3.43511,3.40722,-0.0693613,-0.224816,0.698355,0.0842152,0.128958,0.982173,0.0292422,-0.165499,-0.0014629,0.556541,0.116813,0.731706,0.956182,-0.0912259,0.252484
2.7803456783294678,-5.40359,2.31701,-2.21215,-3.43511,3.40722,-0.0693613,-0.224816,0.698355,0.0842152,0.128958,0.982173,0.0292422,-0.165499,-0.0014629,0.556541,0.116813,0.731706,0.956182,-0.0912259,0.252484
2.8108749389648438,-5.40359,2.31701,-2.21215,-3.43511,3.40722,-0.0693613,-0.224816,0.698355,0.0842152,0.128958,0.982173,0.0292422,-0.165499,-0.0014629,0.556541,0.116813,0.731706,0.956182,-0.0912259,0.252484
2.8231871128082275,-5.4271,2.31809,-2.23642,-3.45209,3.41515,-0.0693364,-0.224858,0.698545,0.083041,0.128961,0.98181,0.0295192,-0.168175,-0.00148847,0.556573,0.117083,0.73172,0.956201,-0.0908575,0.25242
2.840996265411377,-5.4271,2.31809,-2.23642,-3.45209,3.41515,-0.0693364,-0.224858,0.698545,0.083041,0.128961,0.98181,0.0295192,-0.168175,-0.00148847,0.556573,0.117083,0.73172,0.956201,-0.0908575,0.25242
2.8709893226623535,-5.4271,2.31809,-2.23642,-3.45209,3.41515,-0.0693364,-0.224858,0.698545,0.083041,0.128961,0.98181,0.0295192,-0.168175,-0.00148847,0.556573,0.117083,0.73172,0.956201,-0.0908575,0.25242
2.873065710067749,-5.43865,2.2971,-2.23868,-3.38998,3.43138,-0.0693579,-0.224855,0.69814,0.0857437,0.128964,0.982086,0.0295906,-0.165163,-0.00146925,0.556545,0.116733,0.731786,0.956205,-0.0912181,0.252438
2.902863025665283,-5.43865,2.2971,-2.23868,-3.38998,3.43138,-0.0693579,-0.224855,0.69814,0.0857437,0.128964,0.982086,0.0295906,-0.165163,-0.00146925,0.556545,0.116733,0.731786,0.956205,-0.0912181,0.252438
2.9231648445129395,-5.62286,2.34051,-2.29075,-3.572,3.66328,-0.0693366,-0.226994,0.70067,0.0458442,0.128958,0.980969,0.0210324,-0.187498,-0.00149204,0.556582,0.11709,0.730564,0.956211,-0.0908291,0.25239
2.9318995475769043,-5.62286,2.34051,-2.29075,-3.572,3.66328,-0.0693366,-0.226994,0.70067,0.0458442,0.128958,0.980969,0.0210324,-0.187498,-0.00149204,0.556582,0.11709,0.730564,0.956211,-0.0908291,0.25239
2.962930202484131,-5.62286,2.34051,-2.29075,-3.572,3.66328,-0.0693366,-0.226994,0.70067,0.0458442,0.128958,0.980969,0.0210324,-0.187498,-0.00149204,0.556582,0.11709,0.730564,0.956211,-0.0908291,0.25239
2.9733493328094482,-5.45191,2.2954,-2.24313,-3.4156,3.44032,-0.0693618,-0.224861,0.69813,0.0855543,0.12897,0.982082,0.0295072,-0.165305,-0.00146798,0.556538,0.116769,0.731805,0.956185,-0.0911483,0.252521
2.9922034740448,-5.45191,2.2954,-2.24313,-3.4156,3.44032,-0.0693618,-0.224861,0.69813,0.0855543,0.12897,0.982082,0.0295072,-0.165305,-0.00146798,0.556538,0.116769,0.731805,0.956185,-0.0911483,0.252521
3.0226540565490723,-5.65522,2.34685,-2.3079,-3.57155,3.68473,-0.0693374,-0.226995,0.700669,0.0459059,0.128956,0.980968,0.0211042,-0.187481,-0.00149164,0.556575,0.117103,0.730563,0.956204,-0.0908577,0.252398
3.0230445861816406,-5.65522,2.34685,-2.3079,-3.57155,3.68473,-0.0693374,-0.226995,0.700669,0.0459059,0.128956,0.980968,0.0211042,-0.187481,-0.00149164,0.556575,0.117103,0.730563,0.956204,-0.0908577,0.252398
3.054896354675293,-5.65522,2.34685,-2.3079,-3.57155,3.68473,-0.0693374,-0.226995,0.700669,0.0459059,0.128956,0.980968,0.0211042,-0.187481,-0.00149164,0.556575,0.117103,0.730563,0.956204,-0.0908577,0.252398
3.0733907222747803,-5.59112,2.42426,-2.29726,-3.55494,3.6924,-0.0693576,-0.226983,0.700649,0.046868,0.129061,0.981255,0.0205606,-0.185795,-0.00175568,0.55703,0.116519,0.730539,0.957265,-0.084727,0.250776
3.084362506866455,-5.59112,2.42426,-2.29726,-3.55494,3.6924,-0.0693576,-0.226983,0.700649,0.046868,0.129061,0.981255,0.0205606,-0.185795,-0.00175568,0.55703,0.116519,0.730539,0.957265,-0.084727,0.250776
3.114243984222412,-5.59112,2.42426,-2.29726,-3.55494,3.6924,-0.0693576,-0.226983,0.700649,0.046868,0.129061,0.981255,0.0205606,-0.185795,-0.00175568,0.55703,0.116519,0.730539,0.957265,-0.084727,0.250776
3.1228713989257812,-5.56772,2.41901,-2.2807,-3.57695,3.67397,-0.0693588,-0.226982,0.700642,0.0468629,0.129054,0.981247,0.0206205,-0.18583,-0.00175089,0.557037,0.116521,0.730542,0.957278,-0.084718,0.250729
3.1448700428009033,-5.56772,2.41901,-2.2807,-3.57695,3.67397,-0.0693588,-0.226982,0.700642,0.0468629,0.129054,0.981247,0.0206205,-0.18583,-0.00175089,0.557037,0.116521,0.730542,0.957278,-0.084718,0.250729
3.1731009483337402,-5.57326,2.39335,-2.28222,-3.56964,3.66813,-0.0693386,-0.224881,0.698681,0.0828776,0.128966,0.981536,0.0295645,-0.169838,-0.00149342,0.556569,0.117081,0.731694,0.95618,-0.0909029,0.252486
3.1747429370880127,-5.57326,2.39335,-2.28222,-3.56964,3.66813,-0.0693386,-0.224881,0.698681,0.0828776,0.128966,0.981536,0.0295645,-0.169838,-0.00149342,0.556569,0.117081,0.731694,0.95618,-0.0909029,0.252486
3.206939220428467,-5.57326,2.39335,-2.28222,-3.56964,3.66813,-0.0693386,-0.224881,0.698681,0.0828776,0.128966,0.981536,0.0295645,-0.169838,-0.00149342,0.556569,0.117081,0.731694,0.95618,-0.0909029,0.252486
3.223310947418213,-5.55523,2.43183,-2.2634,-3.62074,3.66166,-0.0693568,-0.226985,0.700657,0.0469151,0.12906,0.981278,0.020759,-0.185638,-0.00175783,0.557032,0.116511,0.730529,0.957272,-0.0847182,0.250757
3.2360785007476807,-5.55523,2.43183,-2.2634,-3.62074,3.66166,-0.0693568,-0.226985,0.700657,0.0469151,0.12906,0.981278,0.020759,-0.185638,-0.00175783,0.557032,0.116511,0.730529,0.957272,-0.0847182,0.250757
3.2672882080078125,-5.55523,2.43183,-2.2634,-3.62074,3.66166,-0.0693568,-0.226985,0.700657,0.0469151,0.12906,0.981278,0.020759,-0.185638,-0.00175783,0.557032,0.116511,0.730529,0.957272,-0.0847182,0.250757
3.273148775100708,-5.58478,2.39468,-2.29413,-3.56365,3.6853,-0.0693511,-0.227022,0.700727,0.0464659,0.129054,0.981167,0.0206124,-0.186355,-0.00174898,0.55704,0.116523,0.73057,0.957274,-0.0848194,0.250708
3.2969448566436768,-5.58478,2.39468,-2.29413,-3.56365,3.6853,-0.0693511,-0.227022,0.700727,0.0464659,0.129054,0.981167,0.0206124,-0.186355,-0.00174898,0.55704,0.116523,0.73057,0.957274,-0.0848194,0.250708
3.323084831237793,-5.56955,2.36378,-2.28165,-3.56277,3.65912,-0.0694099,-0.226966,0.700604,0.0462915,0.129041,0.981081,0.0212528,-0.186775,-0.00167637,0.55695,0.116104,0.730529,0.957074,-0.0862094,0.251192
3.3271021842956543,-5.56955,2.36378,-2.28165,-3.56277,3.65912,-0.0694099,-0.226966,0.700604,0.0462915,0.129041,0.981081,0.0212528,-0.186775,-0.00167637,0.55695,0.116104,0.730529,0.957074,-0.0862094,0.251192
3.3592631816864014,-5.56955,2.36378,-2.28165,-3.56277,3.65912,-0.0694099,-0.226966,0.700604,0.0462915,0.129041,0.981081,0.0212528,-0.186775,-0.00167637,0.55695,0.116104,0.730529,0.957074,-0.0862094,0.251192
3.373126745223999,-5.54371,2.41862,-2.27549,-3.55453,3.65902,-0.0693562,-0.22701,0.700715,0.0464367,0.129051,0.981143,0.0203792,-0.186514,-0.00174443,0.557045,0.116522,0.730579,0.957272,-0.0848098,0.250718
3.388929605484009,-5.54371,2.41862,-2.27549,-3.55453,3.65902,-0.0693562,-0.22701,0.700715,0.0464367,0.129051,0.981143,0.0203792,-0.186514,-0.00174443,0.557045,0.116522,0.730579,0.957272,-0.0848098,0.250718
3.418818473815918,-5.54371,2.41862,-2.27549,-3.55453,3.65902,-0.0693562,-0.22701,0.700715,0.0464367,0.129051,0.981143,0.0203792,-0.186514,-0.00174443,0.557045,0.116522,0.730579,0.957272,-0.0848098,0.250718
3.423050880432129,-5.39721,2.35007,-2.25983,-3.42821,3.44194,-0.0693595,-0.225018,0.698385,0.084074,0.129048,0.981668,0.0291084,-0.168557,-0.00175254,0.557033,0.116541,0.731864,0.957272,-0.0847749,0.250724
3.4508306980133057,-5.39721,2.35007,-2.25983,-3.42821,3.44194,-0.0693595,-0.225018,0.698385,0.084074,0.129048,0.981668,0.0291084,-0.168557,-0.00175254,0.557033,0.116541,0.731864,0.957272,-0.0847749,0.250724
3.4732346534729004,-5.34197,2.39965,-2.21073,-3.4522,3.4009,-0.0693558,-0.224858,0.698133,0.0855763,0.129052,0.982069,0.0294834,-0.165371,-0.00175035,0.557043,0.116496,0.731806,0.957281,-0.0848035,0.250701
3.4799606800079346,-5.34197,2.39965,-2.21073,-3.4522,3.4009,-0.0693558,-0.224858,0.698133,0.0855763,0.129052,0.982069,0.0294834,-0.165371,-0.00175035,0.557043,0.116496,0.731806,0.957281,-0.0848035,0.250701
3.5109057426452637,-5.34197,2.39965,-2.21073,-3.4522,3.4009,-0.0693558,-0.224858,0.698133,0.0855763,0.129052,0.982069,0.0294834,-0.165371,-0.00175035,0.557043,0.116496,0.731806,0.957281,-0.0848035,0.250701
3.524040699005127,-5.5216,2.38208,-2.2609,-3.56099,3.63247,-0.0693542,-0.226971,0.70061,0.0463389,0.129048,0.981103,0.0214816,-0.186621,-0.00174631,0.557043,0.116513,0.730513,0.957282,-0.084827,0.250681
3.540433883666992,-5.5216,2.38208,-2.2609,-3.56099,3.63247,-0.0693542,-0.226971,0.70061,0.0463389,0.129048,0.981103,0.0214816,-0.186621,-0.00174631,0.557043,0.116513,0.730513,0.957282,-0.084827,0.250681
3.5703399181365967,-5.5216,2.38208,-2.2609,-3.56099,3.63247,-0.0693542,-0.226971,0.70061,0.0463389,0.129048,0.981103,0.0214816,-0.186621,-0.00174631,0.557043,0.116513,0.730513,0.957282,-0.084827,0.250681
3.572350025177002,-5.58178,2.33995,-2.26727,-3.56171,3.64246,-0.0693365,-0.227008,0.700719,0.0464836,0.128961,0.981136,0.0204042,-0.186532,-0.00149193,0.556571,0.117083,0.73058,0.956188,-0.0909307,0.252443
3.6028215885162354,-5.58178,2.33995,-2.26727,-3.56171,3.64246,-0.0693365,-0.227008,0.700719,0.0464836,0.128961,0.981136,0.0204042,-0.186532,-0.00149193,0.556571,0.117083,0.73058,0.956188,-0.0909307,0.252443
3.62319016456604,-5.57777,2.40577,-2.29167,-3.53835,3.68237,-0.0693551,-0.226986,0.700665,0.0469099,0.129047,0.981276,0.020758,-0.18565,-0.0017474,0.557046,0.116537,0.730526,0.957282,-0.0847896,0.250682
3.632065534591675,-5.57777,2.40577,-2.29167,-3.53835,3.68237,-0.0693551,-0.226986,0.700665,0.0469099,0.129047,0.981276,0.020758,-0.18565,-0.0017474,0.557046,0.116537,0.730526,0.957282,-0.0847896,0.250682
3.662147045135498,-5.57777,2.40577,-2.29167,-3.53835,3.68237,-0.0693551,-0.226986,0.700665,0.0469099,0.129047,0.981276,0.020758,-0.18565,-0.0017474,0.557046,0.116537,0.730526,0.957282,-0.0847896,0.250682
3.673492193222046,-5.61337,2.37188,-2.28383,-3.5639,3.66465,-0.0693371,-0.227008,0.700722,0.0464466,0.128958,0.981129,0.020373,-0.186585,-0.00149039,0.556573,0.117088,0.73058,0.956195,-0.0909061,0.252422
3.6923224925994873,-5.61337,2.37188,-2.28383,-3.5639,3.66465,-0.0693371,-0.227008,0.700722,0.0464466,0.128958,0.981129,0.020373,-0.186585,-0.00149039,0.556573,0.117088,0.73058,0.956195,-0.0909061,0.252422
3.7227437496185303,-5.63411,2.34384,-2.29287,-3.58592,3.66864,-0.0693338,-0.227001,0.700672,0.045819,0.128959,0.980977,0.0211606,-0.187446,-0.00148848,0.556582,0.117088,0.730562,0.956202,-0.0908994,0.252401
3.7231361865997314,-5.63411,2.34384,-2.29287,-3.58592,3.66864,-0.0693338,-0.227001,0.700672,0.045819,0.128959,0.980977,0.0211606,-0.187446,-0.00148848,0.556582,0.117088,0.730562,0.956202,-0.0908994,0.252401
3.754948377609253,-5.63411,2.34384,-2.29287,-3.58592,3.66864,-0.0693338,-0.227001,0.700672,0.045819,0.128959,0.980977,0.0211606,-0.187446,-0.00148848,0.556582,0.117088,0.730562,0.956202,-0.0908994,0.252401
3.7733609676361084,-5.40431,2.28092,-2.21435,-3.43617,3.38344,-0.0693532,-0.224788,0.69834,0.0840878,0.128921,0.981927,0.0303569,-0.166815,-0.00148667,0.556484,0.116503,0.731678,0.956095,-0.0927645,0.252395
3.7841105461120605,-5.40431,2.28092,-2.21435,-3.43617,3.38344,-0.0693532,-0.224788,0.69834,0.0840878,0.128921,0.981927,0.0303569,-0.166815,-0.00148667,0.556484,0.116503,0.731678,0.956095,-0.0927645,0.252395
3.814901113510132,-5.40431,2.28092,-2.21435,-3.43617,3.38344,-0.0693532,-0.224788,0.69834,0.0840878,0.128921,0.981927,0.0303569,-0.166815,-0.00148667,0.556484,0.116503,0.731678,0.956095,-0.0927645,0.252395
3.8232827186584473,-5.67911,2.07912,-2.50599,-3.76141,3.52325,-0.0693381,-0.227183,0.700194,0.0458409,0.128955,0.974593,0.0245657,-0.21786,-0.00149076,0.556575,0.117101,0.7294,0.956205,-0.0908539,0.252399
3.8449456691741943,-5.67911,2.07912,-2.50599,-3.76141,3.52325,-0.0693381,-0.227183,0.700194,0.0458409,0.128955,0.974593,0.0245657,-0.21786,-0.00149076,0.556575,0.117101,0.7294,0.956205,-0.0908539,0.252399
3.8750669956207275,-5.66207,2.31134,-2.30663,-3.55513,3.67949,-0.0693593,-0.227001,0.70068,0.0459472,0.128917,0.981003,0.0212191,-0.187273,-0.00148123,0.556493,0.116516,0.730548,0.956103,-0.0926764,0.252392
3.8836536407470703,-5.66207,2.31134,-2.30663,-3.55513,3.67949,-0.0693593,-0.227001,0.70068,0.0459472,0.128917,0.981003,0.0212191,-0.187273,-0.00148123,0.556493,0.116516,0.730548,0.956103,-0.0926764,0.252392
3.9065279960632324,-5.66207,2.31134,-2.30663,-3.55513,3.67949,-0.0693593,-0.227001,0.70068,0.0459472,0.128917,0.981003,0.0212191,-0.187273,-0.00148123,0.556493,0.116516,0.730548,0.956103,-0.0926764,0.252392
3.922661066055298,-5.63631,2.32118,-2.29951,-3.55651,3.67184,-0.0693386,-0.227004,0.70068,0.0459424,0.128961,0.981,0.0212696,-0.187288,-0.00148965,0.556578,0.117083,0.730551,0.956203,-0.0908325,0.252423
3.9369237422943115,-5.63631,2.32118,-2.29951,-3.55651,3.67184,-0.0693386,-0.227004,0.70068,0.0459424,0.128961,0.981,0.0212696,-0.187288,-0.00148965,0.556578,0.117083,0.730551,0.956203,-0.0908325,0.252423
3.9666216373443604,-5.63631,2.32118,-2.29951,-3.55651,3.67184,-0.0693386,-0.227004,0.70068,0.0459424,0.128961,0.981,0.0212696,-0.187288,-0.00148965,0.556578,0.117083,0.730551,0.956203,-0.0908325,0.252423
3.9729013442993164,-5.69847,2.34134,-2.32227,-3.55779,3.71245,-0.0693542,-0.227003,0.700722,0.0464952,0.12892,0.981141,0.0203465,-0.18651,-0.00148596,0.556484,0.116469,0.730578,0.956091,-0.0928446,0.252397
3.9968175888061523,-5.69847,2.34134,-2.32227,-3.55779,3.71245,-0.0693542,-0.227003,0.700722,0.0464952,0.12892,0.981141,0.0203465,-0.18651,-0.00148596,0.556484,0.116469,0.730578,0.956091,-0.0928446,0.252397
4.023076057434082,-5.5797,2.33474,-2.26576,-3.55497,3.64046,-0.0693326,-0.227012,0.700731,0.0465564,0.128961,0.981184,0.0206294,-0.186238,-0.00149115,0.556578,0.117109,0.730563,0.956202,-0.090855,0.252404
4.026731014251709,-5.5797,2.33474,-2.26576,-3.55497,3.64046,-0.0693326,-0.227012,0.700731,0.0465564,0.128961,0.981184,0.0206294,-0.186238,-0.00149115,0.556578,0.117109,0.730563,0.956202,-0.090855,0.252404
4.058966875076294,-5.5797,2.33474,-2.26576,-3.55497,3.64046,-0.0693326,-0.227012,0.700731,0.0465564,0.128961,0.981184,0.0206294,-0.186238,-0.00149115,0.556578,0.117109,0.730563,0.956202,-0.090855,0.252404
4.0732667446136475,-5.61211,2.31406,-2.28554,-3.5509,3.66382,-0.0693346,-0.227015,0.700714,0.0464507,0.128961,0.981138,0.0204696,-0.186522,-0.00149037,0.556572,0.117045,0.730578,0.956212,-0.0908923,0.252384
4.088134765625,-5.61211,2.31406,-2.28554,-3.5509,3.66382,-0.0693346,-0.227015,0.700714,0.0464507,0.128961,0.981138,0.0204696,-0.186522,-0.00149037,0.556572,0.117045,0.730578,0.956212,-0.0908923,0.252384
4.119018077850342,-5.61211,2.31406,-2.28554,-3.5509,3.66382,-0.0693346,-0.227015,0.700714,0.0464507,0.128961,0.981138,0.0204696,-0.186522,-0.00149037,0.556572,0.117045,0.730578,0.956212,-0.0908923,0.252384
4.123266696929932,-5.58861,2.34051,-2.27066,-3.57566,3.63639,-0.0693573,-0.226994,0.700675,0.0458962,0.128956,0.980973,0.0210876,-0.187456,-0.00146404,0.556546,0.116761,0.730564,0.956207,-0.0912573,0.252402
4.151027679443359,-5.58861,2.34051,-2.27066,-3.57566,3.63639,-0.0693573,-0.226994,0.700675,0.0458962,0.128956,0.980973,0.0210876,-0.187456,-0.00146404,0.556546,0.116761,0.730564,0.956207,-0.0912573,0.252402
4.173434495925903,-5.67303,2.32642,-2.31385,-3.59549,3.69139,-0.0693341,-0.227015,0.700745,0.0460051,0.128955,0.980924,0.0214019,-0.187654,-0.00148966,0.556585,0.117087,0.730606,0.956213,-0.0908837,0.252364
4.180140972137451,-5.67303,2.32642,-2.31385,-3.59549,3.69139,-0.0693341,-0.227015,0.700745,0.0460051,0.128955,0.980924,0.0214019,-0.187654,-0.00148966,0.556585,0.117087,0.730606,0.956213,-0.0908837,0.252364
4.2108705043792725,-5.67303,2.32642,-2.31385,-3.59549,3.69139,-0.0693341,-0.227015,0.700745,0.0460051,0.128955,0.980924,0.0214019,-0.187654,-0.00148966,0.556585,0.117087,0.730606,0.956213,-0.0908837,0.252364
4.223195552825928,-5.4301,2.30464,-2.24599,-3.46239,3.40632,-0.069336,-0.224807,0.698561,0.0833088,0.128961,0.981577,0.0300943,-0.169297,-0.00149058,0.556575,0.117097,0.731673,0.956195,-0.0908738,0.252431
4.241044044494629,-5.4301,2.30464,-2.24599,-3.46239,3.40632,-0.069336,-0.224807,0.698561,0.0833088,0.128961,0.981577,0.0300943,-0.169297,-0.00149058,0.556575,0.117097,0.731673,0.956195,-0.0908738,0.252431
4.270941495895386,-5.4301,2.30464,-2.24599,-3.46239,3.40632,-0.069336,-0.224807,0.698561,0.0833088,0.128961,0.981577,0.0300943,-0.169297,-0.00149058,0.556575,0.117097,0.731673,0.956195,-0.0908738,0.252431
4.2733259201049805,-5.35152,2.39689,-2.21935,-3.44767,3.42589,-0.0693546,-0.224969,0.698607,0.0825997,0.129049,0.982051,0.0278591,-0.167262,-0.00174863,0.557048,0.116506,0.731802,0.957288,-0.0847955,0.250671
4.302967309951782,-5.35152,2.39689,-2.21935,-3.44767,3.42589,-0.0693546,-0.224969,0.698607,0.0825997,0.129049,0.982051,0.0278591,-0.167262,-0.00174863,0.557048,0.116506,0.731802,0.957288,-0.0847955,0.250671
4.323280334472656,-5.41542,2.36354,-2.21988,-3.4557,3.42093,-0.0693342,-0.22489,0.69851,0.0831823,0.128961,0.982097,0.0282972,-0.166631,-0.00149134,0.556574,0.117089,0.73177,0.9562,-0.090876,0.252414
4.331939697265625,-5.41542,2.36354,-2.21988,-3.4557,3.42093,-0.0693342,-0.22489,0.69851,0.0831823,0.128961,0.982097,0.0282972,-0.166631,-0.00149134,0.556574,0.117089,0.73177,0.9562,-0.090876,0.252414
4.362911701202393,-5.41542,2.36354,-2.21988,-3.4557,3.42093,-0.0693342,-0.22489,0.69851,0.0831823,0.128961,0.982097,0.0282972,-0.166631,-0.00149134,0.556574,0.117089,0.73177,0.9562,-0.090876,0.252414
4.373230457305908,-5.59609,2.32788,-2.27752,-3.55152,3.65305,-0.0693318,-0.227004,0.700726,0.0464853,0.128959,0.981129,0.0204497,-0.186564,-0.00148855,0.556588,0.117093,0.730576,0.956219,-0.0908222,0.252361
4.393046855926514,-5.59609,2.32788,-2.27752,-3.55152,3.65305,-0.0693318,-0.227004,0.700726,0.0464853,0.128959,0.981129,0.0204497,-0.186564,-0.00148855,0.556588,0.117093,0.730576,0.956219,-0.0908222,0.252361
4.423492193222046,-5.46124,2.34785,-2.22855,-3.42965,3.4666,-0.0693327,-0.22515,0.698149,0.0818155,0.128966,0.982403,0.0284639,-0.165471,-0.00149368,0.556578,0.117051,0.731758,0.956214,-0.0908438,0.252392
4.423877477645874,-5.46124,2.34785,-2.22855,-3.42965,3.4666,-0.0693327,-0.22515,0.698149,0.0818155,0.128966,0.982403,0.0284639,-0.165471,-0.00149368,0.556578,0.117051,0.731758,0.956214,-0.0908438,0.252392
4.45477294921875,-5.46124,2.34785,-2.22855,-3.42965,3.4666,-0.0693327,-0.22515,0.698149,0.0818155,0.128966,0.982403,0.0284639,-0.165471,-0.00149368,0.556578,0.117051,0.731758,0.956214,-0.0908438,0.252392
4.473227024078369,-5.40249,2.31163,-2.23746,-3.43973,3.38648,-0.0693367,-0.224608,0.698519,0.086119,0.128954,0.981622,0.0300026,-0.167638,-0.00149469,0.556582,0.117095,0.731749,0.956223,-0.090802,0.252351
4.484018564224243,-5.40249,2.31163,-2.23746,-3.43973,3.38648,-0.0693367,-0.224608,0.698519,0.086119,0.128954,0.981622,0.0300026,-0.167638,-0.00149469,0.556582,0.117095,0.731749,0.956223,-0.090802,0.252351
4.514810085296631,-5.40249,2.31163,-2.23746,-3.43973,3.38648,-0.0693367,-0.224608,0.698519,0.086119,0.128954,0.981622,0.0300026,-0.167638,-0.00149469,0.556582,0.117095,0.731749,0.956223,-0.090802,0.252351
4.523198843002319,-5.6313,2.36364,-2.29888,-3.55628,3.66989,-0.0693338,-0.226999,0.700672,0.0459297,0.128962,0.980969,0.0211258,-0.187468,-0.00149005,0.556584,0.117108,0.730566,0.956222,-0.0907204,0.252378
4.544856786727905,-5.6313,2.36364,-2.29888,-3.55628,3.66989,-0.0693338,-0.226999,0.700672,0.0459297,0.128962,0.980969,0.0211258,-0.187468,-0.00149005,0.556584,0.117108,0.730566,0.956222,-0.0907204,0.252378
4.5731117725372314,-5.61386,2.36539,-2.28647,-3.54832,3.66611,-0.0693336,-0.227017,0.700723,0.0465612,0.128963,0.981172,0.0205105,-0.186314,-0.00149372,0.556574,0.117062,0.730561,0.956214,-0.090845,0.252388
4.574695348739624,-5.61386,2.36539,-2.28647,-3.54832,3.66611,-0.0693336,-0.227017,0.700723,0.0465612,0.128963,0.981172,0.0205105,-0.186314,-0.00149372,0.556574,0.117062,0.730561,0.956214,-0.090845,0.252388
4.607078313827515,-5.61386,2.36539,-2.28647,-3.54832,3.66611,-0.0693336,-0.227017,0.700723,0.0465612,0.128963,0.981172,0.0205105,-0.186314,-0.00149372,0.556574,0.117062,0.730561,0.956214,-0.090845,0.252388
4.623465299606323,-5.41415,2.2911,-2.23748,-3.4365,3.4161,-0.0693313,-0.224916,0.698665,0.082825,0.128963,0.981778,0.0286782,-0.16861,-0.00148791,0.556574,0.117116,0.731732,0.956194,-0.0908752,0.252427
4.636311769485474,-5.41415,2.2911,-2.23748,-3.4365,3.4161,-0.0693313,-0.224916,0.698665,0.082825,0.128963,0.981778,0.0286782,-0.16861,-0.00148791,0.556574,0.117116,0.731732,0.956194,-0.0908752,0.252427
4.6663548946380615,-5.41415,2.2911,-2.23748,-3.4365,3.4161,-0.0693313,-0.224916,0.698665,0.082825,0.128963,0.981778,0.0286782,-0.16861,-0.00148791,0.556574,0.117116,0.731732,0.956194,-0.0908752,0.252427
4.6725523471832275,-5.49066,2.35132,-2.26129,-3.48858,3.46162,-0.0694346,-0.224948,0.698579,0.0824961,0.128626,0.981816,0.0290846,-0.168482,-0.00148077,0.556809,0.11684,0.731773,0.956736,-0.0911152,0.250407
4.696861028671265,-5.49066,2.35132,-2.26129,-3.48858,3.46162,-0.0694346,-0.224948,0.698579,0.0824961,0.128626,0.981816,0.0290846,-0.168482,-0.00148077,0.556809,0.11684,0.731773,0.956736,-0.0911152,0.250407
4.723203659057617,-5.51061,2.27767,-2.28288,-3.43537,3.47862,-0.0693368,-0.224846,0.698552,0.083228,0.128964,0.981791,0.0293909,-0.168216,-0.00149061,0.556573,0.117051,0.731713,0.9562,-0.0908882,0.252427
4.726742744445801,-5.51061,2.27767,-2.28288,-3.43537,3.47862,-0.0693368,-0.224846,0.698552,0.083228,0.128964,0.981791,0.0293909,-0.168216,-0.00149061,0.556573,0.117051,0.731713,0.9562,-0.0908882,0.252427
4.758996963500977,-5.51061,2.27767,-2.28288,-3.43537,3.47862,-0.0693368,-0.224846,0.698552,0.083228,0.128964,0.981791,0.0293909,-0.168216,-0.00149061,0.556573,0.117051,0.731713,0.9562,-0.0908882,0.252427
4.77339506149292,-5.49912,2.42031,-2.2497,-3.56485,3.62543,-0.0693536,-0.227016,0.700733,0.0465739,0.12905,0.981161,0.0206152,-0.186358,-0.00174555,0.557037,0.116524,0.730565,0.957274,-0.0848404,0.250701
4.788247585296631,-5.49912,2.42031,-2.2497,-3.56485,3.62543,-0.0693536,-0.227016,0.700733,0.0465739,0.12905,0.981161,0.0206152,-0.186358,-0.00174555,0.557037,0.116524,0.730565,0.957274,-0.0848404,0.250701
4.819123983383179,-5.49912,2.42031,-2.2497,-3.56485,3.62543,-0.0693536,-0.227016,0.700733,0.0465739,0.12905,0.981161,0.0206152,-0.186358,-0.00174555,0.557037,0.116524,0.730565,0.957274,-0.0848404,0.250701
4.8233115673065186,-5.62478,2.33722,-2.28432,-3.58755,3.67013,-0.0693337,-0.227011,0.700717,0.0465098,0.128959,0.981147,0.0204688,-0.186463,-0.00149212,0.556582,0.117085,0.730579,0.956206,-0.0908843,0.252392
4.85089111328125,-5.62478,2.33722,-2.28432,-3.58755,3.67013,-0.0693337,-0.227011,0.700717,0.0465098,0.128959,0.981147,0.0204688,-0.186463,-0.00149212,0.556582,0.117085,0.730579,0.956206,-0.0908843,0.252392
