# Timestamp, Fx, Fy, Fz, Tx, Ty, Tz, FemurPosX, FemurPosY, FemurPosZ, FemurQuatW, FemurQuatX, FemurQuatY, FemurQuatZ, TibiaPosX, TibiaPosY, TibiaPosZ, TibiaQuatW, TibiaQuatX, TibiaQuatY, TibiaQuatZ
0.04031991958618164,0.7962461862882655,-4.1876116615936185,13.0,-2.13180907858201,-1.4066956217520719,1.8137889915621965,0.0,50.0,20.0,1.0,0.0,0.0,0.0,-340.2214926196241,70.0,143.34797286954796,0.730246626594235,0.0,0.6831836241800149,0.0
0.08318662643432617,0.7449984112867584,-4.971821776661483,12.547828163358826,-2.1826181770680506,-1.3879666831114663,1.9018315713165084,0.0,50.0,20.0,1.0,0.0,0.0,0.0,-340.2214926196241,70.0,143.34797286954796,0.730246626594235,0.0,0.6831836241800149,0.0
0.12563395500183105,0.8397582370536392,-4.728044290911129,13.0,-2.185046756652355,-1.5469427564145364,2.0006201216362283,0.0,50.0,20.0,1.0,0.0,0.0,0.0,-340.2214926196241,70.0,143.34797286954796,0.730246626594235,0.0,0.6831836241800149,0.0
0.16812586784362793,0.3928509833640187,-5.280523891590458,12.930044396726686,-2.184151596227937,-1.5535289366261662,1.8266427607688516,0.0,50.0,20.0,1.0,0.0,0.0,0.0,-340.2214926196241,70.0,143.34797286954796,0.730246626594235,0.0,0.6831836241800149,0.0
0.2103440761566162,0.2173201074233112,-4.734883047170497,13.0,-1.990978210505168,-1.691960282880289,1.9931731984214873,0.0,50.0,20.0,1.0,0.0,0.0,0.0,-340.2214926196241,70.0,143.34797286954796,0.730246626594235,0.0,0.6831836241800149,0.0
0.25284671783447266,0.20820117697444696,-5.378529584625365,13.0,-2.161660664580799,-1.5574008889700135,1.9297614086568293,0.0,50.0,20.0,1.0,0.0,0.0,0.0,-340.2214926196241,70.0,143.34797286954796,0.730246626594235,0.0,0.6831836241800149,0.0
0.29610538482666016,-0.5048979879797919,-5.680476886609888,13.0,-1.982378370454531,-1.387659542389736,1.9522986720907303,0.0,50.0,20.0,1.0,0.0,0.0,0.0,-340.2214926196241,70.0,143.34797286954796,0.730246626594235,0.0,0.6831836241800149,0.0
0.33902764320373535,-0.9866146662393691,-5.409870198944725,12.94235585812828,-1.8109447901441544,-1.2013950777216484,2.1295168096340062,0.0,50.0,20.0,1.0,0.0,0.0,0.0,-340.2214926196241,70.0,143.34797286954796,0.730246626594235,0.0,0.6831836241800149,0.0
0.38173627853393555,-1.5869776214919487,-5.299197603277364,13.0,-1.7628798622704676,-1.3106243118189118,2.3269096784513974,0.0,50.0,20.0,1.0,0.0,0.0,0.0,-340.2214926196241,70.0,143.34797286954796,0.730246626594235,0.0,0.6831836241800149,0.0
0.42414093017578125,-1.1479486973264048,-4.973949962540562,13.0,-1.699560503700417,-1.2160093767034148,2.4875048205939203,0.0,50.0,20.0,1.0,0.0,0.0,0.0,-340.2214926196241,70.0,143.34797286954796,0.730246626594235,0.0,0.6831836241800149,0.0
0.46900415420532227,-0.38328400033538057,-4.799615973383691,13.0,-1.7296961395709662,-1.251856128743757,2.5,0.0,50.0,20.0,1.0,0.0,0.0,0.0,-340.2214926196241,70.0,143.34797286954796,0.730246626594235,0.0,0.6831836241800149,0.0
0.5118796825408936,0.020292389419407808,-4.3556700184935355,12.406338748521984,-1.6407809352160343,-1.0890315258759204,2.3236549151184795,0.0,50.0,20.0,1.0,0.0,0.0,0.0,-340.2214926196241,70.0,143.34797286954796,0.730246626594235,0.0,0.6831836241800149,0.0
0.5553669929504395,0.7656309548328686,-4.728221870323055,12.066553687219951,-1.678940097938347,-1.1643353318938097,2.153351872622693,0.0,50.0,20.0,1.0,0.0,0.0,0.0,-340.2214926196241,70.0,143.34797286954796,0.730246626594235,0.0,0.6831836241800149,0.0
0.5985400676727295,0.2309752817515589,-4.679999600320865,11.306717727581038,-1.5973393787165648,-1.3583982172586762,2.007248265900829,0.0,50.0,20.0,1.0,0.0,0.0,0.0,-340.2214926196241,70.0,143.34797286954796,0.730246626594235,0.0,0.6831836241800149,0.0
0.6409416198730469,0.08018558365509365,-4.243915679388159,10.890128043091742,-1.7785437357892548,-1.4508345536195442,1.8710055959996479,0.0,50.0,20.0,1.0,0.0,0.0,0.0,-340.2214926196241,70.0,143.34797286954796,0.730246626594235,0.0,0.6831836241800149,0.0
0.6839399337768555,-0.3936175284296594,-4.377659747346718,10.630343450491399,-1.9179613947056315,-1.264944064938578,1.6953263254277724,0.0,50.0,20.0,1.0,0.0,0.0,0.0,-340.2214926196241,70.0,143.34797286954796,0.730246626594235,0.0,0.6831836241800149,0.0
0.7261478900909424,-0.03663317646120129,-3.584701519606356,10.603116322452644,-2.1064073356881323,-1.1566367122416872,1.7194899679961173,0.0,50.0,20.0,1.0,0.0,0.0,0.0,-340.2214926196241,70.0,143.34797286954796,0.730246626594235,0.0,0.6831836241800149,0.0
0.7685723304748535,0.6243650554600371,-3.1878489676229833,10.379472039089466,-2.218430926895498,-1.2844481091120254,1.6633890033918992,0.0,50.0,20.0,1.0,0.0,0.0,0.0,-340.2214926196241,70.0,143.34797286954796,0.730246626594235,0.0,0.6831836241800149,0.0
0.8112285137176514,1.2957484533010442,-2.9140266905153416,9.71881698750918,-2.309775307876399,-1.4310523485835924,1.4904021277616533,0.0,50.0,20.0,1.0,0.0,0.0,0.0,-340.2214926196241,70.0,143.34797286954796,0.730246626594235,0.0,0.6831836241800149,0.0
0.853717565536499,1.7649233322368858,-2.5403720740495737,9.743380277932168,-2.118155022496969,-1.4656124734089888,1.348181346646226,0.0,50.0,20.0,1.0,0.0,0.0,0.0,-340.2214926196241,70.0,143.34797286954796,0.730246626594235,0.0,0.6831836241800149,0.0
0.8962569236755371,1.913392231950962,-1.9181365188637367,10.341680392269469,-2.006831542768332,-1.5155410391538702,1.1516480043108044,0.0,50.0,20.0,1.0,0.0,0.0,0.0,-340.2214926196241,70.0,143.34797286954796,0.730246626594235,0.0,0.6831836241800149,0.0
0.9384489059448242,2.3073424551503283,-2.5755897293427976,10.280148440863378,-1.9366143652241048,-1.4725582468908742,1.2700851955830015,0.0,50.0,20.0,1.0,0.0,0.0,0.0,-340.2214926196241,70.0,143.34797286954796,0.730246626594235,0.0,0.6831836241800149,0.0
0.9806058406829834,2.327291145994357,-2.784972151816888,10.279211503364944,-1.757963922538249,-1.5769187486873473,1.3603051740946568,0.0,50.0,20.0,1.0,0.0,0.0,0.0,-340.2214926196241,70.0,143.34797286954796,0.730246626594235,0.0,0.6831836241800149,0.0
1.0232553482055664,2.6968446563614634,-2.090818142341967,10.63873111993394,-1.705017515392895,-1.625914149795142,1.4010567017904887,0.0,50.0,20.0,1.0,0.0,0.0,0.0,-340.2214926196241,70.0,143.34797286954796,0.730246626594235,0.0,0.6831836241800149,0.0
1.0662262439727783,3.2425707324548076,-2.7863500652682793,10.826558161235292,-1.5143819852625953,-1.577571606084445,1.257880621872749,0.0,50.0,20.0,1.0,0.0,0.0,0.0,-340.2214926196241,70.0,143.34797286954796,0.730246626594235,0.0,0.6831836241800149,0.0
1.108630657196045,3.254874213041437,-2.6419062783830496,10.966599802931231,-1.3291140131855033,-1.4261721731489783,1.169996475857998,0.0,50.0,20.0,1.0,0.0,0.0,0.0,-340.2214926196241,70.0,143.34797286954796,0.730246626594235,0.0,0.6831836241800149,0.0
1.1505208015441895,2.7191893607513054,-2.8567322102239903,11.223601496748925,-1.4493520442156218,-1.4356664547599303,0.9876821071180294,0.0,50.0,20.0,1.0,0.0,0.0,0.0,-340.2214926196241,70.0,143.34797286954796,0.730246626594235,0.0,0.6831836241800149,0.0
1.1929855346679688,3.2278018630272833,-3.5755552149487957,10.877088368645806,-1.5938626497190016,-1.6008345911815514,1.0314203122557446,0.0,50.0,20.0,1.0,0.0,0.0,0.0,-340.2214926196241,70.0,143.34797286954796,0.730246626594235,0.0,0.6831836241800149,0.0
1.2348268032073975,3.3417186402257464,-4.199311511365611,10.12834073682226,-1.615170615727086,-1.759066596422562,1.0764905980071484,0.0,50.0,20.0,1.0,0.0,0.0,0.0,-340.2214926196241,70.0,143.34797286954796,0.730246626594235,0.0,0.6831836241800149,0.0
1.2769720554351807,3.0183765507941676,-4.96107256717057,9.798282235771712,-1.7259494876818242,-1.7790802918952275,1.1690877224737983,0.0,50.0,20.0,1.0,0.0,0.0,0.0,-340.2214926196241,70.0,143.34797286954796,0.730246626594235,0.0,0.6831836241800149,0.0
1.318695306777954,2.5685236042630315,-5.008442017611918,9.994998016550344,-1.6276569707583057,-1.7296705959358967,1.1680504753034102,0.0,50.0,20.0,1.0,0.0,0.0,0.0,-340.2214926196241,70.0,143.34797286954796,0.730246626594235,0.0,0.6831836241800149,0.0
1.361067771911621,3.310999610536907,-5.614226760895086,9.370557610071709,-1.4562068233801098,-1.8163419573527293,0.983254943965068,0.0,50.0,20.0,1.0,0.0,0.0,0.0,-340.2214926196241,70.0,143.34797286954796,0.730246626594235,0.0,0.6831836241800149,0.0
1.4027750492095947,2.721102203510858,-6.276803042209259,9.283172859612796,-1.6125513001851173,-1.7587883174391326,0.824645401536811,0.0,50.0,20.0,1.0,0.0,0.0,0.0,-340.2214926196241,70.0,143.34797286954796,0.730246626594235,0.0,0.6831836241800149,0.0
1.4451525211334229,2.9978389537312395,-6.846200439065334,9.880739442528409,-1.4370082288202208,-1.8683737183427898,0.6863735810651176,0.0,50.0,20.0,1.0,0.0,0.0,0.0,-340.2214926196241,70.0,143.34797286954796,0.730246626594235,0.0,0.6831836241800149,0.0
1.493016242980957,3.748775163242274,-7.5631551423982275,9.342731178691828,-1.5896479231681204,-1.874771822293259,0.8483040777249722,0.0,50.0,20.0,1.0,0.0,0.0,0.0,-340.2214926196241,70.0,143.34797286954796,0.730246626594235,0.0,0.6831836241800149,0.0
1.5367474555969238,4.293406782574911,-7.633253979627588,9.935148078942124,-1.4723615806179517,-1.8493968977857658,0.9564292400677075,0.0,50.0,20.0,1.0,0.0,0.0,0.0,-340.2214926196241,70.0,143.34797286954796,0.730246626594235,0.0,0.6831836241800149,0.0
1.593151330947876,4.314446738204626,-7.1480220305123465,10.340995142930652,-1.2928191223429337,-1.9495176204506866,0.8356175347908671,0.0,50.0,20.0,1.0,0.0,0.0,0.0,-340.2214926196241,70.0,143.34797286954796,0.730246626594235,0.0,0.6831836241800149,0.0
1.636387586593628,3.827058057507527,-7.564661418281468,9.808054560310895,-1.309507557293163,-1.7540716760200428,0.9558212607181524,0.0,50.0,20.0,1.0,0.0,0.0,0.0,-340.2214926196241,70.0,143.34797286954796,0.730246626594235,0.0,0.6831836241800149,0.0
1.679257869720459,3.7414022628467634,-7.685880381130566,9.861408717165787,-1.1284348437672769,-1.681528430743214,0.7910126344540148,0.0,50.0,20.0,1.0,0.0,0.0,0.0,-340.2214926196241,70.0,143.34797286954796,0.730246626594235,0.0,0.6831836241800149,0.0
1.7218530178070068,4.038159522955583,-6.915089545698851,9.489624968325344,-1.2435530961117267,-1.7786772022638637,0.739349929310124,0.0,50.0,20.0,1.0,0.0,0.0,0.0,-340.2214926196241,70.0,143.34797286954796,0.730246626594235,0.0,0.6831836241800149,0.0
1.7641823291778564,3.915424595572258,-6.451401840784569,9.373049265239292,-1.3974790084914859,-1.7128577932976652,0.9368349485567717,0.0,50.0,20.0,1.0,0.0,0.0,0.0,-340.2214926196241,70.0,143.34797286954796,0.730246626594235,0.0,0.6831836241800149,0.0
1.8061110973358154,3.456604253487314,-6.826061212150146,9.676867777702586,-1.401972369364298,-1.8120503977157434,0.9410264675783561,0.0,50.0,20.0,1.0,0.0,0.0,0.0,-340.2214926196241,70.0,143.34797286954796,0.730246626594235,0.0,0.6831836241800149,0.0
1.8485019207000732,3.575589011579937,-6.415172551567734,10.141433331210841,-1.2490491795437977,-1.9358504921189532,0.7953973953579544,0.0,50.0,20.0,1.0,0.0,0.0,0.0,-340.2214926196241,70.0,143.34797286954796,0.730246626594235,0.0,0.6831836241800149,0.0
1.8901994228363037,3.886490522063383,-5.712414314140053,9.842451753753581,-1.1347373909987526,-1.8780187388046894,0.6856978346081224,0.0,50.0,20.0,1.0,0.0,0.0,0.0,-340.2214926196241,70.0,143.34797286954796,0.730246626594235,0.0,0.6831836241800149,0.0
1.9318068027496338,3.605591833335483,-5.880409839354328,9.82497619856628,-1.140833947021377,-2.0493944943435447,0.666647418804488,0.0,50.0,20.0,1.0,0.0,0.0,0.0,-340.2214926196241,70.0,143.34797286954796,0.730246626594235,0.0,0.6831836241800149,0.0
1.974254846572876,3.2776642145245054,-5.1815605118968655,10.238425708324526,-1.0959168948484403,-2.036051026709569,0.5829005998820601,0.0,50.0,20.0,1.0,0.0,0.0,0.0,-340.2214926196241,70.0,143.34797286954796,0.730246626594235,0.0,0.6831836241800149,0.0
2.016296625137329,3.654649314688298,-5.789922215613138,9.674402824710263,-1.0593862141572148,-1.9016906283943866,0.44643326221841517,0.0,50.0,20.0,1.0,0.0,0.0,0.0,-340.2214926196241,70.0,143.34797286954796,0.730246626594235,0.0,0.6831836241800149,0.0
2.0582597255706787,4.360331736043975,-5.606288285423552,10.194309991202129,-0.9939783902970237,-1.7449824244017613,0.4523311307230746,0.0,50.0,20.0,1.0,0.0,0.0,0.0,-340.2214926196241,70.0,143.34797286954796,0.730246626594235,0.0,0.6831836241800149,0.0
2.1002917289733887,3.7864950362665146,-6.342915507322357,9.978972597234064,-0.9763897032403264,-1.7554100177150984,0.38551266580562016,0.0,50.0,20.0,1.0,0.0,0.0,0.0,-340.2214926196241,70.0,143.34797286954796,0.730246626594235,0.0,0.6831836241800149,0.0
2.1422371864318848,4.4877415216015,-6.315732971090716,9.259404913013952,-1.0201868635157207,-1.890849293901161,0.49725592155463727,0.0,50.0,20.0,1.0,0.0,0.0,0.0,-340.2214926196241,70.0,143.34797286954796,0.730246626594235,0.0,0.6831836241800149,0.0
2.1841588020324707,3.9451944757356476,-6.739711490215195,8.56229503972832,-1.0171243126939014,-1.7730039663641857,0.5393138258038944,0.0,50.0,20.0,1.0,0.0,0.0,0.0,-340.2214926196241,70.0,143.34797286954796,0.730246626594235,0.0,0.6831836241800149,0.0
2.227083444595337,4.138422718468641,-7.098912228582579,8.213909668389052,-0.91754171684994,-1.8325527618723212,0.44441069599006056,0.0,50.0,20.0,1.0,0.0,0.0,0.0,-340.2214926196241,70.0,143.34797286954796,0.730246626594235,0.0,0.6831836241800149,0.0
2.269042730331421,3.968312381009265,-7.21588866967976,8.870744971315737,-1.091734864706579,-1.9302796101859812,0.589836516374971,0.0,50.0,20.0,1.0,0.0,0.0,0.0,-340.2214926196241,70.0,143.34797286954796,0.730246626594235,0.0,0.6831836241800149,0.0
2.3116395473480225,4.448690860793917,-7.204445721546986,8.402617381482663,-1.1822727468549694,-1.8012002343601505,0.5621569700071554,0.0,50.0,20.0,1.0,0.0,0.0,0.0,-340.2214926196241,70.0,143.34797286954796,0.730246626594235,0.0,0.6831836241800149,0.0
2.353987216949463,3.9483783977997353,-7.252046247508451,8.646604521336194,-1.2966874446612786,-1.8788027549528752,0.56407430877411,0.0,50.0,20.0,1.0,0.0,0.0,0.0,-340.2214926196241,70.0,143.34797286954796,0.730246626594235,0.0,0.6831836241800149,0.0
2.3960447311401367,4.317785667380811,-8.031972866674794,8.825629157590315,-1.3392700590360458,-1.976342729661738,0.48341022874736195,0.0,50.0,20.0,1.0,0.0,0.0,0.0,-340.2214926196241,70.0,143.34797286954796,0.730246626594235,0.0,0.6831836241800149,0.0
2.4387600421905518,4.946726062238216,-8.485518279654123,9.538040515782633,-1.3038492986698624,-1.9576992801920583,0.31329358048758993,0.0,50.0,20.0,1.0,0.0,0.0,0.0,-340.2214926196241,70.0,143.34797286954796,0.730246626594235,0.0,0.6831836241800149,0.0
2.488264322280884,5.303972506554283,-7.969713239938589,8.900284982751533,-1.3828862915458873,-1.8827527558533004,0.35743463198730235,0.0,50.0,20.0,1.0,0.0,0.0,0.0,-340.2214926196241,70.0,143.34797286954796,0.730246626594235,0.0,0.6831836241800149,0.0
2.532198190689087,4.789643599415099,-7.372216180308349,8.297918405958805,-1.32577578718283,-2.018258670810944,0.36142483415070226,0.0,50.0,20.0,1.0,0.0,0.0,0.0,-340.2214926196241,70.0,143.34797286954796,0.730246626594235,0.0,0.6831836241800149,0.0
2.5757412910461426,4.851951051849691,-7.980462770493336,7.647941895050522,-1.4730284307494734,-2.1719676672254127,0.32282940430593954,0.0,50.0,20.0,1.0,0.0,0.0,0.0,-340.2214926196241,70.0,143.34797286954796,0.730246626594235,0.0,0.6831836241800149,0.0
2.6190707683563232,4.648174750884927,-7.615791304656823,7.379312842465329,-1.3211197854890986,-2.0339428343682715,0.22073661646818238,0.0,50.0,20.0,1.0,0.0,0.0,0.0,-340.2214926196241,70.0,143.34797286954796,0.730246626594235,0.0,0.6831836241800149,0.0
2.6617941856384277,4.228864077539102,-7.543281819789965,8.08468580667552,-1.126916037147389,-1.9058805965226346,0.3442083127538094,0.0,50.0,20.0,1.0,0.0,0.0,0.0,-340.2214926196241,70.0,143.34797286954796,0.730246626594235,0.0,0.6831836241800149,0.0
2.7037441730499268,3.570527983317021,-7.300692393233973,8.719916331442533,-1.094781889543646,-1.8104735834519667,0.4917654547230843,0.0,50.0,20.0,1.0,0.0,0.0,0.0,-340.2214926196241,70.0,143.34797286954796,0.730246626594235,0.0,0.6831836241800149,0.0
2.745959520339966,3.0860891893727573,-7.694934177713244,8.284601627733393,-1.045649467260348,-1.9122841693880137,0.6305774950346124,0.0,50.0,20.0,1.0,0.0,0.0,0.0,-340.2214926196241,70.0,143.34797286954796,0.730246626594235,0.0,0.6831836241800149,0.0
2.7888662815093994,2.374477573914003,-6.981029872486836,7.74553708386055,-0.8716343479836326,-1.8703873285473067,0.7597664727877447,0.0,50.0,20.0,1.0,0.0,0.0,0.0,-340.2214926196241,70.0,143.34797286954796,0.730246626594235,0.0,0.6831836241800149,0.0
2.8308990001678467,2.235838671317789,-7.452045089067395,7.481152877981538,-1.0163522189577558,-1.6731744567324962,0.8517110279690397,0.0,50.0,20.0,1.0,0.0,0.0,0.0,-340.2214926196241,70.0,143.34797286954796,0.730246626594235,0.0,0.6831836241800149,0.0
2.8732120990753174,2.668174306916284,-8.081771813204416,6.766009593674481,-1.1927328696306718,-1.8396299937968628,0.6646101627826215,0.0,50.0,20.0,1.0,0.0,0.0,0.0,-340.2214926196241,70.0,143.34797286954796,0.730246626594235,0.0,0.6831836241800149,0.0
2.9148099422454834,1.896418086602011,-8.01333400622217,6.907942674867504,-1.3475030208723549,-1.957686721995326,0.7911205223657082,0.0,50.0,20.0,1.0,0.0,0.0,0.0,-340.2214926196241,70.0,143.34797286954796,0.730246626594235,0.0,0.6831836241800149,0.0
2.957437038421631,1.4721457960768305,-7.408924324776945,6.442892146846117,-1.202095672514501,-1.8005715512707747,0.6279962129840061,0.0,50.0,20.0,1.0,0.0,0.0,0.0,-340.2214926196241,70.0,143.34797286954796,0.730246626594235,0.0,0.6831836241800149,0.0
2.9996883869171143,1.0424501698217186,-6.613691874650599,5.725974046704829,-1.0857920361090758,-1.7052499610223166,0.48566206085447583,0.0,50.0,20.0,1.0,0.0,0.0,0.0,-340.2214926196241,70.0,143.34797286954796,0.730246626594235,0.0,0.6831836241800149,0.0
3.041841745376587,1.6316647201892969,-6.621623859457843,5.8018923269189315,-1.1589763912292967,-1.8037169935546735,0.35702466039547637,0.0,50.0,20.0,1.0,0.0,0.0,0.0,-340.2214926196241,70.0,143.34797286954796,0.730246626594235,0.0,0.6831836241800149,0.0
3.0840656757354736,2.058112216349603,-7.328307529730402,6.42215191369323,-1.1570375592001394,-1.7517176607887084,0.32876695101156583,0.0,50.0,20.0,1.0,0.0,0.0,0.0,-340.2214926196241,70.0,143.34797286954796,0.730246626594235,0.0,0.6831836241800149,0.0
3.126401901245117,2.75758607897348,-7.322124289427806,7.140870614000102,-1.18862322851712,-1.7686243187208297,0.4670804789858904,0.0,50.0,20.0,1.0,0.0,0.0,0.0,-340.2214926196241,70.0,143.34797286954796,0.730246626594235,0.0,0.6831836241800149,0.0
3.1688308715820312,3.4621533284178385,-6.759013195053753,7.86543236832434,-1.1577084675596458,-1.8384917797423046,0.6332396953803741,0.0,50.0,20.0,1.0,0.0,0.0,0.0,-340.2214926196241,70.0,143.34797286954796,0.730246626594235,0.0,0.6831836241800149,0.0
3.210812568664551,3.8518041575915336,-7.380373772014873,7.895579170219115,-1.0493228056846102,-1.8557347798327337,0.6302398884882353,0.0,50.0,20.0,1.0,0.0,0.0,0.0,-340.2214926196241,70.0,143.34797286954796,0.730246626594235,0.0,0.6831836241800149,0.0
3.2558505535125732,3.39672092562427,-7.950687570080803,8.451213735602902,-0.9654489172015822,-1.9754463300737057,0.48648889555399855,0.0,50.0,20.0,1.0,0.0,0.0,0.0,-340.2214926196241,70.0,143.34797286954796,0.730246626594235,0.0,0.6831836241800149,0.0
3.298088788986206,3.912404428371061,-8.415051476317117,7.774133507145503,-1.1044634015897423,-1.9803144264759374,0.5901731938161843,0.0,50.0,20.0,1.0,0.0,0.0,0.0,-340.2214926196241,70.0,143.34797286954796,0.730246626594235,0.0,0.6831836241800149,0.0
3.3403964042663574,3.564136258202763,-8.978072499391574,8.171539096088468,-1.1352388309319938,-2.0075570612146274,0.5933924866325643,0.0,50.0,20.0,1.0,0.0,0.0,0.0,-340.2214926196241,70.0,143.34797286954796,0.730246626594235,0.0,0.6831836241800149,0.0
3.382697105407715,3.8574406769948437,-8.627059010942437,8.43937519115961,-1.2929255319660469,-1.941003514933217,0.7877690265806923,0.0,50.0,20.0,1.0,0.0,0.0,0.0,-340.2214926196241,70.0,143.34797286954796,0.730246626594235,0.0,0.6831836241800149,0.0
3.424347400665283,3.2106358686208636,-7.858681580109823,7.803251694734259,-1.259190713377734,-2.046054545404602,0.9715782197452247,0.0,50.0,20.0,1.0,0.0,0.0,0.0,-340.2214926196241,70.0,143.34797286954796,0.730246626594235,0.0,0.6831836241800149,0.0
3.468406915664673,3.025373763050431,-8.612792356026834,8.234945073067191,-1.2172624148756752,-1.9306010141102494,0.7927006966252146,0.0,50.0,20.0,1.0,0.0,0.0,0.0,-340.2214926196241,70.0,143.34797286954796,0.730246626594235,0.0,0.6831836241800149,0.0
3.5202198028564453,2.7525973042925664,-8.988318644354793,8.55576871701776,-1.0475054926339586,-1.795335220546532,0.8497825593907082,0.0,50.0,20.0,1.0,0.0,0.0,0.0,-340.2214926196241,70.0,143.34797286954796,0.730246626594235,0.0,0.6831836241800149,0.0
3.563429594039917,3.2047919541862466,-8.312261038961156,8.721149674608288,-1.1846096356748674,-1.7231984501019246,0.7651004658694985,0.0,50.0,20.0,1.0,0.0,0.0,0.0,-340.2214926196241,70.0,143.34797286954796,0.730246626594235,0.0,0.6831836241800149,0.0
3.60711932182312,3.7046729658989515,-8.000545281611664,7.952089796408707,-1.0481964119878149,-1.7627573535188894,0.6698998321209095,0.0,50.0,20.0,1.0,0.0,0.0,0.0,-340.2214926196241,70.0,143.34797286954796,0.730246626594235,0.0,0.6831836241800149,0.0
3.6607158184051514,3.7890600202947047,-8.266786610134146,8.598601966508726,-1.1106090095969103,-1.8585848866079537,0.5263447296903127,0.0,50.0,20.0,1.0,0.0,0.0,0.0,-340.2214926196241,70.0,143.34797286954796,0.730246626594235,0.0,0.6831836241800149,0.0
3.703521251678467,3.0497706003668696,-8.830841265435017,8.325500484085225,-1.2600191730795662,-1.7352504381762033,0.644936756930088,0.0,50.0,20.0,1.0,0.0,0.0,0.0,-340.2214926196241,70.0,143.34797286954796,0.730246626594235,0.0,0.6831836241800149,0.0
3.7462997436523438,2.8879541093318224,-8.399762003345472,7.741263213818518,-1.3223273087854917,-1.7407638799628735,0.8371377896809112,0.0,50.0,20.0,1.0,0.0,0.0,0.0,-340.2214926196241,70.0,143.34797286954796,0.730246626594235,0.0,0.6831836241800149,0.0
3.789708137512207,3.086356574411168,-8.448993055320809,7.880267120051757,-1.2202468044848918,-1.6403825162552454,0.8665147686239174,0.0,50.0,20.0,1.0,0.0,0.0,0.0,-340.2214926196241,70.0,143.34797286954796,0.730246626594235,0.0,0.6831836241800149,0.0
3.8314764499664307,2.995221041144251,-8.560645947068652,7.6086131332756795,-1.2145834214877302,-1.781524076832486,0.7115223540935217,0.0,50.0,20.0,1.0,0.0,0.0,0.0,-340.2214926196241,70.0,143.34797286954796,0.730246626594235,0.0,0.6831836241800149,0.0
3.873849391937256,3.658681230581269,-9.061654329922522,7.9249163039551185,-1.193927339277006,-1.5823760001805494,0.6466621312327632,0.0,50.0,20.0,1.0,0.0,0.0,0.0,-340.2214926196241,70.0,143.34797286954796,0.730246626594235,0.0,0.6831836241800149,0.0
3.9156174659729004,4.032367372693855,-8.62917254986342,7.629832921363325,-1.2069847282785975,-1.4725020378460576,0.77579243436551,0.0,50.0,20.0,1.0,0.0,0.0,0.0,-340.2214926196241,70.0,143.34797286954796,0.730246626594235,0.0,0.6831836241800149,0.0
3.9572980403900146,4.004585328632777,-9.234696548294528,8.20776524646999,-1.1534254586915886,-1.357538964553162,0.9757633067765705,0.0,50.0,20.0,1.0,0.0,0.0,0.0,-340.2214926196241,70.0,143.34797286954796,0.730246626594235,0.0,0.6831836241800149,0.0
3.999497652053833,3.3940074149995505,-9.505545530681214,8.735592275840292,-0.9817093782449327,-1.3245495645499406,1.101148437115612,0.0,50.0,20.0,1.0,0.0,0.0,0.0,-340.2214926196241,70.0,143.34797286954796,0.730246626594235,0.0,0.6831836241800149,0.0
4.041892766952515,3.726922905934118,-9.56685656838708,8.314895434049662,-0.8156426967630284,-1.3903295321106817,0.9951582505819885,0.0,50.0,20.0,1.0,0.0,0.0,0.0,-340.2214926196241,70.0,143.34797286954796,0.730246626594235,0.0,0.6831836241800149,0.0
4.084075450897217,3.0310738088553286,-10.123066955071433,7.668416125120637,-0.9160592010072632,-1.414627695260215,1.0287089714437558,0.0,50.0,20.0,1.0,0.0,0.0,0.0,-340.2214926196241,70.0,143.34797286954796,0.730246626594235,0.0,0.6831836241800149,0.0
4.125848054885864,2.341267122282635,-9.454083987071044,7.9506185988577,-1.0652521398563533,-1.4343605815962321,1.08539044288223,0.0,50.0,20.0,1.0,0.0,0.0,0.0,-340.2214926196241,70.0,143.34797286954796,0.730246626594235,0.0,0.6831836241800149,0.0
4.167985677719116,1.9714077310693319,-9.927030445061154,8.6671278215692,-1.1072850608107863,-1.6238763112138603,1.0437697697782267,0.0,50.0,20.0,1.0,0.0,0.0,0.0,-340.2214926196241,70.0,143.34797286954796,0.730246626594235,0.0,0.6831836241800149,0.0
4.2101030349731445,1.6127884075565742,-10.603299299165446,8.22138337250609,-1.1669055967308248,-1.7622969317971457,0.9843880910891343,0.0,50.0,20.0,1.0,0.0,0.0,0.0,-340.2214926196241,70.0,143.34797286954796,0.730246626594235,0.0,0.6831836241800149,0.0
4.252521753311157,2.042318559749392,-10.88118014582176,8.360926873671024,-1.2180942258214398,-1.8402507724711248,0.7896573667305881,0.0,50.0,20.0,1.0,0.0,0.0,0.0,-340.2214926196241,70.0,143.34797286954796,0.730246626594235,0.0,0.6831836241800149,0.0
4.304389953613281,1.6615515774729643,-11.165402993022818,8.2714901452421,-1.4106114379848107,-1.9585518743819803,0.8159717087937401,0.0,50.0,20.0,1.0,0.0,0.0,0.0,-340.2214926196241,70.0,143.34797286954796,0.730246626594235,0.0,0.6831836241800149,0.0
4.346673965454102,1.7633984219323715,-10.609525587873154,8.37727022596177,-1.2566261948281656,-1.920073784809547,0.7149903785052137,0.0,50.0,20.0,1.0,0.0,0.0,0.0,-340.2214926196241,70.0,143.34797286954796,0.730246626594235,0.0,0.6831836241800149,0.0
4.389330148696899,2.0066010295018972,-10.115346712568225,7.8103478777439355,-1.1951856331326556,-1.8842070409280878,0.5797744334832371,0.0,50.0,20.0,1.0,0.0,0.0,0.0,-340.2214926196241,70.0,143.34797286954796,0.730246626594235,0.0,0.6831836241800149,0.0
4.431478261947632,1.6543797555684967,-10.1615599961207,7.821373839346797,-1.325524560587097,-1.7583468206827737,0.6471016173258235,0.0,50.0,20.0,1.0,0.0,0.0,0.0,-340.2214926196241,70.0,143.34797286954796,0.730246626594235,0.0,0.6831836241800149,0.0
4.474471569061279,1.7134029612427604,-9.842335024074444,7.5171039791106535,-1.38501915490719,-1.7808191097048935,0.46625151621666083,0.0,50.0,20.0,1.0,0.0,0.0,0.0,-340.2214926196241,70.0,143.34797286954796,0.730246626594235,0.0,0.6831836241800149,0.0
4.5205628871917725,1.9855778954055978,-10.302754449264484,6.802441010626529,-1.541608929549217,-1.6783302473163446,0.4502395502123456,0.0,50.0,20.0,1.0,0.0,0.0,0.0,-340.2214926196241,70.0,143.34797286954796,0.730246626594235,0.0,0.6831836241800149,0.0
4.564306735992432,1.6588710337019916,-9.753803269350898,6.9515110115338885,-1.5567277255095457,-1.6574800481821768,0.5047058066381362,0.0,50.0,20.0,1.0,0.0,0.0,0.0,-340.2214926196241,70.0,143.34797286954796,0.730246626594235,0.0,0.6831836241800149,0.0
4.606604814529419,1.8428168839503933,-9.510486599348143,7.435507814316354,-1.6209596785708755,-1.8083367263253778,0.6873526183885628,0.0,50.0,20.0,1.0,0.0,0.0,0.0,-340.2214926196241,70.0,143.34797286954796,0.730246626594235,0.0,0.6831836241800149,0.0
4.649124383926392,2.14861739601849,-10.220938026910266,7.938301038509309,-1.5893211848991509,-1.6334752475733987,0.8403086261839761,0.0,50.0,20.0,1.0,0.0,0.0,0.0,-340.2214926196241,70.0,143.34797286954796,0.730246626594235,0.0,0.6831836241800149,0.0
4.691572904586792,2.525880947425762,-9.809021702793636,7.7106351200623955,-1.6676135106634185,-1.5423346742501824,0.8593899645362694,0.0,50.0,20.0,1.0,0.0,0.0,0.0,-340.2214926196241,70.0,143.34797286954796,0.730246626594235,0.0,0.6831836241800149,0.0
4.733537435531616,2.1949920217616565,-9.375376627133239,7.705071019340133,-1.8396691686902045,-1.7322457634477921,0.8648533776279135,0.0,50.0,20.0,1.0,0.0,0.0,0.0,-340.2214926196241,70.0,143.34797286954796,0.730246626594235,0.0,0.6831836241800149,0.0
4.775574207305908,1.651754434643431,-9.79244856899504,7.6458685348773106,-1.8465347452382512,-1.8118302319600141,0.8743172102290272,0.0,50.0,20.0,1.0,0.0,0.0,0.0,-340.2214926196241,70.0,143.34797286954796,0.730246626594235,0.0,0.6831836241800149,0.0
4.817496061325073,1.9544631208764545,-9.697913604225146,7.189042061679972,-1.7609118887996824,-1.985497820180126,0.6981763457385233,0.0,50.0,20.0,1.0,0.0,0.0,0.0,-340.2214926196241,70.0,143.34797286954796,0.730246626594235,0.0,0.6831836241800149,0.0
4.860191583633423,1.2824637178358365,-10.004033946060387,6.628396686188484,-1.919899868770636,-2.105020653630545,0.5864808152563057,0.0,50.0,20.0,1.0,0.0,0.0,0.0,-340.2214926196241,70.0,143.34797286954796,0.730246626594235,0.0,0.6831836241800149,0.0
4.902674913406372,1.5795883624168734,-9.47614897744516,6.056912285540169,-2.103708964215718,-2.063147282520043,0.5561875660516695,0.0,50.0,20.0,1.0,0.0,0.0,0.0,-340.2214926196241,70.0,143.34797286954796,0.730246626594235,0.0,0.6831836241800149,0.0
4.945180892944336,1.7168862189005876,-9.689636664160854,6.364706926428727,-2.106920778149774,-1.881250246410378,0.5978905018292849,0.0,50.0,20.0,1.0,0.0,0.0,0.0,-340.2214926196241,70.0,143.34797286954796,0.730246626594235,0.0,0.6831836241800149,0.0
4.987388610839844,0.9774894723799369,-9.804014228419897,5.566331005309857,-2.0921978095011813,-1.9057266556969863,0.41243364180520226,0.0,50.0,20.0,1.0,0.0,0.0,0.0,-340.2214926196241,70.0,143.34797286954796,0.730246626594235,0.0,0.6831836241800149,0.0
5.028994560241699,1.3432260393504611,-10.382817467351256,6.009450959585545,-2.285269032471994,-2.0087804109597753,0.4770475726373359,0.0,50.0,20.0,1.0,0.0,0.0,0.0,-340.2214926196241,70.0,143.34797286954796,0.730246626594235,0.0,0.6831836241800149,0.0
5.071627616882324,1.2896472919060595,-10.921250521945463,5.825487691811586,-2.214573725895182,-1.8549367426498422,0.34121364960877165,0.0,50.0,20.0,1.0,0.0,0.0,0.0,-340.2214926196241,70.0,143.34797286954796,0.730246626594235,0.0,0.6831836241800149,0.0
5.113327503204346,0.7858927968455092,-10.708905006354742,6.0759350918817105,-2.031455872679447,-1.7020337862220558,0.5182306634001839,0.0,50.0,20.0,1.0,0.0,0.0,0.0,-340.2214926196241,70.0,143.34797286954796,0.730246626594235,0.0,0.6831836241800149,0.0
5.155473947525024,0.3069150873385398,-9.960938906521365,5.7070114001660945,-2.1964458435214698,-1.7096641746166072,0.6367546364671144,0.0,50.0,20.0,1.0,0.0,0.0,0.0,-340.2214926196241,70.0,143.34797286954796,0.730246626594235,0.0,0.6831836241800149,0.0
5.197503328323364,0.5046184613139827,-9.580292697939964,6.188804108417802,-2.2382762839840753,-1.7277096585535185,0.6909821901327277,0.0,50.0,20.0,1.0,0.0,0.0,0.0,-340.2214926196241,70.0,143.34797286954796,0.730246626594235,0.0,0.6831836241800149,0.0
5.239518880844116,0.988220178822096,-8.928375511285605,6.017739431327054,-2.2590140443627695,-1.710735860410832,0.7102559071255781,0.0,50.0,20.0,1.0,0.0,0.0,0.0,-340.2214926196241,70.0,143.34797286954796,0.730246626594235,0.0,0.6831836241800149,0.0
5.28137469291687,1.709503191750796,-8.774280598026984,5.682823528165792,-2.121528295755953,-1.788298135098918,0.8896090730202544,0.0,50.0,20.0,1.0,0.0,0.0,0.0,-340.2214926196241,70.0,143.34797286954796,0.730246626594235,0.0,0.6831836241800149,0.0
5.3241965770721436,1.2040237432694831,-9.164414023145635,5.994131891386905,-2.125236424324325,-1.7982934773612556,0.9617805505508437,0.0,50.0,20.0,1.0,0.0,0.0,0.0,-340.2214926196241,70.0,143.34797286954796,0.730246626594235,0.0,0.6831836241800149,0.0
5.366166353225708,1.0694356491721053,-9.346499698370819,5.636287581379827,-1.9928574736208777,-1.7729249826652687,0.7946283895757014,0.0,50.0,20.0,1.0,0.0,0.0,0.0,-340.2214926196241,70.0,143.34797286954796,0.730246626594235,0.0,0.6831836241800149,0.0
5.407728910446167,1.2477982743058578,-8.615864055138976,5.87210379176048,-1.914371009247628,-1.729726372564637,0.828431803782176,0.0,50.0,20.0,1.0,0.0,0.0,0.0,-340.2214926196241,70.0,143.34797286954796,0.730246626594235,0.0,0.6831836241800149,0.0
5.449592113494873,1.4575659221154313,-9.071474693031222,6.307461009828262,-1.784430496418853,-1.8740184498303916,0.8820773775446735,0.0,50.0,20.0,1.0,0.0,0.0,0.0,-340.2214926196241,70.0,143.34797286954796,0.730246626594235,0.0,0.6831836241800149,0.0
5.4948108196258545,1.7626661945071131,-8.885438157241264,5.793106518236119,-1.8696524856999934,-1.9308879646489083,0.9999817863766871,0.0,50.0,20.0,1.0,0.0,0.0,0.0,-340.2214926196241,70.0,143.34797286954796,0.730246626594235,0.0,0.6831836241800149,0.0
5.5457093715667725,2.159360548819607,-8.75375351332854,6.233647056862789,-1.7381317147963964,-1.7576743144570042,0.9836705267051667,0.0,50.0,20.0,1.0,0.0,0.0,0.0,-340.2214926196241,70.0,143.34797286954796,0.730246626594235,0.0,0.6831836241800149,0.0
5.588465690612793,1.840688941982557,-9.376251207841168,6.751489081754251,-1.735567357648931,-1.5642002027153088,1.0648691849180552,0.0,50.0,20.0,1.0,0.0,0.0,0.0,-340.2214926196241,70.0,143.34797286954796,0.730246626594235,0.0,0.6831836241800149,0.0
5.631780624389648,2.607739890578241,-9.726994620067494,6.749121320672921,-1.5664935809276084,-1.4522922392475153,1.125820563830736,0.0,50.0,20.0,1.0,0.0,0.0,0.0,-340.2214926196241,70.0,143.34797286954796,0.730246626594235,0.0,0.6831836241800149,0.0
5.676203966140747,3.3199065877426484,-9.341778093151008,7.150381944378478,-1.5911557110252528,-1.5709329872207776,1.0459996045550457,0.0,50.0,20.0,1.0,0.0,0.0,0.0,-340.2214926196241,70.0,143.34797286954796,0.730246626594235,0.0,0.6831836241800149,0.0
5.726061105728149,4.071636513507057,-9.450595194396143,7.148168975151838,-1.5831210106203522,-1.5148110607082752,0.8845063792000061,0.0,50.0,20.0,1.0,0.0,0.0,0.0,-340.2214926196241,70.0,143.34797286954796,0.730246626594235,0.0,0.6831836241800149,0.0
5.770423650741577,3.9233413401532586,-8.702485853876647,6.659241930846588,-1.50114573031974,-1.4937414934770874,1.051965352294121,0.0,50.0,20.0,1.0,0.0,0.0,0.0,-340.2214926196241,70.0,143.34797286954796,0.730246626594235,0.0,0.6831836241800149,0.0
5.814743518829346,4.051610541767021,-9.061932823112288,7.343882831541048,-1.651150566384489,-1.3058658779931787,1.1916502711400359,0.0,50.0,20.0,1.0,0.0,0.0,0.0,-340.2214926196241,70.0,143.34797286954796,0.730246626594235,0.0,0.6831836241800149,0.0
5.858695983886719,3.397832378452248,-8.4752926105728,6.629861486769649,-1.6368597258542685,-1.221509278312583,1.2076648543957278,0.0,50.0,20.0,1.0,0.0,0.0,0.0,-340.2214926196241,70.0,143.34797286954796,0.730246626594235,0.0,0.6831836241800149,0.0
5.901395320892334,2.9166158080374056,-7.769948803918327,7.0260277516961915,-1.5311620733372993,-1.3430059449575602,1.2150611351094895,0.0,50.0,20.0,1.0,0.0,0.0,0.0,-340.2214926196241,70.0,143.34797286954796,0.730246626594235,0.0,0.6831836241800149,0.0
5.945090293884277,3.2151010497683528,-7.998781683234553,7.48850853737746,-1.3914745950474985,-1.473844738308388,1.2375130459689418,0.0,50.0,20.0,1.0,0.0,0.0,0.0,-340.2214926196241,70.0,143.34797286954796,0.730246626594235,0.0,0.6831836241800149,0.0
5.987699270248413,2.7910099639999224,-7.77330550920126,7.713787347535064,-1.2143424955962114,-1.4459037122342804,1.117773629288636,0.0,50.0,20.0,1.0,0.0,0.0,0.0,-340.2214926196241,70.0,143.34797286954796,0.730246626594235,0.0,0.6831836241800149,0.0
6.030072212219238,2.6784468261629946,-8.184228870001032,7.242036507954842,-1.2888017641751388,-1.2614981705238866,0.9396954956088139,0.0,50.0,20.0,1.0,0.0,0.0,0.0,-340.2214926196241,70.0,143.34797286954796,0.730246626594235,0.0,0.6831836241800149,0.0
6.073015213012695,2.968108758186899,-7.492141135998982,6.587533229040432,-1.327873887413131,-1.0866272647624533,0.7403854812173615,0.0,50.0,20.0,1.0,0.0,0.0,0.0,-340.2214926196241,70.0,143.34797286954796,0.730246626594235,0.0,0.6831836241800149,0.0
6.120663642883301,2.651353965540504,-7.751367234334873,7.003537568674234,-1.4104037292407308,-0.8936508774305048,0.548080095234137,0.0,50.0,20.0,1.0,0.0,0.0,0.0,-340.2214926196241,70.0,143.34797286954796,0.730246626594235,0.0,0.6831836241800149,0.0
6.163508892059326,3.3177830927294663,-7.9034289860023605,6.403208060586711,-1.3646861415257845,-0.8476167379762375,0.6074826381208476,0.0,50.0,20.0,1.0,0.0,0.0,0.0,-340.2214926196241,70.0,143.34797286954796,0.730246626594235,0.0,0.6831836241800149,0.0
6.205766677856445,3.53525517377033,-7.90055292202899,6.36482972268778,-1.5533629104963154,-0.8673574594174946,0.5339215377875705,0.0,50.0,20.0,1.0,0.0,0.0,0.0,-340.2214926196241,70.0,143.34797286954796,0.730246626594235,0.0,0.6831836241800149,0.0
6.247966527938843,4.2920896311245915,-8.082596314949576,5.682235877129678,-1.6285553225068148,-0.7783763614889362,0.5305457744362976,0.0,50.0,20.0,1.0,0.0,0.0,0.0,-340.2214926196241,70.0,143.34797286954796,0.730246626594235,0.0,0.6831836241800149,0.0
6.290682554244995,4.829710691920512,-7.744067206512276,6.39359518045368,-1.5357185147132155,-0.9371792788886475,0.5196857473971845,0.0,50.0,20.0,1.0,0.0,0.0,0.0,-340.2214926196241,70.0,143.34797286954796,0.730246626594235,0.0,0.6831836241800149,0.0
6.3334808349609375,4.16601790771383,-7.476783565123441,6.00528527527774,-1.477099242833849,-1.0220418428884328,0.34880880597328956,0.0,50.0,20.0,1.0,0.0,0.0,0.0,-340.2214926196241,70.0,143.34797286954796,0.730246626594235,0.0,0.6831836241800149,0.0
6.376434326171875,4.9436457572205414,-7.61735389584675,5.704345571977875,-1.5610250918554618,-0.8330273448399248,0.35584172910750295,0.0,50.0,20.0,1.0,0.0,0.0,0.0,-340.2214926196241,70.0,143.34797286954796,0.730246626594235,0.0,0.6831836241800149,0.0
6.418979644775391,5.421091388165673,-8.149747915739065,5.105815133686581,-1.3897340284088022,-0.7411893584956486,0.446965195047602,0.0,50.0,20.0,1.0,0.0,0.0,0.0,-340.2214926196241,70.0,143.34797286954796,0.730246626594235,0.0,0.6831836241800149,0.0
6.461623907089233,5.954690895883193,-7.71048885593442,5.6489042816511,-1.338488338641545,-0.6676533594132227,0.6286914228009626,0.0,50.0,20.0,1.0,0.0,0.0,0.0,-340.2214926196241,70.0,143.34797286954796,0.730246626594235,0.0,0.6831836241800149,0.0
6.508452415466309,3.081555317605819,-5.06355845824567,12.76599295961783,-1.2092872119519893,-1.4479038534664275,2.413284189848702,0.0,50.0,20.0,1.0,0.0,0.0,0.0,-340.2214926196241,70.0,143.34797286954796,0.730246626594235,0.0,0.6831836241800149,0.0
6.552048921585083,3.2040975930908586,-4.351670743467071,12.277473226478318,-1.2188590375519535,-1.3490102639044068,2.345549322992509,0.0,50.0,20.0,1.0,0.0,0.0,0.0,-340.2214926196241,70.0,143.34797286954796,0.730246626594235,0.0,0.6831836241800149,0.0
6.595720291137695,3.614497679904901,-3.963841779630712,13.0,-1.035174514765501,-1.3150202037603616,2.3669816219778372,0.0,50.0,20.0,1.0,0.0,0.0,0.0,-340.2214926196241,70.0,143.34797286954796,0.730246626594235,0.0,0.6831836241800149,0.0
6.639467239379883,3.8950743323087287,-3.9270684490497585,13.0,-1.077980027833218,-1.468205599080579,2.4391842189594617,0.0,50.0,20.0,1.0,0.0,0.0,0.0,-340.2214926196241,70.0,143.34797286954796,0.730246626594235,0.0,0.6831836241800149,0.0
6.683553218841553,3.4655254212014643,-3.6985144739916276,12.431963502235366,-1.275710167751392,-1.6515126362935408,2.278091216336339,0.0,50.0,20.0,1.0,0.0,0.0,0.0,-340.2214926196241,70.0,143.34797286954796,0.730246626594235,0.0,0.6831836241800149,0.0
6.7265801429748535,3.0487466912305754,-3.0174483755747454,12.038379199204854,-1.18542183599643,-1.5075391895131338,2.117685871822676,0.0,50.0,20.0,1.0,0.0,0.0,0.0,-340.2214926196241,70.0,143.34797286954796,0.730246626594235,0.0,0.6831836241800149,0.0
6.769927263259888,2.46395838224209,-2.633281072281134,12.630564630599558,-1.2052997347482672,-1.5537529961764898,1.9839008070355075,0.0,50.0,20.0,1.0,0.0,0.0,0.0,-340.2214926196241,70.0,143.34797286954796,0.730246626594235,0.0,0.6831836241800149,0.0
6.812946557998657,3.019591781969093,-2.9599752631561187,13.0,-1.3462188111323876,-1.7489324127631731,1.874280420217706,0.0,50.0,20.0,1.0,0.0,0.0,0.0,-340.2214926196241,70.0,143.34797286954796,0.730246626594235,0.0,0.6831836241800149,0.0
6.8562400341033936,3.408902091194206,-2.8014013718689013,12.95263843514274,-1.3366532526953316,-1.9216362904432767,1.7695487550134072,0.0,50.0,20.0,1.0,0.0,0.0,0.0,-340.2214926196241,70.0,143.34797286954796,0.730246626594235,0.0,0.6831836241800149,0.0
6.899912357330322,2.621850409339257,-3.1851381540661854,13.0,-1.2242599335822932,-1.9255712833678431,1.8456449501820096,0.0,50.0,20.0,1.0,0.0,0.0,0.0,-340.2214926196241,70.0,143.34797286954796,0.730246626594235,0.0,0.6831836241800149,0.0
6.9431023597717285,2.2204294279744454,-3.3221022064699754,12.441613755697782,-1.3458399190174097,-1.9849523969744907,1.997932624322933,0.0,50.0,20.0,1.0,0.0,0.0,0.0,-340.2214926196241,70.0,143.34797286954796,0.730246626594235,0.0,0.6831836241800149,0.0
6.986099481582642,2.158279043737608,-3.934621583926952,12.334756873744434,-1.2241606833154925,-1.8692716523043553,1.9336890759898053,0.0,50.0,20.0,1.0,0.0,0.0,0.0,-340.2214926196241,70.0,143.34797286954796,0.730246626594235,0.0,0.6831836241800149,0.0
7.028251647949219,2.5609086858479584,-3.433443298014183,13.0,-1.1152960272437573,-2.026262183071201,2.1316153434977925,0.0,50.0,20.0,1.0,0.0,0.0,0.0,-340.2214926196241,70.0,143.34797286954796,0.730246626594235,0.0,0.6831836241800149,0.0
7.070534706115723,1.9832128331975927,-3.040375546030625,13.0,-1.2431971097907253,-2.1151592750304165,2.2712890283719087,0.0,50.0,20.0,1.0,0.0,0.0,0.0,-340.2214926196241,70.0,143.34797286954796,0.730246626594235,0.0,0.6831836241800149,0.0
7.112976312637329,1.9333681802579628,-3.690075778778009,12.837327899347727,-1.4429794051043796,-2.0771613880743676,2.2893247620265953,0.0,50.0,20.0,1.0,0.0,0.0,0.0,-340.2214926196241,70.0,143.34797286954796,0.730246626594235,0.0,0.6831836241800149,0.0
7.15519905090332,2.1248941549049345,-3.5545759034828768,13.0,-1.4535428711817386,-1.9291026912968672,2.141116378387928,0.0,50.0,20.0,1.0,0.0,0.0,0.0,-340.2214926196241,70.0,143.34797286954796,0.730246626594235,0.0,0.6831836241800149,0.0
7.198077440261841,1.4911826606549368,-3.937680961804125,13.0,-1.386071707003292,-1.9316407277325258,2.2794735615275474,0.0,50.0,20.0,1.0,0.0,0.0,0.0,-340.2214926196241,70.0,143.34797286954796,0.730246626594235,0.0,0.6831836241800149,0.0
7.240147352218628,2.056371161018676,-3.423374416513989,13.0,-1.2624737718826602,-1.9528330340540017,2.4345814828529666,0.0,50.0,20.0,1.0,0.0,0.0,0.0,-340.2214926196241,70.0,143.34797286954796,0.730246626594235,0.0,0.6831836241800149,0.0
7.282671689987183,2.348261059241768,-3.6475375179069545,13.0,-1.1431219370452694,-1.9882046149967394,2.5,0.0,50.0,20.0,1.0,0.0,0.0,0.0,-340.2214926196241,70.0,143.34797286954796,0.730246626594235,0.0,0.6831836241800149,0.0
7.324946403503418,1.698462996804464,-3.1204259840902,13.0,-1.0289998261293902,-1.8924512761341243,2.5,0.0,50.0,20.0,1.0,0.0,0.0,0.0,-340.2214926196241,70.0,143.34797286954796,0.730246626594235,0.0,0.6831836241800149,0.0
7.367914915084839,1.111259585745536,-3.827149936312995,12.316313737680979,-1.038220080660453,-1.9094835172851323,2.5,0.0,50.0,20.0,1.0,0.0,0.0,0.0,-340.2214926196241,70.0,143.34797286954796,0.730246626594235,0.0,0.6831836241800149,0.0
7.4104835987091064,1.3892890893024208,-3.924906070978996,13.0,-0.9412153161974837,-2.0560171555026616,2.5,0.0,50.0,20.0,1.0,0.0,0.0,0.0,-340.2214926196241,70.0,143.34797286954796,0.730246626594235,0.0,0.6831836241800149,0.0
7.45352029800415,1.5622759258880983,-4.614877481770644,13.0,-0.7856205973843002,-2.203951286546424,2.5,0.0,50.0,20.0,1.0,0.0,0.0,0.0,-340.2214926196241,70.0,143.34797286954796,0.730246626594235,0.0,0.6831836241800149,0.0
7.497002363204956,1.9047589389098294,-5.236218478907457,12.329248984166707,-0.6896232063905386,-2.270436923466239,2.363511066773398,0.0,50.0,20.0,1.0,0.0,0.0,0.0,-340.2214926196241,70.0,143.34797286954796,0.730246626594235,0.0,0.6831836241800149,0.0
7.551594972610474,1.3232788946683174,-5.99714586823565,13.0,-0.7427800669569506,-2.3469824980881384,2.2532450616631228,0.0,50.0,20.0,1.0,0.0,0.0,0.0,-340.2214926196241,70.0,143.34797286954796,0.730246626594235,0.0,0.6831836241800149,0.0
7.595093488693237,1.2799519720211479,-5.423523130954527,13.0,-0.6332008527843573,-2.4407582893682127,2.119895396183803,0.0,50.0,20.0,1.0,0.0,0.0,0.0,-340.2214926196241,70.0,143.34797286954796,0.730246626594235,0.0,0.6831836241800149,0.0
7.63884425163269,1.9975876639646033,-5.445433015265598,12.313835891574428,-0.6371981494259786,-2.2913280990231044,2.09654453758551,0.0,50.0,20.0,1.0,0.0,0.0,0.0,-340.2214926196241,70.0,143.34797286954796,0.730246626594235,0.0,0.6831836241800149,0.0
7.682924509048462,1.6501898832893387,-4.84204870709973,12.943754556753381,-0.5145934260138232,-2.456984236921408,2.054261132298088,0.0,50.0,20.0,1.0,0.0,0.0,0.0,-340.2214926196241,70.0,143.34797286954796,0.730246626594235,0.0,0.6831836241800149,0.0
7.729182720184326,0.8607027893522883,-4.168140349100173,12.285762697278038,-0.6902212491068687,-2.4123338767652,1.9777215116527602,0.0,50.0,20.0,1.0,0.0,0.0,0.0,-340.2214926196241,70.0,143.34797286954796,0.730246626594235,0.0,0.6831836241800149,0.0
7.773271083831787,0.17111920593835273,-4.637079917410463,12.81230772289795,-0.8368415384887102,-2.4113860115427936,1.8256173720812663,0.0,50.0,20.0,1.0,0.0,0.0,0.0,-340.2214926196241,70.0,143.34797286954796,0.730246626594235,0.0,0.6831836241800149,0.0
7.817033767700195,0.96615026354441,-5.400789786125322,12.623252831268989,-0.7347558529811795,-2.3348224855462574,1.7088178804599756,0.0,50.0,20.0,1.0,0.0,0.0,0.0,-340.2214926196241,70.0,143.34797286954796,0.730246626594235,0.0,0.6831836241800149,0.0
