# Timestamp, Fx, Fy, Fz, Tx, Ty, Tz, FemurPosX, FemurPosY, FemurPosZ, FemurQuatW, FemurQuatX, FemurQuatY, FemurQuatZ, TibiaPosX, TibiaPosY, TibiaPosZ, TibiaQuatW, TibiaQuatX, TibiaQuatY, TibiaQuatZ
0.02525639533996582,-3.73507,-5.59895,2.30691,-2.27761,-3.53028,3.64193,0.730625,-0.227033,0.700791,-0.186666,0.0465449,0.9811,0.0207769,-0.0693504,-0.00147886,0.556493,0.252361,0.116475,0.956107,-0.0927741
0.054419755935668945,-3.73507,-5.59895,2.30691,-2.27761,-3.53028,3.64193,0.730625,-0.227033,0.700791,-0.186666,0.0465449,0.9811,0.0207769,-0.0693504,-0.00147886,0.556493,0.252361,0.116475,0.956107,-0.0927741
0.08430075645446777,-3.73507,-5.59895,2.30691,-2.27761,-3.53028,3.64193,0.730625,-0.227033,0.700791,-0.186666,0.0465449,0.9811,0.0207769,-0.0693504,-0.00147886,0.556493,0.252361,0.116475,0.956107,-0.0927741
0.11465144157409668,-3.73507,-5.59895,2.30691,-2.27761,-3.53028,3.64193,0.730625,-0.227033,0.700791,-0.186666,0.0465449,0.9811,0.0207769,-0.0693504,-0.00147886,0.556493,0.252361,0.116475,0.956107,-0.0927741
0.1471724510192871,-3.73507,-5.59895,2.30691,-2.27761,-3.53028,3.64193,0.730625,-0.227033,0.700791,-0.186666,0.0465449,0.9811,0.0207769,-0.0693504,-0.00147886,0.556493,0.252361,0.116475,0.956107,-0.0927741
0.17633986473083496,-3.73507,-5.59895,2.30691,-2.27761,-3.53028,3.64193,0.730625,-0.227033,0.700791,-0.186666,0.0465449,0.9811,0.0207769,-0.0693504,-0.00147886,0.556493,0.252361,0.116475,0.956107,-0.0927741
0.2061450481414795,-3.73507,-5.59895,2.30691,-2.27761,-3.53028,3.64193,0.730625,-0.227033,0.700791,-0.186666,0.0465449,0.9811,0.0207769,-0.0693504,-0.00147886,0.556493,0.252361,0.116475,0.956107,-0.0927741
0.2362682819366455,-3.73507,-5.59895,2.30691,-2.27761,-3.53028,3.64193,0.730625,-0.227033,0.700791,-0.186666,0.0465449,0.9811,0.0207769,-0.0693504,-0.00147886,0.556493,0.252361,0.116475,0.956107,-0.0927741
0.2667374610900879,-3.73507,-5.59895,2.30691,-2.27761,-3.53028,3.64193,0.730625,-0.227033,0.700791,-0.186666,0.0465449,0.9811,0.0207769,-0.0693504,-0.00147886,0.556493,0.252361,0.116475,0.956107,-0.0927741
0.29932475090026855,-3.73507,-5.59895,2.30691,-2.27761,-3.53028,3.64193,0.730625,-0.227033,0.700791,-0.186666,0.0465449,0.9811,0.0207769,-0.0693504,-0.00147886,0.556493,0.252361,0.116475,0.956107,-0.0927741
0.32903289794921875,-3.73507,-5.59895,2.30691,-2.27761,-3.53028,3.64193,0.730625,-0.227033,0.700791,-0.186666,0.0465449,0.9811,0.0207769,-0.0693504,-0.00147886,0.556493,0.252361,0.116475,0.956107,-0.0927741
0.3581063747406006,-3.73507,-5.59895,2.30691,-2.27761,-3.53028,3.64193,0.730625,-0.227033,0.700791,-0.186666,0.0465449,0.9811,0.0207769,-0.0693504,-0.00147886,0.556493,0.252361,0.116475,0.956107,-0.0927741
0.39042234420776367,-3.73507,-5.59895,2.30691,-2.27761,-3.53028,3.64193,0.730625,-0.227033,0.700791,-0.186666,0.0465449,0.9811,0.0207769,-0.0693504,-0.00147886,0.556493,0.252361,0.116475,0.956107,-0.0927741
0.4208552837371826,-3.73507,-5.59895,2.30691,-2.27761,-3.53028,3.64193,0.730625,-0.227033,0.700791,-0.186666,0.0465449,0.9811,0.0207769,-0.0693504,-0.00147886,0.556493,0.252361,0.116475,0.956107,-0.0927741
0.45070385932922363,-3.73507,-5.59895,2.30691,-2.27761,-3.53028,3.64193,0.730625,-0.227033,0.700791,-0.186666,0.0465449,0.9811,0.0207769,-0.0693504,-0.00147886,0.556493,0.252361,0.116475,0.956107,-0.0927741
0.48127055168151855,-3.73507,-5.59895,2.30691,-2.27761,-3.53028,3.64193,0.730625,-0.227033,0.700791,-0.186666,0.0465449,0.9811,0.0207769,-0.0693504,-0.00147886,0.556493,0.252361,0.116475,0.956107,-0.0927741
0.510601282119751,-3.73507,-5.59895,2.30691,-2.27761,-3.53028,3.64193,0.730625,-0.227033,0.700791,-0.186666,0.0465449,0.9811,0.0207769,-0.0693504,-0.00147886,0.556493,0.252361,0.116475,0.956107,-0.0927741
0.5431458950042725,-3.73507,-5.59895,2.30691,-2.27761,-3.53028,3.64193,0.730625,-0.227033,0.700791,-0.186666,0.0465449,0.9811,0.0207769,-0.0693504,-0.00147886,0.556493,0.252361,0.116475,0.956107,-0.0927741
0.5727684497833252,-3.73507,-5.59895,2.30691,-2.27761,-3.53028,3.64193,0.730625,-0.227033,0.700791,-0.186666,0.0465449,0.9811,0.0207769,-0.0693504,-0.00147886,0.556493,0.252361,0.116475,0.956107,-0.0927741
0.6028246879577637,-3.73507,-5.59895,2.30691,-2.27761,-3.53028,3.64193,0.730625,-0.227033,0.700791,-0.186666,0.0465449,0.9811,0.0207769,-0.0693504,-0.00147886,0.556493,0.252361,0.116475,0.956107,-0.0927741
0.6327667236328125,-3.73507,-5.59895,2.30691,-2.27761,-3.53028,3.64193,0.730625,-0.227033,0.700791,-0.186666,0.0465449,0.9811,0.0207769,-0.0693504,-0.00147886,0.556493,0.252361,0.116475,0.956107,-0.0927741
0.6626558303833008,-3.73507,-5.59895,2.30691,-2.27761,-3.53028,3.64193,0.730625,-0.227033,0.700791,-0.186666,0.0465449,0.9811,0.0207769,-0.0693504,-0.00147886,0.556493,0.252361,0.116475,0.956107,-0.0927741
0.6947283744812012,-3.73507,-5.59895,2.30691,-2.27761,-3.53028,3.64193,0.730625,-0.227033,0.700791,-0.186666,0.0465449,0.9811,0.0207769,-0.0693504,-0.00147886,0.556493,0.252361,0.116475,0.956107,-0.0927741
0.7238616943359375,-3.73507,-5.59895,2.30691,-2.27761,-3.53028,3.64193,0.730625,-0.227033,0.700791,-0.186666,0.0465449,0.9811,0.0207769,-0.0693504,-0.00147886,0.556493,0.252361,0.116475,0.956107,-0.0927741
0.7550249099731445,-3.73507,-5.59895,2.30691,-2.27761,-3.53028,3.64193,0.730625,-0.227033,0.700791,-0.186666,0.0465449,0.9811,0.0207769,-0.0693504,-0.00147886,0.556493,0.252361,0.116475,0.956107,-0.0927741
0.7838788032531738,-3.73507,-5.59895,2.30691,-2.27761,-3.53028,3.64193,0.730625,-0.227033,0.700791,-0.186666,0.0465449,0.9811,0.0207769,-0.0693504,-0.00147886,0.556493,0.252361,0.116475,0.956107,-0.0927741
0.8142709732055664,-3.73507,-5.59895,2.30691,-2.27761,-3.53028,3.64193,0.730625,-0.227033,0.700791,-0.186666,0.0465449,0.9811,0.0207769,-0.0693504,-0.00147886,0.556493,0.252361,0.116475,0.956107,-0.0927741
0.8465425968170166,-3.73507,-5.59895,2.30691,-2.27761,-3.53028,3.64193,0.730625,-0.227033,0.700791,-0.186666,0.0465449,0.9811,0.0207769,-0.0693504,-0.00147886,0.556493,0.252361,0.116475,0.956107,-0.0927741
0.8793215751647949,-3.73507,-5.59895,2.30691,-2.27761,-3.53028,3.64193,0.730625,-0.227033,0.700791,-0.186666,0.0465449,0.9811,0.0207769,-0.0693504,-0.00147886,0.556493,0.252361,0.116475,0.956107,-0.0927741
0.9065995216369629,-3.73507,-5.59895,2.30691,-2.27761,-3.53028,3.64193,0.730625,-0.227033,0.700791,-0.186666,0.0465449,0.9811,0.0207769,-0.0693504,-0.00147886,0.556493,0.252361,0.116475,0.956107,-0.0927741
0.9367070198059082,-3.73507,-5.59895,2.30691,-2.27761,-3.53028,3.64193,0.730625,-0.227033,0.700791,-0.186666,0.0465449,0.9811,0.0207769,-0.0693504,-0.00147886,0.556493,0.252361,0.116475,0.956107,-0.0927741
0.9668347835540771,-3.73507,-5.59895,2.30691,-2.27761,-3.53028,3.64193,0.730625,-0.227033,0.700791,-0.186666,0.0465449,0.9811,0.0207769,-0.0693504,-0.00147886,0.556493,0.252361,0.116475,0.956107,-0.0927741
1.0027880668640137,-3.73507,-5.59895,2.30691,-2.27761,-3.53028,3.64193,0.730625,-0.227033,0.700791,-0.186666,0.0465449,0.9811,0.0207769,-0.0693504,-0.00147886,0.556493,0.252361,0.116475,0.956107,-0.0927741
1.02858567237854,-3.73507,-5.59895,2.30691,-2.27761,-3.53028,3.64193,0.730625,-0.227033,0.700791,-0.186666,0.0465449,0.9811,0.0207769,-0.0693504,-0.00147886,0.556493,0.252361,0.116475,0.956107,-0.0927741
1.058549165725708,-3.73507,-5.59895,2.30691,-2.27761,-3.53028,3.64193,0.730625,-0.227033,0.700791,-0.186666,0.0465449,0.9811,0.0207769,-0.0693504,-0.00147886,0.556493,0.252361,0.116475,0.956107,-0.0927741
1.0901374816894531,-3.73507,-5.59895,2.30691,-2.27761,-3.53028,3.64193,0.730625,-0.227033,0.700791,-0.186666,0.0465449,0.9811,0.0207769,-0.0693504,-0.00147886,0.556493,0.252361,0.116475,0.956107,-0.0927741
1.1202068328857422,-3.73507,-5.59895,2.30691,-2.27761,-3.53028,3.64193,0.730625,-0.227033,0.700791,-0.186666,0.0465449,0.9811,0.0207769,-0.0693504,-0.00147886,0.556493,0.252361,0.116475,0.956107,-0.0927741
1.1501457691192627,-3.73507,-5.59895,2.30691,-2.27761,-3.53028,3.64193,0.730625,-0.227033,0.700791,-0.186666,0.0465449,0.9811,0.0207769,-0.0693504,-0.00147886,0.556493,0.252361,0.116475,0.956107,-0.0927741
1.1804015636444092,-3.73507,-5.59895,2.30691,-2.27761,-3.53028,3.64193,0.730625,-0.227033,0.700791,-0.186666,0.0465449,0.9811,0.0207769,-0.0693504,-0.00147886,0.556493,0.252361,0.116475,0.956107,-0.0927741
1.210200309753418,-3.73507,-5.59895,2.30691,-2.27761,-3.53028,3.64193,0.730625,-0.227033,0.700791,-0.186666,0.0465449,0.9811,0.0207769,-0.0693504,-0.00147886,0.556493,0.252361,0.116475,0.956107,-0.0927741
1.242234468460083,-3.73507,-5.59895,2.30691,-2.27761,-3.53028,3.64193,0.730625,-0.227033,0.700791,-0.186666,0.0465449,0.9811,0.0207769,-0.0693504,-0.00147886,0.556493,0.252361,0.116475,0.956107,-0.0927741
1.2729828357696533,-3.73507,-5.59895,2.30691,-2.27761,-3.53028,3.64193,0.730625,-0.227033,0.700791,-0.186666,0.0465449,0.9811,0.0207769,-0.0693504,-0.00147886,0.556493,0.252361,0.116475,0.956107,-0.0927741
1.3019344806671143,-3.73507,-5.59895,2.30691,-2.27761,-3.53028,3.64193,0.730625,-0.227033,0.700791,-0.186666,0.0465449,0.9811,0.0207769,-0.0693504,-0.00147886,0.556493,0.252361,0.116475,0.956107,-0.0927741
1.331756591796875,-3.73507,-5.59895,2.30691,-2.27761,-3.53028,3.64193,0.730625,-0.227033,0.700791,-0.186666,0.0465449,0.9811,0.0207769,-0.0693504,-0.00147886,0.556493,0.252361,0.116475,0.956107,-0.0927741
1.363372802734375,-3.73507,-5.59895,2.30691,-2.27761,-3.53028,3.64193,0.730625,-0.227033,0.700791,-0.186666,0.0465449,0.9811,0.0207769,-0.0693504,-0.00147886,0.556493,0.252361,0.116475,0.956107,-0.0927741
1.3946290016174316,-3.73507,-5.59895,2.30691,-2.27761,-3.53028,3.64193,0.730625,-0.227033,0.700791,-0.186666,0.0465449,0.9811,0.0207769,-0.0693504,-0.00147886,0.556493,0.252361,0.116475,0.956107,-0.0927741
1.4249763488769531,-3.73507,-5.59895,2.30691,-2.27761,-3.53028,3.64193,0.730625,-0.227033,0.700791,-0.186666,0.0465449,0.9811,0.0207769,-0.0693504,-0.00147886,0.556493,0.252361,0.116475,0.956107,-0.0927741
1.454030990600586,-3.73507,-5.59895,2.30691,-2.27761,-3.53028,3.64193,0.730625,-0.227033,0.700791,-0.186666,0.0465449,0.9811,0.0207769,-0.0693504,-0.00147886,0.556493,0.252361,0.116475,0.956107,-0.0927741
1.4840047359466553,-3.73507,-5.59895,2.30691,-2.27761,-3.53028,3.64193,0.730625,-0.227033,0.700791,-0.186666,0.0465449,0.9811,0.0207769,-0.0693504,-0.00147886,0.556493,0.252361,0.116475,0.956107,-0.0927741
1.5146257877349854,-3.73507,-5.59895,2.30691,-2.27761,-3.53028,3.64193,0.730625,-0.227033,0.700791,-0.186666,0.0465449,0.9811,0.0207769,-0.0693504,-0.00147886,0.556493,0.252361,0.116475,0.956107,-0.0927741
1.5468018054962158,-3.73507,-5.59895,2.30691,-2.27761,-3.53028,3.64193,0.730625,-0.227033,0.700791,-0.186666,0.0465449,0.9811,0.0207769,-0.0693504,-0.00147886,0.556493,0.252361,0.116475,0.956107,-0.0927741
1.5758509635925293,-3.73507,-5.59895,2.30691,-2.27761,-3.53028,3.64193,0.730625,-0.227033,0.700791,-0.186666,0.0465449,0.9811,0.0207769,-0.0693504,-0.00147886,0.556493,0.252361,0.116475,0.956107,-0.0927741
1.6069626808166504,-3.73507,-5.59895,2.30691,-2.27761,-3.53028,3.64193,0.730625,-0.227033,0.700791,-0.186666,0.0465449,0.9811,0.0207769,-0.0693504,-0.00147886,0.556493,0.252361,0.116475,0.956107,-0.0927741
1.6368567943572998,-3.73507,-5.59895,2.30691,-2.27761,-3.53028,3.64193,0.730625,-0.227033,0.700791,-0.186666,0.0465449,0.9811,0.0207769,-0.0693504,-0.00147886,0.556493,0.252361,0.116475,0.956107,-0.0927741
1.666161060333252,-3.73507,-5.59895,2.30691,-2.27761,-3.53028,3.64193,0.730625,-0.227033,0.700791,-0.186666,0.0465449,0.9811,0.0207769,-0.0693504,-0.00147886,0.556493,0.252361,0.116475,0.956107,-0.0927741
1.6980507373809814,-3.73507,-5.59895,2.30691,-2.27761,-3.53028,3.64193,0.730625,-0.227033,0.700791,-0.186666,0.0465449,0.9811,0.0207769,-0.0693504,-0.00147886,0.556493,0.252361,0.116475,0.956107,-0.0927741
1.7282416820526123,-3.73507,-5.59895,2.30691,-2.27761,-3.53028,3.64193,0.730625,-0.227033,0.700791,-0.186666,0.0465449,0.9811,0.0207769,-0.0693504,-0.00147886,0.556493,0.252361,0.116475,0.956107,-0.0927741
1.7583575248718262,-3.73507,-5.59895,2.30691,-2.27761,-3.53028,3.64193,0.730625,-0.227033,0.700791,-0.186666,0.0465449,0.9811,0.0207769,-0.0693504,-0.00147886,0.556493,0.252361,0.116475,0.956107,-0.0927741
1.793949842453003,-3.73507,-5.59895,2.30691,-2.27761,-3.53028,3.64193,0.730625,-0.227033,0.700791,-0.186666,0.0465449,0.9811,0.0207769,-0.0693504,-0.00147886,0.556493,0.252361,0.116475,0.956107,-0.0927741
1.8207018375396729,-3.73507,-5.59895,2.30691,-2.27761,-3.53028,3.64193,0.730625,-0.227033,0.700791,-0.186666,0.0465449,0.9811,0.0207769,-0.0693504,-0.00147886,0.556493,0.252361,0.116475,0.956107,-0.0927741
1.8510265350341797,-3.73507,-5.59895,2.30691,-2.27761,-3.53028,3.64193,0.730625,-0.227033,0.700791,-0.186666,0.0465449,0.9811,0.0207769,-0.0693504,-0.00147886,0.556493,0.252361,0.116475,0.956107,-0.0927741
1.8805458545684814,-3.73507,-5.59895,2.30691,-2.27761,-3.53028,3.64193,0.730625,-0.227033,0.700791,-0.186666,0.0465449,0.9811,0.0207769,-0.0693504,-0.00147886,0.556493,0.252361,0.116475,0.956107,-0.0927741
1.9112238883972168,-3.73507,-5.59895,2.30691,-2.27761,-3.53028,3.64193,0.730625,-0.227033,0.700791,-0.186666,0.0465449,0.9811,0.0207769,-0.0693504,-0.00147886,0.556493,0.252361,0.116475,0.956107,-0.0927741
1.942676305770874,-3.73507,-5.59895,2.30691,-2.27761,-3.53028,3.64193,0.730625,-0.227033,0.700791,-0.186666,0.0465449,0.9811,0.0207769,-0.0693504,-0.00147886,0.556493,0.252361,0.116475,0.956107,-0.0927741
1.972278118133545,-3.73507,-5.59895,2.30691,-2.27761,-3.53028,3.64193,0.730625,-0.227033,0.700791,-0.186666,0.0465449,0.9811,0.0207769,-0.0693504,-0.00147886,0.556493,0.252361,0.116475,0.956107,-0.0927741
2.002533197402954,-3.73507,-5.59895,2.30691,-2.27761,-3.53028,3.64193,0.730625,-0.227033,0.700791,-0.186666,0.0465449,0.9811,0.0207769,-0.0693504,-0.00147886,0.556493,0.252361,0.116475,0.956107,-0.0927741
2.03326678276062,-3.73507,-5.59895,2.30691,-2.27761,-3.53028,3.64193,0.730625,-0.227033,0.700791,-0.186666,0.0465449,0.9811,0.0207769,-0.0693504,-0.00147886,0.556493,0.252361,0.116475,0.956107,-0.0927741
2.0629563331604004,-3.73507,-5.59895,2.30691,-2.27761,-3.53028,3.64193,0.730625,-0.227033,0.700791,-0.186666,0.0465449,0.9811,0.0207769,-0.0693504,-0.00147886,0.556493,0.252361,0.116475,0.956107,-0.0927741
2.094552755355835,-3.73507,-5.59895,2.30691,-2.27761,-3.53028,3.64193,0.730625,-0.227033,0.700791,-0.186666,0.0465449,0.9811,0.0207769,-0.0693504,-0.00147886,0.556493,0.252361,0.116475,0.956107,-0.0927741
2.1248409748077393,-3.73507,-5.59895,2.30691,-2.27761,-3.53028,3.64193,0.730625,-0.227033,0.700791,-0.186666,0.0465449,0.9811,0.0207769,-0.0693504,-0.00147886,0.556493,0.252361,0.116475,0.956107,-0.0927741
2.154451608657837,-3.73507,-5.59895,2.30691,-2.27761,-3.53028,3.64193,0.730625,-0.227033,0.700791,-0.186666,0.0465449,0.9811,0.0207769,-0.0693504,-0.00147886,0.556493,0.252361,0.116475,0.956107,-0.0927741
2.184847593307495,-3.73507,-5.59895,2.30691,-2.27761,-3.53028,3.64193,0.730625,-0.227033,0.700791,-0.186666,0.0465449,0.9811,0.0207769,-0.0693504,-0.00147886,0.556493,0.252361,0.116475,0.956107,-0.0927741
2.214451789855957,-3.73507,-5.59895,2.30691,-2.27761,-3.53028,3.64193,0.730625,-0.227033,0.700791,-0.186666,0.0465449,0.9811,0.0207769,-0.0693504,-0.00147886,0.556493,0.252361,0.116475,0.956107,-0.0927741
2.246926784515381,-3.73507,-5.59895,2.30691,-2.27761,-3.53028,3.64193,0.730625,-0.227033,0.700791,-0.186666,0.0465449,0.9811,0.0207769,-0.0693504,-0.00147886,0.556493,0.252361,0.116475,0.956107,-0.0927741
2.276209592819214,-3.73507,-5.59895,2.30691,-2.27761,-3.53028,3.64193,0.730625,-0.227033,0.700791,-0.186666,0.0465449,0.9811,0.0207769,-0.0693504,-0.00147886,0.556493,0.252361,0.116475,0.956107,-0.0927741
2.306647777557373,-3.73507,-5.59895,2.30691,-2.27761,-3.53028,3.64193,0.730625,-0.227033,0.700791,-0.186666,0.0465449,0.9811,0.0207769,-0.0693504,-0.00147886,0.556493,0.252361,0.116475,0.956107,-0.0927741
2.337585210800171,-3.73507,-5.59895,2.30691,-2.27761,-3.53028,3.64193,0.730625,-0.227033,0.700791,-0.186666,0.0465449,0.9811,0.0207769,-0.0693504,-0.00147886,0.556493,0.252361,0.116475,0.956107,-0.0927741
2.3632993698120117,-4.07556,-5.46762,2.32099,-2.24399,-3.43853,3.45295,0.731696,-0.224812,0.69837,-0.165359,0.0844203,0.982175,0.0293542,-0.0693347,-0.00149413,0.556575,0.252417,0.117059,0.956207,-0.0908366
2.372129440307617,-4.07556,-5.46762,2.32099,-2.24399,-3.43853,3.45295,0.731696,-0.224812,0.69837,-0.165359,0.0844203,0.982175,0.0293542,-0.0693347,-0.00149413,0.556575,0.252417,0.117059,0.956207,-0.0908366
2.3981401920318604,-4.07556,-5.46762,2.32099,-2.24399,-3.43853,3.45295,0.731696,-0.224812,0.69837,-0.165359,0.0844203,0.982175,0.0293542,-0.0693347,-0.00149413,0.556575,0.252417,0.117059,0.956207,-0.0908366
2.4287071228027344,-4.07556,-5.46762,2.32099,-2.24399,-3.43853,3.45295,0.731696,-0.224812,0.69837,-0.165359,0.0844203,0.982175,0.0293542,-0.0693347,-0.00149413,0.556575,0.252417,0.117059,0.956207,-0.0908366
2.459132671356201,-4.07556,-5.46762,2.32099,-2.24399,-3.43853,3.45295,0.731696,-0.224812,0.69837,-0.165359,0.0844203,0.982175,0.0293542,-0.0693347,-0.00149413,0.556575,0.252417,0.117059,0.956207,-0.0908366
2.4905076026916504,-4.07556,-5.46762,2.32099,-2.24399,-3.43853,3.45295,0.731696,-0.224812,0.69837,-0.165359,0.0844203,0.982175,0.0293542,-0.0693347,-0.00149413,0.556575,0.252417,0.117059,0.956207,-0.0908366
2.5209577083587646,-4.07556,-5.46762,2.32099,-2.24399,-3.43853,3.45295,0.731696,-0.224812,0.69837,-0.165359,0.0844203,0.982175,0.0293542,-0.0693347,-0.00149413,0.556575,0.252417,0.117059,0.956207,-0.0908366
2.5506649017333984,-4.07556,-5.46762,2.32099,-2.24399,-3.43853,3.45295,0.731696,-0.224812,0.69837,-0.165359,0.0844203,0.982175,0.0293542,-0.0693347,-0.00149413,0.556575,0.252417,0.117059,0.956207,-0.0908366
2.581278085708618,-4.07556,-5.46762,2.32099,-2.24399,-3.43853,3.45295,0.731696,-0.224812,0.69837,-0.165359,0.0844203,0.982175,0.0293542,-0.0693347,-0.00149413,0.556575,0.252417,0.117059,0.956207,-0.0908366
2.6112489700317383,-4.07556,-5.46762,2.32099,-2.24399,-3.43853,3.45295,0.731696,-0.224812,0.69837,-0.165359,0.0844203,0.982175,0.0293542,-0.0693347,-0.00149413,0.556575,0.252417,0.117059,0.956207,-0.0908366
2.6429214477539062,-4.07556,-5.46762,2.32099,-2.24399,-3.43853,3.45295,0.731696,-0.224812,0.69837,-0.165359,0.0844203,0.982175,0.0293542,-0.0693347,-0.00149413,0.556575,0.252417,0.117059,0.956207,-0.0908366
2.6728122234344482,-4.07556,-5.46762,2.32099,-2.24399,-3.43853,3.45295,0.731696,-0.224812,0.69837,-0.165359,0.0844203,0.982175,0.0293542,-0.0693347,-0.00149413,0.556575,0.252417,0.117059,0.956207,-0.0908366
2.703174591064453,-4.07556,-5.46762,2.32099,-2.24399,-3.43853,3.45295,0.731696,-0.224812,0.69837,-0.165359,0.0844203,0.982175,0.0293542,-0.0693347,-0.00149413,0.556575,0.252417,0.117059,0.956207,-0.0908366
2.7327418327331543,-4.07556,-5.46762,2.32099,-2.24399,-3.43853,3.45295,0.731696,-0.224812,0.69837,-0.165359,0.0844203,0.982175,0.0293542,-0.0693347,-0.00149413,0.556575,0.252417,0.117059,0.956207,-0.0908366
2.7633936405181885,-4.07556,-5.46762,2.32099,-2.24399,-3.43853,3.45295,0.731696,-0.224812,0.69837,-0.165359,0.0844203,0.982175,0.0293542,-0.0693347,-0.00149413,0.556575,0.252417,0.117059,0.956207,-0.0908366
2.7954185009002686,-4.07556,-5.46762,2.32099,-2.24399,-3.43853,3.45295,0.731696,-0.224812,0.69837,-0.165359,0.0844203,0.982175,0.0293542,-0.0693347,-0.00149413,0.556575,0.252417,0.117059,0.956207,-0.0908366
2.8250722885131836,-4.07556,-5.46762,2.32099,-2.24399,-3.43853,3.45295,0.731696,-0.224812,0.69837,-0.165359,0.0844203,0.982175,0.0293542,-0.0693347,-0.00149413,0.556575,0.252417,0.117059,0.956207,-0.0908366
2.8545303344726562,-4.07556,-5.46762,2.32099,-2.24399,-3.43853,3.45295,0.731696,-0.224812,0.69837,-0.165359,0.0844203,0.982175,0.0293542,-0.0693347,-0.00149413,0.556575,0.252417,0.117059,0.956207,-0.0908366
2.884376049041748,-4.07556,-5.46762,2.32099,-2.24399,-3.43853,3.45295,0.731696,-0.224812,0.69837,-0.165359,0.0844203,0.982175,0.0293542,-0.0693347,-0.00149413,0.556575,0.252417,0.117059,0.956207,-0.0908366
2.9149975776672363,-4.07556,-5.46762,2.32099,-2.24399,-3.43853,3.45295,0.731696,-0.224812,0.69837,-0.165359,0.0844203,0.982175,0.0293542,-0.0693347,-0.00149413,0.556575,0.252417,0.117059,0.956207,-0.0908366
2.946416139602661,-4.07556,-5.46762,2.32099,-2.24399,-3.43853,3.45295,0.731696,-0.224812,0.69837,-0.165359,0.0844203,0.982175,0.0293542,-0.0693347,-0.00149413,0.556575,0.252417,0.117059,0.956207,-0.0908366
2.9771814346313477,-4.07556,-5.46762,2.32099,-2.24399,-3.43853,3.45295,0.731696,-0.224812,0.69837,-0.165359,0.0844203,0.982175,0.0293542,-0.0693347,-0.00149413,0.556575,0.252417,0.117059,0.956207,-0.0908366
3.006624698638916,-4.07556,-5.46762,2.32099,-2.24399,-3.43853,3.45295,0.731696,-0.224812,0.69837,-0.165359,0.0844203,0.982175,0.0293542,-0.0693347,-0.00149413,0.556575,0.252417,0.117059,0.956207,-0.0908366
3.036888599395752,-4.07556,-5.46762,2.32099,-2.24399,-3.43853,3.45295,0.731696,-0.224812,0.69837,-0.165359,0.0844203,0.982175,0.0293542,-0.0693347,-0.00149413,0.556575,0.252417,0.117059,0.956207,-0.0908366
3.0669374465942383,-4.07556,-5.46762,2.32099,-2.24399,-3.43853,3.45295,0.731696,-0.224812,0.69837,-0.165359,0.0844203,0.982175,0.0293542,-0.0693347,-0.00149413,0.556575,0.252417,0.117059,0.956207,-0.0908366
3.0992164611816406,-4.07556,-5.46762,2.32099,-2.24399,-3.43853,3.45295,0.731696,-0.224812,0.69837,-0.165359,0.0844203,0.982175,0.0293542,-0.0693347,-0.00149413,0.556575,0.252417,0.117059,0.956207,-0.0908366
3.1291797161102295,-4.07556,-5.46762,2.32099,-2.24399,-3.43853,3.45295,0.731696,-0.224812,0.69837,-0.165359,0.0844203,0.982175,0.0293542,-0.0693347,-0.00149413,0.556575,0.252417,0.117059,0.956207,-0.0908366
3.1584134101867676,-4.07556,-5.46762,2.32099,-2.24399,-3.43853,3.45295,0.731696,-0.224812,0.69837,-0.165359,0.0844203,0.982175,0.0293542,-0.0693347,-0.00149413,0.556575,0.252417,0.117059,0.956207,-0.0908366
3.191122531890869,-4.07556,-5.46762,2.32099,-2.24399,-3.43853,3.45295,0.731696,-0.224812,0.69837,-0.165359,0.0844203,0.982175,0.0293542,-0.0693347,-0.00149413,0.556575,0.252417,0.117059,0.956207,-0.0908366
3.2207159996032715,-4.07556,-5.46762,2.32099,-2.24399,-3.43853,3.45295,0.731696,-0.224812,0.69837,-0.165359,0.0844203,0.982175,0.0293542,-0.0693347,-0.00149413,0.556575,0.252417,0.117059,0.956207,-0.0908366
3.251136064529419,-4.07556,-5.46762,2.32099,-2.24399,-3.43853,3.45295,0.731696,-0.224812,0.69837,-0.165359,0.0844203,0.982175,0.0293542,-0.0693347,-0.00149413,0.556575,0.252417,0.117059,0.956207,-0.0908366
3.2809014320373535,-4.07556,-5.46762,2.32099,-2.24399,-3.43853,3.45295,0.731696,-0.224812,0.69837,-0.165359,0.0844203,0.982175,0.0293542,-0.0693347,-0.00149413,0.556575,0.252417,0.117059,0.956207,-0.0908366
3.310272455215454,-4.07556,-5.46762,2.32099,-2.24399,-3.43853,3.45295,0.731696,-0.224812,0.69837,-0.165359,0.0844203,0.982175,0.0293542,-0.0693347,-0.00149413,0.556575,0.252417,0.117059,0.956207,-0.0908366
3.3426826000213623,-4.07556,-5.46762,2.32099,-2.24399,-3.43853,3.45295,0.731696,-0.224812,0.69837,-0.165359,0.0844203,0.982175,0.0293542,-0.0693347,-0.00149413,0.556575,0.252417,0.117059,0.956207,-0.0908366
3.372861385345459,-4.07556,-5.46762,2.32099,-2.24399,-3.43853,3.45295,0.731696,-0.224812,0.69837,-0.165359,0.0844203,0.982175,0.0293542,-0.0693347,-0.00149413,0.556575,0.252417,0.117059,0.956207,-0.0908366
3.402893543243408,-4.07556,-5.46762,2.32099,-2.24399,-3.43853,3.45295,0.731696,-0.224812,0.69837,-0.165359,0.0844203,0.982175,0.0293542,-0.0693347,-0.00149413,0.556575,0.252417,0.117059,0.956207,-0.0908366
3.432478904724121,-4.07556,-5.46762,2.32099,-2.24399,-3.43853,3.45295,0.731696,-0.224812,0.69837,-0.165359,0.0844203,0.982175,0.0293542,-0.0693347,-0.00149413,0.556575,0.252417,0.117059,0.956207,-0.0908366
3.462820053100586,-4.07556,-5.46762,2.32099,-2.24399,-3.43853,3.45295,0.731696,-0.224812,0.69837,-0.165359,0.0844203,0.982175,0.0293542,-0.0693347,-0.00149413,0.556575,0.252417,0.117059,0.956207,-0.0908366
3.495162010192871,-4.07556,-5.46762,2.32099,-2.24399,-3.43853,3.45295,0.731696,-0.224812,0.69837,-0.165359,0.0844203,0.982175,0.0293542,-0.0693347,-0.00149413,0.556575,0.252417,0.117059,0.956207,-0.0908366
3.5242159366607666,-4.07556,-5.46762,2.32099,-2.24399,-3.43853,3.45295,0.731696,-0.224812,0.69837,-0.165359,0.0844203,0.982175,0.0293542,-0.0693347,-0.00149413,0.556575,0.252417,0.117059,0.956207,-0.0908366
3.55471134185791,-4.07556,-5.46762,2.32099,-2.24399,-3.43853,3.45295,0.731696,-0.224812,0.69837,-0.165359,0.0844203,0.982175,0.0293542,-0.0693347,-0.00149413,0.556575,0.252417,0.117059,0.956207,-0.0908366
3.585507869720459,-4.07556,-5.46762,2.32099,-2.24399,-3.43853,3.45295,0.731696,-0.224812,0.69837,-0.165359,0.0844203,0.982175,0.0293542,-0.0693347,-0.00149413,0.556575,0.252417,0.117059,0.956207,-0.0908366
3.6144802570343018,-4.07556,-5.46762,2.32099,-2.24399,-3.43853,3.45295,0.731696,-0.224812,0.69837,-0.165359,0.0844203,0.982175,0.0293542,-0.0693347,-0.00149413,0.556575,0.252417,0.117059,0.956207,-0.0908366
3.647125244140625,-4.07556,-5.46762,2.32099,-2.24399,-3.43853,3.45295,0.731696,-0.224812,0.69837,-0.165359,0.0844203,0.982175,0.0293542,-0.0693347,-0.00149413,0.556575,0.252417,0.117059,0.956207,-0.0908366
3.6769495010375977,-4.07556,-5.46762,2.32099,-2.24399,-3.43853,3.45295,0.731696,-0.224812,0.69837,-0.165359,0.0844203,0.982175,0.0293542,-0.0693347,-0.00149413,0.556575,0.252417,0.117059,0.956207,-0.0908366
3.706683874130249,-4.07556,-5.46762,2.32099,-2.24399,-3.43853,3.45295,0.731696,-0.224812,0.69837,-0.165359,0.0844203,0.982175,0.0293542,-0.0693347,-0.00149413,0.556575,0.252417,0.117059,0.956207,-0.0908366
3.7372286319732666,-4.07556,-5.46762,2.32099,-2.24399,-3.43853,3.45295,0.731696,-0.224812,0.69837,-0.165359,0.0844203,0.982175,0.0293542,-0.0693347,-0.00149413,0.556575,0.252417,0.117059,0.956207,-0.0908366
3.767228364944458,-4.07556,-5.46762,2.32099,-2.24399,-3.43853,3.45295,0.731696,-0.224812,0.69837,-0.165359,0.0844203,0.982175,0.0293542,-0.0693347,-0.00149413,0.556575,0.252417,0.117059,0.956207,-0.0908366
3.7993321418762207,-4.07556,-5.46762,2.32099,-2.24399,-3.43853,3.45295,0.731696,-0.224812,0.69837,-0.165359,0.0844203,0.982175,0.0293542,-0.0693347,-0.00149413,0.556575,0.252417,0.117059,0.956207,-0.0908366
3.8282971382141113,-4.07556,-5.46762,2.32099,-2.24399,-3.43853,3.45295,0.731696,-0.224812,0.69837,-0.165359,0.0844203,0.982175,0.0293542,-0.0693347,-0.00149413,0.556575,0.252417,0.117059,0.956207,-0.0908366
3.8587136268615723,-4.07556,-5.46762,2.32099,-2.24399,-3.43853,3.45295,0.731696,-0.224812,0.69837,-0.165359,0.0844203,0.982175,0.0293542,-0.0693347,-0.00149413,0.556575,0.252417,0.117059,0.956207,-0.0908366
3.8911221027374268,-4.07556,-5.46762,2.32099,-2.24399,-3.43853,3.45295,0.731696,-0.224812,0.69837,-0.165359,0.0844203,0.982175,0.0293542,-0.0693347,-0.00149413,0.556575,0.252417,0.117059,0.956207,-0.0908366
3.920619249343872,-4.07556,-5.46762,2.32099,-2.24399,-3.43853,3.45295,0.731696,-0.224812,0.69837,-0.165359,0.0844203,0.982175,0.0293542,-0.0693347,-0.00149413,0.556575,0.252417,0.117059,0.956207,-0.0908366
3.950716733932495,-4.07556,-5.46762,2.32099,-2.24399,-3.43853,3.45295,0.731696,-0.224812,0.69837,-0.165359,0.0844203,0.982175,0.0293542,-0.0693347,-0.00149413,0.556575,0.252417,0.117059,0.956207,-0.0908366
3.9801342487335205,-4.07556,-5.46762,2.32099,-2.24399,-3.43853,3.45295,0.731696,-0.224812,0.69837,-0.165359,0.0844203,0.982175,0.0293542,-0.0693347,-0.00149413,0.556575,0.252417,0.117059,0.956207,-0.0908366
4.011764764785767,-4.07556,-5.46762,2.32099,-2.24399,-3.43853,3.45295,0.731696,-0.224812,0.69837,-0.165359,0.0844203,0.982175,0.0293542,-0.0693347,-0.00149413,0.556575,0.252417,0.117059,0.956207,-0.0908366
4.043299674987793,-4.07556,-5.46762,2.32099,-2.24399,-3.43853,3.45295,0.731696,-0.224812,0.69837,-0.165359,0.0844203,0.982175,0.0293542,-0.0693347,-0.00149413,0.556575,0.252417,0.117059,0.956207,-0.0908366
4.072769641876221,-4.07556,-5.46762,2.32099,-2.24399,-3.43853,3.45295,0.731696,-0.224812,0.69837,-0.165359,0.0844203,0.982175,0.0293542,-0.0693347,-0.00149413,0.556575,0.252417,0.117059,0.956207,-0.0908366
4.102891683578491,-4.07556,-5.46762,2.32099,-2.24399,-3.43853,3.45295,0.731696,-0.224812,0.69837,-0.165359,0.0844203,0.982175,0.0293542,-0.0693347,-0.00149413,0.556575,0.252417,0.117059,0.956207,-0.0908366
4.132263422012329,-4.07556,-5.46762,2.32099,-2.24399,-3.43853,3.45295,0.731696,-0.224812,0.69837,-0.165359,0.0844203,0.982175,0.0293542,-0.0693347,-0.00149413,0.556575,0.252417,0.117059,0.956207,-0.0908366
4.162334680557251,-4.07556,-5.46762,2.32099,-2.24399,-3.43853,3.45295,0.731696,-0.224812,0.69837,-0.165359,0.0844203,0.982175,0.0293542,-0.0693347,-0.00149413,0.556575,0.252417,0.117059,0.956207,-0.0908366
4.194504261016846,-4.07556,-5.46762,2.32099,-2.24399,-3.43853,3.45295,0.731696,-0.224812,0.69837,-0.165359,0.0844203,0.982175,0.0293542,-0.0693347,-0.00149413,0.556575,0.252417,0.117059,0.956207,-0.0908366
4.225600957870483,-4.07556,-5.46762,2.32099,-2.24399,-3.43853,3.45295,0.731696,-0.224812,0.69837,-0.165359,0.0844203,0.982175,0.0293542,-0.0693347,-0.00149413,0.556575,0.252417,0.117059,0.956207,-0.0908366
4.255380392074585,-4.07556,-5.46762,2.32099,-2.24399,-3.43853,3.45295,0.731696,-0.224812,0.69837,-0.165359,0.0844203,0.982175,0.0293542,-0.0693347,-0.00149413,0.556575,0.252417,0.117059,0.956207,-0.0908366
4.284923791885376,-4.07556,-5.46762,2.32099,-2.24399,-3.43853,3.45295,0.731696,-0.224812,0.69837,-0.165359,0.0844203,0.982175,0.0293542,-0.0693347,-0.00149413,0.556575,0.252417,0.117059,0.956207,-0.0908366
4.314433336257935,-4.07556,-5.46762,2.32099,-2.24399,-3.43853,3.45295,0.731696,-0.224812,0.69837,-0.165359,0.0844203,0.982175,0.0293542,-0.0693347,-0.00149413,0.556575,0.252417,0.117059,0.956207,-0.0908366
4.34688663482666,-4.07556,-5.46762,2.32099,-2.24399,-3.43853,3.45295,0.731696,-0.224812,0.69837,-0.165359,0.0844203,0.982175,0.0293542,-0.0693347,-0.00149413,0.556575,0.252417,0.117059,0.956207,-0.0908366
4.376168727874756,-4.07556,-5.46762,2.32099,-2.24399,-3.43853,3.45295,0.731696,-0.224812,0.69837,-0.165359,0.0844203,0.982175,0.0293542,-0.0693347,-0.00149413,0.556575,0.252417,0.117059,0.956207,-0.0908366
4.406461954116821,-4.07556,-5.46762,2.32099,-2.24399,-3.43853,3.45295,0.731696,-0.224812,0.69837,-0.165359,0.0844203,0.982175,0.0293542,-0.0693347,-0.00149413,0.556575,0.252417,0.117059,0.956207,-0.0908366
4.436605453491211,-4.07556,-5.46762,2.32099,-2.24399,-3.43853,3.45295,0.731696,-0.224812,0.69837,-0.165359,0.0844203,0.982175,0.0293542,-0.0693347,-0.00149413,0.556575,0.252417,0.117059,0.956207,-0.0908366
4.466961622238159,-4.07556,-5.46762,2.32099,-2.24399,-3.43853,3.45295,0.731696,-0.224812,0.69837,-0.165359,0.0844203,0.982175,0.0293542,-0.0693347,-0.00149413,0.556575,0.252417,0.117059,0.956207,-0.0908366
4.499031066894531,-4.07556,-5.46762,2.32099,-2.24399,-3.43853,3.45295,0.731696,-0.224812,0.69837,-0.165359,0.0844203,0.982175,0.0293542,-0.0693347,-0.00149413,0.556575,0.252417,0.117059,0.956207,-0.0908366
4.52801775932312,-4.07556,-5.46762,2.32099,-2.24399,-3.43853,3.45295,0.731696,-0.224812,0.69837,-0.165359,0.0844203,0.982175,0.0293542,-0.0693347,-0.00149413,0.556575,0.252417,0.117059,0.956207,-0.0908366
4.558432102203369,-4.07556,-5.46762,2.32099,-2.24399,-3.43853,3.45295,0.731696,-0.224812,0.69837,-0.165359,0.0844203,0.982175,0.0293542,-0.0693347,-0.00149413,0.556575,0.252417,0.117059,0.956207,-0.0908366
4.590691566467285,-4.07556,-5.46762,2.32099,-2.24399,-3.43853,3.45295,0.731696,-0.224812,0.69837,-0.165359,0.0844203,0.982175,0.0293542,-0.0693347,-0.00149413,0.556575,0.252417,0.117059,0.956207,-0.0908366
4.620921850204468,-4.07556,-5.46762,2.32099,-2.24399,-3.43853,3.45295,0.731696,-0.224812,0.69837,-0.165359,0.0844203,0.982175,0.0293542,-0.0693347,-0.00149413,0.556575,0.252417,0.117059,0.956207,-0.0908366
4.65091609954834,-4.07556,-5.46762,2.32099,-2.24399,-3.43853,3.45295,0.731696,-0.224812,0.69837,-0.165359,0.0844203,0.982175,0.0293542,-0.0693347,-0.00149413,0.556575,0.252417,0.117059,0.956207,-0.0908366
4.6802966594696045,-4.07556,-5.46762,2.32099,-2.24399,-3.43853,3.45295,0.731696,-0.224812,0.69837,-0.165359,0.0844203,0.982175,0.0293542,-0.0693347,-0.00149413,0.556575,0.252417,0.117059,0.956207,-0.0908366
4.710530519485474,-4.07556,-5.46762,2.32099,-2.24399,-3.43853,3.45295,0.731696,-0.224812,0.69837,-0.165359,0.0844203,0.982175,0.0293542,-0.0693347,-0.00149413,0.556575,0.252417,0.117059,0.956207,-0.0908366
4.742951154708862,-4.07556,-5.46762,2.32099,-2.24399,-3.43853,3.45295,0.731696,-0.224812,0.69837,-0.165359,0.0844203,0.982175,0.0293542,-0.0693347,-0.00149413,0.556575,0.252417,0.117059,0.956207,-0.0908366
4.774420976638794,-4.07556,-5.46762,2.32099,-2.24399,-3.43853,3.45295,0.731696,-0.224812,0.69837,-0.165359,0.0844203,0.982175,0.0293542,-0.0693347,-0.00149413,0.556575,0.252417,0.117059,0.956207,-0.0908366
4.802932500839233,-4.07556,-5.46762,2.32099,-2.24399,-3.43853,3.45295,0.731696,-0.224812,0.69837,-0.165359,0.0844203,0.982175,0.0293542,-0.0693347,-0.00149413,0.556575,0.252417,0.117059,0.956207,-0.0908366
