# Timestamp, Fx, Fy, Fz, Tx, Ty, Tz, FemurPosX, FemurPosY, FemurPosZ, FemurQuatW, FemurQuatX, FemurQuatY, FemurQuatZ, TibiaPosX, TibiaPosY, TibiaPosZ, TibiaQuatW, TibiaQuatX, TibiaQuatY, TibiaQuatZ
0.021739482879638672,-7.415530284968227,-12.605024436629874,7.217524347496182,-1.5,-1.3755524537307173,-0.6004444719840694,0.0,50.0,20.0,1.0,0.0,0.0,0.0,-369.28932188134524,70.0,79.28932188134524,0.9238795325112867,0.0,0.3826834323650898,0.0
0.05105280876159668,-6.734669933983044,-12.241444168379713,7.723122516652949,-1.5,-1.4675085461734667,-0.5704898558859918,0.0,50.0,20.0,1.0,0.0,0.0,0.0,-369.28932188134524,70.0,79.28932188134524,0.9238795325112867,0.0,0.3826834323650898,0.0
0.08249497413635254,-6.517879369048222,-12.391199778239042,7.313712826281711,-1.3337393038264587,-1.5,-0.5792184616931411,0.0,50.0,20.0,1.0,0.0,0.0,0.0,-369.28932188134524,70.0,79.28932188134524,0.9238795325112867,0.0,0.3826834323650898,0.0
0.11204314231872559,-5.966894855598968,-11.891182629457726,7.260031297012281,-1.1366308674579042,-1.5,-0.4008845760110521,0.0,50.0,20.0,1.0,0.0,0.0,0.0,-369.28932188134524,70.0,79.28932188134524,0.9238795325112867,0.0,0.3826834323650898,0.0
0.14145612716674805,-5.401778542926221,-11.449559821928458,7.328063463775879,-1.0002464600836474,-1.3373518601017977,-0.546044280439729,0.0,50.0,20.0,1.0,0.0,0.0,0.0,-369.28932188134524,70.0,79.28932188134524,0.9238795325112867,0.0,0.3826834323650898,0.0
0.1714484691619873,-5.58254017359764,-11.588496977068269,7.541748688836317,-1.1737436694344259,-1.207560078449869,-0.6956015609403934,0.0,50.0,20.0,1.0,0.0,0.0,0.0,-369.28932188134524,70.0,79.28932188134524,0.9238795325112867,0.0,0.3826834323650898,0.0
0.20461177825927734,-4.852537688251443,-11.093850737542292,7.092135864977322,-1.0944122797374392,-1.1294696852187243,-0.5743154799384798,0.0,50.0,20.0,1.0,0.0,0.0,0.0,-369.28932188134524,70.0,79.28932188134524,0.9238795325112867,0.0,0.3826834323650898,0.0
0.23452281951904297,-5.0300847744966255,-10.671846743978083,7.644230775219652,-1.1904195119586687,-0.9631481551025965,-0.45702199591237685,0.0,50.0,20.0,1.0,0.0,0.0,0.0,-369.28932188134524,70.0,79.28932188134524,0.9238795325112867,0.0,0.3826834323650898,0.0
0.2641487121582031,-4.639449421445249,-10.727755367544738,7.789110192529051,-1.2789406440930515,-1.0517402276650833,-0.40585468300739447,0.0,50.0,20.0,1.0,0.0,0.0,0.0,-369.28932188134524,70.0,79.28932188134524,0.9238795325112867,0.0,0.3826834323650898,0.0
0.29358673095703125,-3.8824729587699967,-10.946258971975865,7.954955087874561,-1.1925240988896317,-1.0688347225765271,-0.4086444583404797,0.0,50.0,20.0,1.0,0.0,0.0,0.0,-369.28932188134524,70.0,79.28932188134524,0.9238795325112867,0.0,0.3826834323650898,0.0
0.3254733085632324,-3.974498112306808,-11.219675460548947,8.257330632369296,-1.3171101821084095,-1.1423737814451937,-0.5843838235083277,0.0,50.0,20.0,1.0,0.0,0.0,0.0,-369.28932188134524,70.0,79.28932188134524,0.9238795325112867,0.0,0.3826834323650898,0.0
0.3566093444824219,-3.3451017342186775,-10.454042899039669,7.781578451937535,-1.3573081412473829,-1.139326404494403,-0.6007163750797004,0.0,50.0,20.0,1.0,0.0,0.0,0.0,-369.28932188134524,70.0,79.28932188134524,0.9238795325112867,0.0,0.3826834323650898,0.0
0.3861520290374756,-3.9009935890710876,-10.472068073275707,8.23125315747886,-1.5,-1.1321406860283951,-0.41143782933541045,0.0,50.0,20.0,1.0,0.0,0.0,0.0,-369.28932188134524,70.0,79.28932188134524,0.9238795325112867,0.0,0.3826834323650898,0.0
0.4163072109222412,-4.299847120340721,-11.24063729824037,8.963347548037003,-1.3841355658190504,-1.1006462055415835,-0.36307688149956285,0.0,50.0,20.0,1.0,0.0,0.0,0.0,-369.28932188134524,70.0,79.28932188134524,0.9238795325112867,0.0,0.3826834323650898,0.0
0.4451420307159424,-3.930879729387919,-11.317863159623336,8.338566932078493,-1.4551728676507272,-1.0752830668052633,-0.16623908127513248,0.0,50.0,20.0,1.0,0.0,0.0,0.0,-369.28932188134524,70.0,79.28932188134524,0.9238795325112867,0.0,0.3826834323650898,0.0
0.4762694835662842,-4.381139381941952,-10.651400059904873,7.975423748361068,-1.3769222939814951,-1.229707586901191,-0.02282827069977339,0.0,50.0,20.0,1.0,0.0,0.0,0.0,-369.28932188134524,70.0,79.28932188134524,0.9238795325112867,0.0,0.3826834323650898,0.0
0.5085647106170654,-3.825722384786318,-11.269995497727065,7.624538417524043,-1.5,-1.1226639514643812,-0.0757758056820381,0.0,50.0,20.0,1.0,0.0,0.0,0.0,-369.28932188134524,70.0,79.28932188134524,0.9238795325112867,0.0,0.3826834323650898,0.0
0.5385210514068604,-4.510089551624212,-11.886078219869537,7.002125893660884,-1.5,-1.242596523180706,-0.25996790347295207,0.0,50.0,20.0,1.0,0.0,0.0,0.0,-369.28932188134524,70.0,79.28932188134524,0.9238795325112867,0.0,0.3826834323650898,0.0
0.5682220458984375,-4.688373072098812,-11.269692750114482,7.090240379417462,-1.5,-1.3056195863383577,-0.07264255461258895,0.0,50.0,20.0,1.0,0.0,0.0,0.0,-369.28932188134524,70.0,79.28932188134524,0.9238795325112867,0.0,0.3826834323650898,0.0
0.599682092666626,-4.814646575702306,-10.97234964955964,6.71180975416931,-1.3393462550785087,-1.3744327556168843,-0.15552461544852464,0.0,50.0,20.0,1.0,0.0,0.0,0.0,-369.28932188134524,70.0,79.28932188134524,0.9238795325112867,0.0,0.3826834323650898,0.0
0.6299343109130859,-5.313703717759248,-10.33301211460575,6.507191541483522,-1.4739383854435095,-1.4899585326644509,-0.13895342424042703,0.0,50.0,20.0,1.0,0.0,0.0,0.0,-369.28932188134524,70.0,79.28932188134524,0.9238795325112867,0.0,0.3826834323650898,0.0
0.6594972610473633,-5.396303074333026,-9.955682059637462,5.997017657578421,-1.5,-1.3174130619931563,-0.2504200635958494,0.0,50.0,20.0,1.0,0.0,0.0,0.0,-369.28932188134524,70.0,79.28932188134524,0.9238795325112867,0.0,0.3826834323650898,0.0
0.6900322437286377,-4.826439640062241,-10.582705085376773,6.484607325076295,-1.5,-1.232595860454908,-0.1517314836886085,0.0,50.0,20.0,1.0,0.0,0.0,0.0,-369.28932188134524,70.0,79.28932188134524,0.9238795325112867,0.0,0.3826834323650898,0.0
0.7200334072113037,-5.1817404285040425,-10.725087524285819,5.970115228680355,-1.5,-1.1037924443513258,-0.20951955180280696,0.0,50.0,20.0,1.0,0.0,0.0,0.0,-369.28932188134524,70.0,79.28932188134524,0.9238795325112867,0.0,0.3826834323650898,0.0
0.7521107196807861,-5.606705615055949,-10.412760192969696,6.28928930535025,-1.4691875071394982,-0.9631695905168562,-0.13569920632529048,0.0,50.0,20.0,1.0,0.0,0.0,0.0,-369.28932188134524,70.0,79.28932188134524,0.9238795325112867,0.0,0.3826834323650898,0.0
0.7824976444244385,-5.220986258739005,-10.122413874296829,6.301690013118428,-1.4078569161539307,-1.1623631272694304,-0.13707754637142294,0.0,50.0,20.0,1.0,0.0,0.0,0.0,-369.28932188134524,70.0,79.28932188134524,0.9238795325112867,0.0,0.3826834323650898,0.0
0.8124260902404785,-5.214781507220583,-9.651295138944237,6.2304961865196535,-1.5,-1.2075474637578922,-0.21820864395836279,0.0,50.0,20.0,1.0,0.0,0.0,0.0,-369.28932188134524,70.0,79.28932188134524,0.9238795325112867,0.0,0.3826834323650898,0.0
0.8424711227416992,-5.443805239247191,-8.900461272776731,5.629798567027493,-1.3130184627904407,-1.1971753324580257,-0.09706463907344312,0.0,50.0,20.0,1.0,0.0,0.0,0.0,-369.28932188134524,70.0,79.28932188134524,0.9238795325112867,0.0,0.3826834323650898,0.0
0.8712859153747559,-4.79665788552045,-9.533373956127946,5.015774136890849,-1.330956346755444,-1.2024476485662774,0.022476608135607618,0.0,50.0,20.0,1.0,0.0,0.0,0.0,-369.28932188134524,70.0,79.28932188134524,0.9238795325112867,0.0,0.3826834323650898,0.0
0.903001070022583,-4.01824116634896,-9.365030437529636,4.431727270589739,-1.45195612894545,-1.3854440601386417,0.11117401804776797,0.0,50.0,20.0,1.0,0.0,0.0,0.0,-369.28932188134524,70.0,79.28932188134524,0.9238795325112867,0.0,0.3826834323650898,0.0
0.9331903457641602,-4.456449203366117,-9.997350354320607,4.110240406587323,-1.5,-1.1991565176939178,0.051443276172083385,0.0,50.0,20.0,1.0,0.0,0.0,0.0,-369.28932188134524,70.0,79.28932188134524,0.9238795325112867,0.0,0.3826834323650898,0.0
0.9646754264831543,-4.627043965659093,-9.90797125754969,4.463441744352635,-1.5,-1.344073779184745,-0.08667363803690237,0.0,50.0,20.0,1.0,0.0,0.0,0.0,-369.28932188134524,70.0,79.28932188134524,0.9238795325112867,0.0,0.3826834323650898,0.0
0.9946184158325195,-4.135544411475403,-9.188246003378772,5.0964731995431,-1.3538052199833093,-1.316226862448536,0.10582777261693377,0.0,50.0,20.0,1.0,0.0,0.0,0.0,-369.28932188134524,70.0,79.28932188134524,0.9238795325112867,0.0,0.3826834323650898,0.0
1.026045799255371,-4.6304822549992615,-9.283962719341428,5.217505180121425,-1.2071971067849423,-1.191740300467722,0.19503912329029588,0.0,50.0,20.0,1.0,0.0,0.0,0.0,-369.28932188134524,70.0,79.28932188134524,0.9238795325112867,0.0,0.3826834323650898,0.0
1.0558924674987793,-4.325999732677366,-9.503760842284183,4.585785919414347,-1.2833581423947316,-1.1572823732838529,0.38694226884055527,0.0,50.0,20.0,1.0,0.0,0.0,0.0,-369.28932188134524,70.0,79.28932188134524,0.9238795325112867,0.0,0.3826834323650898,0.0
1.0862658023834229,-4.7236807136125,-9.368905372531781,4.634015873887732,-1.206289981905262,-1.1991630028370113,0.3547936430237598,0.0,50.0,20.0,1.0,0.0,0.0,0.0,-369.28932188134524,70.0,79.28932188134524,0.9238795325112867,0.0,0.3826834323650898,0.0
1.1172258853912354,-6.919912341480531,-8.245003859873577,-1.7270929089093148,-0.009376968358530746,-0.1173071144056328,-0.9784431551444764,0.0,50.0,20.0,1.0,0.0,0.0,0.0,-369.28932188134524,70.0,79.28932188134524,0.9238795325112867,0.0,0.3826834323650898,0.0
1.1466667652130127,-7.348061273848684,-8.56416774505687,-1.5227351197985048,0.1419043445753389,-0.2966328596991181,-0.7910455398553267,0.0,50.0,20.0,1.0,0.0,0.0,0.0,-369.28932188134524,70.0,79.28932188134524,0.9238795325112867,0.0,0.3826834323650898,0.0
1.1757450103759766,-7.622769795170949,-7.938030888662849,-1.711702950247121,0.18203286325053283,-0.22253812114046195,-0.7479614191579804,0.0,50.0,20.0,1.0,0.0,0.0,0.0,-369.28932188134524,70.0,79.28932188134524,0.9238795325112867,0.0,0.3826834323650898,0.0
1.2085235118865967,-7.66210668659639,-7.60560650029853,-2.272640003159059,0.37918105887855036,-0.2629653141481454,-0.594388631953408,0.0,50.0,20.0,1.0,0.0,0.0,0.0,-369.28932188134524,70.0,79.28932188134524,0.9238795325112867,0.0,0.3826834323650898,0.0
1.2398009300231934,-7.8253498889498765,-7.560975929102712,-1.6301380041342317,0.2189556388303573,-0.29629938792859556,-0.5712850238025493,0.0,50.0,20.0,1.0,0.0,0.0,0.0,-369.28932188134524,70.0,79.28932188134524,0.9238795325112867,0.0,0.3826834323650898,0.0
1.2680332660675049,-8.511381743940802,-7.0475925138668565,-1.8764965320004041,0.16928556673842848,-0.2671814119643644,-0.5100674396514323,0.0,50.0,20.0,1.0,0.0,0.0,0.0,-369.28932188134524,70.0,79.28932188134524,0.9238795325112867,0.0,0.3826834323650898,0.0
1.3004255294799805,-8.405118881590289,-7.803350895578127,-2.4846927793269895,-0.006462882513491419,-0.379173826813485,-0.4411147443045596,0.0,50.0,20.0,1.0,0.0,0.0,0.0,-369.28932188134524,70.0,79.28932188134524,0.9238795325112867,0.0,0.3826834323650898,0.0
1.329700231552124,-8.736105697024822,-7.362608353996671,-1.956709739568302,-0.18222527387694204,-0.5156571913454968,-0.5044815448509054,0.0,50.0,20.0,1.0,0.0,0.0,0.0,-369.28932188134524,70.0,79.28932188134524,0.9238795325112867,0.0,0.3826834323650898,0.0
1.3600797653198242,-9.339168456380538,-7.91414401230941,-2.628769032358793,-0.2388997905787386,-0.6703345854341206,-0.5168636176026709,0.0,50.0,20.0,1.0,0.0,0.0,0.0,-369.28932188134524,70.0,79.28932188134524,0.9238795325112867,0.0,0.3826834323650898,0.0
1.3901212215423584,-8.740428693512436,-7.390101176775267,-1.8373679421936262,-0.3276498397944802,-0.5525191133641363,-0.6276912067687037,0.0,50.0,20.0,1.0,0.0,0.0,0.0,-369.28932188134524,70.0,79.28932188134524,0.9238795325112867,0.0,0.3826834323650898,0.0
1.4199910163879395,-8.60726607681025,-6.734367278069164,-2.141544218942996,-0.49134443788076343,-0.4890666587647929,-0.8157778292724079,0.0,50.0,20.0,1.0,0.0,0.0,0.0,-369.28932188134524,70.0,79.28932188134524,0.9238795325112867,0.0,0.3826834323650898,0.0
1.4518649578094482,-9.050143054762389,-6.4280380387824145,-2.296418591522089,-0.6457179955711767,-0.6508475465915323,-0.7654472204069873,0.0,50.0,20.0,1.0,0.0,0.0,0.0,-369.28932188134524,70.0,79.28932188134524,0.9238795325112867,0.0,0.3826834323650898,0.0
1.4827220439910889,-9.652310067153213,-5.98577468536753,-1.6562282494791296,-0.6571504588375122,-0.7674592340540176,-0.6908133678243612,0.0,50.0,20.0,1.0,0.0,0.0,0.0,-369.28932188134524,70.0,79.28932188134524,0.9238795325112867,0.0,0.3826834323650898,0.0
1.5118014812469482,-9.938086210535852,-6.170262190430343,-1.114488180956989,-0.6296594038863862,-0.7833595155696154,-0.7390804061187191,0.0,50.0,20.0,1.0,0.0,0.0,0.0,-369.28932188134524,70.0,79.28932188134524,0.9238795325112867,0.0,0.3826834323650898,0.0
1.5420827865600586,-10.384066470010097,-6.275379183680459,-0.4517583960185392,-0.7947366673345164,-0.8470092170362142,-0.7024581876980349,0.0,50.0,20.0,1.0,0.0,0.0,0.0,-369.28932188134524,70.0,79.28932188134524,0.9238795325112867,0.0,0.3826834323650898,0.0
1.5728020668029785,-10.60589669876772,-6.003014583128495,-0.28250942918643784,-0.6206591337339906,-0.7568507946545762,-0.76685966465388,0.0,50.0,20.0,1.0,0.0,0.0,0.0,-369.28932188134524,70.0,79.28932188134524,0.9238795325112867,0.0,0.3826834323650898,0.0
1.604043960571289,-10.560676587988382,-5.5524362556233315,-0.6175902448148247,-0.703128762214931,-0.914641276479896,-0.6561190628133907,0.0,50.0,20.0,1.0,0.0,0.0,0.0,-369.28932188134524,70.0,79.28932188134524,0.9238795325112867,0.0,0.3826834323650898,0.0
1.6341354846954346,-10.072142478800748,-5.427183839788514,0.16305554202780104,-0.7647326511307506,-0.748801448505676,-0.5966760822257501,0.0,50.0,20.0,1.0,0.0,0.0,0.0,-369.28932188134524,70.0,79.28932188134524,0.9238795325112867,0.0,0.3826834323650898,0.0
1.6642305850982666,-10.639303132738378,-5.285833613874843,0.015617937741173482,-0.7423301941042839,-0.8821217893611623,-0.6088232897156418,0.0,50.0,20.0,1.0,0.0,0.0,0.0,-369.28932188134524,70.0,79.28932188134524,0.9238795325112867,0.0,0.3826834323650898,0.0
1.694495439529419,-9.976216385177251,-5.842222963666832,0.6292459246906746,-0.5962239259397983,-0.8083433547748582,-0.4749149635447303,0.0,50.0,20.0,1.0,0.0,0.0,0.0,-369.28932188134524,70.0,79.28932188134524,0.9238795325112867,0.0,0.3826834323650898,0.0
1.7236111164093018,-10.315592413757141,-5.418825431173131,1.0754380980994314,-0.5541838157086914,-0.8308840568754453,-0.5271085788030397,0.0,50.0,20.0,1.0,0.0,0.0,0.0,-369.28932188134524,70.0,79.28932188134524,0.9238795325112867,0.0,0.3826834323650898,0.0
1.755394458770752,-10.624795619496522,-5.640162898215053,1.2319124738206637,-0.724257966291622,-0.7784677211015092,-0.383095264412427,0.0,50.0,20.0,1.0,0.0,0.0,0.0,-369.28932188134524,70.0,79.28932188134524,0.9238795325112867,0.0,0.3826834323650898,0.0
1.7852442264556885,-10.612588794314329,-5.186083348542986,1.2234689793348392,-0.5975212137232093,-0.6263865523338783,-0.5451041329083375,0.0,50.0,20.0,1.0,0.0,0.0,0.0,-369.28932188134524,70.0,79.28932188134524,0.9238795325112867,0.0,0.3826834323650898,0.0
1.8165955543518066,-9.962083718861285,-4.997142598431046,0.9515968438351048,-0.6834507157124248,-0.7051286851538927,-0.3518460529847384,0.0,50.0,20.0,1.0,0.0,0.0,0.0,-369.28932188134524,70.0,79.28932188134524,0.9238795325112867,0.0,0.3826834323650898,0.0
1.8454790115356445,-10.067520481706705,-4.287532778937027,0.6096326961835896,-0.6930079372236846,-0.898784054569538,-0.426996927450323,0.0,50.0,20.0,1.0,0.0,0.0,0.0,-369.28932188134524,70.0,79.28932188134524,0.9238795325112867,0.0,0.3826834323650898,0.0
1.8761765956878662,-10.615776307383726,-4.533062622057891,-0.08985076281716453,-0.6199494078921824,-1.0667577685847163,-0.47756344940558804,0.0,50.0,20.0,1.0,0.0,0.0,0.0,-369.28932188134524,70.0,79.28932188134524,0.9238795325112867,0.0,0.3826834323650898,0.0
1.907996416091919,-11.35458032599858,-4.3932485197532625,0.06970593644625067,-0.518425656588335,-0.9789987099111409,-0.5482146000785495,0.0,50.0,20.0,1.0,0.0,0.0,0.0,-369.28932188134524,70.0,79.28932188134524,0.9238795325112867,0.0,0.3826834323650898,0.0
1.9377315044403076,-11.391794117934245,-4.669220556008923,0.5131676163735184,-0.6274913948756334,-0.9144116530622828,-0.4642562406098268,0.0,50.0,20.0,1.0,0.0,0.0,0.0,-369.28932188134524,70.0,79.28932188134524,0.9238795325112867,0.0,0.3826834323650898,0.0
1.9673151969909668,-10.616690177296233,-4.519182025132681,1.0011862668108302,-0.6693056846802776,-1.0341924285942243,-0.523989948610375,0.0,50.0,20.0,1.0,0.0,0.0,0.0,-369.28932188134524,70.0,79.28932188134524,0.9238795325112867,0.0,0.3826834323650898,0.0
1.9992997646331787,-10.569991682979925,-4.51926203364575,0.5587399395657249,-0.5627070554011867,-0.9927576614138772,-0.5050834983751374,0.0,50.0,20.0,1.0,0.0,0.0,0.0,-369.28932188134524,70.0,79.28932188134524,0.9238795325112867,0.0,0.3826834323650898,0.0
2.029151439666748,-11.249910750569217,-4.309233124689792,0.8957914663218305,-0.7417811784411654,-0.8495426633638141,-0.6498742600053251,0.0,50.0,20.0,1.0,0.0,0.0,0.0,-369.28932188134524,70.0,79.28932188134524,0.9238795325112867,0.0,0.3826834323650898,0.0
2.0602848529815674,-11.601270830032611,-4.8507185856045485,1.2303028283209445,-0.6254519543867607,-0.6693017295793255,-0.7379440333362327,0.0,50.0,20.0,1.0,0.0,0.0,0.0,-369.28932188134524,70.0,79.28932188134524,0.9238795325112867,0.0,0.3826834323650898,0.0
2.090291738510132,-11.485863728678034,-4.81977419573476,0.7030057032336134,-0.715521103902307,-0.8001947660611994,-0.7079190570582148,0.0,50.0,20.0,1.0,0.0,0.0,0.0,-369.28932188134524,70.0,79.28932188134524,0.9238795325112867,0.0,0.3826834323650898,0.0
2.1204922199249268,-10.919225593547434,-5.290930362800194,1.132579806165002,-0.6437521151334484,-0.8799585580189337,-0.712768559076566,0.0,50.0,20.0,1.0,0.0,0.0,0.0,-369.28932188134524,70.0,79.28932188134524,0.9238795325112867,0.0,0.3826834323650898,0.0
2.15159010887146,-11.709421358128091,-6.087948947166419,1.7779513365892257,-0.4823971076451094,-0.9406337556873516,-0.5549040788817218,0.0,50.0,20.0,1.0,0.0,0.0,0.0,-369.28932188134524,70.0,79.28932188134524,0.9238795325112867,0.0,0.3826834323650898,0.0
2.1820054054260254,-11.926915966815228,-6.161771780323425,1.8000318801739232,-0.5948955985971909,-0.9722490093734809,-0.4691188222736135,0.0,50.0,20.0,1.0,0.0,0.0,0.0,-369.28932188134524,70.0,79.28932188134524,0.9238795325112867,0.0,0.3826834323650898,0.0
2.2119717597961426,-12.073680961038473,-6.955884336062635,1.9671064810972112,-0.6361536736189906,-1.1167402369332067,-0.4881534432020658,0.0,50.0,20.0,1.0,0.0,0.0,0.0,-369.28932188134524,70.0,79.28932188134524,0.9238795325112867,0.0,0.3826834323650898,0.0
2.244082450866699,-12.539949099691905,-7.232135646285454,1.7300184022419365,-0.7326705579935671,-1.120892212878344,-0.662035969488605,0.0,50.0,20.0,1.0,0.0,0.0,0.0,-369.28932188134524,70.0,79.28932188134524,0.9238795325112867,0.0,0.3826834323650898,0.0
2.273063898086548,-12.62339525250326,-6.6968855558344975,1.8977414006621263,-0.7332399119843702,-1.031008356263285,-0.5552452803850128,0.0,50.0,20.0,1.0,0.0,0.0,0.0,-369.28932188134524,70.0,79.28932188134524,0.9238795325112867,0.0,0.3826834323650898,0.0
2.3043875694274902,-13.0,-6.625732577689881,2.3696847020723517,-0.9083717990823047,-1.1130503239345657,-0.47346956629101056,0.0,50.0,20.0,1.0,0.0,0.0,0.0,-369.28932188134524,70.0,79.28932188134524,0.9238795325112867,0.0,0.3826834323650898,0.0
2.3337156772613525,-12.718429253386956,-6.7098111310886805,2.955492799616084,-1.0612967421212045,-0.9655539170433683,-0.33829749059225933,0.0,50.0,20.0,1.0,0.0,0.0,0.0,-369.28932188134524,70.0,79.28932188134524,0.9238795325112867,0.0,0.3826834323650898,0.0
2.3640048503875732,-13.0,-6.3417511878385895,2.9700309942527237,-1.1920531664076044,-0.9902887637448721,-0.2180352665245951,0.0,50.0,20.0,1.0,0.0,0.0,0.0,-369.28932188134524,70.0,79.28932188134524,0.9238795325112867,0.0,0.3826834323650898,0.0
2.394158363342285,-13.0,-6.741780176556038,3.019720488822453,-1.038601668256055,-1.137958471717372,-0.3663647583778675,0.0,50.0,20.0,1.0,0.0,0.0,0.0,-369.28932188134524,70.0,79.28932188134524,0.9238795325112867,0.0,0.3826834323650898,0.0
2.424355983734131,-12.34912794159205,-6.629732872178815,2.994404819326941,-0.9571855825373213,-0.9450536968725591,-0.4996264977202817,0.0,50.0,20.0,1.0,0.0,0.0,0.0,-369.28932188134524,70.0,79.28932188134524,0.9238795325112867,0.0,0.3826834323650898,0.0
2.455200433731079,-12.108668128821265,-6.739163830958906,2.866619119631141,-0.869177081067878,-0.8751116903750119,-0.6043570328586753,0.0,50.0,20.0,1.0,0.0,0.0,0.0,-369.28932188134524,70.0,79.28932188134524,0.9238795325112867,0.0,0.3826834323650898,0.0
2.486088991165161,-11.680365646452508,-7.238780785023623,3.4538900159226467,-1.0495584085904528,-0.7174961131831936,-0.7395127259690699,0.0,50.0,20.0,1.0,0.0,0.0,0.0,-369.28932188134524,70.0,79.28932188134524,0.9238795325112867,0.0,0.3826834323650898,0.0
2.516143560409546,-11.715165392226918,-7.60334936683809,3.7878419117779796,-1.2350292935418106,-0.7974938093572799,-0.8500701578447265,0.0,50.0,20.0,1.0,0.0,0.0,0.0,-369.28932188134524,70.0,79.28932188134524,0.9238795325112867,0.0,0.3826834323650898,0.0
2.5464119911193848,-12.183460699302842,-7.779896789789821,3.9019453910745336,-1.1599385900448083,-0.9588946645252032,-0.7321630506654304,0.0,50.0,20.0,1.0,0.0,0.0,0.0,-369.28932188134524,70.0,79.28932188134524,0.9238795325112867,0.0,0.3826834323650898,0.0
2.575324058532715,-12.4054775127241,-8.169777664682567,4.347891489430102,-1.079362328444156,-0.8202625400447567,-0.6820040993865528,0.0,50.0,20.0,1.0,0.0,0.0,0.0,-369.28932188134524,70.0,79.28932188134524,0.9238795325112867,0.0,0.3826834323650898,0.0
2.60831356048584,-11.641550218016365,-8.608625881908663,5.102721449736103,-1.2147170551582214,-0.6814953305779219,-0.7644378927783495,0.0,50.0,20.0,1.0,0.0,0.0,0.0,-369.28932188134524,70.0,79.28932188134524,0.9238795325112867,0.0,0.3826834323650898,0.0
2.637817144393921,-11.600020644091973,-8.466549959106166,5.445346323482856,-1.3999990928465151,-0.6674445000758293,-0.6812137652993009,0.0,50.0,20.0,1.0,0.0,0.0,0.0,-369.28932188134524,70.0,79.28932188134524,0.9238795325112867,0.0,0.3826834323650898,0.0
2.6678199768066406,-11.464766549330902,-9.240636324288092,5.78753735199542,-1.2634860858310286,-0.671701966542212,-0.5726729371445267,0.0,50.0,20.0,1.0,0.0,0.0,0.0,-369.28932188134524,70.0,79.28932188134524,0.9238795325112867,0.0,0.3826834323650898,0.0
2.6996591091156006,-11.627030661626145,-9.961039861560186,6.501696926101793,-1.2970122276106548,-0.6927382835668641,-0.5716667223338544,0.0,50.0,20.0,1.0,0.0,0.0,0.0,-369.28932188134524,70.0,79.28932188134524,0.9238795325112867,0.0,0.3826834323650898,0.0
2.72983455657959,-11.094416189606639,-10.336386527921142,5.759937287109965,-1.1729068120146116,-0.6515734295327621,-0.449029796399085,0.0,50.0,20.0,1.0,0.0,0.0,0.0,-369.28932188134524,70.0,79.28932188134524,0.9238795325112867,0.0,0.3826834323650898,0.0
2.7599902153015137,-10.77810294208316,-10.386294534403238,5.302474787772447,-1.3437191925893344,-0.7714036971681015,-0.4474425321312797,0.0,50.0,20.0,1.0,0.0,0.0,0.0,-369.28932188134524,70.0,79.28932188134524,0.9238795325112867,0.0,0.3826834323650898,0.0
2.7902019023895264,-10.499253945686563,-10.085139481649076,5.669528294733404,-1.3789205786330996,-0.686623037717031,-0.3035066786255294,0.0,50.0,20.0,1.0,0.0,0.0,0.0,-369.28932188134524,70.0,79.28932188134524,0.9238795325112867,0.0,0.3826834323650898,0.0
2.820240020751953,-10.293187334477386,-9.779948976950587,5.33888180916558,-1.466346841134954,-0.7577191447475381,-0.4973261397662639,0.0,50.0,20.0,1.0,0.0,0.0,0.0,-369.28932188134524,70.0,79.28932188134524,0.9238795325112867,0.0,0.3826834323650898,0.0
2.8521857261657715,-9.826276462739376,-9.412170599915292,4.62476189298149,-1.3458843716262685,-0.7272251812975393,-0.5980874081819529,0.0,50.0,20.0,1.0,0.0,0.0,0.0,-369.28932188134524,70.0,79.28932188134524,0.9238795325112867,0.0,0.3826834323650898,0.0
2.8822720050811768,-10.352847249083947,-10.0887554929655,4.380944813805234,-1.3257569701904253,-0.6438966323949163,-0.6106111946863162,0.0,50.0,20.0,1.0,0.0,0.0,0.0,-369.28932188134524,70.0,79.28932188134524,0.9238795325112867,0.0,0.3826834323650898,0.0
2.9123082160949707,-9.614250294460238,-9.739300914734203,5.156223258451893,-1.5,-0.7887621505053356,-0.5429857423600382,0.0,50.0,20.0,1.0,0.0,0.0,0.0,-369.28932188134524,70.0,79.28932188134524,0.9238795325112867,0.0,0.3826834323650898,0.0
2.9420604705810547,-9.921107468710423,-10.258423426165145,4.6266317387325016,-1.3799219535339746,-0.9634830401823031,-0.603154089231264,0.0,50.0,20.0,1.0,0.0,0.0,0.0,-369.28932188134524,70.0,79.28932188134524,0.9238795325112867,0.0,0.3826834323650898,0.0
2.97206974029541,-10.399449880156581,-10.516954912369469,5.408946927035279,-1.2421071707112865,-0.8008145683032899,-0.646826630720101,0.0,50.0,20.0,1.0,0.0,0.0,0.0,-369.28932188134524,70.0,79.28932188134524,0.9238795325112867,0.0,0.3826834323650898,0.0
3.0038459300994873,-10.548106652165382,-10.34007042408622,5.772773648451203,-1.3538883001885043,-0.8121604126105562,-0.6090923700063662,0.0,50.0,20.0,1.0,0.0,0.0,0.0,-369.28932188134524,70.0,79.28932188134524,0.9238795325112867,0.0,0.3826834323650898,0.0
3.03464674949646,-11.078733700912306,-10.435066543031937,5.991038734350962,-1.5,-0.6131420148604191,-0.45991111348338104,0.0,50.0,20.0,1.0,0.0,0.0,0.0,-369.28932188134524,70.0,79.28932188134524,0.9238795325112867,0.0,0.3826834323650898,0.0
3.0640084743499756,-10.309159701408934,-10.635289879388177,6.3749946146984,-1.5,-0.6063308995310004,-0.2852014364551256,0.0,50.0,20.0,1.0,0.0,0.0,0.0,-369.28932188134524,70.0,79.28932188134524,0.9238795325112867,0.0,0.3826834323650898,0.0
3.0948486328125,-9.868036099219285,-11.17239548726341,6.136737242276065,-1.5,-0.6364065977408349,-0.46750443886904547,0.0,50.0,20.0,1.0,0.0,0.0,0.0,-369.28932188134524,70.0,79.28932188134524,0.9238795325112867,0.0,0.3826834323650898,0.0
3.124373435974121,-10.603284694566728,-11.001999760410031,6.182172329458325,-1.3933633639545273,-0.5112732018773289,-0.44464864038089924,0.0,50.0,20.0,1.0,0.0,0.0,0.0,-369.28932188134524,70.0,79.28932188134524,0.9238795325112867,0.0,0.3826834323650898,0.0
3.1559512615203857,-10.863776962378596,-10.788853347609168,5.791209955376516,-1.5,-0.6915665222056517,-0.6434549335632997,0.0,50.0,20.0,1.0,0.0,0.0,0.0,-369.28932188134524,70.0,79.28932188134524,0.9238795325112867,0.0,0.3826834323650898,0.0
3.1863789558410645,-11.409846077598504,-10.954220366551379,6.458693785312727,-1.5,-0.5957301757271901,-0.507453943489403,0.0,50.0,20.0,1.0,0.0,0.0,0.0,-369.28932188134524,70.0,79.28932188134524,0.9238795325112867,0.0,0.3826834323650898,0.0
3.215841054916382,-10.950350752485821,-11.322870773396502,6.1909051093239045,-1.5,-0.5598114556050093,-0.38797229202037353,0.0,50.0,20.0,1.0,0.0,0.0,0.0,-369.28932188134524,70.0,79.28932188134524,0.9238795325112867,0.0,0.3826834323650898,0.0
3.2494823932647705,-10.75785307967219,-10.597327704847094,6.77851922800923,-1.5,-0.4360120076186636,-0.21267972727051482,0.0,50.0,20.0,1.0,0.0,0.0,0.0,-369.28932188134524,70.0,79.28932188134524,0.9238795325112867,0.0,0.3826834323650898,0.0
3.276069164276123,-11.397295185769995,-11.159053803237281,6.581281203949441,-1.5,-0.409948839832307,-0.04771907605919401,0.0,50.0,20.0,1.0,0.0,0.0,0.0,-369.28932188134524,70.0,79.28932188134524,0.9238795325112867,0.0,0.3826834323650898,0.0
3.3085544109344482,-11.301903058831673,-11.418949786982417,7.185793441444197,-1.42048603308089,-0.5248512317676624,-0.11367052013010939,0.0,50.0,20.0,1.0,0.0,0.0,0.0,-369.28932188134524,70.0,79.28932188134524,0.9238795325112867,0.0,0.3826834323650898,0.0
3.3377456665039062,-11.86345227947952,-12.133268657503388,7.880295544727259,-1.5,-0.38938052029788645,-0.03329425979337894,0.0,50.0,20.0,1.0,0.0,0.0,0.0,-369.28932188134524,70.0,79.28932188134524,0.9238795325112867,0.0,0.3826834323650898,0.0
3.367969036102295,-11.38860643681166,-11.482503660124054,8.249235860849021,-1.36339943849644,-0.3408472893300625,0.049514368467126674,0.0,50.0,20.0,1.0,0.0,0.0,0.0,-369.28932188134524,70.0,79.28932188134524,0.9238795325112867,0.0,0.3826834323650898,0.0
3.400313377380371,-11.96596600923225,-11.109970885486208,8.393609248453235,-1.4845967425228064,-0.19434919586068478,-0.1022349270099413,0.0,50.0,20.0,1.0,0.0,0.0,0.0,-369.28932188134524,70.0,79.28932188134524,0.9238795325112867,0.0,0.3826834323650898,0.0
3.4298675060272217,-11.54657304566528,-10.661190607084633,7.6470252833869345,-1.5,-0.35741817970319034,0.021099087937357874,0.0,50.0,20.0,1.0,0.0,0.0,0.0,-369.28932188134524,70.0,79.28932188134524,0.9238795325112867,0.0,0.3826834323650898,0.0
3.4595284461975098,-11.730254495401436,-10.240231848452567,7.720326224862416,-1.5,-0.32689816484433704,0.13674549279068454,0.0,50.0,20.0,1.0,0.0,0.0,0.0,-369.28932188134524,70.0,79.28932188134524,0.9238795325112867,0.0,0.3826834323650898,0.0
3.4896130561828613,-11.041492087746615,-10.970002628744039,8.1822996242866,-1.5,-0.2572580749994336,0.1513944165293814,0.0,50.0,20.0,1.0,0.0,0.0,0.0,-369.28932188134524,70.0,79.28932188134524,0.9238795325112867,0.0,0.3826834323650898,0.0
3.5193982124328613,-10.365291584769228,-11.123281092293695,8.871187245638911,-1.5,-0.3561250226344097,0.05711126517009209,0.0,50.0,20.0,1.0,0.0,0.0,0.0,-369.28932188134524,70.0,79.28932188134524,0.9238795325112867,0.0,0.3826834323650898,0.0
3.5515527725219727,-10.757448880266223,-11.197579320135258,9.626467971280587,-1.5,-0.5283643933961447,0.060526942116593166,0.0,50.0,20.0,1.0,0.0,0.0,0.0,-369.28932188134524,70.0,79.28932188134524,0.9238795325112867,0.0,0.3826834323650898,0.0
3.5817201137542725,-11.174496474822014,-10.703383964561091,10.364198068483255,-1.3237398080873803,-0.6637086172303113,0.0008445136662870584,0.0,50.0,20.0,1.0,0.0,0.0,0.0,-369.28932188134524,70.0,79.28932188134524,0.9238795325112867,0.0,0.3826834323650898,0.0
3.611880302429199,-11.134450785419723,-10.747930348728561,11.118675779418528,-1.3641973068194464,-0.6260663915652079,-0.11127200719906111,0.0,50.0,20.0,1.0,0.0,0.0,0.0,-369.28932188134524,70.0,79.28932188134524,0.9238795325112867,0.0,0.3826834323650898,0.0
3.641688346862793,-11.01197738990098,-11.321127531076106,11.027409644952275,-1.3736047216072278,-0.6539271345370226,-0.050875550634494504,0.0,50.0,20.0,1.0,0.0,0.0,0.0,-369.28932188134524,70.0,79.28932188134524,0.9238795325112867,0.0,0.3826834323650898,0.0
3.6715927124023438,-10.957614346276202,-11.485228690714168,11.274277535160493,-1.3097139371238287,-0.6935668240544954,0.09728187973874636,0.0,50.0,20.0,1.0,0.0,0.0,0.0,-369.28932188134524,70.0,79.28932188134524,0.9238795325112867,0.0,0.3826834323650898,0.0
3.7038512229919434,-11.34868654919498,-10.908476663576137,11.38809756999844,-1.4757446605911624,-0.8923383272835348,0.17843173734355067,0.0,50.0,20.0,1.0,0.0,0.0,0.0,-369.28932188134524,70.0,79.28932188134524,0.9238795325112867,0.0,0.3826834323650898,0.0
3.7338669300079346,-11.46675176403638,-10.377103913223426,11.006320749778842,-1.5,-0.9554674237194468,0.06236965333593919,0.0,50.0,20.0,1.0,0.0,0.0,0.0,-369.28932188134524,70.0,79.28932188134524,0.9238795325112867,0.0,0.3826834323650898,0.0
3.7638893127441406,-12.031475652856827,-10.347527322745323,10.598616645278309,-1.5,-1.0724082020215193,-0.1170360574409384,0.0,50.0,20.0,1.0,0.0,0.0,0.0,-369.28932188134524,70.0,79.28932188134524,0.9238795325112867,0.0,0.3826834323650898,0.0
3.7941713333129883,-11.596737890226372,-9.846800070283669,11.028404798843045,-1.4452666796538634,-1.1956294830811456,-0.2624499427413517,0.0,50.0,20.0,1.0,0.0,0.0,0.0,-369.28932188134524,70.0,79.28932188134524,0.9238795325112867,0.0,0.3826834323650898,0.0
3.8251006603240967,-11.520854330410094,-10.079306641869596,10.399362918184982,-1.5,-1.3648850526650458,-0.09094539289020637,0.0,50.0,20.0,1.0,0.0,0.0,0.0,-369.28932188134524,70.0,79.28932188134524,0.9238795325112867,0.0,0.3826834323650898,0.0
3.856196641921997,-10.91570122313601,-10.717481487530602,10.62535730834789,-1.411301976559459,-1.5,-0.10412729218114058,0.0,50.0,20.0,1.0,0.0,0.0,0.0,-369.28932188134524,70.0,79.28932188134524,0.9238795325112867,0.0,0.3826834323650898,0.0
3.8860185146331787,-10.89007345684965,-10.075720424018012,10.94943648183527,-1.3682819424208141,-1.5,0.016095143433468184,0.0,50.0,20.0,1.0,0.0,0.0,0.0,-369.28932188134524,70.0,79.28932188134524,0.9238795325112867,0.0,0.3826834323650898,0.0
3.9159817695617676,-11.061257311012323,-10.7073001386157,10.708956238644577,-1.247590044094594,-1.3051355385093109,0.07568884328975173,0.0,50.0,20.0,1.0,0.0,0.0,0.0,-369.28932188134524,70.0,79.28932188134524,0.9238795325112867,0.0,0.3826834323650898,0.0
3.9467945098876953,-10.877408528970868,-10.816534055606132,10.30302219719959,-1.1557135187864542,-1.2788844502461882,0.21554917557321307,0.0,50.0,20.0,1.0,0.0,0.0,0.0,-369.28932188134524,70.0,79.28932188134524,0.9238795325112867,0.0,0.3826834323650898,0.0
3.9758145809173584,-10.789017971613966,-11.540246862123187,9.971904742443769,-1.348331242751109,-1.3294927608909708,0.13678834339250562,0.0,50.0,20.0,1.0,0.0,0.0,0.0,-369.28932188134524,70.0,79.28932188134524,0.9238795325112867,0.0,0.3826834323650898,0.0
4.007832050323486,-10.774336404937047,-10.846410591241462,10.0186060184953,-1.5,-1.209013269160938,0.2910708529799847,0.0,50.0,20.0,1.0,0.0,0.0,0.0,-369.28932188134524,70.0,79.28932188134524,0.9238795325112867,0.0,0.3826834323650898,0.0
4.037715673446655,-11.466805033381625,-11.294594791673548,9.294144133227961,-1.5,-1.237145659738401,0.10450655550377849,0.0,50.0,20.0,1.0,0.0,0.0,0.0,-369.28932188134524,70.0,79.28932188134524,0.9238795325112867,0.0,0.3826834323650898,0.0
4.067610502243042,-10.669164420372946,-11.605709809494563,9.690366618967868,-1.5,-1.3368372880945611,-0.025274217265002258,0.0,50.0,20.0,1.0,0.0,0.0,0.0,-369.28932188134524,70.0,79.28932188134524,0.9238795325112867,0.0,0.3826834323650898,0.0
4.099574327468872,-11.446130505804463,-11.166332362393911,9.680205259525119,-1.5,-1.4471027553588942,-0.11949907972340647,0.0,50.0,20.0,1.0,0.0,0.0,0.0,-369.28932188134524,70.0,79.28932188134524,0.9238795325112867,0.0,0.3826834323650898,0.0
4.129677772521973,-11.099002117480588,-11.366942534889453,10.219515981763744,-1.5,-1.5,0.06516153900506554,0.0,50.0,20.0,1.0,0.0,0.0,0.0,-369.28932188134524,70.0,79.28932188134524,0.9238795325112867,0.0,0.3826834323650898,0.0
4.15933084487915,-10.820981984899229,-10.701699276585542,10.00518031582095,-1.5,-1.5,0.038647899436376795,0.0,50.0,20.0,1.0,0.0,0.0,0.0,-369.28932188134524,70.0,79.28932188134524,0.9238795325112867,0.0,0.3826834323650898,0.0
4.190537929534912,-10.743418702390596,-10.202643274069848,10.63353225918207,-1.4555500580783687,-1.4647937961339448,-0.058457373642996316,0.0,50.0,20.0,1.0,0.0,0.0,0.0,-369.28932188134524,70.0,79.28932188134524,0.9238795325112867,0.0,0.3826834323650898,0.0
4.219920873641968,-11.126739902546843,-10.694534425076533,11.078449465047004,-1.4367982980093637,-1.3966330450395095,-0.08031913721651344,0.0,50.0,20.0,1.0,0.0,0.0,0.0,-369.28932188134524,70.0,79.28932188134524,0.9238795325112867,0.0,0.3826834323650898,0.0
4.2536022663116455,-10.475881732225993,-10.449741920056692,11.398814069716952,-1.3235090027129153,-1.5,-0.14203497044802166,0.0,50.0,20.0,1.0,0.0,0.0,0.0,-369.28932188134524,70.0,79.28932188134524,0.9238795325112867,0.0,0.3826834323650898,0.0
4.282238006591797,-9.857480209762473,-10.154018600150723,11.980770120950279,-1.24808081581218,-1.308724844652276,-0.158555976437797,0.0,50.0,20.0,1.0,0.0,0.0,0.0,-369.28932188134524,70.0,79.28932188134524,0.9238795325112867,0.0,0.3826834323650898,0.0
4.312478303909302,-10.392844570047176,-10.525533569152197,11.847793661125408,-1.3298758598597846,-1.3916744639655512,-0.2903874031550592,0.0,50.0,20.0,1.0,0.0,0.0,0.0,-369.28932188134524,70.0,79.28932188134524,0.9238795325112867,0.0,0.3826834323650898,0.0
4.341937303543091,-10.52122265320727,-9.944020202408963,11.764579274285888,-1.3963110603439106,-1.3929332188617594,-0.13011893437424926,0.0,50.0,20.0,1.0,0.0,0.0,0.0,-369.28932188134524,70.0,79.28932188134524,0.9238795325112867,0.0,0.3826834323650898,0.0
4.372412443161011,-9.971489994375887,-9.583673698014984,11.546262101746127,-1.3346368807940927,-1.5,-0.18405573732998262,0.0,50.0,20.0,1.0,0.0,0.0,0.0,-369.28932188134524,70.0,79.28932188134524,0.9238795325112867,0.0,0.3826834323650898,0.0
4.403547525405884,-9.186359215481698,-9.754076456123808,11.539733281702826,-1.4282083800722476,-1.5,-0.3272291224238948,0.0,50.0,20.0,1.0,0.0,0.0,0.0,-369.28932188134524,70.0,79.28932188134524,0.9238795325112867,0.0,0.3826834323650898,0.0
4.4336302280426025,-9.781549216692424,-10.081633438313487,11.924086959375552,-1.5,-1.5,-0.3583080872928888,0.0,50.0,20.0,1.0,0.0,0.0,0.0,-369.28932188134524,70.0,79.28932188134524,0.9238795325112867,0.0,0.3826834323650898,0.0
4.463662385940552,-9.808062778233529,-10.873025175129403,11.58717933385631,-1.5,-1.3303199721194647,-0.2326911038522399,0.0,50.0,20.0,1.0,0.0,0.0,0.0,-369.28932188134524,70.0,79.28932188134524,0.9238795325112867,0.0,0.3826834323650898,0.0
4.493174314498901,-9.284673449924862,-11.37678607150095,11.637974144800022,-1.5,-1.4273933686769826,-0.0364292187243796,0.0,50.0,20.0,1.0,0.0,0.0,0.0,-369.28932188134524,70.0,79.28932188134524,0.9238795325112867,0.0,0.3826834323650898,0.0
4.524045705795288,-8.911219430250902,-11.532638397141918,11.904526404087663,-1.3631695115354594,-1.5,0.02642553175731638,0.0,50.0,20.0,1.0,0.0,0.0,0.0,-369.28932188134524,70.0,79.28932188134524,0.9238795325112867,0.0,0.3826834323650898,0.0
4.556158065795898,-8.986704654613908,-11.095206828889419,12.049842475031666,-1.4478206523727823,-1.3903327160999641,-0.15995421521543252,0.0,50.0,20.0,1.0,0.0,0.0,0.0,-369.28932188134524,70.0,79.28932188134524,0.9238795325112867,0.0,0.3826834323650898,0.0
4.585558652877808,-8.827588580633183,-11.212300651691457,12.003260912536202,-1.3788454796916552,-1.4609436357739432,0.016791955320879626,0.0,50.0,20.0,1.0,0.0,0.0,0.0,-369.28932188134524,70.0,79.28932188134524,0.9238795325112867,0.0,0.3826834323650898,0.0
4.615642070770264,-8.514802934932236,-11.86151167242044,12.55533108859448,-1.5,-1.4968109876498776,-0.17440735541918972,0.0,50.0,20.0,1.0,0.0,0.0,0.0,-369.28932188134524,70.0,79.28932188134524,0.9238795325112867,0.0,0.3826834323650898,0.0
4.646320343017578,-8.507047147706775,-12.655747096524516,12.054751510674352,-1.3394347248814427,-1.3471942139554236,-0.18548025625500283,0.0,50.0,20.0,1.0,0.0,0.0,0.0,-369.28932188134524,70.0,79.28932188134524,0.9238795325112867,0.0,0.3826834323650898,0.0
4.676409482955933,-9.06904614674645,-12.811858136863464,11.268181099599355,-1.3798082384490888,-1.1570602171761457,-0.34645267861909146,0.0,50.0,20.0,1.0,0.0,0.0,0.0,-369.28932188134524,70.0,79.28932188134524,0.9238795325112867,0.0,0.3826834323650898,0.0
4.707630634307861,-8.948915391159316,-13.0,11.697467143967495,-1.24092233697706,-1.076438514152478,-0.5171873935526189,0.0,50.0,20.0,1.0,0.0,0.0,0.0,-369.28932188134524,70.0,79.28932188134524,0.9238795325112867,0.0,0.3826834323650898,0.0
4.737818479537964,-9.374089972541832,-13.0,10.93179716193055,-1.1238347037954501,-1.1666356697330043,-0.5051427522736551,0.0,50.0,20.0,1.0,0.0,0.0,0.0,-369.28932188134524,70.0,79.28932188134524,0.9238795325112867,0.0,0.3826834323650898,0.0
4.767337322235107,-10.12403969479204,-12.339134827448797,11.022246086149991,-0.9948779813921603,-1.0897685120308154,-0.5080843377786746,0.0,50.0,20.0,1.0,0.0,0.0,0.0,-369.28932188134524,70.0,79.28932188134524,0.9238795325112867,0.0,0.3826834323650898,0.0
4.799663543701172,-9.512600601381154,-11.549183760193856,10.681385068703433,-1.1438015739507041,-0.9028592256310175,-0.48833179739465254,0.0,50.0,20.0,1.0,0.0,0.0,0.0,-369.28932188134524,70.0,79.28932188134524,0.9238795325112867,0.0,0.3826834323650898,0.0
4.829700231552124,-9.416955394723232,-10.98008671550912,9.998600900526696,-1.0016712853930319,-0.9031532637437212,-0.4220540654787215,0.0,50.0,20.0,1.0,0.0,0.0,0.0,-369.28932188134524,70.0,79.28932188134524,0.9238795325112867,0.0,0.3826834323650898,0.0
4.859698534011841,-9.294945615234841,-11.641457169285895,9.949325588458263,-0.9754233333949355,-0.9390999266010228,-0.5404850374741236,0.0,50.0,20.0,1.0,0.0,0.0,0.0,-369.28932188134524,70.0,79.28932188134524,0.9238795325112867,0.0,0.3826834323650898,0.0
4.8895487785339355,-8.627680931208344,-12.427986325549762,9.230615260091572,-0.9870136660413433,-0.9347843095500613,-0.3878169007925463,0.0,50.0,20.0,1.0,0.0,0.0,0.0,-369.28932188134524,70.0,79.28932188134524,0.9238795325112867,0.0,0.3826834323650898,0.0
4.919718265533447,-8.477467498747169,-12.283747917259946,9.087511284377008,-1.141725419735717,-0.9550844170519199,-0.3742855836166742,0.0,50.0,20.0,1.0,0.0,0.0,0.0,-369.28932188134524,70.0,79.28932188134524,0.9238795325112867,0.0,0.3826834323650898,0.0
