# Timestamp, Fx, Fy, Fz, Tx, Ty, Tz, FemurPosX, FemurPosY, FemurPosZ, FemurQuatW, FemurQuatX, FemurQuatY, FemurQuatZ, TibiaPosX, TibiaPosY, TibiaPosZ, TibiaQuatW, TibiaQuatX, TibiaQuatY, TibiaQuatZ
0.017583131790161133,-3.78446,-5.58178,2.33995,-2.26727,-3.56171,3.64246,0.73058,-0.227008,0.700719,-0.186532,0.0464836,0.981136,0.0204042,-0.0,-0.0,0.0,0.252443,0.117083,0.956188,-0.0909307
0.033823490142822266,-3.78446,-5.58178,2.33995,-2.26727,-3.56171,3.64246,0.73058,-0.227008,0.700719,-0.186532,0.0464836,0.981136,0.0204042,-0.0,-0.0,0.0,0.252443,0.117083,0.956188,-0.0909307
0.05079483985900879,-3.78446,-5.58178,2.33995,-2.26727,-3.56171,3.64246,0.73058,-0.227008,0.700719,-0.186532,0.0464836,0.981136,0.0204042,-0.0,-0.0,0.0,0.252443,0.117083,0.956188,-0.0909307
0.06743359565734863,-3.78446,-5.58178,2.33995,-2.26727,-3.56171,3.64246,0.73058,-0.227008,0.700719,-0.186532,0.0464836,0.981136,0.0204042,-0.0,-0.0,0.0,0.252443,0.117083,0.956188,-0.0909307
0.08414769172668457,-3.78446,-5.58178,2.33995,-2.26727,-3.56171,3.64246,0.73058,-0.227008,0.700719,-0.186532,0.0464836,0.981136,0.0204042,-0.0,-0.0,0.0,0.252443,0.117083,0.956188,-0.0909307
0.10408544540405273,-3.78446,-5.58178,2.33995,-2.26727,-3.56171,3.64246,0.73058,-0.227008,0.700719,-0.186532,0.0464836,0.981136,0.0204042,-0.0,-0.0,0.0,0.252443,0.117083,0.956188,-0.0909307
0.12474393844604492,-3.78446,-5.58178,2.33995,-2.26727,-3.56171,3.64246,0.73058,-0.227008,0.700719,-0.186532,0.0464836,0.981136,0.0204042,-0.0,-0.0,0.0,0.252443,0.117083,0.956188,-0.0909307
0.1444408893585205,-3.78446,-5.58178,2.33995,-2.26727,-3.56171,3.64246,0.73058,-0.227008,0.700719,-0.186532,0.0464836,0.981136,0.0204042,-0.0,-0.0,0.0,0.252443,0.117083,0.956188,-0.0909307
0.16456127166748047,-3.78446,-5.58178,2.33995,-2.26727,-3.56171,3.64246,0.73058,-0.227008,0.700719,-0.186532,0.0464836,0.981136,0.0204042,-0.0,-0.0,0.0,0.252443,0.117083,0.956188,-0.0909307
0.18429017066955566,-3.78446,-5.58178,2.33995,-2.26727,-3.56171,3.64246,0.73058,-0.227008,0.700719,-0.186532,0.0464836,0.981136,0.0204042,-0.0,-0.0,0.0,0.252443,0.117083,0.956188,-0.0909307
0.2042243480682373,-3.78446,-5.58178,2.33995,-2.26727,-3.56171,3.64246,0.73058,-0.227008,0.700719,-0.186532,0.0464836,0.981136,0.0204042,-0.0,-0.0,0.0,0.252443,0.117083,0.956188,-0.0909307
0.2240276336669922,-3.78446,-5.58178,2.33995,-2.26727,-3.56171,3.64246,0.73058,-0.227008,0.700719,-0.186532,0.0464836,0.981136,0.0204042,-0.0,-0.0,0.0,0.252443,0.117083,0.956188,-0.0909307
0.24469208717346191,-3.78446,-5.58178,2.33995,-2.26727,-3.56171,3.64246,0.73058,-0.227008,0.700719,-0.186532,0.0464836,0.981136,0.0204042,-0.0,-0.0,0.0,0.252443,0.117083,0.956188,-0.0909307
0.26429033279418945,-3.78446,-5.58178,2.33995,-2.26727,-3.56171,3.64246,0.73058,-0.227008,0.700719,-0.186532,0.0464836,0.981136,0.0204042,-0.0,-0.0,0.0,0.252443,0.117083,0.956188,-0.0909307
0.2838733196258545,-3.78446,-5.58178,2.33995,-2.26727,-3.56171,3.64246,0.73058,-0.227008,0.700719,-0.186532,0.0464836,0.981136,0.0204042,-0.0,-0.0,0.0,0.252443,0.117083,0.956188,-0.0909307
0.3043479919433594,-3.78446,-5.58178,2.33995,-2.26727,-3.56171,3.64246,0.73058,-0.227008,0.700719,-0.186532,0.0464836,0.981136,0.0204042,-0.0,-0.0,0.0,0.252443,0.117083,0.956188,-0.0909307
0.32428789138793945,-3.78446,-5.58178,2.33995,-2.26727,-3.56171,3.64246,0.73058,-0.227008,0.700719,-0.186532,0.0464836,0.981136,0.0204042,-0.0,-0.0,0.0,0.252443,0.117083,0.956188,-0.0909307
0.34372591972351074,-3.78446,-5.58178,2.33995,-2.26727,-3.56171,3.64246,0.73058,-0.227008,0.700719,-0.186532,0.0464836,0.981136,0.0204042,-0.0,-0.0,0.0,0.252443,0.117083,0.956188,-0.0909307
0.36463332176208496,-3.78446,-5.58178,2.33995,-2.26727,-3.56171,3.64246,0.73058,-0.227008,0.700719,-0.186532,0.0464836,0.981136,0.0204042,-0.0,-0.0,0.0,0.252443,0.117083,0.956188,-0.0909307
0.383969783782959,-3.78446,-5.58178,2.33995,-2.26727,-3.56171,3.64246,0.73058,-0.227008,0.700719,-0.186532,0.0464836,0.981136,0.0204042,-0.0,-0.0,0.0,0.252443,0.117083,0.956188,-0.0909307
0.4038684368133545,-3.78446,-5.58178,2.33995,-2.26727,-3.56171,3.64246,0.73058,-0.227008,0.700719,-0.186532,0.0464836,0.981136,0.0204042,-0.0,-0.0,0.0,0.252443,0.117083,0.956188,-0.0909307
0.42455172538757324,-3.78446,-5.58178,2.33995,-2.26727,-3.56171,3.64246,0.73058,-0.227008,0.700719,-0.186532,0.0464836,0.981136,0.0204042,-0.0,-0.0,0.0,0.252443,0.117083,0.956188,-0.0909307
0.44443249702453613,-3.78446,-5.58178,2.33995,-2.26727,-3.56171,3.64246,0.73058,-0.227008,0.700719,-0.186532,0.0464836,0.981136,0.0204042,-0.0,-0.0,0.0,0.252443,0.117083,0.956188,-0.0909307
0.46402740478515625,-3.78446,-5.58178,2.33995,-2.26727,-3.56171,3.64246,0.73058,-0.227008,0.700719,-0.186532,0.0464836,0.981136,0.0204042,-0.0,-0.0,0.0,0.252443,0.117083,0.956188,-0.0909307
0.4845917224884033,-3.78446,-5.58178,2.33995,-2.26727,-3.56171,3.64246,0.73058,-0.227008,0.700719,-0.186532,0.0464836,0.981136,0.0204042,-0.0,-0.0,0.0,0.252443,0.117083,0.956188,-0.0909307
0.5043203830718994,-3.78446,-5.58178,2.33995,-2.26727,-3.56171,3.64246,0.73058,-0.227008,0.700719,-0.186532,0.0464836,0.981136,0.0204042,-0.0,-0.0,0.0,0.252443,0.117083,0.956188,-0.0909307
0.5242743492126465,-3.78446,-5.58178,2.33995,-2.26727,-3.56171,3.64246,0.73058,-0.227008,0.700719,-0.186532,0.0464836,0.981136,0.0204042,-0.0,-0.0,0.0,0.252443,0.117083,0.956188,-0.0909307
0.544166088104248,-3.78446,-5.58178,2.33995,-2.26727,-3.56171,3.64246,0.73058,-0.227008,0.700719,-0.186532,0.0464836,0.981136,0.0204042,-0.0,-0.0,0.0,0.252443,0.117083,0.956188,-0.0909307
0.5639054775238037,-3.78446,-5.58178,2.33995,-2.26727,-3.56171,3.64246,0.73058,-0.227008,0.700719,-0.186532,0.0464836,0.981136,0.0204042,-0.0,-0.0,0.0,0.252443,0.117083,0.956188,-0.0909307
0.584481954574585,-3.78446,-5.58178,2.33995,-2.26727,-3.56171,3.64246,0.73058,-0.227008,0.700719,-0.186532,0.0464836,0.981136,0.0204042,-0.0,-0.0,0.0,0.252443,0.117083,0.956188,-0.0909307
0.6049642562866211,-3.78446,-5.58178,2.33995,-2.26727,-3.56171,3.64246,0.73058,-0.227008,0.700719,-0.186532,0.0464836,0.981136,0.0204042,-0.0,-0.0,0.0,0.252443,0.117083,0.956188,-0.0909307
0.6243035793304443,-3.78446,-5.58178,2.33995,-2.26727,-3.56171,3.64246,0.73058,-0.227008,0.700719,-0.186532,0.0464836,0.981136,0.0204042,-0.0,-0.0,0.0,0.252443,0.117083,0.956188,-0.0909307
0.6440775394439697,-3.78446,-5.58178,2.33995,-2.26727,-3.56171,3.64246,0.73058,-0.227008,0.700719,-0.186532,0.0464836,0.981136,0.0204042,-0.0,-0.0,0.0,0.252443,0.117083,0.956188,-0.0909307
0.6639833450317383,-3.78446,-5.58178,2.33995,-2.26727,-3.56171,3.64246,0.73058,-0.227008,0.700719,-0.186532,0.0464836,0.981136,0.0204042,-0.0,-0.0,0.0,0.252443,0.117083,0.956188,-0.0909307
0.6843299865722656,-3.78446,-5.58178,2.33995,-2.26727,-3.56171,3.64246,0.73058,-0.227008,0.700719,-0.186532,0.0464836,0.981136,0.0204042,-0.0,-0.0,0.0,0.252443,0.117083,0.956188,-0.0909307
0.7044804096221924,-3.78446,-5.58178,2.33995,-2.26727,-3.56171,3.64246,0.73058,-0.227008,0.700719,-0.186532,0.0464836,0.981136,0.0204042,-0.0,-0.0,0.0,0.252443,0.117083,0.956188,-0.0909307
0.7243003845214844,-3.78446,-5.58178,2.33995,-2.26727,-3.56171,3.64246,0.73058,-0.227008,0.700719,-0.186532,0.0464836,0.981136,0.0204042,-0.0,-0.0,0.0,0.252443,0.117083,0.956188,-0.0909307
0.7441494464874268,-3.78446,-5.58178,2.33995,-2.26727,-3.56171,3.64246,0.73058,-0.227008,0.700719,-0.186532,0.0464836,0.981136,0.0204042,-0.0,-0.0,0.0,0.252443,0.117083,0.956188,-0.0909307
0.7639868259429932,-3.78446,-5.58178,2.33995,-2.26727,-3.56171,3.64246,0.73058,-0.227008,0.700719,-0.186532,0.0464836,0.981136,0.0204042,-0.0,-0.0,0.0,0.252443,0.117083,0.956188,-0.0909307
0.784764289855957,-3.78446,-5.58178,2.33995,-2.26727,-3.56171,3.64246,0.73058,-0.227008,0.700719,-0.186532,0.0464836,0.981136,0.0204042,-0.0,-0.0,0.0,0.252443,0.117083,0.956188,-0.0909307
0.8048233985900879,-3.78446,-5.58178,2.33995,-2.26727,-3.56171,3.64246,0.73058,-0.227008,0.700719,-0.186532,0.0464836,0.981136,0.0204042,-0.0,-0.0,0.0,0.252443,0.117083,0.956188,-0.0909307
0.8238787651062012,-3.78446,-5.58178,2.33995,-2.26727,-3.56171,3.64246,0.73058,-0.227008,0.700719,-0.186532,0.0464836,0.981136,0.0204042,-0.0,-0.0,0.0,0.252443,0.117083,0.956188,-0.0909307
0.8448262214660645,-3.78446,-5.58178,2.33995,-2.26727,-3.56171,3.64246,0.73058,-0.227008,0.700719,-0.186532,0.0464836,0.981136,0.0204042,-0.0,-0.0,0.0,0.252443,0.117083,0.956188,-0.0909307
0.8638663291931152,-3.78446,-5.58178,2.33995,-2.26727,-3.56171,3.64246,0.73058,-0.227008,0.700719,-0.186532,0.0464836,0.981136,0.0204042,-0.0,-0.0,0.0,0.252443,0.117083,0.956188,-0.0909307
0.884652853012085,-3.78446,-5.58178,2.33995,-2.26727,-3.56171,3.64246,0.73058,-0.227008,0.700719,-0.186532,0.0464836,0.981136,0.0204042,-0.0,-0.0,0.0,0.252443,0.117083,0.956188,-0.0909307
0.9047596454620361,-3.78446,-5.58178,2.33995,-2.26727,-3.56171,3.64246,0.73058,-0.227008,0.700719,-0.186532,0.0464836,0.981136,0.0204042,-0.0,-0.0,0.0,0.252443,0.117083,0.956188,-0.0909307
0.9244451522827148,-3.78446,-5.58178,2.33995,-2.26727,-3.56171,3.64246,0.73058,-0.227008,0.700719,-0.186532,0.0464836,0.981136,0.0204042,-0.0,-0.0,0.0,0.252443,0.117083,0.956188,-0.0909307
0.9444644451141357,-3.78446,-5.58178,2.33995,-2.26727,-3.56171,3.64246,0.73058,-0.227008,0.700719,-0.186532,0.0464836,0.981136,0.0204042,-0.0,-0.0,0.0,0.252443,0.117083,0.956188,-0.0909307
0.9669928550720215,-3.78446,-5.58178,2.33995,-2.26727,-3.56171,3.64246,0.73058,-0.227008,0.700719,-0.186532,0.0464836,0.981136,0.0204042,-0.0,-0.0,0.0,0.252443,0.117083,0.956188,-0.0909307
0.9837074279785156,-3.78446,-5.58178,2.33995,-2.26727,-3.56171,3.64246,0.73058,-0.227008,0.700719,-0.186532,0.0464836,0.981136,0.0204042,-0.0,-0.0,0.0,0.252443,0.117083,0.956188,-0.0909307
1.0041217803955078,-3.78446,-5.58178,2.33995,-2.26727,-3.56171,3.64246,0.73058,-0.227008,0.700719,-0.186532,0.0464836,0.981136,0.0204042,-0.0,-0.0,0.0,0.252443,0.117083,0.956188,-0.0909307
1.0242352485656738,-3.78446,-5.58178,2.33995,-2.26727,-3.56171,3.64246,0.73058,-0.227008,0.700719,-0.186532,0.0464836,0.981136,0.0204042,-0.0,-0.0,0.0,0.252443,0.117083,0.956188,-0.0909307
1.044342279434204,-3.78446,-5.58178,2.33995,-2.26727,-3.56171,3.64246,0.73058,-0.227008,0.700719,-0.186532,0.0464836,0.981136,0.0204042,-0.0,-0.0,0.0,0.252443,0.117083,0.956188,-0.0909307
1.0645804405212402,-3.78446,-5.58178,2.33995,-2.26727,-3.56171,3.64246,0.73058,-0.227008,0.700719,-0.186532,0.0464836,0.981136,0.0204042,-0.0,-0.0,0.0,0.252443,0.117083,0.956188,-0.0909307
1.0844695568084717,-3.78446,-5.58178,2.33995,-2.26727,-3.56171,3.64246,0.73058,-0.227008,0.700719,-0.186532,0.0464836,0.981136,0.0204042,-0.0,-0.0,0.0,0.252443,0.117083,0.956188,-0.0909307
1.1043589115142822,-3.78446,-5.58178,2.33995,-2.26727,-3.56171,3.64246,0.73058,-0.227008,0.700719,-0.186532,0.0464836,0.981136,0.0204042,-0.0,-0.0,0.0,0.252443,0.117083,0.956188,-0.0909307
1.124211311340332,-3.78446,-5.58178,2.33995,-2.26727,-3.56171,3.64246,0.73058,-0.227008,0.700719,-0.186532,0.0464836,0.981136,0.0204042,-0.0,-0.0,0.0,0.252443,0.117083,0.956188,-0.0909307
1.144122838973999,-3.78446,-5.58178,2.33995,-2.26727,-3.56171,3.64246,0.73058,-0.227008,0.700719,-0.186532,0.0464836,0.981136,0.0204042,-0.0,-0.0,0.0,0.252443,0.117083,0.956188,-0.0909307
1.1640205383300781,-3.78446,-5.58178,2.33995,-2.26727,-3.56171,3.64246,0.73058,-0.227008,0.700719,-0.186532,0.0464836,0.981136,0.0204042,-0.0,-0.0,0.0,0.252443,0.117083,0.956188,-0.0909307
1.1837852001190186,-3.78446,-5.58178,2.33995,-2.26727,-3.56171,3.64246,0.73058,-0.227008,0.700719,-0.186532,0.0464836,0.981136,0.0204042,-0.0,-0.0,0.0,0.252443,0.117083,0.956188,-0.0909307
1.204578161239624,-3.78446,-5.58178,2.33995,-2.26727,-3.56171,3.64246,0.73058,-0.227008,0.700719,-0.186532,0.0464836,0.981136,0.0204042,-0.0,-0.0,0.0,0.252443,0.117083,0.956188,-0.0909307
1.2245421409606934,-3.78446,-5.58178,2.33995,-2.26727,-3.56171,3.64246,0.73058,-0.227008,0.700719,-0.186532,0.0464836,0.981136,0.0204042,-0.0,-0.0,0.0,0.252443,0.117083,0.956188,-0.0909307
1.2441332340240479,-3.78446,-5.58178,2.33995,-2.26727,-3.56171,3.64246,0.73058,-0.227008,0.700719,-0.186532,0.0464836,0.981136,0.0204042,-0.0,-0.0,0.0,0.252443,0.117083,0.956188,-0.0909307
1.2643954753875732,-3.78446,-5.58178,2.33995,-2.26727,-3.56171,3.64246,0.73058,-0.227008,0.700719,-0.186532,0.0464836,0.981136,0.0204042,-0.0,-0.0,0.0,0.252443,0.117083,0.956188,-0.0909307
1.284156322479248,-3.78446,-5.58178,2.33995,-2.26727,-3.56171,3.64246,0.73058,-0.227008,0.700719,-0.186532,0.0464836,0.981136,0.0204042,-0.0,-0.0,0.0,0.252443,0.117083,0.956188,-0.0909307
1.3040895462036133,-3.78446,-5.58178,2.33995,-2.26727,-3.56171,3.64246,0.73058,-0.227008,0.700719,-0.186532,0.0464836,0.981136,0.0204042,-0.0,-0.0,0.0,0.252443,0.117083,0.956188,-0.0909307
1.3239679336547852,-3.78446,-5.58178,2.33995,-2.26727,-3.56171,3.64246,0.73058,-0.227008,0.700719,-0.186532,0.0464836,0.981136,0.0204042,-0.0,-0.0,0.0,0.252443,0.117083,0.956188,-0.0909307
1.3446698188781738,-3.78446,-5.58178,2.33995,-2.26727,-3.56171,3.64246,0.73058,-0.227008,0.700719,-0.186532,0.0464836,0.981136,0.0204042,-0.0,-0.0,0.0,0.252443,0.117083,0.956188,-0.0909307
1.3644416332244873,-3.78446,-5.58178,2.33995,-2.26727,-3.56171,3.64246,0.73058,-0.227008,0.700719,-0.186532,0.0464836,0.981136,0.0204042,-0.0,-0.0,0.0,0.252443,0.117083,0.956188,-0.0909307
1.3840608596801758,-3.78446,-5.58178,2.33995,-2.26727,-3.56171,3.64246,0.73058,-0.227008,0.700719,-0.186532,0.0464836,0.981136,0.0204042,-0.0,-0.0,0.0,0.252443,0.117083,0.956188,-0.0909307
1.4040143489837646,-3.78446,-5.58178,2.33995,-2.26727,-3.56171,3.64246,0.73058,-0.227008,0.700719,-0.186532,0.0464836,0.981136,0.0204042,-0.0,-0.0,0.0,0.252443,0.117083,0.956188,-0.0909307
1.424813985824585,-3.78446,-5.58178,2.33995,-2.26727,-3.56171,3.64246,0.73058,-0.227008,0.700719,-0.186532,0.0464836,0.981136,0.0204042,-0.0,-0.0,0.0,0.252443,0.117083,0.956188,-0.0909307
1.444594383239746,-3.78446,-5.58178,2.33995,-2.26727,-3.56171,3.64246,0.73058,-0.227008,0.700719,-0.186532,0.0464836,0.981136,0.0204042,-0.0,-0.0,0.0,0.252443,0.117083,0.956188,-0.0909307
1.4644219875335693,-3.78446,-5.58178,2.33995,-2.26727,-3.56171,3.64246,0.73058,-0.227008,0.700719,-0.186532,0.0464836,0.981136,0.0204042,-0.0,-0.0,0.0,0.252443,0.117083,0.956188,-0.0909307
1.484114646911621,-3.78446,-5.58178,2.33995,-2.26727,-3.56171,3.64246,0.73058,-0.227008,0.700719,-0.186532,0.0464836,0.981136,0.0204042,-0.0,-0.0,0.0,0.252443,0.117083,0.956188,-0.0909307
1.503988265991211,-3.78446,-5.58178,2.33995,-2.26727,-3.56171,3.64246,0.73058,-0.227008,0.700719,-0.186532,0.0464836,0.981136,0.0204042,-0.0,-0.0,0.0,0.252443,0.117083,0.956188,-0.0909307
1.5248095989227295,-3.78446,-5.58178,2.33995,-2.26727,-3.56171,3.64246,0.73058,-0.227008,0.700719,-0.186532,0.0464836,0.981136,0.0204042,-0.0,-0.0,0.0,0.252443,0.117083,0.956188,-0.0909307
1.5447611808776855,-3.78446,-5.58178,2.33995,-2.26727,-3.56171,3.64246,0.73058,-0.227008,0.700719,-0.186532,0.0464836,0.981136,0.0204042,-0.0,-0.0,0.0,0.252443,0.117083,0.956188,-0.0909307
1.5643680095672607,-3.78446,-5.58178,2.33995,-2.26727,-3.56171,3.64246,0.73058,-0.227008,0.700719,-0.186532,0.0464836,0.981136,0.0204042,-0.0,-0.0,0.0,0.252443,0.117083,0.956188,-0.0909307
1.5840485095977783,-3.78446,-5.58178,2.33995,-2.26727,-3.56171,3.64246,0.73058,-0.227008,0.700719,-0.186532,0.0464836,0.981136,0.0204042,-0.0,-0.0,0.0,0.252443,0.117083,0.956188,-0.0909307
1.6040353775024414,-3.78446,-5.58178,2.33995,-2.26727,-3.56171,3.64246,0.73058,-0.227008,0.700719,-0.186532,0.0464836,0.981136,0.0204042,-0.0,-0.0,0.0,0.252443,0.117083,0.956188,-0.0909307
1.6247868537902832,-3.78446,-5.58178,2.33995,-2.26727,-3.56171,3.64246,0.73058,-0.227008,0.700719,-0.186532,0.0464836,0.981136,0.0204042,-0.0,-0.0,0.0,0.252443,0.117083,0.956188,-0.0909307
1.6439874172210693,-3.78446,-5.58178,2.33995,-2.26727,-3.56171,3.64246,0.73058,-0.227008,0.700719,-0.186532,0.0464836,0.981136,0.0204042,-0.0,-0.0,0.0,0.252443,0.117083,0.956188,-0.0909307
1.6638696193695068,-3.78446,-5.58178,2.33995,-2.26727,-3.56171,3.64246,0.73058,-0.227008,0.700719,-0.186532,0.0464836,0.981136,0.0204042,-0.0,-0.0,0.0,0.252443,0.117083,0.956188,-0.0909307
1.6844913959503174,-3.78446,-5.58178,2.33995,-2.26727,-3.56171,3.64246,0.73058,-0.227008,0.700719,-0.186532,0.0464836,0.981136,0.0204042,-0.0,-0.0,0.0,0.252443,0.117083,0.956188,-0.0909307
1.7042896747589111,-3.78446,-5.58178,2.33995,-2.26727,-3.56171,3.64246,0.73058,-0.227008,0.700719,-0.186532,0.0464836,0.981136,0.0204042,-0.0,-0.0,0.0,0.252443,0.117083,0.956188,-0.0909307
1.7240595817565918,-3.78446,-5.58178,2.33995,-2.26727,-3.56171,3.64246,0.73058,-0.227008,0.700719,-0.186532,0.0464836,0.981136,0.0204042,-0.0,-0.0,0.0,0.252443,0.117083,0.956188,-0.0909307
1.7438552379608154,-3.78446,-5.58178,2.33995,-2.26727,-3.56171,3.64246,0.73058,-0.227008,0.700719,-0.186532,0.0464836,0.981136,0.0204042,-0.0,-0.0,0.0,0.252443,0.117083,0.956188,-0.0909307
1.7646973133087158,-3.78446,-5.58178,2.33995,-2.26727,-3.56171,3.64246,0.73058,-0.227008,0.700719,-0.186532,0.0464836,0.981136,0.0204042,-0.0,-0.0,0.0,0.252443,0.117083,0.956188,-0.0909307
1.7842907905578613,-3.78446,-5.58178,2.33995,-2.26727,-3.56171,3.64246,0.73058,-0.227008,0.700719,-0.186532,0.0464836,0.981136,0.0204042,-0.0,-0.0,0.0,0.252443,0.117083,0.956188,-0.0909307
1.8040664196014404,-3.78446,-5.58178,2.33995,-2.26727,-3.56171,3.64246,0.73058,-0.227008,0.700719,-0.186532,0.0464836,0.981136,0.0204042,-0.0,-0.0,0.0,0.252443,0.117083,0.956188,-0.0909307
1.8237779140472412,-3.78446,-5.58178,2.33995,-2.26727,-3.56171,3.64246,0.73058,-0.227008,0.700719,-0.186532,0.0464836,0.981136,0.0204042,-0.0,-0.0,0.0,0.252443,0.117083,0.956188,-0.0909307
1.8442814350128174,-3.78446,-5.58178,2.33995,-2.26727,-3.56171,3.64246,0.73058,-0.227008,0.700719,-0.186532,0.0464836,0.981136,0.0204042,-0.0,-0.0,0.0,0.252443,0.117083,0.956188,-0.0909307
1.8640692234039307,-3.78446,-5.58178,2.33995,-2.26727,-3.56171,3.64246,0.73058,-0.227008,0.700719,-0.186532,0.0464836,0.981136,0.0204042,-0.0,-0.0,0.0,0.252443,0.117083,0.956188,-0.0909307
1.8845798969268799,-3.78446,-5.58178,2.33995,-2.26727,-3.56171,3.64246,0.73058,-0.227008,0.700719,-0.186532,0.0464836,0.981136,0.0204042,-0.0,-0.0,0.0,0.252443,0.117083,0.956188,-0.0909307
1.904637336730957,-3.78446,-5.58178,2.33995,-2.26727,-3.56171,3.64246,0.73058,-0.227008,0.700719,-0.186532,0.0464836,0.981136,0.0204042,-0.0,-0.0,0.0,0.252443,0.117083,0.956188,-0.0909307
1.9241716861724854,-3.78446,-5.58178,2.33995,-2.26727,-3.56171,3.64246,0.73058,-0.227008,0.700719,-0.186532,0.0464836,0.981136,0.0204042,-0.0,-0.0,0.0,0.252443,0.117083,0.956188,-0.0909307
1.9438488483428955,-3.78446,-5.58178,2.33995,-2.26727,-3.56171,3.64246,0.73058,-0.227008,0.700719,-0.186532,0.0464836,0.981136,0.0204042,-0.0,-0.0,0.0,0.252443,0.117083,0.956188,-0.0909307
1.9645326137542725,-3.78446,-5.58178,2.33995,-2.26727,-3.56171,3.64246,0.73058,-0.227008,0.700719,-0.186532,0.0464836,0.981136,0.0204042,-0.0,-0.0,0.0,0.252443,0.117083,0.956188,-0.0909307
1.9842467308044434,-3.78446,-5.58178,2.33995,-2.26727,-3.56171,3.64246,0.73058,-0.227008,0.700719,-0.186532,0.0464836,0.981136,0.0204042,-0.0,-0.0,0.0,0.252443,0.117083,0.956188,-0.0909307
2.00406813621521,-3.78446,-5.58178,2.33995,-2.26727,-3.56171,3.64246,0.73058,-0.227008,0.700719,-0.186532,0.0464836,0.981136,0.0204042,-0.0,-0.0,0.0,0.252443,0.117083,0.956188,-0.0909307
2.023808240890503,-3.78446,-5.58178,2.33995,-2.26727,-3.56171,3.64246,0.73058,-0.227008,0.700719,-0.186532,0.0464836,0.981136,0.0204042,-0.0,-0.0,0.0,0.252443,0.117083,0.956188,-0.0909307
2.0446720123291016,-3.78446,-5.58178,2.33995,-2.26727,-3.56171,3.64246,0.73058,-0.227008,0.700719,-0.186532,0.0464836,0.981136,0.0204042,-0.0,-0.0,0.0,0.252443,0.117083,0.956188,-0.0909307
2.0645675659179688,-3.78446,-5.58178,2.33995,-2.26727,-3.56171,3.64246,0.73058,-0.227008,0.700719,-0.186532,0.0464836,0.981136,0.0204042,-0.0,-0.0,0.0,0.252443,0.117083,0.956188,-0.0909307
2.0842862129211426,-3.78446,-5.58178,2.33995,-2.26727,-3.56171,3.64246,0.73058,-0.227008,0.700719,-0.186532,0.0464836,0.981136,0.0204042,-0.0,-0.0,0.0,0.252443,0.117083,0.956188,-0.0909307
2.104182243347168,-3.78446,-5.58178,2.33995,-2.26727,-3.56171,3.64246,0.73058,-0.227008,0.700719,-0.186532,0.0464836,0.981136,0.0204042,-0.0,-0.0,0.0,0.252443,0.117083,0.956188,-0.0909307
2.1239280700683594,-3.78446,-5.58178,2.33995,-2.26727,-3.56171,3.64246,0.73058,-0.227008,0.700719,-0.186532,0.0464836,0.981136,0.0204042,-0.0,-0.0,0.0,0.252443,0.117083,0.956188,-0.0909307
2.143876314163208,-3.78446,-5.58178,2.33995,-2.26727,-3.56171,3.64246,0.73058,-0.227008,0.700719,-0.186532,0.0464836,0.981136,0.0204042,-0.0,-0.0,0.0,0.252443,0.117083,0.956188,-0.0909307
2.1646957397460938,-3.78446,-5.58178,2.33995,-2.26727,-3.56171,3.64246,0.73058,-0.227008,0.700719,-0.186532,0.0464836,0.981136,0.0204042,-0.0,-0.0,0.0,0.252443,0.117083,0.956188,-0.0909307
2.184344530105591,-3.78446,-5.58178,2.33995,-2.26727,-3.56171,3.64246,0.73058,-0.227008,0.700719,-0.186532,0.0464836,0.981136,0.0204042,-0.0,-0.0,0.0,0.252443,0.117083,0.956188,-0.0909307
2.204162359237671,-3.78446,-5.58178,2.33995,-2.26727,-3.56171,3.64246,0.73058,-0.227008,0.700719,-0.186532,0.0464836,0.981136,0.0204042,-0.0,-0.0,0.0,0.252443,0.117083,0.956188,-0.0909307
2.2239885330200195,-3.78446,-5.58178,2.33995,-2.26727,-3.56171,3.64246,0.73058,-0.227008,0.700719,-0.186532,0.0464836,0.981136,0.0204042,-0.0,-0.0,0.0,0.252443,0.117083,0.956188,-0.0909307
2.2446513175964355,-3.78446,-5.58178,2.33995,-2.26727,-3.56171,3.64246,0.73058,-0.227008,0.700719,-0.186532,0.0464836,0.981136,0.0204042,-0.0,-0.0,0.0,0.252443,0.117083,0.956188,-0.0909307
2.2643492221832275,-3.78446,-5.58178,2.33995,-2.26727,-3.56171,3.64246,0.73058,-0.227008,0.700719,-0.186532,0.0464836,0.981136,0.0204042,-0.0,-0.0,0.0,0.252443,0.117083,0.956188,-0.0909307
2.2841908931732178,-3.78446,-5.58178,2.33995,-2.26727,-3.56171,3.64246,0.73058,-0.227008,0.700719,-0.186532,0.0464836,0.981136,0.0204042,-0.0,-0.0,0.0,0.252443,0.117083,0.956188,-0.0909307
2.3042163848876953,-3.78446,-5.58178,2.33995,-2.26727,-3.56171,3.64246,0.73058,-0.227008,0.700719,-0.186532,0.0464836,0.981136,0.0204042,-0.0,-0.0,0.0,0.252443,0.117083,0.956188,-0.0909307
2.324002265930176,-3.78446,-5.58178,2.33995,-2.26727,-3.56171,3.64246,0.73058,-0.227008,0.700719,-0.186532,0.0464836,0.981136,0.0204042,-0.0,-0.0,0.0,0.252443,0.117083,0.956188,-0.0909307
2.3437304496765137,-3.78446,-5.58178,2.33995,-2.26727,-3.56171,3.64246,0.73058,-0.227008,0.700719,-0.186532,0.0464836,0.981136,0.0204042,-0.0,-0.0,0.0,0.252443,0.117083,0.956188,-0.0909307
2.3644192218780518,-3.78446,-5.58178,2.33995,-2.26727,-3.56171,3.64246,0.73058,-0.227008,0.700719,-0.186532,0.0464836,0.981136,0.0204042,-0.0,-0.0,0.0,0.252443,0.117083,0.956188,-0.0909307
2.384197950363159,-3.78446,-5.58178,2.33995,-2.26727,-3.56171,3.64246,0.73058,-0.227008,0.700719,-0.186532,0.0464836,0.981136,0.0204042,-0.0,-0.0,0.0,0.252443,0.117083,0.956188,-0.0909307
2.404099464416504,-3.78446,-5.58178,2.33995,-2.26727,-3.56171,3.64246,0.73058,-0.227008,0.700719,-0.186532,0.0464836,0.981136,0.0204042,-0.0,-0.0,0.0,0.252443,0.117083,0.956188,-0.0909307
2.4239962100982666,-3.78446,-5.58178,2.33995,-2.26727,-3.56171,3.64246,0.73058,-0.227008,0.700719,-0.186532,0.0464836,0.981136,0.0204042,-0.0,-0.0,0.0,0.252443,0.117083,0.956188,-0.0909307
2.444692373275757,-3.78446,-5.58178,2.33995,-2.26727,-3.56171,3.64246,0.73058,-0.227008,0.700719,-0.186532,0.0464836,0.981136,0.0204042,-0.0,-0.0,0.0,0.252443,0.117083,0.956188,-0.0909307
2.4644670486450195,-3.78446,-5.58178,2.33995,-2.26727,-3.56171,3.64246,0.73058,-0.227008,0.700719,-0.186532,0.0464836,0.981136,0.0204042,-0.0,-0.0,0.0,0.252443,0.117083,0.956188,-0.0909307
2.4841694831848145,-3.78446,-5.58178,2.33995,-2.26727,-3.56171,3.64246,0.73058,-0.227008,0.700719,-0.186532,0.0464836,0.981136,0.0204042,-0.0,-0.0,0.0,0.252443,0.117083,0.956188,-0.0909307
2.503981828689575,-3.78446,-5.58178,2.33995,-2.26727,-3.56171,3.64246,0.73058,-0.227008,0.700719,-0.186532,0.0464836,0.981136,0.0204042,-0.0,-0.0,0.0,0.252443,0.117083,0.956188,-0.0909307
2.5247292518615723,-3.78446,-5.58178,2.33995,-2.26727,-3.56171,3.64246,0.73058,-0.227008,0.700719,-0.186532,0.0464836,0.981136,0.0204042,-0.0,-0.0,0.0,0.252443,0.117083,0.956188,-0.0909307
2.544318675994873,-3.78446,-5.58178,2.33995,-2.26727,-3.56171,3.64246,0.73058,-0.227008,0.700719,-0.186532,0.0464836,0.981136,0.0204042,-0.0,-0.0,0.0,0.252443,0.117083,0.956188,-0.0909307
2.564016342163086,-3.78446,-5.58178,2.33995,-2.26727,-3.56171,3.64246,0.73058,-0.227008,0.700719,-0.186532,0.0464836,0.981136,0.0204042,-0.0,-0.0,0.0,0.252443,0.117083,0.956188,-0.0909307
2.584420919418335,-3.78446,-5.58178,2.33995,-2.26727,-3.56171,3.64246,0.73058,-0.227008,0.700719,-0.186532,0.0464836,0.981136,0.0204042,-0.0,-0.0,0.0,0.252443,0.117083,0.956188,-0.0909307
2.604290246963501,-3.78446,-5.58178,2.33995,-2.26727,-3.56171,3.64246,0.73058,-0.227008,0.700719,-0.186532,0.0464836,0.981136,0.0204042,-0.0,-0.0,0.0,0.252443,0.117083,0.956188,-0.0909307
2.6241626739501953,-3.78446,-5.58178,2.33995,-2.26727,-3.56171,3.64246,0.73058,-0.227008,0.700719,-0.186532,0.0464836,0.981136,0.0204042,-0.0,-0.0,0.0,0.252443,0.117083,0.956188,-0.0909307
2.644376754760742,-3.78446,-5.58178,2.33995,-2.26727,-3.56171,3.64246,0.73058,-0.227008,0.700719,-0.186532,0.0464836,0.981136,0.0204042,-0.0,-0.0,0.0,0.252443,0.117083,0.956188,-0.0909307
2.6640117168426514,-3.78446,-5.58178,2.33995,-2.26727,-3.56171,3.64246,0.73058,-0.227008,0.700719,-0.186532,0.0464836,0.981136,0.0204042,-0.0,-0.0,0.0,0.252443,0.117083,0.956188,-0.0909307
2.6846764087677,-3.78446,-5.58178,2.33995,-2.26727,-3.56171,3.64246,0.73058,-0.227008,0.700719,-0.186532,0.0464836,0.981136,0.0204042,-0.0,-0.0,0.0,0.252443,0.117083,0.956188,-0.0909307
2.704349994659424,-3.78446,-5.58178,2.33995,-2.26727,-3.56171,3.64246,0.73058,-0.227008,0.700719,-0.186532,0.0464836,0.981136,0.0204042,-0.0,-0.0,0.0,0.252443,0.117083,0.956188,-0.0909307
2.7243003845214844,-3.78446,-5.58178,2.33995,-2.26727,-3.56171,3.64246,0.73058,-0.227008,0.700719,-0.186532,0.0464836,0.981136,0.0204042,-0.0,-0.0,0.0,0.252443,0.117083,0.956188,-0.0909307
2.7447729110717773,-3.78446,-5.58178,2.33995,-2.26727,-3.56171,3.64246,0.73058,-0.227008,0.700719,-0.186532,0.0464836,0.981136,0.0204042,-0.0,-0.0,0.0,0.252443,0.117083,0.956188,-0.0909307
2.764442205429077,-3.78446,-5.58178,2.33995,-2.26727,-3.56171,3.64246,0.73058,-0.227008,0.700719,-0.186532,0.0464836,0.981136,0.0204042,-0.0,-0.0,0.0,0.252443,0.117083,0.956188,-0.0909307
2.7839841842651367,-3.78446,-5.58178,2.33995,-2.26727,-3.56171,3.64246,0.73058,-0.227008,0.700719,-0.186532,0.0464836,0.981136,0.0204042,-0.0,-0.0,0.0,0.252443,0.117083,0.956188,-0.0909307
2.8038651943206787,-3.78446,-5.58178,2.33995,-2.26727,-3.56171,3.64246,0.73058,-0.227008,0.700719,-0.186532,0.0464836,0.981136,0.0204042,-0.0,-0.0,0.0,0.252443,0.117083,0.956188,-0.0909307
2.8243672847747803,-3.78446,-5.58178,2.33995,-2.26727,-3.56171,3.64246,0.73058,-0.227008,0.700719,-0.186532,0.0464836,0.981136,0.0204042,-0.0,-0.0,0.0,0.252443,0.117083,0.956188,-0.0909307
2.844146728515625,-3.78446,-5.58178,2.33995,-2.26727,-3.56171,3.64246,0.73058,-0.227008,0.700719,-0.186532,0.0464836,0.981136,0.0204042,-0.0,-0.0,0.0,0.252443,0.117083,0.956188,-0.0909307
2.866990327835083,-3.78446,-5.58178,2.33995,-2.26727,-3.56171,3.64246,0.73058,-0.227008,0.700719,-0.186532,0.0464836,0.981136,0.0204042,-0.0,-0.0,0.0,0.252443,0.117083,0.956188,-0.0909307
2.883695125579834,-3.78446,-5.58178,2.33995,-2.26727,-3.56171,3.64246,0.73058,-0.227008,0.700719,-0.186532,0.0464836,0.981136,0.0204042,-0.0,-0.0,0.0,0.252443,0.117083,0.956188,-0.0909307
2.9045298099517822,-3.78446,-5.58178,2.33995,-2.26727,-3.56171,3.64246,0.73058,-0.227008,0.700719,-0.186532,0.0464836,0.981136,0.0204042,-0.0,-0.0,0.0,0.252443,0.117083,0.956188,-0.0909307
2.9242591857910156,-3.78446,-5.58178,2.33995,-2.26727,-3.56171,3.64246,0.73058,-0.227008,0.700719,-0.186532,0.0464836,0.981136,0.0204042,-0.0,-0.0,0.0,0.252443,0.117083,0.956188,-0.0909307
2.943909168243408,-3.78446,-5.58178,2.33995,-2.26727,-3.56171,3.64246,0.73058,-0.227008,0.700719,-0.186532,0.0464836,0.981136,0.0204042,-0.0,-0.0,0.0,0.252443,0.117083,0.956188,-0.0909307
2.9645793437957764,-3.78446,-5.58178,2.33995,-2.26727,-3.56171,3.64246,0.73058,-0.227008,0.700719,-0.186532,0.0464836,0.981136,0.0204042,-0.0,-0.0,0.0,0.252443,0.117083,0.956188,-0.0909307
2.9842777252197266,-3.78446,-5.58178,2.33995,-2.26727,-3.56171,3.64246,0.73058,-0.227008,0.700719,-0.186532,0.0464836,0.981136,0.0204042,-0.0,-0.0,0.0,0.252443,0.117083,0.956188,-0.0909307
3.003899097442627,-3.78446,-5.58178,2.33995,-2.26727,-3.56171,3.64246,0.73058,-0.227008,0.700719,-0.186532,0.0464836,0.981136,0.0204042,-0.0,-0.0,0.0,0.252443,0.117083,0.956188,-0.0909307
3.024724006652832,-3.78446,-5.58178,2.33995,-2.26727,-3.56171,3.64246,0.73058,-0.227008,0.700719,-0.186532,0.0464836,0.981136,0.0204042,-0.0,-0.0,0.0,0.252443,0.117083,0.956188,-0.0909307
3.0442869663238525,-3.78446,-5.58178,2.33995,-2.26727,-3.56171,3.64246,0.73058,-0.227008,0.700719,-0.186532,0.0464836,0.981136,0.0204042,-0.0,-0.0,0.0,0.252443,0.117083,0.956188,-0.0909307
3.0639662742614746,-3.78446,-5.58178,2.33995,-2.26727,-3.56171,3.64246,0.73058,-0.227008,0.700719,-0.186532,0.0464836,0.981136,0.0204042,-0.0,-0.0,0.0,0.252443,0.117083,0.956188,-0.0909307
3.0846362113952637,-3.78446,-5.58178,2.33995,-2.26727,-3.56171,3.64246,0.73058,-0.227008,0.700719,-0.186532,0.0464836,0.981136,0.0204042,-0.0,-0.0,0.0,0.252443,0.117083,0.956188,-0.0909307
3.104463577270508,-3.78446,-5.58178,2.33995,-2.26727,-3.56171,3.64246,0.73058,-0.227008,0.700719,-0.186532,0.0464836,0.981136,0.0204042,-0.0,-0.0,0.0,0.252443,0.117083,0.956188,-0.0909307
3.1240077018737793,-3.78446,-5.58178,2.33995,-2.26727,-3.56171,3.64246,0.73058,-0.227008,0.700719,-0.186532,0.0464836,0.981136,0.0204042,-0.0,-0.0,0.0,0.252443,0.117083,0.956188,-0.0909307
3.144467830657959,-3.78446,-5.58178,2.33995,-2.26727,-3.56171,3.64246,0.73058,-0.227008,0.700719,-0.186532,0.0464836,0.981136,0.0204042,-0.0,-0.0,0.0,0.252443,0.117083,0.956188,-0.0909307
3.163837194442749,-3.78446,-5.58178,2.33995,-2.26727,-3.56171,3.64246,0.73058,-0.227008,0.700719,-0.186532,0.0464836,0.981136,0.0204042,-0.0,-0.0,0.0,0.252443,0.117083,0.956188,-0.0909307
3.184204339981079,-3.78446,-5.58178,2.33995,-2.26727,-3.56171,3.64246,0.73058,-0.227008,0.700719,-0.186532,0.0464836,0.981136,0.0204042,-0.0,-0.0,0.0,0.252443,0.117083,0.956188,-0.0909307
3.2039148807525635,-3.78446,-5.58178,2.33995,-2.26727,-3.56171,3.64246,0.73058,-0.227008,0.700719,-0.186532,0.0464836,0.981136,0.0204042,-0.0,-0.0,0.0,0.252443,0.117083,0.956188,-0.0909307
3.2246508598327637,-3.78446,-5.58178,2.33995,-2.26727,-3.56171,3.64246,0.73058,-0.227008,0.700719,-0.186532,0.0464836,0.981136,0.0204042,-0.0,-0.0,0.0,0.252443,0.117083,0.956188,-0.0909307
3.2442946434020996,-3.78446,-5.58178,2.33995,-2.26727,-3.56171,3.64246,0.73058,-0.227008,0.700719,-0.186532,0.0464836,0.981136,0.0204042,-0.0,-0.0,0.0,0.252443,0.117083,0.956188,-0.0909307
3.264014720916748,-3.78446,-5.58178,2.33995,-2.26727,-3.56171,3.64246,0.73058,-0.227008,0.700719,-0.186532,0.0464836,0.981136,0.0204042,-0.0,-0.0,0.0,0.252443,0.117083,0.956188,-0.0909307
3.2845847606658936,-3.78446,-5.58178,2.33995,-2.26727,-3.56171,3.64246,0.73058,-0.227008,0.700719,-0.186532,0.0464836,0.981136,0.0204042,-0.0,-0.0,0.0,0.252443,0.117083,0.956188,-0.0909307
3.3043370246887207,-3.78446,-5.58178,2.33995,-2.26727,-3.56171,3.64246,0.73058,-0.227008,0.700719,-0.186532,0.0464836,0.981136,0.0204042,-0.0,-0.0,0.0,0.252443,0.117083,0.956188,-0.0909307
3.3240251541137695,-3.78446,-5.58178,2.33995,-2.26727,-3.56171,3.64246,0.73058,-0.227008,0.700719,-0.186532,0.0464836,0.981136,0.0204042,-0.0,-0.0,0.0,0.252443,0.117083,0.956188,-0.0909307
3.3446593284606934,-3.78446,-5.58178,2.33995,-2.26727,-3.56171,3.64246,0.73058,-0.227008,0.700719,-0.186532,0.0464836,0.981136,0.0204042,-0.0,-0.0,0.0,0.252443,0.117083,0.956188,-0.0909307
3.364284038543701,-3.78446,-5.58178,2.33995,-2.26727,-3.56171,3.64246,0.73058,-0.227008,0.700719,-0.186532,0.0464836,0.981136,0.0204042,-0.0,-0.0,0.0,0.252443,0.117083,0.956188,-0.0909307
3.3837647438049316,-3.78446,-5.58178,2.33995,-2.26727,-3.56171,3.64246,0.73058,-0.227008,0.700719,-0.186532,0.0464836,0.981136,0.0204042,-0.0,-0.0,0.0,0.252443,0.117083,0.956188,-0.0909307
3.4045798778533936,-3.78446,-5.58178,2.33995,-2.26727,-3.56171,3.64246,0.73058,-0.227008,0.700719,-0.186532,0.0464836,0.981136,0.0204042,-0.0,-0.0,0.0,0.252443,0.117083,0.956188,-0.0909307
3.4242641925811768,-3.78446,-5.58178,2.33995,-2.26727,-3.56171,3.64246,0.73058,-0.227008,0.700719,-0.186532,0.0464836,0.981136,0.0204042,-0.0,-0.0,0.0,0.252443,0.117083,0.956188,-0.0909307
3.4440221786499023,-3.78446,-5.58178,2.33995,-2.26727,-3.56171,3.64246,0.73058,-0.227008,0.700719,-0.186532,0.0464836,0.981136,0.0204042,-0.0,-0.0,0.0,0.252443,0.117083,0.956188,-0.0909307
3.4647738933563232,-3.78446,-5.58178,2.33995,-2.26727,-3.56171,3.64246,0.73058,-0.227008,0.700719,-0.186532,0.0464836,0.981136,0.0204042,-0.0,-0.0,0.0,0.252443,0.117083,0.956188,-0.0909307
3.4837870597839355,-3.78446,-5.58178,2.33995,-2.26727,-3.56171,3.64246,0.73058,-0.227008,0.700719,-0.186532,0.0464836,0.981136,0.0204042,-0.0,-0.0,0.0,0.252443,0.117083,0.956188,-0.0909307
3.5046164989471436,-3.78446,-5.58178,2.33995,-2.26727,-3.56171,3.64246,0.73058,-0.227008,0.700719,-0.186532,0.0464836,0.981136,0.0204042,-0.0,-0.0,0.0,0.252443,0.117083,0.956188,-0.0909307
3.524266242980957,-3.78446,-5.58178,2.33995,-2.26727,-3.56171,3.64246,0.73058,-0.227008,0.700719,-0.186532,0.0464836,0.981136,0.0204042,-0.0,-0.0,0.0,0.252443,0.117083,0.956188,-0.0909307
3.544057607650757,-3.78446,-5.58178,2.33995,-2.26727,-3.56171,3.64246,0.73058,-0.227008,0.700719,-0.186532,0.0464836,0.981136,0.0204042,-0.0,-0.0,0.0,0.252443,0.117083,0.956188,-0.0909307
3.5639760494232178,-3.78446,-5.58178,2.33995,-2.26727,-3.56171,3.64246,0.73058,-0.227008,0.700719,-0.186532,0.0464836,0.981136,0.0204042,-0.0,-0.0,0.0,0.252443,0.117083,0.956188,-0.0909307
3.5846829414367676,-3.78446,-5.58178,2.33995,-2.26727,-3.56171,3.64246,0.73058,-0.227008,0.700719,-0.186532,0.0464836,0.981136,0.0204042,-0.0,-0.0,0.0,0.252443,0.117083,0.956188,-0.0909307
3.6048455238342285,-3.78446,-5.58178,2.33995,-2.26727,-3.56171,3.64246,0.73058,-0.227008,0.700719,-0.186532,0.0464836,0.981136,0.0204042,-0.0,-0.0,0.0,0.252443,0.117083,0.956188,-0.0909307
3.624263048171997,-3.78446,-5.58178,2.33995,-2.26727,-3.56171,3.64246,0.73058,-0.227008,0.700719,-0.186532,0.0464836,0.981136,0.0204042,-0.0,-0.0,0.0,0.252443,0.117083,0.956188,-0.0909307
3.6443488597869873,-3.78446,-5.58178,2.33995,-2.26727,-3.56171,3.64246,0.73058,-0.227008,0.700719,-0.186532,0.0464836,0.981136,0.0204042,-0.0,-0.0,0.0,0.252443,0.117083,0.956188,-0.0909307
3.664032220840454,-3.78446,-5.58178,2.33995,-2.26727,-3.56171,3.64246,0.73058,-0.227008,0.700719,-0.186532,0.0464836,0.981136,0.0204042,-0.0,-0.0,0.0,0.252443,0.117083,0.956188,-0.0909307
3.6837539672851562,-3.78446,-5.58178,2.33995,-2.26727,-3.56171,3.64246,0.73058,-0.227008,0.700719,-0.186532,0.0464836,0.981136,0.0204042,-0.0,-0.0,0.0,0.252443,0.117083,0.956188,-0.0909307
3.704599142074585,-3.78446,-5.58178,2.33995,-2.26727,-3.56171,3.64246,0.73058,-0.227008,0.700719,-0.186532,0.0464836,0.981136,0.0204042,-0.0,-0.0,0.0,0.252443,0.117083,0.956188,-0.0909307
3.7242531776428223,-3.78446,-5.58178,2.33995,-2.26727,-3.56171,3.64246,0.73058,-0.227008,0.700719,-0.186532,0.0464836,0.981136,0.0204042,-0.0,-0.0,0.0,0.252443,0.117083,0.956188,-0.0909307
3.74407696723938,-3.78446,-5.58178,2.33995,-2.26727,-3.56171,3.64246,0.73058,-0.227008,0.700719,-0.186532,0.0464836,0.981136,0.0204042,-0.0,-0.0,0.0,0.252443,0.117083,0.956188,-0.0909307
3.763798952102661,-3.78446,-5.58178,2.33995,-2.26727,-3.56171,3.64246,0.73058,-0.227008,0.700719,-0.186532,0.0464836,0.981136,0.0204042,-0.0,-0.0,0.0,0.252443,0.117083,0.956188,-0.0909307
3.784391164779663,-3.78446,-5.58178,2.33995,-2.26727,-3.56171,3.64246,0.73058,-0.227008,0.700719,-0.186532,0.0464836,0.981136,0.0204042,-0.0,-0.0,0.0,0.252443,0.117083,0.956188,-0.0909307
3.8041772842407227,-3.78446,-5.58178,2.33995,-2.26727,-3.56171,3.64246,0.73058,-0.227008,0.700719,-0.186532,0.0464836,0.981136,0.0204042,-0.0,-0.0,0.0,0.252443,0.117083,0.956188,-0.0909307
3.8241844177246094,-3.78446,-5.58178,2.33995,-2.26727,-3.56171,3.64246,0.73058,-0.227008,0.700719,-0.186532,0.0464836,0.981136,0.0204042,-0.0,-0.0,0.0,0.252443,0.117083,0.956188,-0.0909307
3.8439207077026367,-3.78446,-5.58178,2.33995,-2.26727,-3.56171,3.64246,0.73058,-0.227008,0.700719,-0.186532,0.0464836,0.981136,0.0204042,-0.0,-0.0,0.0,0.252443,0.117083,0.956188,-0.0909307
3.864511251449585,-3.78446,-5.58178,2.33995,-2.26727,-3.56171,3.64246,0.73058,-0.227008,0.700719,-0.186532,0.0464836,0.981136,0.0204042,-0.0,-0.0,0.0,0.252443,0.117083,0.956188,-0.0909307
3.8841562271118164,-3.78446,-5.58178,2.33995,-2.26727,-3.56171,3.64246,0.73058,-0.227008,0.700719,-0.186532,0.0464836,0.981136,0.0204042,-0.0,-0.0,0.0,0.252443,0.117083,0.956188,-0.0909307
3.9040944576263428,-3.78446,-5.58178,2.33995,-2.26727,-3.56171,3.64246,0.73058,-0.227008,0.700719,-0.186532,0.0464836,0.981136,0.0204042,-0.0,-0.0,0.0,0.252443,0.117083,0.956188,-0.0909307
3.923797130584717,-3.78446,-5.58178,2.33995,-2.26727,-3.56171,3.64246,0.73058,-0.227008,0.700719,-0.186532,0.0464836,0.981136,0.0204042,-0.0,-0.0,0.0,0.252443,0.117083,0.956188,-0.0909307
3.9445347785949707,-3.78446,-5.58178,2.33995,-2.26727,-3.56171,3.64246,0.73058,-0.227008,0.700719,-0.186532,0.0464836,0.981136,0.0204042,-0.0,-0.0,0.0,0.252443,0.117083,0.956188,-0.0909307
3.9642598628997803,-3.78446,-5.58178,2.33995,-2.26727,-3.56171,3.64246,0.73058,-0.227008,0.700719,-0.186532,0.0464836,0.981136,0.0204042,-0.0,-0.0,0.0,0.252443,0.117083,0.956188,-0.0909307
3.9837427139282227,-3.78446,-5.58178,2.33995,-2.26727,-3.56171,3.64246,0.73058,-0.227008,0.700719,-0.186532,0.0464836,0.981136,0.0204042,-0.0,-0.0,0.0,0.252443,0.117083,0.956188,-0.0909307
4.004544019699097,-3.78446,-5.58178,2.33995,-2.26727,-3.56171,3.64246,0.73058,-0.227008,0.700719,-0.186532,0.0464836,0.981136,0.0204042,-0.0,-0.0,0.0,0.252443,0.117083,0.956188,-0.0909307
4.024471044540405,-3.78446,-5.58178,2.33995,-2.26727,-3.56171,3.64246,0.73058,-0.227008,0.700719,-0.186532,0.0464836,0.981136,0.0204042,-0.0,-0.0,0.0,0.252443,0.117083,0.956188,-0.0909307
4.044079780578613,-3.78446,-5.58178,2.33995,-2.26727,-3.56171,3.64246,0.73058,-0.227008,0.700719,-0.186532,0.0464836,0.981136,0.0204042,-0.0,-0.0,0.0,0.252443,0.117083,0.956188,-0.0909307
4.063824892044067,-3.78446,-5.58178,2.33995,-2.26727,-3.56171,3.64246,0.73058,-0.227008,0.700719,-0.186532,0.0464836,0.981136,0.0204042,-0.0,-0.0,0.0,0.252443,0.117083,0.956188,-0.0909307
4.08426570892334,-3.78446,-5.58178,2.33995,-2.26727,-3.56171,3.64246,0.73058,-0.227008,0.700719,-0.186532,0.0464836,0.981136,0.0204042,-0.0,-0.0,0.0,0.252443,0.117083,0.956188,-0.0909307
4.1041419506073,-3.78446,-5.58178,2.33995,-2.26727,-3.56171,3.64246,0.73058,-0.227008,0.700719,-0.186532,0.0464836,0.981136,0.0204042,-0.0,-0.0,0.0,0.252443,0.117083,0.956188,-0.0909307
4.124741792678833,-3.78446,-5.58178,2.33995,-2.26727,-3.56171,3.64246,0.73058,-0.227008,0.700719,-0.186532,0.0464836,0.981136,0.0204042,-0.0,-0.0,0.0,0.252443,0.117083,0.956188,-0.0909307
4.144381999969482,-3.78446,-5.58178,2.33995,-2.26727,-3.56171,3.64246,0.73058,-0.227008,0.700719,-0.186532,0.0464836,0.981136,0.0204042,-0.0,-0.0,0.0,0.252443,0.117083,0.956188,-0.0909307
4.164133548736572,-3.78446,-5.58178,2.33995,-2.26727,-3.56171,3.64246,0.73058,-0.227008,0.700719,-0.186532,0.0464836,0.981136,0.0204042,-0.0,-0.0,0.0,0.252443,0.117083,0.956188,-0.0909307
4.184606552124023,-3.78446,-5.58178,2.33995,-2.26727,-3.56171,3.64246,0.73058,-0.227008,0.700719,-0.186532,0.0464836,0.981136,0.0204042,-0.0,-0.0,0.0,0.252443,0.117083,0.956188,-0.0909307
4.204416751861572,-3.78446,-5.58178,2.33995,-2.26727,-3.56171,3.64246,0.73058,-0.227008,0.700719,-0.186532,0.0464836,0.981136,0.0204042,-0.0,-0.0,0.0,0.252443,0.117083,0.956188,-0.0909307
4.224131345748901,-3.78446,-5.58178,2.33995,-2.26727,-3.56171,3.64246,0.73058,-0.227008,0.700719,-0.186532,0.0464836,0.981136,0.0204042,-0.0,-0.0,0.0,0.252443,0.117083,0.956188,-0.0909307
4.243878126144409,-3.78446,-5.58178,2.33995,-2.26727,-3.56171,3.64246,0.73058,-0.227008,0.700719,-0.186532,0.0464836,0.981136,0.0204042,-0.0,-0.0,0.0,0.252443,0.117083,0.956188,-0.0909307
4.264756441116333,-3.78446,-5.58178,2.33995,-2.26727,-3.56171,3.64246,0.73058,-0.227008,0.700719,-0.186532,0.0464836,0.981136,0.0204042,-0.0,-0.0,0.0,0.252443,0.117083,0.956188,-0.0909307
4.284418821334839,-3.78446,-5.58178,2.33995,-2.26727,-3.56171,3.64246,0.73058,-0.227008,0.700719,-0.186532,0.0464836,0.981136,0.0204042,-0.0,-0.0,0.0,0.252443,0.117083,0.956188,-0.0909307
4.3043107986450195,-3.78446,-5.58178,2.33995,-2.26727,-3.56171,3.64246,0.73058,-0.227008,0.700719,-0.186532,0.0464836,0.981136,0.0204042,-0.0,-0.0,0.0,0.252443,0.117083,0.956188,-0.0909307
4.32403826713562,-3.78446,-5.58178,2.33995,-2.26727,-3.56171,3.64246,0.73058,-0.227008,0.700719,-0.186532,0.0464836,0.981136,0.0204042,-0.0,-0.0,0.0,0.252443,0.117083,0.956188,-0.0909307
4.343853235244751,-3.78446,-5.58178,2.33995,-2.26727,-3.56171,3.64246,0.73058,-0.227008,0.700719,-0.186532,0.0464836,0.981136,0.0204042,-0.0,-0.0,0.0,0.252443,0.117083,0.956188,-0.0909307
4.36469841003418,-3.78446,-5.58178,2.33995,-2.26727,-3.56171,3.64246,0.73058,-0.227008,0.700719,-0.186532,0.0464836,0.981136,0.0204042,-0.0,-0.0,0.0,0.252443,0.117083,0.956188,-0.0909307
4.384335279464722,-3.78446,-5.58178,2.33995,-2.26727,-3.56171,3.64246,0.73058,-0.227008,0.700719,-0.186532,0.0464836,0.981136,0.0204042,-0.0,-0.0,0.0,0.252443,0.117083,0.956188,-0.0909307
4.404195547103882,-3.78446,-5.58178,2.33995,-2.26727,-3.56171,3.64246,0.73058,-0.227008,0.700719,-0.186532,0.0464836,0.981136,0.0204042,-0.0,-0.0,0.0,0.252443,0.117083,0.956188,-0.0909307
4.423888683319092,-3.78446,-5.58178,2.33995,-2.26727,-3.56171,3.64246,0.73058,-0.227008,0.700719,-0.186532,0.0464836,0.981136,0.0204042,-0.0,-0.0,0.0,0.252443,0.117083,0.956188,-0.0909307
4.444524765014648,-3.78446,-5.58178,2.33995,-2.26727,-3.56171,3.64246,0.73058,-0.227008,0.700719,-0.186532,0.0464836,0.981136,0.0204042,-0.0,-0.0,0.0,0.252443,0.117083,0.956188,-0.0909307
4.464255332946777,-3.78446,-5.58178,2.33995,-2.26727,-3.56171,3.64246,0.73058,-0.227008,0.700719,-0.186532,0.0464836,0.981136,0.0204042,-0.0,-0.0,0.0,0.252443,0.117083,0.956188,-0.0909307
4.484612703323364,-3.78446,-5.58178,2.33995,-2.26727,-3.56171,3.64246,0.73058,-0.227008,0.700719,-0.186532,0.0464836,0.981136,0.0204042,-0.0,-0.0,0.0,0.252443,0.117083,0.956188,-0.0909307
4.504274606704712,-3.78446,-5.58178,2.33995,-2.26727,-3.56171,3.64246,0.73058,-0.227008,0.700719,-0.186532,0.0464836,0.981136,0.0204042,-0.0,-0.0,0.0,0.252443,0.117083,0.956188,-0.0909307
4.524023532867432,-3.78446,-5.58178,2.33995,-2.26727,-3.56171,3.64246,0.73058,-0.227008,0.700719,-0.186532,0.0464836,0.981136,0.0204042,-0.0,-0.0,0.0,0.252443,0.117083,0.956188,-0.0909307
4.543902397155762,-3.78446,-5.58178,2.33995,-2.26727,-3.56171,3.64246,0.73058,-0.227008,0.700719,-0.186532,0.0464836,0.981136,0.0204042,-0.0,-0.0,0.0,0.252443,0.117083,0.956188,-0.0909307
4.564356565475464,-3.78446,-5.58178,2.33995,-2.26727,-3.56171,3.64246,0.73058,-0.227008,0.700719,-0.186532,0.0464836,0.981136,0.0204042,-0.0,-0.0,0.0,0.252443,0.117083,0.956188,-0.0909307
4.584290266036987,-3.78446,-5.58178,2.33995,-2.26727,-3.56171,3.64246,0.73058,-0.227008,0.700719,-0.186532,0.0464836,0.981136,0.0204042,-0.0,-0.0,0.0,0.252443,0.117083,0.956188,-0.0909307
4.604099273681641,-3.78446,-5.58178,2.33995,-2.26727,-3.56171,3.64246,0.73058,-0.227008,0.700719,-0.186532,0.0464836,0.981136,0.0204042,-0.0,-0.0,0.0,0.252443,0.117083,0.956188,-0.0909307
4.623929500579834,-3.78446,-5.58178,2.33995,-2.26727,-3.56171,3.64246,0.73058,-0.227008,0.700719,-0.186532,0.0464836,0.981136,0.0204042,-0.0,-0.0,0.0,0.252443,0.117083,0.956188,-0.0909307
4.643925666809082,-3.78446,-5.58178,2.33995,-2.26727,-3.56171,3.64246,0.73058,-0.227008,0.700719,-0.186532,0.0464836,0.981136,0.0204042,-0.0,-0.0,0.0,0.252443,0.117083,0.956188,-0.0909307
4.665079355239868,-3.78446,-5.58178,2.33995,-2.26727,-3.56171,3.64246,0.73058,-0.227008,0.700719,-0.186532,0.0464836,0.981136,0.0204042,-0.0,-0.0,0.0,0.252443,0.117083,0.956188,-0.0909307
4.684725761413574,-3.78446,-5.58178,2.33995,-2.26727,-3.56171,3.64246,0.73058,-0.227008,0.700719,-0.186532,0.0464836,0.981136,0.0204042,-0.0,-0.0,0.0,0.252443,0.117083,0.956188,-0.0909307
4.704121112823486,-3.78446,-5.58178,2.33995,-2.26727,-3.56171,3.64246,0.73058,-0.227008,0.700719,-0.186532,0.0464836,0.981136,0.0204042,-0.0,-0.0,0.0,0.252443,0.117083,0.956188,-0.0909307
4.7239508628845215,-3.78446,-5.58178,2.33995,-2.26727,-3.56171,3.64246,0.73058,-0.227008,0.700719,-0.186532,0.0464836,0.981136,0.0204042,-0.0,-0.0,0.0,0.252443,0.117083,0.956188,-0.0909307
4.744693040847778,-3.78446,-5.58178,2.33995,-2.26727,-3.56171,3.64246,0.73058,-0.227008,0.700719,-0.186532,0.0464836,0.981136,0.0204042,-0.0,-0.0,0.0,0.252443,0.117083,0.956188,-0.0909307
4.764349699020386,-3.78446,-5.58178,2.33995,-2.26727,-3.56171,3.64246,0.73058,-0.227008,0.700719,-0.186532,0.0464836,0.981136,0.0204042,-0.0,-0.0,0.0,0.252443,0.117083,0.956188,-0.0909307
4.784071922302246,-3.78446,-5.58178,2.33995,-2.26727,-3.56171,3.64246,0.73058,-0.227008,0.700719,-0.186532,0.0464836,0.981136,0.0204042,-0.0,-0.0,0.0,0.252443,0.117083,0.956188,-0.0909307
4.803896188735962,-3.78446,-5.58178,2.33995,-2.26727,-3.56171,3.64246,0.73058,-0.227008,0.700719,-0.186532,0.0464836,0.981136,0.0204042,-0.0,-0.0,0.0,0.252443,0.117083,0.956188,-0.0909307
