# Timestamp, Fx, Fy, Fz, Tx, Ty, Tz, FemurPosX, FemurPosY, FemurPosZ, FemurQuatW, FemurQuatX, FemurQuatY, FemurQuatZ, TibiaPosX, TibiaPosY, TibiaPosZ, TibiaQuatW, TibiaQuatX, TibiaQuatY, TibiaQuatZ
0.024521350860595703,-10.098048604847015,7.685974233157361,0.3287693964235579,-1.1286781065610991,0.3497717110688053,0.770226799570545,0.0,50.0,20.0,1.0,0.0,0.0,0.0,-343.81749719632944,70.0,122.63348479579652,0.7980179045742127,0.0,0.6026337394960414,0.0
0.052431583404541016,-10.193127557744535,7.631643229068766,0.4465638115606776,-1.1056955768834917,0.3138435600480324,0.7607957814854358,0.0,50.0,20.0,1.0,0.0,0.0,0.0,-343.2334942707871,70.0,124.77613493220738,0.7912770218696883,0.0,0.6114578273773563,0.0
0.08334779739379883,-10.278612951138646,7.578188714909665,0.5673623146879055,-1.082841399175823,0.2802747138642995,0.7507757373775612,0.0,50.0,20.0,1.0,0.0,0.0,0.0,-342.7146320478686,70.0,126.85789157361837,0.7846722514094073,0.0,0.6199108467095021,0.0
0.1152486801147461,-10.354625455732176,7.526076074822084,0.6912115587223051,-1.0602579826586456,0.24904664667446888,0.740298729536559,0.0,50.0,20.0,1.0,0.0,0.0,0.0,-342.25708730989385,70.0,128.87364160925307,0.7782234845812189,0.0,0.6279874266625609,0.0
0.14524269104003906,-10.421289824797494,7.475767875128541,0.818153241539096,-1.0380806917195122,0.22012148718173913,0.7294942226251485,0.0,50.0,20.0,1.0,0.0,0.0,0.0,-341.856877645921,70.0,130.81856275999436,0.7719502485264372,0.0,0.6356829506915942,0.0
0.1749286651611328,-10.478730560671254,7.427723217119685,0.9482224280372712,-1.0164367405864858,0.19344460129528085,0.7184875192739434,0.0,50.0,20.0,1.0,0.0,0.0,0.0,-341.5099031935905,70.0,132.6881303417542,0.7658716265087961,0.0,0.6429935082944237,0.0
0.2052915096282959,-10.52706776551688,7.382396949755593,1.0814458126373416,-0.9954444065913699,0.16894731105396424,0.7073984592619067,0.0,50.0,20.0,1.0,0.0,0.0,0.0,-341.2119882452046,70.0,134.4781208117571,0.7600061815151339,0.0,0.6499158438280955,0.0
0.23504638671875,-10.566413211436252,7.340238707243985,1.2178399304334224,-0.9752125446495931,0.14654965212522264,0.6963403860877789,0.0,50.0,20.0,1.0,0.0,0.0,0.0,-340.95892234370024,70.0,136.1846123225298,0.7543718833488898,0.0,0.6564473029974676,0.0
0.2668440341949463,-10.596866663949157,7.301691736880582,1.3574093266740104,-0.9558403750119912,0.12616308577804805,0.6854193725405147,0.0,50.0,20.0,1.0,0.0,0.0,0.0,-340.74650052370936,70.0,137.80398254716025,0.7489860394321103,0.0,0.6625857776437715,0.0
0.29709672927856445,-10.618512491907726,7.267191483367567,1.5001446956505256,-0.9374175091587968,0.10769309687185386,0.6747336872819264,0.0,50.0,20.0,1.0,0.0,0.0,0.0,-340.5705623848872,70.0,139.33290407175465,0.7438652294879945,0.0,0.6683296494685637,0.0
0.32714104652404785,-10.631416596197726,7.237163897237809,1.6460210013503345,-0.9200241746797081,0.09104162565981945,0.6643734775564323,0.0,50.0,20.0,1.0,0.0,0.0,0.0,-340.4270297181519,70.0,140.76833767676692,0.7390252442347051,0.0,0.6736777333293973,0.0
0.3569827079772949,-10.635623689243392,7.212023437175993,1.7949955933222088,-0.9037315986838902,0.07610929690806252,0.6544206387983745,0.0,50.0,20.0,1.0,0.0,0.0,0.0,-340.31194243948573,70.0,142.10752384789188,0.7344810281828528,0.0,0.6786292207379958,0.0
0.3869152069091797,-10.631154957530953,7.192170739107553,1.9470063320768602,-0.8886025101672641,0.06279742412340325,0.6449488398113287,0.0,50.0,20.0,1.0,0.0,0.0,0.0,-340.2214926196242,70.0,143.34797286954634,0.7302466265942407,0.0,0.6831836241800089,0.0
0.4190225601196289,-10.618006140242574,7.177989929077698,2.1019697390151246,-0.8746917242579961,0.05100977901226107,0.6360236719497244,0.0,50.0,20.0,1.0,0.0,0.0,0.0,-340.15205643053196,70.0,144.48745385975522,0.7263351366285565,0.0,0.6873407228578677,0.0
0.4488232135772705,-10.596146058765436,7.16984556230914,2.2597791864017847,-0.8620467748204436,0.040654126381997335,0.6277028919138797,0.0,50.0,20.0,1.0,0.0,0.0,0.0,-340.10022386034274,70.0,145.5239831047724,0.7227586626780326,0.0,0.6911005104352492,0.0
0.4788377285003662,-10.565515634373439,7.1680791775419905,2.4203031433997975,-0.850708566047593,0.03164353248356472,0.6200367299635484,0.0,50.0,20.0,1.0,0.0,0.0,0.0,-340.0628260768704,70.0,146.45581204531342,0.7195282758679001,0.0,0.6944631453335498,0.0
0.5093035697937012,-10.526027434757173,7.173005463942725,2.583383494821068,-0.8407120180260613,0.023897460381326223,0.6130682381961959,0.0,50.0,20.0,1.0,0.0,0.0,0.0,-340.03696034543407,70.0,147.281415254277,0.716653977682825,0.0,0.6974289040980342,0.0
0.53971266746521,-10.47756579417428,7.184908047633825,2.748833950258698,-0.8320866855252507,0.017342669529498565,0.6068336567208544,0.0,50.0,20.0,1.0,0.0,0.0,0.0,-340.02001242927105,70.0,147.99947872870962,0.7141446676664693,0.0,0.6999981383143444,0.0
0.5711944103240967,-10.41998755654146,7.204034916340441,2.916438562904105,-0.8248573332427804,0.011913938600790052,0.6013627788510225,0.0,50.0,20.0,1.0,0.0,0.0,0.0,-340.0096764200608,70.0,148.6088887970164,0.7120081151327687,0.0,0.7021712355152993,0.0
0.6012752056121826,-10.353123495358329,7.230593513861953,3.085950379896185,-0.8190444543109684,0.007554631039592427,0.5966792996712889,0.0,50.0,20.0,1.0,0.0,0.0,0.0,-340.00397196199276,70.0,149.10872191653496,0.7102509348232674,0.0,0.7039485844738057,0.0
0.6312789916992188,-10.276780468322363,7.264745551114924,3.257090249757089,-0.8146647219782785,0.004217122083169061,0.592801135391846,0.0,50.0,20.0,1.0,0.0,0.0,0.0,-340.0012588454535,70.0,149.4982356070793,0.7088785664446369,0.0,0.7053305452306716,0.0
0.6609697341918945,-10.190744367048548,7.306601597379958,3.4295458175404674,-0.8117313670205665,0.0018631043719398292,0.58974070373227,0.0,50.0,20.0,1.0,0.0,0.0,0.0,-340.0002489559713,70.0,149.7768607334384,0.7078952580239594,0.0,0.7063174241565842,0.0
0.6915972232818604,-10.094783922444215,7.356215534067843,3.602970744844517,-0.8102544756422181,0.0004637869861794762,0.587505158149721,0.0,50.0,20.0,1.0,0.0,0.0,0.0,-340.0000155708158,70.0,149.94419531458377,0.7073040530260527,0.0,0.7069094542958941,0.0
0.7230818271636963,-9.988655422846211,7.413578973641362,3.7769841997588074,-0.8102412044551707,5.0753387524438096e-17,0.5860965710555168,0.0,50.0,20.0,1.0,0.0,0.0,0.0,-340.0,70.0,150.0,0.7071067811865476,0.0,0.7071067811865475,0.0
0.7532932758331299,-9.872108393735513,7.478615767967989,3.951170670844544,-0.8116959106492043,0.0004622136017537888,0.5855120632771609,0.0,50.0,20.0,1.0,0.0,0.0,0.0,-340.0000155708158,70.0,149.9441953145841,0.7073040530260515,0.0,0.7069094542958954,0.0
0.7834703922271729,-9.744892273414187,7.551176752795536,4.125080168865703,-0.8146201967737877,0.001850477633343896,0.5857438789627717,0.0,50.0,20.0,1.0,0.0,0.0,0.0,-340.0002489559713,70.0,149.77686073343912,0.7078952580239568,0.0,0.7063174241565867,0.0
0.8153383731842041,-9.606764097265414,7.631034897412864,4.298228889386659,-0.8190128707281169,0.004174284169206017,0.5867794069408051,0.0,50.0,20.0,1.0,0.0,0.0,0.0,-340.00125884545344,70.0,149.49823560708037,0.7088785664446331,0.0,0.7053305452306755,0.0
0.8452601432800293,-9.45749717316815,7.717881049715473,4.470100417438498,-0.8248698226895339,0.0074523525953113234,0.5886011512907574,0.0,50.0,20.0,1.0,0.0,0.0,0.0,-340.0039719619927,70.0,149.10872191653638,0.7102509348232624,0.0,0.7039485844738107,0.0
0.8750927448272705,-9.296890691771985,7.811320485295612,4.640147560883159,-0.8321838218855175,0.011712333659638122,0.5911866555978765,0.0,50.0,20.0,1.0,0.0,0.0,0.0,-340.0096764200608,70.0,148.60888879701818,0.7120081151327624,0.0,0.7021712355153057,0.0
0.9044926166534424,-9.124780167739402,7.910870482890304,4.807794900332569,-0.8409442374087442,0.01699042624900529,0.5945083870971435,0.0,50.0,20.0,1.0,0.0,0.0,0.0,-340.020012429271,70.0,147.99947872871175,0.7141446676664618,0.0,0.6999981383143521,0.0
0.9351956844329834,-8.941048552629146,8.015959155287138,4.972442138891466,-0.8511366887565127,0.02333089831016909,0.5985335886879525,0.0,50.0,20.0,1.0,0.0,0.0,0.0,-340.03696034543395,70.0,147.2814152542795,0.7166539776828162,0.0,0.6974289040980431,0.0
0.9680945873260498,-8.745637798709497,8.125925762130612,5.133468323051921,-0.8627426334999169,0.030785501493685107,0.603224108634594,0.0,50.0,20.0,1.0,0.0,0.0,0.0,-340.0628260768703,70.0,146.45581204531626,0.7195282758678901,0.0,0.69446314533356,0.0
0.9966604709625244,-8.538560588644485,8.24002271650016,5.290236985519446,-0.8757389014912923,0.03941276788822858,0.6085362196528417,0.0,50.0,20.0,1.0,0.0,0.0,0.0,-340.10022386034257,70.0,145.52398310477557,0.7227586626780216,0.0,0.6911005104352607,0.0
1.0280113220214844,-8.319911882809835,8.357419468418469,5.442102230855757,-0.8900971873136474,0.049277176774579406,0.6144204409897701,0.0,50.0,20.0,1.0,0.0,0.0,0.0,-340.1520564305318,70.0,144.48745385975872,0.7263351366285444,0.0,0.6873407228578805,0.0
1.058159351348877,-8.089879879113022,8.477208403985323,5.588415745592001,-0.9057835152457652,0.06044817981490096,0.6208213789746945,0.0,50.0,20.0,1.0,0.0,0.0,0.0,-340.221492619624,70.0,143.34797286955012,0.7302466265942277,0.0,0.6831836241800228,0.0
1.0875053405761719,-7.848755935505855,8.598412838013102,5.72853466687345,-0.9227576938066272,0.0729990746580455,0.6276776032649696,0.0,50.0,20.0,1.0,0.0,0.0,0.0,-340.3119424394854,70.0,142.10752384789606,0.7344810281828386,0.0,0.6786292207380111,0.0
1.1196138858795166,-7.596942979073611,8.719997101641855,5.861830189824662,-0.9409727798536383,0.08700571972792463,0.6349215775095992,0.0,50.0,20.0,1.0,0.0,0.0,0.0,-340.4270297181515,70.0,140.76833767677138,0.73902524423469,0.0,0.6736777333294138,0.0
1.1498687267303467,-7.334961923509433,8.840878636892334,5.987696736895378,-0.9603745750912988,0.10254508708345225,0.6424796642520956,0.0,50.0,20.0,1.0,0.0,0.0,0.0,-340.57056238488667,70.0,139.33290407175946,0.7438652294879784,0.0,0.6683296494685816,0.0
1.1795814037322998,-7.063455643690604,8.959941911756575,6.105561456709228,-0.9809011804978963,0.11969365575874882,0.6502722244096655,0.0,50.0,20.0,1.0,0.0,0.0,0.0,-340.74650052370873,70.0,137.80398254716536,0.7489860394320933,0.0,0.6625857776437907,0.0
1.2095417976379395,-6.783190114825074,9.076053868255444,6.214893770368228,-1.0024826363429482,0.13852565489868307,0.6582138313970801,0.0,50.0,20.0,1.0,0.0,0.0,0.0,-340.95892234369944,70.0,136.18461232253517,0.754371883348872,0.0,0.6564473029974881,0.0
1.2398643493652344,-6.4950524144803525,9.188080519333553,6.315214645015169,-1.025040676849371,0.15911117418181142,0.6662136187042323,0.0,50.0,20.0,1.0,0.0,0.0,0.0,-341.2119882452037,70.0,134.47812081176275,0.7600061815151152,0.0,0.6499158438281173,0.0
1.2716965675354004,-6.200045405868646,9.294904226700018,6.406105252644599,-1.048488628825962,0.18151416822614078,0.6741757772958009,0.0,50.0,20.0,1.0,0.0,0.0,0.0,-341.5099031935895,70.0,132.68813034176011,0.7658716265087768,0.0,0.6429935082944466,0.0
1.3015992641448975,-5.8992790638893835,9.395441128846757,6.487214670612208,-1.0727314824303278,0.20579039151077158,0.6820002154309561,0.0,50.0,20.0,1.0,0.0,0.0,0.0,-341.8568776459198,70.0,130.81856276000045,0.7719502485264175,0.0,0.6356829506916182,0.0
1.334029197692871,-5.593958562469009,9.488658153476853,6.558266301337363,-1.0976661593262367,0.23198531027070923,0.6895833883243992,0.0,50.0,20.0,1.0,0.0,0.0,0.0,-342.2570873098924,70.0,128.8736416092595,0.7782234845811983,0.0,0.6279874266625866,0.0
1.361128807067871,-5.28536940128285,9.573589046373963,6.619062732544695,-1.1231819986556049,0.2601320471389575,0.6968192985147716,0.0,50.0,20.0,1.0,0.0,0.0,0.0,-342.714632047867,70.0,126.85789157362498,0.7846722514093862,0.0,0.6199108467095288,0.0
1.3908593654632568,-4.97485999948941,9.649348881391235,6.669488823944111,-1.1491614743616938,0.2902494222109465,0.7036006600324946,0.0,50.0,20.0,1.0,0.0,0.0,0.0,-343.2334942707853,70.0,124.77613493221423,0.7912770218696666,0.0,0.6114578273773844,0.0
1.423280954360962,-4.663822311462985,9.71514658246237,6.709512887163281,-1.175481148554162,0.322340159824782,0.7098202107778119,0.0,50.0,20.0,1.0,0.0,0.0,0.0,-343.8174971963274,70.0,122.63348479580353,0.7980179045741909,0.0,0.6026337394960704,0.0
1.4535918235778809,-4.353671114259985,9.7702950837315,6.739185916858252,-1.2020128550815,0.35638933284266605,0.7153721483986828,0.0,50.0,20.0,1.0,0.0,0.0,0.0,-344.470263371736,70.0,120.43533494634998,0.8048747264439666,0.0,0.5934447528892222,0.0
1.482908010482788,-4.045822671324028,9.81421887058266,6.758638924942275,-1.2286250957779152,0.39236311486254993,0.7201536560048567,0.0,50.0,20.0,1.0,0.0,0.0,0.0,-345.19517388341336,70.0,118.18734614962511,0.8118271178347484,0.0,0.5838978769854585,0.0
1.515199899673462,-3.7416734882588036,9.846458773041176,6.768078519231189,-1.2551846196977952,0.430207905092458,0.7240664759771074,0.0,50.0,20.0,1.0,0.0,0.0,0.0,-345.99532869171236,70.0,115.89542886619444,0.8188545998338336,0.0,0.5740009968031172,0.0
1.544764757156372,-3.4425798451331757,9.866674013375519,6.7677809455769955,-1.2815581439293335,0.4698498804209667,0.7270184836751417,0.0,50.0,20.0,1.0,0.0,0.0,0.0,-346.8735085394501,70.0,113.565722344911,0.8259366732840026,0.0,0.5637629038208837,0.0
1.5748109817504883,-3.1498387204451266,9.874641631765817,6.758084873235061,-1.3076141642715249,0.5111950147582159,0.7289252087164464,0.0,50.0,20.0,1.0,0.0,0.0,0.0,-347.8321388858195,70.0,111.20457014496239,0.833052909049112,0.0,0.5531933212944747,0.0
1.6050188541412354,-2.8646706224482106,9.870253519106495,6.739383243229761,-1.3332247961383967,0.5541295876809679,0.7297112502599408,0.0,50.0,20.0,1.0,0.0,0.0,0.0,-348.87325631294794,70.0,108.81849219620152,0.8401830389974511,0.0,0.5423029236330997,0.0
1.6350574493408203,-2.5882047239581114,9.853511368146007,6.7121145175010755,-1.3582675813666334,0.5985211838825315,0.7293115347321751,0.0,50.0,20.0,1.0,0.0,0.0,0.0,-349.9984778398966,70.0,106.41415357177947,0.8473070471447188,0.0,0.5311033495082641,0.0
1.6676661968231201,-2.321466567673752,9.824519909739326,6.676753663420349,-1.3826271957499343,0.6442201633201892,0.7276723697443477,0.0,50.0,20.0,1.0,0.0,0.0,0.0,-351.2089735581574,70.0,103.99833021069766,0.8544052603691715,0.0,0.5196072084310305,0.0
1.696789026260376,-2.065368480645654,9.78347882927616,6.633803186449328,-1.406196995370924,0.691061560873277,0.7247522563122201,0.0,50.0,20.0,1.0,0.0,0.0,0.0,-352.505442973605,70.0,101.57787188944592,0.8614584380878572,0.0,0.5078280806013287,0.0
1.7274842262268066,-1.8207027175000305,9.73067376109036,6.583784487160625,-1.4288803470234048,0.7388673553897938,0.7205224323464156,0.0,50.0,20.0,1.0,0.0,0.0,0.0,-353.88809540258194,70.0,99.15966280004456,0.8684478602655298,0.0,0.4957805099035487,0.0
1.7574455738067627,-1.5881372489333252,9.666466739493538,6.527229772107678,-1.4505916986960905,0.7874490326495012,0.7149671329108309,0.0,50.0,20.0,1.0,0.0,0.0,0.0,-355.3566347246921,70.0,96.75058014521844,0.875355413117385,0.0,0.483479989995545,0.0
1.788320541381836,-1.3682140289526414,9.591286448856811,6.4646746958091965,-1.4712573593661198,0.8366103561059666,0.7080835659706238,0.0,50.0,20.0,1.0,0.0,0.0,0.0,-356.91024874256965,70.0,94.35745120882447,0.8821636718636047,0.0,0.4709429435123987,0.0
1.8196368217468262,-1.1613495130982279,9.50561856724448,6.396651857709964,-1.4908159721309457,0.8861502539251686,0.6998816152364736,0.0,50.0,20.0,1.0,0.0,0.0,0.0,-358.54760334019005,70.0,91.98700939985093,0.8888559798981752,0.0,0.4581866944808139,0.0
1.8503031730651855,-0.9678371601243932,9.409996443730687,6.323685226999139,-1.5092186797888365,0.9358657309315108,0.6903832932951248,0.0,50.0,20.0,1.0,0.0,0.0,0.0,-360.2668415672104,70.0,89.64584980026913,0.8954165237467167,0.0,0.4452294341138574,0.0
1.8791122436523438,-0.7878516294207588,9.30499229338106,6.246285522311041,-1.5264289961951008,0.985554719218011,0.6796219777079654,0.0,50.0,20.0,1.0,0.0,0.0,0.0,-362.06558770856856,70.0,87.34038476986012,0.9018304032082193,0.0,0.4320901802278091,0.0
1.908553123474121,-0.6214543828549606,9.191209039761787,6.16494653435747,-1.5424224090707825,1.0350187905679902,0.6676414696196392,0.0,50.0,20.0,1.0,0.0,0.0,0.0,-363.94095632747013,70.0,85.07680017420435,0.9080836961034915,0.0,0.4187887305921946,0.0
1.9392993450164795,-0.468600409196901,9.069272885553007,6.080142348314103,-1.557185749680725,1.0840656663691444,0.6544949183940973,0.0,50.0,20.0,1.0,0.0,0.0,0.0,-365.88956619740696,70.0,82.86101280484286,0.9141635170885927,0.0,0.405345610589549,0.0
1.9704561233520508,-0.32914580822814543,8.939826649199398,5.992325399429986,-1.5707163714988688,1.1325114751325336,0.6402436569158484,0.0,50.0,20.0,1.0,0.0,0.0,0.0,-367.9075589665092,70.0,80.69862955299763,0.9200580700341755,0.0,0.39178201562219284,0.0
2.0007271766662598,-0.20285599666418275,8.803523870439372,5.901925279400698,-1.5830211835303052,1.1801827228206754,0.624955990733659,0.0,50.0,20.0,1.0,0.0,0.0,0.0,-369.99062232689465,70.0,78.59490888021709,0.9257566935209891,0.0,0.37811974875836024,0.0
2.0313775539398193,-0.08941432618951399,8.661023660192221,5.809348201706745,-1.5941155845374984,1.2269179558351941,0.6087059806380752,0.0,50.0,20.0,1.0,0.0,0.0,0.0,-372.1340173942923,70.0,76.55472510118993,0.9312498990572028,0.0,0.36438115415859484,0.0
2.0604193210601807,0.011569067140416727,8.512986250275768,5.7149770303155565,-1.6040223424205058,1.2725691098316392,0.5915722531147648,0.0,50.0,20.0,1.0,0.0,0.0,0.0,-374.33260994057105,70.0,74.58253595629984,0.9365294016839518,0.0,0.3505890468647005,0.0
2.0909953117370605,0.10054833491094696,8.36006918503106,5.619171776745684,-1.6127704589710146,1.317002548901882,0.5736368669972196,0.0,50.0,20.0,1.0,0.0,0.0,0.0,-376.580905065287,70.0,72.68235390506342,0.9415881427007685,0.0,0.3367666395671001,0.0
2.1227335929870605,0.17803303678383842,8.20292408919115,5.522270474391028,-1.6203940547655258,1.3600998087523966,0.5549842581181056,0.0,50.0,20.0,1.0,0.0,0.0,0.0,-378.8730848432282,70.0,70.85772151740376,0.9464203043114519,0.0,0.32293746699170534,0.0
2.153139591217041,0.24457941350663248,8.042193943214176,5.424590345199119,-1.6269313026864856,1.4017580642175915,0.5357002773142598,0.0,50.0,20.0,1.0,0.0,0.0,0.0,-381.2030484442406,70.0,69.11169127896365,0.9510213160624643,0.0,0.3091253085640486,0.0
2.183283567428589,0.3007818970084043,7.878510797787774,5.3264291814294,-1.632423432004303,1.4418903458910426,0.5158713311559648,0.0,50.0,20.0,1.0,0.0,0.0,0.0,-383.56445419024664,70.0,67.44681006069341,0.9553878530191459,0.0,0.2953541100162092,0.0
2.2151238918304443,0.34726492568920425,7.712493862366304,5.228066873587784,-1.63691381856578,1.4804255330873044,0.49558362951104684,0.0,50.0,20.0,1.0,0.0,0.0,0.0,-385.95076299292685,70.0,65.86510843322351,0.9595178256988676,0.0,0.2816479046009709,0.0
2.245584726333618,0.3846751196300834,7.544747907606173,5.129767024204488,-1.6404471707516246,1.517308151102561,0.47492253967137554,0.0,50.0,20.0,1.0,0.0,0.0,0.0,-388.3552826044349,70.0,64.3680949345852,0.9634103618536983,0.0,0.26803073456774684,0.0
2.2751481533050537,0.4136738597517761,7.375861927736434,5.031778595505585,-1.64306881571091,1.5524980001976558,0.45397204331926055,0.0,50.0,20.0,1.0,0.0,0.0,0.0,-390.7712121128649,70.0,62.95675532723139,0.9670657802672179,0.0,0.2545265735363539,0.0
2.3054165840148926,0.43493030651635983,7.206408015696163,4.934337546966853,-1.644824086074498,1.5859696422495368,0.4328142900728114,0.0,50.0,20.0,1.0,0.0,0.0,0.0,-393.19168612387654,70.0,61.631556808585174,0.970485556799829,0.0,0.24115925037809746,0.0
2.3373777866363525,0.4491148871566273,7.036940410867715,4.837668426079097,-1.6457578039283896,1.6177117689397227,0.41152923964590726,0.0,50.0,20.0,1.0,0.0,0.0,0.0,-395.60981808953744,70.0,60.39245706997629,0.9736722829834064,0.0,0.22795237517929368,0.0
2.3670129776000977,0.4568932752027907,6.867994686128764,4.741985882331758,-1.6459138562622038,1.6477264729509238,0.39019438367910375,0.0,50.0,20.0,1.0,0.0,0.0,0.0,-398.01874227444233,70.0,59.23891803322138,0.9766296175285147,0.0,0.21492926782108324,0.0
2.397382974624634,0.45892088185909896,6.700087047516727,4.647496080427767,-1.6453348543237114,1.6760284411473148,0.36888453791432135,0.0,50.0,20.0,1.0,0.0,0.0,0.0,-400.4116538867413,70.0,58.16992403347999,0.9793622311650577,0.0,0.20211288966169363,0.0
2.42671537399292,0.4558378752169029,6.5337137259044145,4.554397994116347,-1.6440618682065027,1.7026440862816363,0.3476716954681275,0.0,50.0,20.0,1.0,0.0,0.0,0.0,-402.78184694681573,70.0,57.1840041624842,0.9818757452893818,0.0,0.18952577875429247,0.0
2.45735764503479,0.44826474008253625,6.369350445631088,4.462884566830121,-1.642134227462245,1.7276106315127346,0.32662493238170964,0.0,50.0,20.0,1.0,0.0,0.0,0.0,-405.1227495178925,70.0,56.279258438655475,0.984176664937105,0.0,0.17718998897589383,0.0
2.4864449501037598,0.43679838811338734,6.2074519599660585,4.373143729611475,-1.6395893784483442,1.7509751599934738,0.3058103572801573,0.0,50.0,20.0,1.0,0.0,0.0,0.0,-407.4279559796024,70.0,55.45338743067903,0.9862723066408206,0.0,0.16512703338156107,0.0
2.5190746784210205,0.4220088248151178,6.048451647572514,4.285359270681974,-1.636462789390635,1.7727936400293094,0.2852910977658072,0.0,50.0,20.0,1.0,0.0,0.0,0.0,-409.69125608605043,70.0,54.70372492925746,0.9881707217650767,0.0,0.15335783203438716,0.0
2.5492608547210693,0.40443637663150506,5.892761167770066,4.1997115545086015,-1.6327878946651142,1.7931299348139573,0.26512731702394604,0.0,50.0,20.0,1.0,0.0,0.0,0.0,-411.90666061304273,70.0,54.02727323823066,0.9898806159375213,0.0,0.1419026644963136,0.0
2.5782852172851562,0.3845894777812223,5.740770175360015,4.116378091401713,-1.6285960705032223,1.81205480450404,0.24537625497571475,0.0,50.0,20.0,1.0,0.0,0.0,0.0,-414.06842346330774,70.0,53.420740641058586,0.9914112652147479,0.0,0.13078112709903117,0.0
2.6083312034606934,0.3629430126318632,5.592846098069203,4.0355339615691,-1.6239166351368257,1.829644907372782,0.22609228912879292,0.0,50.0,20.0,1.0,0.0,0.0,0.0,-416.1710601625932,70.0,52.88058059159718,0.9927724296343116,0.0,0.12001209504873218,0.0
2.6387062072753906,0.33993720526210486,5.449333981286766,3.957352100161273,-1.618776867270594,1.8459818059512885,0.2073270110219507,0.0,50.0,20.0,1.0,0.0,0.0,0.0,-418.20936274211437,70.0,52.40303217878515,0.9939742648107517,0.0,0.10961368935459553,0.0
2.670785427093506,0.3159770434934151,5.310556405709657,3.8820034521649918,-1.6132020376619334,1.8611509833919329,0.18912931481571446,0.0,50.0,20.0,1.0,0.0,0.0,0.0,-420.17841106286687,70.0,51.98416142272045,0.9950272322335695,0.0,0.0996032485092843,0.0
2.7011923789978027,0.2914322201502067,5.176813483783962,3.8096570080125405,-1.6072154494729785,1.8752408747404363,0.17154549513877426,0.0,50.0,20.0,1.0,0.0,0.0,0.0,-422.07358069374044,70.0,51.619902973944136,0.9959420089193343,0.0,0.0899973047914253,0.0
2.7304201126098633,0.2666375697328132,5.048382940442253,3.740479732437396,-1.6008384839144645,1.888341917353817,0.15461935175581198,0.0,50.0,20.0,1.0,0.0,0.0,0.0,-423.890547507277,70.0,51.30610180773736,0.9967293970588572,0.0,0.08081156500580135,0.0
2.760483503341675,0.24189397417939013,4.925520282616037,3.674636400379175,-1.5940906485127186,1.900545624327527,0.138392298979852,0.0,50.0,20.0,1.0,0.0,0.0,0.0,-425.62528920359495,70.0,51.038554529959924,0.9974002342842117,0.0,0.07206089542740658,0.0
2.790480136871338,0.21746970708063565,4.808459060389636,3.6122893545804784,-1.5869896260878762,1.9119436844784237,0.12290347801851814,0.0,50.0,20.0,1.0,0.0,0.0,0.0,-427.2740840138059,70.0,50.81304993945862,0.9979653051598071,0.0,0.06375931067140787,0.0
2.8226146697998047,0.19360218172517557,4.697411220512908,3.5535981998850548,-1.5795513232259393,1.9226270921572344,0.1081898706284654,0.0,50.0,20.0,1.0,0.0,0.0,0.0,-428.8335068687988,70.0,50.625408523351226,0.9984352544773466,0.0,0.055919966172701674,0.0
2.853153705596924,0.17050006481880647,4.592567550385792,3.4987194491151703,-1.5717899176533994,1.9326853099253485,0.0942864125686202,0.0,50.0,20.0,1.0,0.0,0.0,0.0,-430.30042334722395,70.0,50.47152059457092,0.9988205029068764,0.0,0.04855515392679306,0.0
2.882681369781494,0.14834571474567312,4.494098207662056,3.4478061347627342,-1.5637179044755516,1.942205466920133,0.08122610540436447,0.0,50.0,20.0,1.0,0.0,0.0,0.0,-431.6719817377793,70.0,50.34738281498012,0.999131165525878,0.0,0.041676301118269185,0.0
2.9147789478302,0.12729790090955728,4.402153327407971,3.401007399582351,-1.5553461417136607,1.9512715955470985,0.0690401252366873,0.0,50.0,20.0,1.0,0.0,0.0,0.0,-432.94560356544787,70.0,50.24913288124169,0.9993769737160205,0.0,0.03529397124451197,0.0
2.9452428817749023,0.1074947590631046,4.316863695421137,3.3584680775541473,-1.5466838959671116,1.9599639089746763,0.05775792692809113,0.0,50.0,20.0,1.0,0.0,0.0,0.0,-434.1189729392843,70.0,50.17308218365585,0.9995672008833227,0.0,0.02941786733057369,0.0
2.974393606185913,0.08905693661992439,4.238341472999469,3.3203282746403207,-1.5377388893304027,1.9683581217674282,0.04740734238606287,0.0,50.0,20.0,1.0,0.0,0.0,0.0,-435.19002508092296,70.0,50.115746279616985,0.9997105924225846,0.0,0.024056836826251406,0.0
3.0066323280334473,0.0720908817284781,4.1666809552906665,3.2867229563648834,-1.5285173489074089,1.9765248158758837,0.03801467146048891,0.0,50.0,20.0,1.0,0.0,0.0,0.0,-436.1569343884732,70.0,50.073873052612,0.9998153003114825,0.0,0.019218877778373413,0.0
3.034928321838379,0.056692230306038614,4.101959342480673,3.2577815465887596,-1.5190240603838392,1.984528854104903,0.029604764027226102,0.0,50.0,20.0,1.0,0.0,0.0,0.0,-437.01810238027156,70.0,50.04446845428984,0.9998888226840776,0.0,0.01491114587981839,0.0
3.0675575733184814,0.04294924618800677,4.044237500622849,3.233627539036548,-1.5092624271416135,1.9924288431053612,0.022201091878874566,0.0,50.0,20.0,1.0,0.0,0.0,0.0,-437.77214584748907,70.0,50.02481975072442,0.9999379486980069,0.0,0.01113996201170152,0.0
3.097292423248291,0.03094627091133972,3.993560686977253,3.2143781202667254,-1.499234536326181,2.0002766478723353,0.01582580913568494,0.0,50.0,20.0,1.0,0.0,0.0,0.0,-438.41788552433417,70.0,50.012516214348665,0.9999687089745642,0.0,0.007910819915996459,0.0
3.1265923976898193,0.020767141265912167,3.949959213416157,3.2001437999797653,-1.4889412331121372,2.0081169596810904,0.010499800032370813,0.0,50.0,20.0,1.0,0.0,0.0,0.0,-438.9543355600227,70.0,50.00546722005764,0.9999863318564468,0.0,0.005228393662321747,0.0
3.1573290824890137,0.012498534443513384,3.9134490208301815,3.191028041940522,-1.4783822041591679,2.015986919342084,0.006242713134695091,0.0,50.0,20.0,1.0,0.0,0.0,0.0,-439.3806940483308,70.0,50.00191771769707,0.9999952056942646,0.0,0.0030965446041275875,0.0
3.1862571239471436,0.0062332022167003445,3.8840321375940356,3.187126886460008,-1.4675560709177053,2.023915797598282,0.0030729812941027307,0.0,50.0,20.0,1.0,0.0,0.0,0.0,-439.69633483890374,70.0,50.00046106371322,0.9999988473400526,0.0,0.0015183275555967612,0.0
3.2184343338012695,0.002073056922272967,3.8616969960571415,3.188528553435235,-1.4564604930433902,2.031924734410524,0.0010078269564432604,0.0,50.0,20.0,1.0,0.0,0.0,0.0,-439.9008008200764,70.0,50.000049202398586,0.999999876993996,0.0,0.0004959959606282375,0.0
3.248662233352661,0.00013207295984243275,3.8464185827330737,3.1953130134704333,-1.4450922817262337,2.0400265387670555,6.325279502891119e-05,0.0,50.0,20.0,1.0,0.0,0.0,0.0,-439.9937988262726,70.0,50.00000019227278,0.9999999995193181,0.0,3.1005868651846944e-05,0.0
3.2786800861358643,0.0005389679296179474,3.838158400381997,3.2075515136740553,-1.4334475222521832,2.0482255504984805,0.0002540180282548608,0.0,50.0,20.0,1.0,0.0,0.0,0.0,-439.97519628456683,70.0,50.000003076121544,0.9999999923096962,0.0,0.00012401857811955165,0.0
3.3088345527648926,0.0034396273515374777,3.836864223513957,3.2253060444059347,-1.421521704611876,2.0565175653668795,0.0015936011933731355,0.0,50.0,20.0,1.0,0.0,0.0,0.0,-439.8450196752097,70.0,50.00012009457747,0.9999996997635112,0.0,0.0007749018566054505,0.0
3.340000867843628,0.008999236108325023,3.8424696329861767,3.248628733590474,-1.4093098604758496,2.064889824416812,0.004094150563535912,0.0,50.0,20.0,1.0,0.0,0.0,0.0,-439.6034548402832,70.0,50.000786243409365,0.9999980343895448,0.0,0.001982729695858345,0.0
3.371286392211914,0.017404078375133275,3.8548933203217284,3.277561156257804,-1.3968067043904528,2.0733210682181884,0.007766423795348137,0.0,50.0,20.0,1.0,0.0,0.0,0.0,-439.25084913364554,70.0,50.00280617447588,0.9999929845392019,0.0,0.0037457806101493856,0.0
3.4015235900878906,0.028862965941071243,3.874038158137367,3.3121335487604604,-1.3840067766369282,2.0817816561919824,0.012619718758209811,0.0,50.0,20.0,1.0,0.0,0.0,0.0,-438.78771536438717,70.0,50.00734844018659,0.9999816287307818,0.0,0.00606153453614707,0.0
3.4308154582977295,0.04360825266592151,3.899790039630901,3.35236391966643,-1.3709045848590795,2.0902337506893747,0.01866179780382777,0.0,50.0,20.0,1.0,0.0,0.0,0.0,-438.2147374456217,70.0,50.01593708189323,0.9999601565015147,0.0,0.008926668441591857,0.0
3.4615540504455566,0.061896390594251095,3.9320164974342147,3.398257052670328,-1.357494741321409,2.098631564898015,0.025898807964836783,0.0,50.0,20.0,1.0,0.0,0.0,0.0,-437.53277762102954,70.0,50.03044056447628,0.9999238956928765,0.0,0.012337050797555238,0.0
3.491264581680298,0.08400798128659148,3.970565120265329,3.449803401002914,-1.343772092524407,2.106921672985693,0.034335199708106834,0.0,50.0,20.0,1.0,0.0,0.0,0.0,-436.74288510363647,70.0,50.05305806303083,0.9998673460438869,0.0,0.016287735114316693,0.0
3.5230307579040527,0.1102472746110181,4.01526179466905,3.506977877751398,-1.329731837887016,2.1150433801767043,0.04397364689732931,0.0,50.0,20.0,1.0,0.0,0.0,0.0,-435.84630592532096,70.0,50.086303113467096,0.9997842189355984,0.0,0.02077295278325744,0.0
3.553314685821533,0.1409410670179786,4.06590880864204,3.5697385522032703,-1.315369634312234,2.1229291497088862,0.05481497053133764,0.0,50.0,20.0,1.0,0.0,0.0,0.0,-434.8444937619965,70.0,50.132984647432735,0.9996674830976731,0.0,0.02578610550594346,0.0
3.5826687812805176,0.17643695269775797,4.122282863967675,3.638025268741067,-1.3006816836787365,2.1305050828620677,0.06685806861509043,0.0,50.0,20.0,1.0,0.0,0.0,0.0,-433.73912146881173,70.0,50.19618544355279,0.9995094160548144,0.0,0.03131975762619999,0.0
3.6149675846099854,0.21710088452725657,4.184133054444564,3.711758211849283,-1.2856648006410567,2.137691447506121,0.08009985419023057,0.0,50.0,20.0,1.0,0.0,0.0,0.0,-432.532093032559,70.0,50.279238041791686,0.999301661056881,0.0,0.03736562871086804,0.0
3.6451339721679688,0.2633140078921632,4.2511788776039,3.790836448300797,-1.2703164585593663,2.1444032499138785,0.09453520310774395,0.0,50.0,20.0,1.0,0.0,0.0,0.0,-431.22555562529834,70.0,50.385698185876606,0.9990352892018465,0.0,0.043914586749541906,0.0
3.6753644943237305,0.31546873983784285,4.323108357602571,3.8751364853582215,-1.2546348118983761,2.150550843944976,0.11015691257746556,0.0,50.0,20.0,1.0,0.0,0.0,0.0,-429.82191142448073,70.0,50.51931588017257,0.9987008664255465,0.0,0.050956642362530814,0.0
3.704455614089966,0.37396407900251416,4.399576366270191,3.96451089156825,-1.2386186940104706,2.1560405711530697,0.12695567089235954,0.0,50.0,20.0,1.0,0.0,0.0,0.0,-428.32382885109905,70.0,50.68400417202889,0.998288524996584,0.0,0.058480944419054194,0.0
3.734361410140991,0.43920014874491087,4.480203237191998,4.0587870340774534,-1.2222675898260307,2.160775424919308,0.14492003801709827,0.0,50.0,20.0,1.0,0.0,0.0,0.0,-426.73425286904205,70.0,50.88380579815687,0.9977880391191386,0.0,0.06647577747408716,0.0
3.766566038131714,0.511571996938033,4.564573773533786,4.157765992902073,-1.2055815835884862,2.164655731384114,0.1640364359685168,0.0,50.0,20.0,1.0,0.0,0.0,0.0,-425.0564139863162,70.0,51.122857863651646,0.9971889042111037,0.0,0.07492856143192837,0.0
3.796654462814331,0.5914627009602883,4.652236753293554,4.261221717714814,-1.188561282368776,2.1675798397478583,0.18428914711840552,0.0,50.0,20.0,1.0,0.0,0.0,0.0,-423.29383560246185,70.0,51.40535475431524,0.9964804193903781,0.0,0.08382585383744204,0.0
3.826655864715576,0.6792358550656998,4.742705034987528,4.3689004958797835,-1.1712077166527,2.1694448144460172,0.20566031773315846,0.0,50.0,20.0,1.0,0.0,0.0,0.0,-421.45033935662354,70.0,51.73550951632848,0.9956517726687165,0.0,0.09315335518188483,0.0
3.8566675186157227,0.7752275487849111,4.835456361655618,4.480520801057676,-1.1535222197986088,2.17014712178054,0.22812996324378695,0.0,50.0,20.0,1.0,0.0,0.0,0.0,-419.53004814751705,70.0,52.117513971308284,0.9946921283208481,0.0,0.10289591758928723,0.0
3.887080669403076,0.8797379781303891,4.9299349508065795,4.595773589121621,-1.1355062886017766,2.169583303809807,0.2516759709243568,0.0,50.0,20.0,1.0,0.0,0.0,0.0,-417.53738652003216,70.0,52.55549786853254,0.9935907158671207,0.0,0.11303755722176007,0.0
3.919140338897705,0.9930228645764129,5.025553941999952,4.714323101848096,-1.1171614275721404,2.1676506326690155,0.27627409485332544,0.0,50.0,20.0,1.0,0.0,0.0,0.0,-415.47707814340174,70.0,53.05348740869955,0.9923369200813311,0.0,0.12356147070789401,0.0
3.9490795135498047,1.115284888110628,5.121698751950191,4.835808228506121,-1.098488979837785,2.164247739017742,0.3018979372444953,0.0,50.0,20.0,1.0,0.0,0.0,0.0,-413.3541401425244,70.0,53.61536350405336,0.9909203714122206,0.0,0.13445005585817663,0.0
3.9790968894958496,1.2466653678646782,5.217731359482017,4.9598444609058525,-1.0794899478393312,2.1592752090033445,0.32851890946305967,0.0,50.0,20.0,1.0,0.0,0.0,0.0,-411.17387408686307,70.0,54.244820167053234,0.9893310361879556,0.0,0.14568493688527367,0.0
4.0093605518341064,1.3872364445255232,5.312995509974534,5.086026458824167,-1.0601648071989032,2.1526361450054297,0.3561061652888901,0.0,50.0,20.0,1.0,0.0,0.0,0.0,-408.9418534898209,70.0,54.945323443019106,0.9875593059583331,0.0,0.15724699429590247,0.0
4.038834571838379,1.536994030523473,5.406822792222201,5.213931220480149,-1.0405133173575836,2.144236686513784,0.3846264982563298,0.0,50.0,20.0,1.0,0.0,0.0,0.0,-406.66390772501217,70.0,55.72007132038391,0.9855960853199857,0.0,0.16911639956526853,0.0
4.070834398269653,1.6958517947565417,5.498539501553327,5.343121827747779,-1.0205343328087793,2.13398648882435,0.41404419419656074,0.0,50.0,20.0,1.0,0.0,0.0,0.0,-404.3461023235736,70.0,56.571955064451245,0.9834328775660003,0.0,0.1812726546455815,0.0
4.101279020309448,1.8636364367035256,5.587474163684059,5.473151709290853,-1.0002256190484982,2.1217991588589804,0.44432082945389356,0.0,50.0,20.0,1.0,0.0,0.0,0.0,-401.99471567767,70.0,57.50352242610069,0.9810618675035212,0.0,0.19369463629771325,0.0
4.13070821762085,2.0400844792960253,5.672965556600489,5.603569338328027,-0.9795836777576785,2.107592649376943,0.4754150046758131,0.0,50.0,20.0,1.0,0.0,0.0,0.0,-399.6162122385696,70.0,58.516943175035195,0.9784760007914471,0.0,0.2063606451704781,0.0
4.161409378051758,2.224840770896705,5.754371035375309,5.733923257041947,-0.9586035862688235,2.0912896152079488,0.5072820036460337,0.0,50.0,20.0,1.0,0.0,0.0,0.0,-397.2172123618838,70.0,59.61397739743245,0.9756690591654722,0.0,0.21924845948640603,0.0
4.190874338150024,2.4174588352604887,5.831074939793782,5.863767298564514,-0.9372788570918199,2.0728177379589847,0.5398733664273363,0.0,50.0,20.0,1.0,0.0,0.0,0.0,-394.8044590165575,70.0,60.79594697989353,0.9726357309396629,0.0,0.23233539312697837,0.0
4.223259925842285,2.617403146623825,5.9024968492251295,5.992665861733799,-0.9156013242214304,2.052110028987344,0.5731363662347477,0.0,50.0,20.0,1.0,0.0,0.0,0.0,-392.38478163656083,70.0,62.063710675273526,0.9693716762024938,0.0,0.24559835784542133,0.0
4.253201484680176,2.824053338243008,5.968099444987877,6.120199084871885,-0.8935610641536692,2.029105124333803,0.6070133801460723,0.0,50.0,20.0,1.0,0.0,0.0,0.0,-389.9650574536869,70.0,63.41764311138702,0.9658735861607692,0.0,0.259013929272028,0.0
4.283097982406616,3.0367102807277613,6.027395748393569,6.245967763672963,-0.87114636101945,2.003747589788372,0.641441145213666,0.0,50.0,20.0,1.0,0.0,0.0,0.0,-387.55217070498327,70.0,64.85761806103389,0.9621392361268875,0.0,0.2725584163168869,0.0
4.315436124801636,3.2546038957666537,6.079955522652309,6.3695978653238035,-0.8483437269987008,1.9759882592844509,0.6763498940746685,0.0,50.0,20.0,1.0,0.0,0.0,0.0,-385.1529701578827,70.0,66.38299624180564,0.9581675316931647,0.0,0.2862079335186713,0.0
4.344512224197388,3.4769025057344205,6.125410657855837,6.490744505955527,-0.8251379911711793,1.9457846352784511,0.7116623681481725,0.0,50.0,20.0,1.0,0.0,0.0,0.0,-382.77422543882574,70.0,67.99261785745347,0.9539585476910056,0.0,0.2999384758367412,0.0
4.375226974487305,3.7027234642505347,6.163459398389353,6.609095280543899,-0.8015124721068899,1.9131013854521273,0.7472927124126256,0.0,50.0,20.0,1.0,0.0,0.0,0.0,-380.42258268596703,70.0,69.68480003019624,0.9495135595919727,0.0,0.3137259953382589,0.0
4.404301881790161,3.9311447702993427,6.19386931870597,6.724372861954666,-0.7774492516467287,1.877910975600681,0.7831452640897139,0.0,50.0,20.0,1.0,0.0,0.0,0.0,-378.10452007254025,70.0,71.45733920633049,0.9448350670716809,0.0,0.327546479192881,0.0
4.43457293510437,4.161217341249779,6.216479003308607,6.836336817065375,-0.7529295692285766,1.8401944833581112,0.8191132588633302,0.0,50.0,20.0,1.0,0.0,0.0,0.0,-375.8263037638275,70.0,73.30751854720397,0.9399268095250716,0.0,0.34137602835585834,0.0
4.4669575691223145,4.3919776090126135,6.231198436745861,6.9447846206403785,-0.7279343574141542,1.7999426406175523,0.8550774930346501,0.0,50.0,20.0,1.0,0.0,0.0,0.0,-373.59394487696227,70.0,75.23212024541505,0.9347937733922519,0.0,0.35519093629634646,0.0
4.4978554248809814,4.622460108377844,6.238008156323354,7.049551879728786,-0.7024449394661822,1.7571571529692205,0.8909049986128548,0.0,50.0,20.0,1.0,0.0,0.0,0.0,-371.4131580086549,70.0,77.22744263354312,0.9294421912266972,0.0,0.3689677671121362,0.0
4.527637004852295,4.851709745857985,6.236957261379291,7.1505118108135,-0.6764439082573428,1.7118523407049642,0.9264478108154076,0.0,50.0,20.0,1.0,0.0,0.0,0.0,-369.28932188135417,70.0,79.28932188133632,0.9238795325113109,0.0,0.3826834323650315,0.0
4.5570149421691895,5.078793468773045,6.228160406341978,7.247574037134416,-0.6499162016569845,1.6640571361119292,0.9615419333279215,0.0,50.0,20.0,1.0,0.0,0.0,0.0,-367.2274426335606,70.0,81.41315800863633,0.9181144863015823,0.0,0.3963152659729141,0.0
4.587184906005859,5.302811094872793,6.211793929118507,7.34068279338332,-0.6228503819261781,1.6138174538732568,0.9960066346800082,0.0,50.0,20.0,1.0,0.0,0.0,0.0,-365.23212024543176,70.0,83.59394487694345,0.9121569358478193,0.0,0.40984109650536177,0.0
4.618744850158691,5.522905109221572,6.188091281197156,7.429814638683365,-0.5952401146338617,1.5611989234120167,1.0296442368565788,0.0,50.0,20.0,1.0,0.0,0.0,0.0,-363.30751854722024,70.0,85.8263037638081,0.9060179254192268,0.0,0.42323931624914113,0.0
4.649175405502319,5.738269284121037,6.15733793145997,7.514975786304377,-0.5670858254259891,1.5062899323843602,1.0622405810360287,0.0,50.0,20.0,1.0,0.0,0.0,0.0,-361.4573392063461,70.0,88.10452007252047,0.8997096196203516,0.0,0.43648894643805397,0.0
4.678590774536133,5.948156026548365,6.119865912988052,7.596199160258538,-0.5383964902968926,1.4492048787124991,1.0935663698566018,0.0,50.0,20.0,1.0,0.0,0.0,0.0,-359.684800030211,70.0,90.42258268594712,0.8932452555542987,0.0,0.44956969807776814,0.0
4.708936452865601,6.151882403469476,6.076048172436172,7.673541285463963,-0.509191487252697,1.3900874658214553,1.1233795841968397,0.0,50.0,20.0,1.0,0.0,0.0,0.0,-357.99261785746774,70.0,92.77422543880532,0.8866390882461552,0.0,0.4624620278401531,0.0
4.739436626434326,6.34883483657134,6.026292866452225,7.747079110490755,-0.4795024059953575,1.329113806056631,1.151429147634333,0.0,50.0,20.0,1.0,0.0,0.0,0.0,-356.382996241819,70.0,95.15297015786231,0.8799063297935119,0.0,0.4751471885524648,0.0
4.770764589309692,6.538472493207283,5.97103773080451,7.8169068510741795,-0.4493746805573902,1.266495027974602,1.1774599564048847,0.0,50.0,20.0,1.0,0.0,0.0,0.0,-354.85761806104665,70.0,97.55217070496253,0.8730630827581631,0.0,0.487607273863724,0.0
4.801112651824951,6.720329429036084,5.910744626975877,7.8831329296703325,-0.41886888239113984,1.2024790253710134,1.2012193019222355,0.0,50.0,20.0,1.0,0.0,0.0,0.0,-353.41764311139895,70.0,99.9650574536663,0.8661262683533323,0.0,0.49982525673312217,0.0
4.830482721328735,6.8940155598518436,5.845894349435027,7.94587707234491,-0.38806149440390375,1.1373509536992967,1.2224645864151267,0.0,50.0,20.0,1.0,0.0,0.0,0.0,-352.0637106752848,70.0,102.38478163653994,0.859113550013792,0.0,0.5117850214520739,0.0
4.8606157302856445,7.059216555767648,5.776981755800048,8.005267610102967,-0.3570449866571479,1.0714320883805168,1.2409720766692256,0.0,50.0,20.0,1.0,0.0,0.0,0.0,-350.79594697990393,70.0,104.8044590165369,0.8520432529615591,0.0,0.5234713889819429,0.0
4.8909265995025635,7.21569276084285,5.704511262585979,8.061439018092287,-0.32592703807050016,1.0050767229262643,1.256546271571692,0.0,50.0,20.0,1.0,0.0,0.0,0.0,-349.61397739744217,70.0,107.2172123618633,0.8449342803974067,0.0,0.5348701354621667,0.0
4.922934293746948,7.3632772462371925,5.6289927318107384,8.114529713475436,-0.2948287991428589,0.9386669101404925,1.269029300090524,0.0,50.0,20.0,1.0,0.0,0.0,0.0,-348.5169431750443,70.0,109.61621223854894,0.8378060269580634,0.0,0.5459680038177555,0.0
4.953408479690552,7.501873105916132,5.55093775879624,8.164680121517938,-0.2638821676665561,0.8726050337913326,1.278309647329328,0.0,50.0,20.0,1.0,0.0,0.0,0.0,-347.50352242610893,70.0,111.99471567764988,0.8306782900809137,0.0,0.5567527084696126,0.0
4.982848882675171,7.631450101713649,5.470856359192022,8.21203100978264,-0.23322614615211287,0.8073044245119918,1.2843294575771271,0.0,50.0,20.0,1.0,0.0,0.0,0.0,-346.57195506445896,70.0,114.34610232355348,0.8235711799123574,0.0,0.5672129332250521,0.0
5.015475749969482,7.752040760013138,5.3892540435381475,8.256722082322742,-0.20300245386156524,0.7431784725152861,1.287089707753119,0.0,50.0,20.0,1.0,0.0,0.0,0.0,-345.72007132039084,70.0,116.66390772499258,0.8165050283831919,0.0,0.577338322498137,0.0
5.045536994934082,7.863736016174168,5.306629260410383,8.298890819399174,-0.1733506614809063,0.6806289021722383,1.2866526903340767,0.0,50.0,20.0,1.0,0.0,0.0,0.0,-344.9453234430255,70.0,118.94185348980147,0.8095002980549127,0.0,0.5871194660790999,0.0
5.075482368469238,7.96668049574128,5.223471184101989,8.33867154341466,-0.14440318525308982,0.6200340197646492,1.283141479817863,0.0,50.0,20.0,1.0,0.0,0.0,0.0,-344.2448201670589,70.0,121.17387408684424,0.8025774913151869,0.0,0.596547877738427,0.0
5.104832887649536,8.061067513924657,5.1402578195925495,8.376194688313431,-0.1162805059620968,0.5617377947690779,1.2767363491667585,0.0,50.0,20.0,1.0,0.0,0.0,0.0,-343.61536350405845,70.0,123.35414014250604,0.7957570604697578,0.0,0.6056159680131711,0.0
5.135066032409668,8.147133867235613,5.057454395911022,8.411586247479775,-0.08908695982878989,0.506040573340631,1.2676684066059314,0.0,50.0,20.0,1.0,0.0,0.0,0.0,-343.0534874087041,70.0,125.47707814338375,0.7890593192422742,0.0,0.6143170115802742,0.0
