# Timestamp, Fx, Fy, Fz, Tx, Ty, Tz, FemurPosX, FemurPosY, FemurPosZ, FemurQuatW, FemurQuatX, FemurQuatY, FemurQuatZ, TibiaPosX, TibiaPosY, TibiaPosZ, TibiaQuatW, TibiaQuatX, TibiaQuatY, TibiaQuatZ
0.017422199249267578,0.109343,-0.19931,0.00123612,-0.0524865,0.0778902,0.0548134,-0.102857,-0.0576389,0.450815,-0.136603,0.93795,-0.181655,-0.261899,0.0760002,-0.0230049,0.0529976,3.27579e-05,-0.707105,-3.27581e-05,0.707108
0.03037714958190918,0.109343,-0.19931,0.00123612,-0.0524865,0.0778902,0.0548134,-0.102857,-0.0576389,0.450815,-0.136603,0.93795,-0.181655,-0.261899,0.0760002,-0.0230049,0.0529976,3.27579e-05,-0.707105,-3.27581e-05,0.707108
0.05309271812438965,0.10996,-0.141203,-0.00340548,-0.033864,0.0720442,0.0383979,-0.103206,-0.0558475,0.450973,-0.134743,0.937932,-0.182252,-0.262512,0.0760002,-0.0230049,0.0529976,3.27579e-05,-0.707105,-3.27581e-05,0.707108
0.06559634208679199,0.10996,-0.141203,-0.00340548,-0.033864,0.0720442,0.0383979,-0.103206,-0.0558475,0.450973,-0.134743,0.937932,-0.182252,-0.262512,0.0760002,-0.0230049,0.0529976,3.27579e-05,-0.707105,-3.27581e-05,0.707108
0.08786559104919434,0.10458,-0.205343,-0.00264259,-0.0543403,0.0757441,0.0566965,-0.102859,-0.0576047,0.450845,-0.135897,0.937955,-0.180788,-0.262848,0.0760002,-0.0230049,0.0529976,3.27579e-05,-0.707105,-3.27581e-05,0.707108
0.1008458137512207,0.10458,-0.205343,-0.00264259,-0.0543403,0.0757441,0.0566965,-0.102859,-0.0576047,0.450845,-0.135897,0.937955,-0.180788,-0.262848,0.0760002,-0.0230049,0.0529976,3.27579e-05,-0.707105,-3.27581e-05,0.707108
0.12268733978271484,0.143161,-0.208318,-0.0198172,-0.0497536,0.091819,0.0532968,-0.103248,-0.0572483,0.450716,-0.136088,0.937915,-0.181051,-0.262708,0.0760002,-0.0230049,0.0529976,3.27579e-05,-0.707105,-3.27581e-05,0.707108
0.13491320610046387,0.143161,-0.208318,-0.0198172,-0.0497536,0.091819,0.0532968,-0.103248,-0.0572483,0.450716,-0.136088,0.937915,-0.181051,-0.262708,0.0760002,-0.0230049,0.0529976,3.27579e-05,-0.707105,-3.27581e-05,0.707108
0.15645241737365723,0.122994,-0.145974,-0.0268001,-0.0321915,0.0759221,0.0364908,-0.10282,-0.0576309,0.450854,-0.135509,0.938016,-0.180189,-0.26324,0.0760002,-0.0230049,0.0529976,3.27579e-05,-0.707105,-3.27581e-05,0.707108
0.16876554489135742,0.122994,-0.145974,-0.0268001,-0.0321915,0.0759221,0.0364908,-0.10282,-0.0576309,0.450854,-0.135509,0.938016,-0.180189,-0.26324,0.0760002,-0.0230049,0.0529976,3.27579e-05,-0.707105,-3.27581e-05,0.707108
0.19024300575256348,0.12538,-0.159517,-0.00202256,-0.03825,0.0809803,0.0427999,-0.102845,-0.0576193,0.450847,-0.135653,0.937855,-0.180687,-0.2634,0.0760002,-0.0230049,0.0529976,3.27579e-05,-0.707105,-3.27581e-05,0.707108
0.20220184326171875,0.12538,-0.159517,-0.00202256,-0.03825,0.0809803,0.0427999,-0.102845,-0.0576193,0.450847,-0.135653,0.937855,-0.180687,-0.2634,0.0760002,-0.0230049,0.0529976,3.27579e-05,-0.707105,-3.27581e-05,0.707108
0.22413420677185059,0.103495,-0.146217,-0.0220549,-0.0346685,0.0682035,0.0384645,-0.102835,-0.0576395,0.450842,-0.135766,0.937855,-0.180637,-0.263373,0.0760002,-0.0230049,0.0529976,3.27579e-05,-0.707105,-3.27581e-05,0.707108
0.2361011505126953,0.103495,-0.146217,-0.0220549,-0.0346685,0.0682035,0.0384645,-0.102835,-0.0576395,0.450842,-0.135766,0.937855,-0.180637,-0.263373,0.0760002,-0.0230049,0.0529976,3.27579e-05,-0.707105,-3.27581e-05,0.707108
0.2575533390045166,0.147134,-0.200395,-0.0161373,-0.0465622,0.093621,0.0510713,-0.103187,-0.0558594,0.450981,-0.135397,0.937703,-0.182447,-0.262857,0.0760002,-0.0230049,0.0529976,3.27579e-05,-0.707105,-3.27581e-05,0.707108
0.2695004940032959,0.147134,-0.200395,-0.0161373,-0.0465622,0.093621,0.0510713,-0.103187,-0.0558594,0.450981,-0.135397,0.937703,-0.182447,-0.262857,0.0760002,-0.0230049,0.0529976,3.27579e-05,-0.707105,-3.27581e-05,0.707108
0.29155826568603516,0.101209,-0.165633,-0.00861033,-0.0417589,0.0698649,0.0452294,-0.103198,-0.0558278,0.450962,-0.134344,0.93818,-0.182957,-0.261338,0.0760002,-0.0230049,0.0529976,3.27579e-05,-0.707105,-3.27581e-05,0.707108
0.30365419387817383,0.101209,-0.165633,-0.00861033,-0.0417589,0.0698649,0.0452294,-0.103198,-0.0558278,0.450962,-0.134344,0.93818,-0.182957,-0.261338,0.0760002,-0.0230049,0.0529976,3.27579e-05,-0.707105,-3.27581e-05,0.707108
0.32517051696777344,0.101861,-0.159512,0.00483754,-0.041429,0.0711331,0.0451008,-0.103194,-0.0558537,0.450978,-0.135054,0.937767,-0.182738,-0.262604,0.0760002,-0.0230049,0.0529976,3.27579e-05,-0.707105,-3.27581e-05,0.707108
0.3373076915740967,0.101861,-0.159512,0.00483754,-0.041429,0.0711331,0.0451008,-0.103194,-0.0558537,0.450978,-0.135054,0.937767,-0.182738,-0.262604,0.0760002,-0.0230049,0.0529976,3.27579e-05,-0.707105,-3.27581e-05,0.707108
0.35877299308776855,0.138749,-0.135115,-0.0151879,-0.0277596,0.0835351,0.0335049,-0.103251,-0.0572392,0.450709,-0.13531,0.937916,-0.181221,-0.262991,0.0760002,-0.0230049,0.0529976,3.27579e-05,-0.707105,-3.27581e-05,0.707108
0.3707857131958008,0.138749,-0.135115,-0.0151879,-0.0277596,0.0835351,0.0335049,-0.103251,-0.0572392,0.450709,-0.13531,0.937916,-0.181221,-0.262991,0.0760002,-0.0230049,0.0529976,3.27579e-05,-0.707105,-3.27581e-05,0.707108
0.3922615051269531,0.126637,-0.258439,0.000963352,-0.0684698,0.0908851,0.0709067,-0.102827,-0.0576222,0.45085,-0.135758,0.937851,-0.180687,-0.263357,0.0760002,-0.0230049,0.0529976,3.27579e-05,-0.707105,-3.27581e-05,0.707108
0.40439462661743164,0.126637,-0.258439,0.000963352,-0.0684698,0.0908851,0.0709067,-0.102827,-0.0576222,0.45085,-0.135758,0.937851,-0.180687,-0.263357,0.0760002,-0.0230049,0.0529976,3.27579e-05,-0.707105,-3.27581e-05,0.707108
0.42583608627319336,0.0591533,-0.162284,0.0108883,-0.0471032,0.0526309,0.0491026,-0.103282,-0.0572024,0.450681,-0.136088,0.938014,-0.182247,-0.261525,0.0760002,-0.0230049,0.0529976,3.27579e-05,-0.707105,-3.27581e-05,0.707108
0.4378018379211426,0.0591533,-0.162284,0.0108883,-0.0471032,0.0526309,0.0491026,-0.103282,-0.0572024,0.450681,-0.136088,0.938014,-0.182247,-0.261525,0.0760002,-0.0230049,0.0529976,3.27579e-05,-0.707105,-3.27581e-05,0.707108
0.45972681045532227,0.115436,-0.153079,0.00321,-0.0378739,0.0765889,0.0417778,-0.103254,-0.0571994,0.450714,-0.135297,0.93791,-0.181212,-0.263025,0.0760002,-0.0230049,0.0529976,3.27579e-05,-0.707105,-3.27581e-05,0.707108
0.4716367721557617,0.115436,-0.153079,0.00321,-0.0378739,0.0765889,0.0417778,-0.103254,-0.0571994,0.450714,-0.135297,0.93791,-0.181212,-0.263025,0.0760002,-0.0230049,0.0529976,3.27579e-05,-0.707105,-3.27581e-05,0.707108
0.4931156635284424,0.095624,-0.233919,0.0324769,-0.0674721,0.0776084,0.0691026,-0.103296,-0.0572201,0.450711,-0.135872,0.938068,-0.181153,-0.262205,0.0760002,-0.0230049,0.0529976,3.27579e-05,-0.707105,-3.27581e-05,0.707108
0.5053355693817139,0.095624,-0.233919,0.0324769,-0.0674721,0.0776084,0.0691026,-0.103296,-0.0572201,0.450711,-0.135872,0.938068,-0.181153,-0.262205,0.0760002,-0.0230049,0.0529976,3.27579e-05,-0.707105,-3.27581e-05,0.707108
0.5282299518585205,0.154315,-0.211996,-0.0418652,-0.0469562,0.0952572,0.0516608,-0.103265,-0.057191,0.450711,-0.135527,0.937999,-0.180951,-0.262769,0.0760002,-0.0230049,0.0529976,3.27579e-05,-0.707105,-3.27581e-05,0.707108
0.5408053398132324,0.154315,-0.211996,-0.0418652,-0.0469562,0.0952572,0.0516608,-0.103265,-0.057191,0.450711,-0.135527,0.937999,-0.180951,-0.262769,0.0760002,-0.0230049,0.0529976,3.27579e-05,-0.707105,-3.27581e-05,0.707108
0.5632228851318359,0.0927914,-0.131892,-0.00199142,-0.0329101,0.0637112,0.0372552,-0.102522,-0.0578715,0.450948,-0.135521,0.937907,-0.180023,-0.263734,0.0760002,-0.0230049,0.0529976,3.27579e-05,-0.707105,-3.27581e-05,0.707108
0.5761001110076904,0.0927914,-0.131892,-0.00199142,-0.0329101,0.0637112,0.0372552,-0.102522,-0.0578715,0.450948,-0.135521,0.937907,-0.180023,-0.263734,0.0760002,-0.0230049,0.0529976,3.27579e-05,-0.707105,-3.27581e-05,0.707108
0.5984494686126709,0.11979,-0.147722,-0.00105486,-0.0351109,0.0780779,0.0398728,-0.103189,-0.0558469,0.450986,-0.134361,0.937974,-0.182228,-0.262574,0.0760002,-0.0230049,0.0529976,3.27579e-05,-0.707105,-3.27581e-05,0.707108
0.6112031936645508,0.11979,-0.147722,-0.00105486,-0.0351109,0.0780779,0.0398728,-0.103189,-0.0558469,0.450986,-0.134361,0.937974,-0.182228,-0.262574,0.0760002,-0.0230049,0.0529976,3.27579e-05,-0.707105,-3.27581e-05,0.707108
0.633336067199707,0.120174,-0.155844,-0.0231799,-0.0356411,0.076398,0.040014,-0.10282,-0.0576477,0.450843,-0.136214,0.937668,-0.180725,-0.263747,0.0760002,-0.0230049,0.0529976,3.27579e-05,-0.707105,-3.27581e-05,0.707108
0.6461303234100342,0.120174,-0.155844,-0.0231799,-0.0356411,0.076398,0.040014,-0.10282,-0.0576477,0.450843,-0.136214,0.937668,-0.180725,-0.263747,0.0760002,-0.0230049,0.0529976,3.27579e-05,-0.707105,-3.27581e-05,0.707108
0.6684753894805908,0.0902355,-0.227986,0.01143,-0.0635575,0.072759,0.0659664,-0.102808,-0.0576537,0.450847,-0.1362,0.937657,-0.180723,-0.263797,0.0760002,-0.0230049,0.0529976,3.27579e-05,-0.707105,-3.27581e-05,0.707108
0.6809771060943604,0.0902355,-0.227986,0.01143,-0.0635575,0.072759,0.0659664,-0.102808,-0.0576537,0.450847,-0.1362,0.937657,-0.180723,-0.263797,0.0760002,-0.0230049,0.0529976,3.27579e-05,-0.707105,-3.27581e-05,0.707108
0.703758716583252,0.0743828,-0.162696,7.42907e-05,-0.0444871,0.0586174,0.0476848,-0.103215,-0.0558387,0.450991,-0.134342,0.938085,-0.182325,-0.26212,0.0760002,-0.0230049,0.0529976,3.27579e-05,-0.707105,-3.27581e-05,0.707108
0.7163238525390625,0.0743828,-0.162696,7.42907e-05,-0.0444871,0.0586174,0.0476848,-0.103215,-0.0558387,0.450991,-0.134342,0.938085,-0.182325,-0.26212,0.0760002,-0.0230049,0.0529976,3.27579e-05,-0.707105,-3.27581e-05,0.707108
0.7383720874786377,0.110419,-0.14927,-0.025702,-0.0343915,0.0703612,0.038594,-0.102814,-0.0576702,0.450846,-0.136015,0.937799,-0.180252,-0.26371,0.0760002,-0.0230049,0.0529976,3.27579e-05,-0.707105,-3.27581e-05,0.707108
0.7509279251098633,0.110419,-0.14927,-0.025702,-0.0343915,0.0703612,0.038594,-0.102814,-0.0576702,0.450846,-0.136015,0.937799,-0.180252,-0.26371,0.0760002,-0.0230049,0.0529976,3.27579e-05,-0.707105,-3.27581e-05,0.707108
0.7733190059661865,0.062142,-0.134093,0.0109015,-0.0384552,0.051174,0.0410958,-0.103248,-0.0571936,0.450724,-0.135326,0.938174,-0.180383,-0.262639,0.0760002,-0.0230049,0.0529976,3.27579e-05,-0.707105,-3.27581e-05,0.707108
0.7857668399810791,0.062142,-0.134093,0.0109015,-0.0384552,0.051174,0.0410958,-0.103248,-0.0571936,0.450724,-0.135326,0.938174,-0.180383,-0.262639,0.0760002,-0.0230049,0.0529976,3.27579e-05,-0.707105,-3.27581e-05,0.707108
0.8075072765350342,0.129046,-0.141207,0.000469308,-0.0324129,0.0812077,0.0375492,-0.103429,-0.057925,0.450594,-0.136283,0.937967,-0.180568,-0.262754,0.0760002,-0.0230049,0.0529976,3.27579e-05,-0.707105,-3.27581e-05,0.707108
0.8204419612884521,0.129046,-0.141207,0.000469308,-0.0324129,0.0812077,0.0375492,-0.103429,-0.057925,0.450594,-0.136283,0.937967,-0.180568,-0.262754,0.0760002,-0.0230049,0.0529976,3.27579e-05,-0.707105,-3.27581e-05,0.707108
0.8422493934631348,0.119855,-0.16007,0.0175064,-0.0409456,0.0805687,0.0455433,-0.103321,-0.0575837,0.450629,-0.136718,0.937644,-0.181272,-0.263198,0.0760002,-0.0230049,0.0529976,3.27579e-05,-0.707105,-3.27581e-05,0.707108
0.8547203540802002,0.119855,-0.16007,0.0175064,-0.0409456,0.0805687,0.0455433,-0.103321,-0.0575837,0.450629,-0.136718,0.937644,-0.181272,-0.263198,0.0760002,-0.0230049,0.0529976,3.27579e-05,-0.707105,-3.27581e-05,0.707108
0.8764431476593018,0.129947,-0.159627,-0.020109,-0.0356497,0.0811578,0.0407102,-0.103331,-0.0575339,0.450641,-0.135794,0.937997,-0.180701,-0.262811,0.0760002,-0.0230049,0.0529976,3.27579e-05,-0.707105,-3.27581e-05,0.707108
0.8889515399932861,0.129947,-0.159627,-0.020109,-0.0356497,0.0811578,0.0407102,-0.103331,-0.0575339,0.450641,-0.135794,0.937997,-0.180701,-0.262811,0.0760002,-0.0230049,0.0529976,3.27579e-05,-0.707105,-3.27581e-05,0.707108
0.9108531475067139,0.143548,-0.16902,-0.0275676,-0.0365232,0.0879569,0.0418952,-0.103267,-0.0572288,0.450716,-0.135453,0.938109,-0.18099,-0.262386,0.0760002,-0.0230049,0.0529976,3.27579e-05,-0.707105,-3.27581e-05,0.707108
0.9232156276702881,0.143548,-0.16902,-0.0275676,-0.0365232,0.0879569,0.0418952,-0.103267,-0.0572288,0.450716,-0.135453,0.938109,-0.18099,-0.262386,0.0760002,-0.0230049,0.0529976,3.27579e-05,-0.707105,-3.27581e-05,0.707108
0.9458901882171631,0.129759,-0.141319,-0.0161475,-0.0305797,0.0803229,0.0360894,-0.102833,-0.0576564,0.450844,-0.135798,0.937851,-0.180693,-0.263335,0.0760002,-0.0230049,0.0529976,3.27579e-05,-0.707105,-3.27581e-05,0.707108
0.9585440158843994,0.129759,-0.141319,-0.0161475,-0.0305797,0.0803229,0.0360894,-0.102833,-0.0576564,0.450844,-0.135798,0.937851,-0.180693,-0.263335,0.0760002,-0.0230049,0.0529976,3.27579e-05,-0.707105,-3.27581e-05,0.707108
0.9806540012359619,0.0692022,-0.160188,0.0268564,-0.0467743,0.0586972,0.0498321,-0.1033,-0.0572365,0.450752,-0.134357,0.938061,-0.182476,-0.262091,0.0760002,-0.0230049,0.0529976,3.27579e-05,-0.707105,-3.27581e-05,0.707108
0.9932215213775635,0.0692022,-0.160188,0.0268564,-0.0467743,0.0586972,0.0498321,-0.1033,-0.0572365,0.450752,-0.134357,0.938061,-0.182476,-0.262091,0.0760002,-0.0230049,0.0529976,3.27579e-05,-0.707105,-3.27581e-05,0.707108
1.0172345638275146,0.101126,-0.128885,-0.000336132,-0.0315834,0.0679458,0.0364554,-0.102817,-0.0576092,0.450857,-0.135743,0.937836,-0.180724,-0.263394,0.0760002,-0.0230049,0.0529976,3.27579e-05,-0.707105,-3.27581e-05,0.707108
1.0306620597839355,0.101126,-0.128885,-0.000336132,-0.0315834,0.0679458,0.0364554,-0.102817,-0.0576092,0.450857,-0.135743,0.937836,-0.180724,-0.263394,0.0760002,-0.0230049,0.0529976,3.27579e-05,-0.707105,-3.27581e-05,0.707108
1.0531790256500244,0.11455,-0.172421,-0.00784082,-0.0422457,0.0768179,0.0464917,-0.103278,-0.056138,0.450921,-0.134725,0.938102,-0.182079,-0.262032,0.0760002,-0.0230049,0.0529976,3.27579e-05,-0.707105,-3.27581e-05,0.707108
1.0660064220428467,0.11455,-0.172421,-0.00784082,-0.0422457,0.0768179,0.0464917,-0.103278,-0.056138,0.450921,-0.134725,0.938102,-0.182079,-0.262032,0.0760002,-0.0230049,0.0529976,3.27579e-05,-0.707105,-3.27581e-05,0.707108
1.0880579948425293,0.134547,-0.185241,-0.0109732,-0.0437863,0.0873243,0.0486055,-0.103236,-0.0558563,0.450972,-0.134495,0.938075,-0.182302,-0.262093,0.0760002,-0.0230049,0.0529976,3.27579e-05,-0.707105,-3.27581e-05,0.707108
1.1006953716278076,0.134547,-0.185241,-0.0109732,-0.0437863,0.0873243,0.0486055,-0.103236,-0.0558563,0.450972,-0.134495,0.938075,-0.182302,-0.262093,0.0760002,-0.0230049,0.0529976,3.27579e-05,-0.707105,-3.27581e-05,0.707108
1.122762680053711,0.126183,-0.159603,-0.0185402,-0.0363887,0.0802361,0.0409031,-0.103218,-0.0558535,0.450987,-0.134395,0.938064,-0.182337,-0.262157,0.0760002,-0.0230049,0.0529976,3.27579e-05,-0.707105,-3.27581e-05,0.707108
1.1357336044311523,0.126183,-0.159603,-0.0185402,-0.0363887,0.0802361,0.0409031,-0.103218,-0.0558535,0.450987,-0.134395,0.938064,-0.182337,-0.262157,0.0760002,-0.0230049,0.0529976,3.27579e-05,-0.707105,-3.27581e-05,0.707108
1.157834768295288,0.155925,-0.178718,-0.0187848,-0.0391383,0.0955588,0.0446674,-0.103686,-0.055777,0.45078,-0.134276,0.938163,-0.182146,-0.261998,0.0760002,-0.0230049,0.0529976,3.27579e-05,-0.707105,-3.27581e-05,0.707108
1.1706819534301758,0.155925,-0.178718,-0.0187848,-0.0391383,0.0955588,0.0446674,-0.103686,-0.055777,0.45078,-0.134276,0.938163,-0.182146,-0.261998,0.0760002,-0.0230049,0.0529976,3.27579e-05,-0.707105,-3.27581e-05,0.707108
1.1932578086853027,0.128944,-0.18123,-0.0160372,-0.0429765,0.0836143,0.0474126,-0.102929,-0.0579275,0.450775,-0.135845,0.937898,-0.180858,-0.263029,0.0760002,-0.0230049,0.0529976,3.27579e-05,-0.707105,-3.27581e-05,0.707108
1.2057602405548096,0.128944,-0.18123,-0.0160372,-0.0429765,0.0836143,0.0474126,-0.102929,-0.0579275,0.450775,-0.135845,0.937898,-0.180858,-0.263029,0.0760002,-0.0230049,0.0529976,3.27579e-05,-0.707105,-3.27581e-05,0.707108
1.227890968322754,0.0908953,-0.151265,0.0104187,-0.0398665,0.0664223,0.0441467,-0.103269,-0.0558477,0.451037,-0.133104,0.937845,-0.183443,-0.262827,0.0760002,-0.0230049,0.0529976,3.27579e-05,-0.707105,-3.27581e-05,0.707108
1.240328311920166,0.0908953,-0.151265,0.0104187,-0.0398665,0.0664223,0.0441467,-0.103269,-0.0558477,0.451037,-0.133104,0.937845,-0.183443,-0.262827,0.0760002,-0.0230049,0.0529976,3.27579e-05,-0.707105,-3.27581e-05,0.707108
1.2630665302276611,0.0800662,-0.103777,0.0014272,-0.0261059,0.0557363,0.0304168,-0.103268,-0.0571756,0.450696,-0.135199,0.938375,-0.181169,-0.261442,0.0760002,-0.0230049,0.0529976,3.27579e-05,-0.707105,-3.27581e-05,0.707108
1.2758259773254395,0.0800662,-0.103777,0.0014272,-0.0261059,0.0557363,0.0304168,-0.103268,-0.0571756,0.450696,-0.135199,0.938375,-0.181169,-0.261442,0.0760002,-0.0230049,0.0529976,3.27579e-05,-0.707105,-3.27581e-05,0.707108
1.2981514930725098,0.116997,-0.188608,0.00799557,-0.0485366,0.0815879,0.0530384,-0.10327,-0.0558647,0.451035,-0.133401,0.937933,-0.183126,-0.262585,0.0760002,-0.0230049,0.0529976,3.27579e-05,-0.707105,-3.27581e-05,0.707108
1.310896635055542,0.116997,-0.188608,0.00799557,-0.0485366,0.0815879,0.0530384,-0.10327,-0.0558647,0.451035,-0.133401,0.937933,-0.183126,-0.262585,0.0760002,-0.0230049,0.0529976,3.27579e-05,-0.707105,-3.27581e-05,0.707108
1.3329126834869385,0.11066,-0.122597,-0.00765479,-0.027842,0.0707572,0.0328637,-0.1037,-0.0557509,0.450767,-0.134566,0.938137,-0.181728,-0.262234,0.0760002,-0.0230049,0.0529976,3.27579e-05,-0.707105,-3.27581e-05,0.707108
1.3451011180877686,0.11066,-0.122597,-0.00765479,-0.027842,0.0707572,0.0328637,-0.1037,-0.0557509,0.450767,-0.134566,0.938137,-0.181728,-0.262234,0.0760002,-0.0230049,0.0529976,3.27579e-05,-0.707105,-3.27581e-05,0.707108
1.3665721416473389,0.135898,-0.12619,-0.00719441,-0.02619,0.082055,0.0325371,-0.102921,-0.0579344,0.45077,-0.136014,0.937882,-0.180414,-0.263303,0.0760002,-0.0230049,0.0529976,3.27579e-05,-0.707105,-3.27581e-05,0.707108
1.3787143230438232,0.135898,-0.12619,-0.00719441,-0.02619,0.082055,0.0325371,-0.102921,-0.0579344,0.45077,-0.136014,0.937882,-0.180414,-0.263303,0.0760002,-0.0230049,0.0529976,3.27579e-05,-0.707105,-3.27581e-05,0.707108
1.4003450870513916,0.0859358,-0.196974,-0.000107195,-0.0534575,0.0671885,0.0562365,-0.103318,-0.0561615,0.450891,-0.135531,0.937885,-0.182186,-0.262319,0.0760002,-0.0230049,0.0529976,3.27579e-05,-0.707105,-3.27581e-05,0.707108
1.4123358726501465,0.0859358,-0.196974,-0.000107195,-0.0534575,0.0671885,0.0562365,-0.103318,-0.0561615,0.450891,-0.135531,0.937885,-0.182186,-0.262319,0.0760002,-0.0230049,0.0529976,3.27579e-05,-0.707105,-3.27581e-05,0.707108
1.4342572689056396,0.0789433,-0.19395,-0.00424334,-0.0527875,0.0633138,0.0557741,-0.10372,-0.0557585,0.450765,-0.134918,0.938062,-0.182331,-0.261901,0.0760002,-0.0230049,0.0529976,3.27579e-05,-0.707105,-3.27581e-05,0.707108
1.4463274478912354,0.0789433,-0.19395,-0.00424334,-0.0527875,0.0633138,0.0557741,-0.10372,-0.0557585,0.450765,-0.134918,0.938062,-0.182331,-0.261901,0.0760002,-0.0230049,0.0529976,3.27579e-05,-0.707105,-3.27581e-05,0.707108
1.4679718017578125,0.0732069,-0.163213,0.00885484,-0.0454273,0.0588825,0.0490434,-0.10308,-0.0561115,0.451012,-0.13476,0.937792,-0.182464,-0.262855,0.0760002,-0.0230049,0.0529976,3.27579e-05,-0.707105,-3.27581e-05,0.707108
1.4798336029052734,0.0732069,-0.163213,0.00885484,-0.0454273,0.0588825,0.0490434,-0.10308,-0.0561115,0.451012,-0.13476,0.937792,-0.182464,-0.262855,0.0760002,-0.0230049,0.0529976,3.27579e-05,-0.707105,-3.27581e-05,0.707108
1.5021145343780518,0.103757,-0.17779,-0.0321141,-0.0428847,0.0702325,0.046823,-0.103301,-0.0561368,0.450908,-0.134463,0.938022,-0.182361,-0.262259,0.0760002,-0.0230049,0.0529976,3.27579e-05,-0.707105,-3.27581e-05,0.707108
1.514007329940796,0.103757,-0.17779,-0.0321141,-0.0428847,0.0702325,0.046823,-0.103301,-0.0561368,0.450908,-0.134463,0.938022,-0.182361,-0.262259,0.0760002,-0.0230049,0.0529976,3.27579e-05,-0.707105,-3.27581e-05,0.707108
1.5355756282806396,0.0966769,-0.163298,0.00210614,-0.0422019,0.0688345,0.0462403,-0.103734,-0.0557191,0.450761,-0.134742,0.938112,-0.182261,-0.261863,0.0760002,-0.0230049,0.0529976,3.27579e-05,-0.707105,-3.27581e-05,0.707108
1.5476713180541992,0.0966769,-0.163298,0.00210614,-0.0422019,0.0688345,0.0462403,-0.103734,-0.0557191,0.450761,-0.134742,0.938112,-0.182261,-0.261863,0.0760002,-0.0230049,0.0529976,3.27579e-05,-0.707105,-3.27581e-05,0.707108
1.5692150592803955,0.155744,-0.142782,-0.0317489,-0.0257913,0.0906903,0.0328116,-0.103239,-0.0561228,0.45093,-0.135676,0.937864,-0.182167,-0.262331,0.0760002,-0.0230049,0.0529976,3.27579e-05,-0.707105,-3.27581e-05,0.707108
1.580883502960205,0.155744,-0.142782,-0.0317489,-0.0257913,0.0906903,0.0328116,-0.103239,-0.0561228,0.45093,-0.135676,0.937864,-0.182167,-0.262331,0.0760002,-0.0230049,0.0529976,3.27579e-05,-0.707105,-3.27581e-05,0.707108
1.60215425491333,0.103593,-0.225653,-0.0278983,-0.056379,0.0754345,0.0597763,-0.102919,-0.0574712,0.450831,-0.135309,0.937958,-0.181108,-0.262919,0.0760002,-0.0230049,0.0529976,3.27579e-05,-0.707105,-3.27581e-05,0.707108
1.6139121055603027,0.103593,-0.225653,-0.0278983,-0.056379,0.0754345,0.0597763,-0.102919,-0.0574712,0.450831,-0.135309,0.937958,-0.181108,-0.262919,0.0760002,-0.0230049,0.0529976,3.27579e-05,-0.707105,-3.27581e-05,0.707108
1.6357104778289795,0.0923269,-0.284512,0.0146862,-0.0803296,0.07937,0.081639,-0.103425,-0.0574797,0.450624,-0.135597,0.93837,-0.180678,-0.261593,0.0760002,-0.0230049,0.0529976,3.27579e-05,-0.707105,-3.27581e-05,0.707108
1.6476247310638428,0.0923269,-0.284512,0.0146862,-0.0803296,0.07937,0.081639,-0.103425,-0.0574797,0.450624,-0.135597,0.93837,-0.180678,-0.261593,0.0760002,-0.0230049,0.0529976,3.27579e-05,-0.707105,-3.27581e-05,0.707108
1.6697583198547363,0.0548414,-0.126414,-0.00154538,-0.0342958,0.0464965,0.0384876,-0.103569,-0.0553912,0.450939,-0.132031,0.938098,-0.182458,-0.263151,0.0760002,-0.0230049,0.0529976,3.27579e-05,-0.707105,-3.27581e-05,0.707108
1.6817474365234375,0.0548414,-0.126414,-0.00154538,-0.0342958,0.0464965,0.0384876,-0.103569,-0.0553912,0.450939,-0.132031,0.938098,-0.182458,-0.263151,0.0760002,-0.0230049,0.0529976,3.27579e-05,-0.707105,-3.27581e-05,0.707108
1.7034478187561035,0.0938134,-0.14144,0.00742544,-0.036522,0.065811,0.0407535,-0.102748,-0.0563567,0.451119,-0.134748,0.937894,-0.181445,-0.263203,0.0760002,-0.0230049,0.0529976,3.27579e-05,-0.707105,-3.27581e-05,0.707108
1.715322494506836,0.0938134,-0.14144,0.00742544,-0.036522,0.065811,0.0407535,-0.102748,-0.0563567,0.451119,-0.134748,0.937894,-0.181445,-0.263203,0.0760002,-0.0230049,0.0529976,3.27579e-05,-0.707105,-3.27581e-05,0.707108
1.7374639511108398,0.105721,-0.10816,-0.0232391,-0.02149,0.0656136,0.0280278,-0.102938,-0.0560222,0.451163,-0.133477,0.937417,-0.183249,-0.264296,0.0760002,-0.0230049,0.0529976,3.27579e-05,-0.707105,-3.27581e-05,0.707108
1.7493715286254883,0.105721,-0.10816,-0.0232391,-0.02149,0.0656136,0.0280278,-0.102938,-0.0560222,0.451163,-0.133477,0.937417,-0.183249,-0.264296,0.0760002,-0.0230049,0.0529976,3.27579e-05,-0.707105,-3.27581e-05,0.707108
1.7709317207336426,0.156038,-0.189831,-0.0324731,-0.0411504,0.0963202,0.0447306,-0.103434,-0.0555605,0.45092,-0.134441,0.937735,-0.182304,-0.263333,0.0760002,-0.0230049,0.0529976,3.27579e-05,-0.707105,-3.27581e-05,0.707108
1.782921552658081,0.156038,-0.189831,-0.0324731,-0.0411504,0.0963202,0.0447306,-0.103434,-0.0555605,0.45092,-0.134441,0.937735,-0.182304,-0.263333,0.0760002,-0.0230049,0.0529976,3.27579e-05,-0.707105,-3.27581e-05,0.707108
1.8044917583465576,0.102415,-0.0733539,0.0325476,-0.0204405,0.0646532,0.0243394,-0.102882,-0.057663,0.450814,-0.136324,0.937817,-0.180922,-0.263026,0.0760002,-0.0230049,0.0529976,3.27579e-05,-0.707105,-3.27581e-05,0.707108
1.8163347244262695,0.102415,-0.0733539,0.0325476,-0.0204405,0.0646532,0.0243394,-0.102882,-0.057663,0.450814,-0.136324,0.937817,-0.180922,-0.263026,0.0760002,-0.0230049,0.0529976,3.27579e-05,-0.707105,-3.27581e-05,0.707108
1.8379197120666504,-0.471813,0.243325,0.468972,-0.0355332,-0.205115,0.0156632,-0.103088,-0.0571844,0.45088,-0.135423,0.937851,-0.181724,-0.262818,0.0760002,-0.0230049,0.0529976,3.27579e-05,-0.707105,-3.27581e-05,0.707108
1.8499689102172852,-0.471813,0.243325,0.468972,-0.0355332,-0.205115,0.0156632,-0.103088,-0.0571844,0.45088,-0.135423,0.937851,-0.181724,-0.262818,0.0760002,-0.0230049,0.0529976,3.27579e-05,-0.707105,-3.27581e-05,0.707108
1.871593952178955,0.194922,0.289015,-0.155072,0.107726,0.0505773,-0.112512,-0.102961,-0.0580779,0.450823,-0.137555,0.937038,-0.183923,-0.263078,0.0760002,-0.0230049,0.0529976,3.27579e-05,-0.707105,-3.27581e-05,0.707108
1.883469581604004,0.194922,0.289015,-0.155072,0.107726,0.0505773,-0.112512,-0.102961,-0.0580779,0.450823,-0.137555,0.937038,-0.183923,-0.263078,0.0760002,-0.0230049,0.0529976,3.27579e-05,-0.707105,-3.27581e-05,0.707108
1.9056875705718994,0.175494,0.193236,-0.171024,0.076824,0.0516764,-0.0899676,-0.103207,-0.0585487,0.450734,-0.139701,0.936009,-0.187742,-0.262915,0.0760002,-0.0230049,0.0529976,3.27579e-05,-0.707105,-3.27581e-05,0.707108
1.9175426959991455,0.175494,0.193236,-0.171024,0.076824,0.0516764,-0.0899676,-0.103207,-0.0585487,0.450734,-0.139701,0.936009,-0.187742,-0.262915,0.0760002,-0.0230049,0.0529976,3.27579e-05,-0.707105,-3.27581e-05,0.707108
1.939197063446045,-0.0797678,0.0967873,0.115105,-0.01012,-0.0352303,-0.0231697,-0.10434,-0.0595597,0.450254,-0.140811,0.935964,-0.188632,-0.261841,0.0760002,-0.0230049,0.0529976,3.27579e-05,-0.707105,-3.27581e-05,0.707108
1.9512348175048828,-0.0797678,0.0967873,0.115105,-0.01012,-0.0352303,-0.0231697,-0.10434,-0.0595597,0.450254,-0.140811,0.935964,-0.188632,-0.261841,0.0760002,-0.0230049,0.0529976,3.27579e-05,-0.707105,-3.27581e-05,0.707108
1.9737663269042969,0.0109985,0.325166,-0.183813,0.0964479,-0.0439711,-0.123804,-0.104665,-0.0584129,0.450243,-0.139873,0.935769,-0.190842,-0.26144,0.0760002,-0.0230049,0.0529976,3.27579e-05,-0.707105,-3.27581e-05,0.707108
1.9861159324645996,0.0109985,0.325166,-0.183813,0.0964479,-0.0439711,-0.123804,-0.104665,-0.0584129,0.450243,-0.139873,0.935769,-0.190842,-0.26144,0.0760002,-0.0230049,0.0529976,3.27579e-05,-0.707105,-3.27581e-05,0.707108
2.0076189041137695,0.390077,-0.200381,-0.361699,0.00827526,0.172689,-0.0295703,-0.10376,-0.0582319,0.450746,-0.139383,0.935824,-0.190025,-0.2621,0.0760002,-0.0230049,0.0529976,3.27579e-05,-0.707105,-3.27581e-05,0.707108
2.0197246074676514,0.390077,-0.200381,-0.361699,0.00827526,0.172689,-0.0295703,-0.10376,-0.0582319,0.450746,-0.139383,0.935824,-0.190025,-0.2621,0.0760002,-0.0230049,0.0529976,3.27579e-05,-0.707105,-3.27581e-05,0.707108
2.0416390895843506,0.106104,0.222477,-0.144996,0.0746019,0.0150534,-0.0974035,-0.103966,-0.0586432,0.450434,-0.140691,0.936065,-0.190278,-0.260351,0.0760002,-0.0230049,0.0529976,3.27579e-05,-0.707105,-3.27581e-05,0.707108
2.0537617206573486,0.106104,0.222477,-0.144996,0.0746019,0.0150534,-0.0974035,-0.103966,-0.0586432,0.450434,-0.140691,0.936065,-0.190278,-0.260351,0.0760002,-0.0230049,0.0529976,3.27579e-05,-0.707105,-3.27581e-05,0.707108
2.0752248764038086,-0.0821503,0.227244,0.0246716,0.0356692,-0.0598474,-0.0670016,-0.103389,-0.0583462,0.450818,-0.139957,0.935259,-0.191433,-0.262784,0.0760002,-0.0230049,0.0529976,3.27579e-05,-0.707105,-3.27581e-05,0.707108
2.08734130859375,-0.0821503,0.227244,0.0246716,0.0356692,-0.0598474,-0.0670016,-0.103389,-0.0583462,0.450818,-0.139957,0.935259,-0.191433,-0.262784,0.0760002,-0.0230049,0.0529976,3.27579e-05,-0.707105,-3.27581e-05,0.707108
2.1090424060821533,-0.041653,0.178668,0.0881414,0.020902,-0.0310166,-0.0482056,-0.103143,-0.0578173,0.450944,-0.13959,0.935575,-0.19061,-0.262454,0.0760002,-0.0230049,0.0529976,3.27579e-05,-0.707105,-3.27581e-05,0.707108
2.1210296154022217,-0.041653,0.178668,0.0881414,0.020902,-0.0310166,-0.0482056,-0.103143,-0.0578173,0.450944,-0.13959,0.935575,-0.19061,-0.262454,0.0760002,-0.0230049,0.0529976,3.27579e-05,-0.707105,-3.27581e-05,0.707108
2.1429474353790283,-0.132609,0.111607,0.0592269,-0.00554671,-0.0675051,-0.0252181,-0.103161,-0.0601534,0.450842,-0.139999,0.935343,-0.18939,-0.263941,0.0760002,-0.0230049,0.0529976,3.27579e-05,-0.707105,-3.27581e-05,0.707108
2.1549901962280273,-0.132609,0.111607,0.0592269,-0.00554671,-0.0675051,-0.0252181,-0.103161,-0.0601534,0.450842,-0.139999,0.935343,-0.18939,-0.263941,0.0760002,-0.0230049,0.0529976,3.27579e-05,-0.707105,-3.27581e-05,0.707108
2.176473379135132,-0.035392,0.196281,-0.00787617,0.0370396,-0.0356909,-0.0630303,-0.103992,-0.0584291,0.450509,-0.140371,0.935864,-0.189289,-0.261961,0.0760002,-0.0230049,0.0529976,3.27579e-05,-0.707105,-3.27581e-05,0.707108
2.1884121894836426,-0.035392,0.196281,-0.00787617,0.0370396,-0.0356909,-0.0630303,-0.103992,-0.0584291,0.450509,-0.140371,0.935864,-0.189289,-0.261961,0.0760002,-0.0230049,0.0529976,3.27579e-05,-0.707105,-3.27581e-05,0.707108
2.2104198932647705,0.211649,0.0419423,-0.152865,0.0346535,0.0820309,-0.0537652,-0.103503,-0.0582526,0.450757,-0.139815,0.935866,-0.189628,-0.262008,0.0760002,-0.0230049,0.0529976,3.27579e-05,-0.707105,-3.27581e-05,0.707108
2.222383737564087,0.211649,0.0419423,-0.152865,0.0346535,0.0820309,-0.0537652,-0.103503,-0.0582526,0.450757,-0.139815,0.935866,-0.189628,-0.262008,0.0760002,-0.0230049,0.0529976,3.27579e-05,-0.707105,-3.27581e-05,0.707108
2.2441110610961914,0.143695,0.0262638,-0.126814,0.0212512,0.0547387,-0.0417716,-0.103931,-0.0586144,0.450636,-0.139453,0.935775,-0.190356,-0.261996,0.0760002,-0.0230049,0.0529976,3.27579e-05,-0.707105,-3.27581e-05,0.707108
2.2565040588378906,0.143695,0.0262638,-0.126814,0.0212512,0.0547387,-0.0417716,-0.103931,-0.0586144,0.450636,-0.139453,0.935775,-0.190356,-0.261996,0.0760002,-0.0230049,0.0529976,3.27579e-05,-0.707105,-3.27581e-05,0.707108
2.2779927253723145,-0.0197722,0.0218243,0.0132397,-0.0129062,-0.00906765,-0.0138065,-0.104082,-0.0578743,0.450627,-0.138701,0.935782,-0.19154,-0.261509,0.0760002,-0.0230049,0.0529976,3.27579e-05,-0.707105,-3.27581e-05,0.707108
2.2899866104125977,-0.0197722,0.0218243,0.0132397,-0.0129062,-0.00906765,-0.0138065,-0.104082,-0.0578743,0.450627,-0.138701,0.935782,-0.19154,-0.261509,0.0760002,-0.0230049,0.0529976,3.27579e-05,-0.707105,-3.27581e-05,0.707108
2.3115618228912354,0.121972,0.0512854,-0.119481,0.0250656,0.0455021,-0.0456185,-0.103703,-0.0593862,0.450696,-0.140001,0.935612,-0.1895,-0.262907,0.0760002,-0.0230049,0.0529976,3.27579e-05,-0.707105,-3.27581e-05,0.707108
2.3237953186035156,0.121972,0.0512854,-0.119481,0.0250656,0.0455021,-0.0456185,-0.103703,-0.0593862,0.450696,-0.140001,0.935612,-0.1895,-0.262907,0.0760002,-0.0230049,0.0529976,3.27579e-05,-0.707105,-3.27581e-05,0.707108
2.3452508449554443,0.0913243,-0.0224541,-0.0896476,-0.00249514,0.0389251,-0.020837,-0.103324,-0.0583226,0.450805,-0.140333,0.935895,-0.19032,-0.261123,0.0760002,-0.0230049,0.0529976,3.27579e-05,-0.707105,-3.27581e-05,0.707108
2.357328176498413,0.0913243,-0.0224541,-0.0896476,-0.00249514,0.0389251,-0.020837,-0.103324,-0.0583226,0.450805,-0.140333,0.935895,-0.19032,-0.261123,0.0760002,-0.0230049,0.0529976,3.27579e-05,-0.707105,-3.27581e-05,0.707108
2.3793509006500244,0.0768328,-0.0232433,-0.0731221,-0.00608885,0.0343077,-0.0161066,-0.103704,-0.0578188,0.450718,-0.139788,0.935856,-0.189995,-0.261793,0.0760002,-0.0230049,0.0529976,3.27579e-05,-0.707105,-3.27581e-05,0.707108
2.391281843185425,0.0768328,-0.0232433,-0.0731221,-0.00608885,0.0343077,-0.0161066,-0.103704,-0.0578188,0.450718,-0.139788,0.935856,-0.189995,-0.261793,0.0760002,-0.0230049,0.0529976,3.27579e-05,-0.707105,-3.27581e-05,0.707108
2.4126551151275635,0.0686309,0.0812962,-0.0676316,0.0220478,0.0203412,-0.0437644,-0.103581,-0.0585692,0.450667,-0.140554,0.93556,-0.190513,-0.262064,0.0760002,-0.0230049,0.0529976,3.27579e-05,-0.707105,-3.27581e-05,0.707108
2.424619674682617,0.0686309,0.0812962,-0.0676316,0.0220478,0.0203412,-0.0437644,-0.103581,-0.0585692,0.450667,-0.140554,0.93556,-0.190513,-0.262064,0.0760002,-0.0230049,0.0529976,3.27579e-05,-0.707105,-3.27581e-05,0.707108
2.44657301902771,-0.0489604,0.112915,0.0197173,0.00939314,-0.0322752,-0.0342709,-0.103858,-0.0581391,0.450583,-0.139879,0.935813,-0.189691,-0.262116,0.0760002,-0.0230049,0.0529976,3.27579e-05,-0.707105,-3.27581e-05,0.707108
2.4586284160614014,-0.0489604,0.112915,0.0197173,0.00939314,-0.0322752,-0.0342709,-0.103858,-0.0581391,0.450583,-0.139879,0.935813,-0.189691,-0.262116,0.0760002,-0.0230049,0.0529976,3.27579e-05,-0.707105,-3.27581e-05,0.707108
2.480165481567383,0.0503136,0.0829331,-0.0621422,0.0214228,0.00966057,-0.0411935,-0.10323,-0.0587133,0.450827,-0.140779,0.935571,-0.19025,-0.262095,0.0760002,-0.0230049,0.0529976,3.27579e-05,-0.707105,-3.27581e-05,0.707108
2.49251389503479,0.0503136,0.0829331,-0.0621422,0.0214228,0.00966057,-0.0411935,-0.10323,-0.0587133,0.450827,-0.140779,0.935571,-0.19025,-0.262095,0.0760002,-0.0230049,0.0529976,3.27579e-05,-0.707105,-3.27581e-05,0.707108
2.5139737129211426,0.0514837,0.0337585,-0.0612126,0.00633067,0.0171464,-0.0280545,-0.103632,-0.059618,0.45068,-0.140524,0.935646,-0.190618,-0.261696,0.0760002,-0.0230049,0.0529976,3.27579e-05,-0.707105,-3.27581e-05,0.707108
2.526021957397461,0.0514837,0.0337585,-0.0612126,0.00633067,0.0171464,-0.0280545,-0.103632,-0.059618,0.45068,-0.140524,0.935646,-0.190618,-0.261696,0.0760002,-0.0230049,0.0529976,3.27579e-05,-0.707105,-3.27581e-05,0.707108
2.548912525177002,1.16588,-0.379212,-0.253977,0.0287024,0.570086,-0.00923405,-0.104187,-0.0582808,0.450331,-0.140755,0.935746,-0.191452,-0.260601,0.0760002,-0.0230049,0.0529976,3.27579e-05,-0.707105,-3.27581e-05,0.707108
2.561166524887085,1.16588,-0.379212,-0.253977,0.0287024,0.570086,-0.00923405,-0.104187,-0.0582808,0.450331,-0.140755,0.935746,-0.191452,-0.260601,0.0760002,-0.0230049,0.0529976,3.27579e-05,-0.707105,-3.27581e-05,0.707108
2.58323073387146,0.981183,-0.434714,-0.769559,0.0394426,0.427964,-0.0628246,-0.103805,-0.0581199,0.450636,-0.139526,0.936571,-0.189821,-0.259489,0.0760002,-0.0230049,0.0529976,3.27579e-05,-0.707105,-3.27581e-05,0.707108
2.595336675643921,0.981183,-0.434714,-0.769559,0.0394426,0.427964,-0.0628246,-0.103805,-0.0581199,0.450636,-0.139526,0.936571,-0.189821,-0.259489,0.0760002,-0.0230049,0.0529976,3.27579e-05,-0.707105,-3.27581e-05,0.707108
2.6174027919769287,1.05275,-0.1847,0.270298,0.0336061,0.552569,-0.0253166,-0.106524,-0.0587659,0.450723,-0.14391,0.934651,-0.200045,-0.256319,0.0760002,-0.0230049,0.0529976,3.27579e-05,-0.707105,-3.27581e-05,0.707108
2.6296043395996094,1.05275,-0.1847,0.270298,0.0336061,0.552569,-0.0253166,-0.106524,-0.0587659,0.450723,-0.14391,0.934651,-0.200045,-0.256319,0.0760002,-0.0230049,0.0529976,3.27579e-05,-0.707105,-3.27581e-05,0.707108
2.651195764541626,-0.244536,0.385646,-0.226254,0.0757535,-0.172617,-0.118528,-0.10653,-0.0592588,0.450436,-0.145092,0.934373,-0.199004,-0.257473,0.0760002,-0.0230049,0.0529976,3.27579e-05,-0.707105,-3.27581e-05,0.707108
2.6633071899414062,-0.244536,0.385646,-0.226254,0.0757535,-0.172617,-0.118528,-0.10653,-0.0592588,0.450436,-0.145092,0.934373,-0.199004,-0.257473,0.0760002,-0.0230049,0.0529976,3.27579e-05,-0.707105,-3.27581e-05,0.707108
2.6859824657440186,0.604918,-1.42272,-0.619548,-0.294358,0.37303,0.233644,-0.104649,-0.0601077,0.449955,-0.145996,0.934778,-0.194696,-0.258783,0.0760002,-0.0230049,0.0529976,3.27579e-05,-0.707105,-3.27581e-05,0.707108
2.6980738639831543,0.604918,-1.42272,-0.619548,-0.294358,0.37303,0.233644,-0.104649,-0.0601077,0.449955,-0.145996,0.934778,-0.194696,-0.258783,0.0760002,-0.0230049,0.0529976,3.27579e-05,-0.707105,-3.27581e-05,0.707108
2.719541549682617,0.372209,-0.0932388,0.067465,-0.01208,0.204245,-0.0129654,-0.106732,-0.0597363,0.450226,-0.144008,0.934732,-0.199857,-0.256117,0.0760002,-0.0230049,0.0529976,3.27579e-05,-0.707105,-3.27581e-05,0.707108
2.7318201065063477,0.372209,-0.0932388,0.067465,-0.01208,0.204245,-0.0129654,-0.106732,-0.0597363,0.450226,-0.144008,0.934732,-0.199857,-0.256117,0.0760002,-0.0230049,0.0529976,3.27579e-05,-0.707105,-3.27581e-05,0.707108
2.7538986206054688,0.0996182,0.912848,0.125422,0.236657,-0.0615825,-0.253339,-0.107062,-0.0596705,0.45042,-0.144137,0.93701,-0.207824,-0.240927,0.0760002,-0.0230049,0.0529976,3.27579e-05,-0.707105,-3.27581e-05,0.707108
2.7659552097320557,0.0996182,0.912848,0.125422,0.236657,-0.0615825,-0.253339,-0.107062,-0.0596705,0.45042,-0.144137,0.93701,-0.207824,-0.240927,0.0760002,-0.0230049,0.0529976,3.27579e-05,-0.707105,-3.27581e-05,0.707108
2.788011312484741,0.282478,0.948833,-0.729647,0.363897,-0.0444395,-0.373148,-0.1057,-0.0602419,0.449991,-0.145424,0.936055,-0.203895,-0.247144,0.0760002,-0.0230049,0.0529976,3.27579e-05,-0.707105,-3.27581e-05,0.707108
2.8002424240112305,0.282478,0.948833,-0.729647,0.363897,-0.0444395,-0.373148,-0.1057,-0.0602419,0.449991,-0.145424,0.936055,-0.203895,-0.247144,0.0760002,-0.0230049,0.0529976,3.27579e-05,-0.707105,-3.27581e-05,0.707108
2.8218190670013428,-0.229746,-0.567049,0.228128,-0.250422,-0.0296089,0.163853,-0.105769,-0.0593513,0.450196,-0.145865,0.935721,-0.207526,-0.245119,0.0760002,-0.0230049,0.0529976,3.27579e-05,-0.707105,-3.27581e-05,0.707108
2.8338654041290283,-0.229746,-0.567049,0.228128,-0.250422,-0.0296089,0.163853,-0.105769,-0.0593513,0.450196,-0.145865,0.935721,-0.207526,-0.245119,0.0760002,-0.0230049,0.0529976,3.27579e-05,-0.707105,-3.27581e-05,0.707108
2.856060266494751,-0.736129,-0.350053,0.358671,-0.246727,-0.274354,0.170764,-0.106395,-0.0583821,0.449957,-0.14455,0.936126,-0.209305,-0.242826,0.0760002,-0.0230049,0.0529976,3.27579e-05,-0.707105,-3.27581e-05,0.707108
2.8681564331054688,-0.736129,-0.350053,0.358671,-0.246727,-0.274354,0.170764,-0.106395,-0.0583821,0.449957,-0.14455,0.936126,-0.209305,-0.242826,0.0760002,-0.0230049,0.0529976,3.27579e-05,-0.707105,-3.27581e-05,0.707108
2.8896563053131104,-0.13105,0.275322,0.0358839,0.0348468,-0.0895217,-0.0910754,-0.104201,-0.0598599,0.450765,-0.149409,0.932939,-0.201121,-0.258559,0.0760002,-0.0230049,0.0529976,3.27579e-05,-0.707105,-3.27581e-05,0.707108
2.9018149375915527,-0.13105,0.275322,0.0358839,0.0348468,-0.0895217,-0.0910754,-0.104201,-0.0598599,0.450765,-0.149409,0.932939,-0.201121,-0.258559,0.0760002,-0.0230049,0.0529976,3.27579e-05,-0.707105,-3.27581e-05,0.707108
2.9254262447357178,2.22938,2.88988,-1.42577,1.13796,0.702085,-1.10123,-0.105719,-0.0593359,0.450377,-0.146021,0.933727,-0.200879,-0.257835,0.0760002,-0.0230049,0.0529976,3.27579e-05,-0.707105,-3.27581e-05,0.707108
2.937648057937622,2.22938,2.88988,-1.42577,1.13796,0.702085,-1.10123,-0.105719,-0.0593359,0.450377,-0.146021,0.933727,-0.200879,-0.257835,0.0760002,-0.0230049,0.0529976,3.27579e-05,-0.707105,-3.27581e-05,0.707108
2.9596967697143555,1.62256,1.66742,-0.976006,0.684961,0.583987,-0.672198,-0.105956,-0.0593236,0.450692,-0.14752,0.932682,-0.208337,-0.25483,0.0760002,-0.0230049,0.0529976,3.27579e-05,-0.707105,-3.27581e-05,0.707108
2.972214460372925,1.62256,1.66742,-0.976006,0.684961,0.583987,-0.672198,-0.105956,-0.0593236,0.450692,-0.14752,0.932682,-0.208337,-0.25483,0.0760002,-0.0230049,0.0529976,3.27579e-05,-0.707105,-3.27581e-05,0.707108
2.9947924613952637,1.43049,1.59245,-0.908213,0.620526,0.485636,-0.638362,-0.10694,-0.0593193,0.450222,-0.14941,0.932136,-0.209667,-0.254634,0.0760002,-0.0230049,0.0529976,3.27579e-05,-0.707105,-3.27581e-05,0.707108
3.006880044937134,1.43049,1.59245,-0.908213,0.620526,0.485636,-0.638362,-0.10694,-0.0593193,0.450222,-0.14941,0.932136,-0.209667,-0.254634,0.0760002,-0.0230049,0.0529976,3.27579e-05,-0.707105,-3.27581e-05,0.707108
3.0284688472747803,0.102327,1.10797,-0.289251,0.297045,-0.0845837,-0.350475,-0.106882,-0.0586102,0.44994,-0.153306,0.931535,-0.211906,-0.252656,0.0760002,-0.0230049,0.0529976,3.27579e-05,-0.707105,-3.27581e-05,0.707108
3.040686845779419,0.102327,1.10797,-0.289251,0.297045,-0.0845837,-0.350475,-0.106882,-0.0586102,0.44994,-0.153306,0.931535,-0.211906,-0.252656,0.0760002,-0.0230049,0.0529976,3.27579e-05,-0.707105,-3.27581e-05,0.707108
3.062366485595703,0.543502,0.150332,-0.218175,0.0808482,0.222385,-0.131492,-0.105319,-0.0600028,0.450302,-0.145042,0.935501,-0.210936,-0.243531,0.0760002,-0.0230049,0.0529976,3.27579e-05,-0.707105,-3.27581e-05,0.707108
3.0744338035583496,0.543502,0.150332,-0.218175,0.0808482,0.222385,-0.131492,-0.105319,-0.0600028,0.450302,-0.145042,0.935501,-0.210936,-0.243531,0.0760002,-0.0230049,0.0529976,3.27579e-05,-0.707105,-3.27581e-05,0.707108
3.0963926315307617,-0.481329,0.57925,0.0846232,0.0471918,-0.280208,-0.118185,-0.104792,-0.0594015,0.450877,-0.148785,0.932322,-0.206543,-0.256865,0.0760002,-0.0230049,0.0529976,3.27579e-05,-0.707105,-3.27581e-05,0.707108
3.108508825302124,-0.481329,0.57925,0.0846232,0.0471918,-0.280208,-0.118185,-0.104792,-0.0594015,0.450877,-0.148785,0.932322,-0.206543,-0.256865,0.0760002,-0.0230049,0.0529976,3.27579e-05,-0.707105,-3.27581e-05,0.707108
3.13008975982666,-0.0806597,0.517019,0.114049,0.0730491,-0.095757,-0.131888,-0.105927,-0.0588916,0.450067,-0.147279,0.93531,-0.212703,-0.241375,0.0760002,-0.0230049,0.0529976,3.27579e-05,-0.707105,-3.27581e-05,0.707108
3.1421566009521484,-0.0806597,0.517019,0.114049,0.0730491,-0.095757,-0.131888,-0.105927,-0.0588916,0.450067,-0.147279,0.93531,-0.212703,-0.241375,0.0760002,-0.0230049,0.0529976,3.27579e-05,-0.707105,-3.27581e-05,0.707108
3.1646785736083984,-0.701353,1.12253,0.430807,0.1092,-0.428203,-0.175091,-0.105226,-0.0596331,0.450608,-0.148191,0.933007,-0.204952,-0.255993,0.0760002,-0.0230049,0.0529976,3.27579e-05,-0.707105,-3.27581e-05,0.707108
3.1767666339874268,-0.701353,1.12253,0.430807,0.1092,-0.428203,-0.175091,-0.105226,-0.0596331,0.450608,-0.148191,0.933007,-0.204952,-0.255993,0.0760002,-0.0230049,0.0529976,3.27579e-05,-0.707105,-3.27581e-05,0.707108
3.1982874870300293,-0.222201,1.17393,0.00410737,0.234515,-0.255567,-0.275498,-0.105328,-0.0582233,0.450479,-0.146325,0.934767,-0.21329,-0.243531,0.0760002,-0.0230049,0.0529976,3.27579e-05,-0.707105,-3.27581e-05,0.707108
3.2104413509368896,-0.222201,1.17393,0.00410737,0.234515,-0.255567,-0.275498,-0.105328,-0.0582233,0.450479,-0.146325,0.934767,-0.21329,-0.243531,0.0760002,-0.0230049,0.0529976,3.27579e-05,-0.707105,-3.27581e-05,0.707108
3.232388496398926,-0.845032,1.08816,0.540148,0.0567455,-0.521799,-0.142114,-0.10494,-0.0592237,0.450597,-0.149408,0.932083,-0.207036,-0.256973,0.0760002,-0.0230049,0.0529976,3.27579e-05,-0.707105,-3.27581e-05,0.707108
3.2444543838500977,-0.845032,1.08816,0.540148,0.0567455,-0.521799,-0.142114,-0.10494,-0.0592237,0.450597,-0.149408,0.932083,-0.207036,-0.256973,0.0760002,-0.0230049,0.0529976,3.27579e-05,-0.707105,-3.27581e-05,0.707108
3.266460418701172,-1.62457,0.683077,1.12101,-0.170286,-0.896884,0.0801471,-0.104472,-0.0606209,0.450551,-0.14984,0.93209,-0.204722,-0.258546,0.0760002,-0.0230049,0.0529976,3.27579e-05,-0.707105,-3.27581e-05,0.707108
3.278658390045166,-1.62457,0.683077,1.12101,-0.170286,-0.896884,0.0801471,-0.104472,-0.0606209,0.450551,-0.14984,0.93209,-0.204722,-0.258546,0.0760002,-0.0230049,0.0529976,3.27579e-05,-0.707105,-3.27581e-05,0.707108
3.3007185459136963,-2.22956,0.119043,1.45789,-0.35569,-1.11357,0.291509,-0.10397,-0.0598995,0.450412,-0.144109,0.935119,-0.209421,-0.246836,0.0760002,-0.0230049,0.0529976,3.27579e-05,-0.707105,-3.27581e-05,0.707108
3.3129382133483887,-2.22956,0.119043,1.45789,-0.35569,-1.11357,0.291509,-0.10397,-0.0598995,0.450412,-0.144109,0.935119,-0.209421,-0.246836,0.0760002,-0.0230049,0.0529976,3.27579e-05,-0.707105,-3.27581e-05,0.707108
3.335543155670166,-1.74339,-0.285954,2.20029,-0.408388,-0.840575,0.414363,-0.104217,-0.0621775,0.449601,-0.145416,0.937947,-0.19035,-0.250752,0.0760002,-0.0230049,0.0529976,3.27579e-05,-0.707105,-3.27581e-05,0.707108
3.347604513168335,-1.74339,-0.285954,2.20029,-0.408388,-0.840575,0.414363,-0.104217,-0.0621775,0.449601,-0.145416,0.937947,-0.19035,-0.250752,0.0760002,-0.0230049,0.0529976,3.27579e-05,-0.707105,-3.27581e-05,0.707108
3.369713544845581,-1.54385,-0.276667,2.76536,-0.343382,-0.75512,0.421094,-0.102589,-0.0650485,0.449876,-0.148712,0.937041,-0.171481,-0.265394,0.0760002,-0.0230049,0.0529976,3.27579e-05,-0.707105,-3.27581e-05,0.707108
3.381789445877075,-1.54385,-0.276667,2.76536,-0.343382,-0.75512,0.421094,-0.102589,-0.0650485,0.449876,-0.148712,0.937041,-0.171481,-0.265394,0.0760002,-0.0230049,0.0529976,3.27579e-05,-0.707105,-3.27581e-05,0.707108
3.4043054580688477,-1.48709,-0.507958,2.48781,-0.336448,-0.740262,0.420423,-0.102411,-0.0669014,0.450024,-0.147097,0.940513,-0.163255,-0.259126,0.0760002,-0.0230049,0.0529976,3.27579e-05,-0.707105,-3.27581e-05,0.707108
3.416378974914551,-1.48709,-0.507958,2.48781,-0.336448,-0.740262,0.420423,-0.102411,-0.0669014,0.450024,-0.147097,0.940513,-0.163255,-0.259126,0.0760002,-0.0230049,0.0529976,3.27579e-05,-0.707105,-3.27581e-05,0.707108
3.4383833408355713,-1.14825,-0.226726,2.98401,-0.266523,-0.573462,0.448767,-0.102143,-0.07571,0.448873,-0.162332,0.938361,-0.141224,-0.270522,0.0760002,-0.0230049,0.0529976,3.27579e-05,-0.707105,-3.27581e-05,0.707108
3.4505720138549805,-1.14825,-0.226726,2.98401,-0.266523,-0.573462,0.448767,-0.102143,-0.07571,0.448873,-0.162332,0.938361,-0.141224,-0.270522,0.0760002,-0.0230049,0.0529976,3.27579e-05,-0.707105,-3.27581e-05,0.707108
3.4721949100494385,-1.63693,-0.423715,2.52804,-0.268644,-0.837026,0.457845,-0.103233,-0.0829358,0.447821,-0.168757,0.941335,-0.13023,-0.261628,0.0760002,-0.0230049,0.0529976,3.27579e-05,-0.707105,-3.27581e-05,0.707108
3.4842689037323,-1.63693,-0.423715,2.52804,-0.268644,-0.837026,0.457845,-0.103233,-0.0829358,0.447821,-0.168757,0.941335,-0.13023,-0.261628,0.0760002,-0.0230049,0.0529976,3.27579e-05,-0.707105,-3.27581e-05,0.707108
3.5064404010772705,-2.1109,-0.986271,2.51734,-0.399362,-1.07237,0.724045,-0.105346,-0.0894,0.446263,-0.181152,0.937797,-0.11716,-0.272018,0.0760002,-0.0230049,0.0529976,3.27579e-05,-0.707105,-3.27581e-05,0.707108
3.5184454917907715,-2.1109,-0.986271,2.51734,-0.399362,-1.07237,0.724045,-0.105346,-0.0894,0.446263,-0.181152,0.937797,-0.11716,-0.272018,0.0760002,-0.0230049,0.0529976,3.27579e-05,-0.707105,-3.27581e-05,0.707108
3.5413408279418945,-2.39069,-1.82959,2.69725,-0.567693,-1.21617,0.99307,-0.104148,-0.0919074,0.445708,-0.18214,0.939086,-0.0935309,-0.276034,0.0760002,-0.0230049,0.0529976,3.27579e-05,-0.707105,-3.27581e-05,0.707108
3.5539326667785645,-2.39069,-1.82959,2.69725,-0.567693,-1.21617,0.99307,-0.104148,-0.0919074,0.445708,-0.18214,0.939086,-0.0935309,-0.276034,0.0760002,-0.0230049,0.0529976,3.27579e-05,-0.707105,-3.27581e-05,0.707108
3.575845241546631,-2.34066,-2.01506,3.13026,-0.628244,-1.15985,1.06667,-0.101659,-0.0923278,0.444838,-0.183042,0.942554,-0.080083,-0.26772,0.0760002,-0.0230049,0.0529976,3.27579e-05,-0.707105,-3.27581e-05,0.707108
3.5879902839660645,-2.34066,-2.01506,3.13026,-0.628244,-1.15985,1.06667,-0.101659,-0.0923278,0.444838,-0.183042,0.942554,-0.080083,-0.26772,0.0760002,-0.0230049,0.0529976,3.27579e-05,-0.707105,-3.27581e-05,0.707108
3.6105051040649414,-1.93559,-2.83903,3.18492,-0.762705,-0.981892,1.22562,-0.0974156,-0.0924748,0.444917,-0.179921,0.941791,-0.0678485,-0.275781,0.0760002,-0.0230049,0.0529976,3.27579e-05,-0.707105,-3.27581e-05,0.707108
3.6226072311401367,-1.93559,-2.83903,3.18492,-0.762705,-0.981892,1.22562,-0.0974156,-0.0924748,0.444917,-0.179921,0.941791,-0.0678485,-0.275781,0.0760002,-0.0230049,0.0529976,3.27579e-05,-0.707105,-3.27581e-05,0.707108
3.644697904586792,-1.85333,-2.88892,3.47339,-0.740922,-0.950457,1.25928,-0.0945098,-0.0944264,0.444465,-0.177651,0.937886,-0.0590055,-0.292111,0.0760002,-0.0230049,0.0529976,3.27579e-05,-0.707105,-3.27581e-05,0.707108
3.6568920612335205,-1.85333,-2.88892,3.47339,-0.740922,-0.950457,1.25928,-0.0945098,-0.0944264,0.444465,-0.177651,0.937886,-0.0590055,-0.292111,0.0760002,-0.0230049,0.0529976,3.27579e-05,-0.707105,-3.27581e-05,0.707108
3.6786231994628906,-1.83965,-3.37159,3.44973,-0.790026,-0.962096,1.35093,-0.092732,-0.0937386,0.443848,-0.177689,0.936924,-0.0547452,-0.295978,0.0760002,-0.0230049,0.0529976,3.27579e-05,-0.707105,-3.27581e-05,0.707108
3.6911144256591797,-1.83965,-3.37159,3.44973,-0.790026,-0.962096,1.35093,-0.092732,-0.0937386,0.443848,-0.177689,0.936924,-0.0547452,-0.295978,0.0760002,-0.0230049,0.0529976,3.27579e-05,-0.707105,-3.27581e-05,0.707108
3.713481903076172,-1.74944,-3.29906,3.5726,-0.74949,-0.923379,1.3149,-0.0898448,-0.0936054,0.443796,-0.174016,0.936326,-0.0477058,-0.301224,0.0760002,-0.0230049,0.0529976,3.27579e-05,-0.707105,-3.27581e-05,0.707108
3.7256224155426025,-1.74944,-3.29906,3.5726,-0.74949,-0.923379,1.3149,-0.0898448,-0.0936054,0.443796,-0.174016,0.936326,-0.0477058,-0.301224,0.0760002,-0.0230049,0.0529976,3.27579e-05,-0.707105,-3.27581e-05,0.707108
3.7471578121185303,-2.12997,-3.49557,3.37117,-0.716273,-1.15296,1.33032,-0.0872094,-0.0942007,0.443661,-0.172217,0.935198,-0.0420723,-0.306555,0.0760002,-0.0230049,0.0529976,3.27579e-05,-0.707105,-3.27581e-05,0.707108
3.759521007537842,-2.12997,-3.49557,3.37117,-0.716273,-1.15296,1.33032,-0.0872094,-0.0942007,0.443661,-0.172217,0.935198,-0.0420723,-0.306555,0.0760002,-0.0230049,0.0529976,3.27579e-05,-0.707105,-3.27581e-05,0.707108
3.781885862350464,-2.23953,-3.67764,3.43937,-0.744548,-1.21248,1.40203,-0.0864231,-0.0938662,0.442798,-0.175816,0.933775,-0.0411628,-0.308965,0.0760002,-0.0230049,0.0529976,3.27579e-05,-0.707105,-3.27581e-05,0.707108
3.793907642364502,-2.23953,-3.67764,3.43937,-0.744548,-1.21248,1.40203,-0.0864231,-0.0938662,0.442798,-0.175816,0.933775,-0.0411628,-0.308965,0.0760002,-0.0230049,0.0529976,3.27579e-05,-0.707105,-3.27581e-05,0.707108
3.815951347351074,-2.00714,-3.49746,3.54467,-0.701684,-1.09605,1.34511,-0.0837344,-0.094461,0.443118,-0.174868,0.932746,-0.0384475,-0.312935,0.0760002,-0.0230049,0.0529976,3.27579e-05,-0.707105,-3.27581e-05,0.707108
3.8280818462371826,-2.00714,-3.49746,3.54467,-0.701684,-1.09605,1.34511,-0.0837344,-0.094461,0.443118,-0.174868,0.932746,-0.0384475,-0.312935,0.0760002,-0.0230049,0.0529976,3.27579e-05,-0.707105,-3.27581e-05,0.707108
3.8501381874084473,-2.00576,-3.7627,3.73129,-0.788356,-1.09097,1.43009,-0.0831741,-0.0937449,0.442917,-0.174093,0.93451,-0.0378764,-0.308136,0.0760002,-0.0230049,0.0529976,3.27579e-05,-0.707105,-3.27581e-05,0.707108
3.8623580932617188,-2.00576,-3.7627,3.73129,-0.788356,-1.09097,1.43009,-0.0831741,-0.0937449,0.442917,-0.174093,0.93451,-0.0378764,-0.308136,0.0760002,-0.0230049,0.0529976,3.27579e-05,-0.707105,-3.27581e-05,0.707108
3.8844034671783447,-1.93516,-3.73772,3.57471,-0.778426,-1.06447,1.40451,-0.0819994,-0.0943119,0.442757,-0.174293,0.935581,-0.0357098,-0.305018,0.0760002,-0.0230049,0.0529976,3.27579e-05,-0.707105,-3.27581e-05,0.707108
3.896584987640381,-1.93516,-3.73772,3.57471,-0.778426,-1.06447,1.40451,-0.0819994,-0.0943119,0.442757,-0.174293,0.935581,-0.0357098,-0.305018,0.0760002,-0.0230049,0.0529976,3.27579e-05,-0.707105,-3.27581e-05,0.707108
3.9187707901000977,-2.34823,-3.94883,3.33109,-0.76744,-1.31293,1.4786,-0.0824163,-0.0930566,0.442445,-0.173965,0.933831,-0.0342394,-0.310684,0.0760002,-0.0230049,0.0529976,3.27579e-05,-0.707105,-3.27581e-05,0.707108
3.931257724761963,-2.34823,-3.94883,3.33109,-0.76744,-1.31293,1.4786,-0.0824163,-0.0930566,0.442445,-0.173965,0.933831,-0.0342394,-0.310684,0.0760002,-0.0230049,0.0529976,3.27579e-05,-0.707105,-3.27581e-05,0.707108
3.9533190727233887,-2.44182,-4.10697,3.34164,-0.806243,-1.3773,1.52154,-0.0808642,-0.0940362,0.442472,-0.172572,0.933784,-0.0331671,-0.311716,0.0760002,-0.0230049,0.0529976,3.27579e-05,-0.707105,-3.27581e-05,0.707108
3.9655535221099854,-2.44182,-4.10697,3.34164,-0.806243,-1.3773,1.52154,-0.0808642,-0.0940362,0.442472,-0.172572,0.933784,-0.0331671,-0.311716,0.0760002,-0.0230049,0.0529976,3.27579e-05,-0.707105,-3.27581e-05,0.707108
3.988238573074341,-2.71251,-3.96151,3.27003,-0.718295,-1.51192,1.45372,-0.0791326,-0.0946096,0.442429,-0.171493,0.933249,-0.0276046,-0.314442,0.0760002,-0.0230049,0.0529976,3.27579e-05,-0.707105,-3.27581e-05,0.707108
4.0005106925964355,-2.71251,-3.96151,3.27003,-0.718295,-1.51192,1.45372,-0.0791326,-0.0946096,0.442429,-0.171493,0.933249,-0.0276046,-0.314442,0.0760002,-0.0230049,0.0529976,3.27579e-05,-0.707105,-3.27581e-05,0.707108
4.021856307983398,-2.33674,-4.39202,3.37498,-0.831481,-1.34572,1.57174,-0.0794103,-0.0944913,0.442329,-0.172224,0.933027,-0.0312223,-0.314364,0.0760002,-0.0230049,0.0529976,3.27579e-05,-0.707105,-3.27581e-05,0.707108
4.0335798263549805,-2.33674,-4.39202,3.37498,-0.831481,-1.34572,1.57174,-0.0794103,-0.0944913,0.442329,-0.172224,0.933027,-0.0312223,-0.314364,0.0760002,-0.0230049,0.0529976,3.27579e-05,-0.707105,-3.27581e-05,0.707108
4.055135011672974,-2.03517,-4.45081,3.7777,-0.928977,-1.16929,1.63658,-0.0808555,-0.0921813,0.442144,-0.174253,0.935432,-0.0354864,-0.305522,0.0760002,-0.0230049,0.0529976,3.27579e-05,-0.707105,-3.27581e-05,0.707108
4.067128658294678,-2.03517,-4.45081,3.7777,-0.928977,-1.16929,1.63658,-0.0808555,-0.0921813,0.442144,-0.174253,0.935432,-0.0354864,-0.305522,0.0760002,-0.0230049,0.0529976,3.27579e-05,-0.707105,-3.27581e-05,0.707108
4.088663578033447,-1.68065,-4.2664,3.89431,-0.888572,-1.01079,1.6151,-0.0793769,-0.0935342,0.442014,-0.174719,0.932666,-0.0311894,-0.31406,0.0760002,-0.0230049,0.0529976,3.27579e-05,-0.707105,-3.27581e-05,0.707108
4.100506782531738,-1.68065,-4.2664,3.89431,-0.888572,-1.01079,1.6151,-0.0793769,-0.0935342,0.442014,-0.174719,0.932666,-0.0311894,-0.31406,0.0760002,-0.0230049,0.0529976,3.27579e-05,-0.707105,-3.27581e-05,0.707108
4.122084617614746,-2.40742,-4.01517,3.50148,-0.78809,-1.36575,1.51452,-0.0779138,-0.0930726,0.442051,-0.172218,0.933538,-0.0326161,-0.312704,0.0760002,-0.0230049,0.0529976,3.27579e-05,-0.707105,-3.27581e-05,0.707108
4.134106159210205,-2.40742,-4.01517,3.50148,-0.78809,-1.36575,1.51452,-0.0779138,-0.0930726,0.442051,-0.172218,0.933538,-0.0326161,-0.312704,0.0760002,-0.0230049,0.0529976,3.27579e-05,-0.707105,-3.27581e-05,0.707108
4.15564489364624,-2.28553,-4.35718,3.43304,-0.8066,-1.34635,1.56725,-0.0760664,-0.0956622,0.441621,-0.172922,0.930665,-0.0262753,-0.321356,0.0760002,-0.0230049,0.0529976,3.27579e-05,-0.707105,-3.27581e-05,0.707108
4.167885065078735,-2.28553,-4.35718,3.43304,-0.8066,-1.34635,1.56725,-0.0760664,-0.0956622,0.441621,-0.172922,0.930665,-0.0262753,-0.321356,0.0760002,-0.0230049,0.0529976,3.27579e-05,-0.707105,-3.27581e-05,0.707108
4.190305233001709,-2.76649,-4.51128,3.18637,-0.823584,-1.60081,1.6004,-0.0764077,-0.094403,0.441492,-0.171824,0.932808,-0.0275643,-0.315572,0.0760002,-0.0230049,0.0529976,3.27579e-05,-0.707105,-3.27581e-05,0.707108
4.202048301696777,-2.76649,-4.51128,3.18637,-0.823584,-1.60081,1.6004,-0.0764077,-0.094403,0.441492,-0.171824,0.932808,-0.0275643,-0.315572,0.0760002,-0.0230049,0.0529976,3.27579e-05,-0.707105,-3.27581e-05,0.707108
4.223580837249756,-2.39808,-3.9771,3.30794,-0.742515,-1.3792,1.48173,-0.076041,-0.0930872,0.44174,-0.171913,0.931853,-0.0328444,-0.317831,0.0760002,-0.0230049,0.0529976,3.27579e-05,-0.707105,-3.27581e-05,0.707108
4.235806703567505,-2.39808,-3.9771,3.30794,-0.742515,-1.3792,1.48173,-0.076041,-0.0930872,0.44174,-0.171913,0.931853,-0.0328444,-0.317831,0.0760002,-0.0230049,0.0529976,3.27579e-05,-0.707105,-3.27581e-05,0.707108
4.257370471954346,-2.12635,-3.66781,3.43066,-0.677757,-1.23304,1.40938,-0.0753137,-0.0928797,0.441527,-0.172444,0.931004,-0.0311538,-0.320193,0.0760002,-0.0230049,0.0529976,3.27579e-05,-0.707105,-3.27581e-05,0.707108
4.269498586654663,-2.12635,-3.66781,3.43066,-0.677757,-1.23304,1.40938,-0.0753137,-0.0928797,0.441527,-0.172444,0.931004,-0.0311538,-0.320193,0.0760002,-0.0230049,0.0529976,3.27579e-05,-0.707105,-3.27581e-05,0.707108
4.291561603546143,-2.30172,-3.97607,3.3503,-0.744113,-1.32787,1.48176,-0.0753104,-0.0930972,0.441366,-0.171784,0.931963,-0.0334218,-0.317519,0.0760002,-0.0230049,0.0529976,3.27579e-05,-0.707105,-3.27581e-05,0.707108
4.30365252494812,-2.30172,-3.97607,3.3503,-0.744113,-1.32787,1.48176,-0.0753104,-0.0930972,0.441366,-0.171784,0.931963,-0.0334218,-0.317519,0.0760002,-0.0230049,0.0529976,3.27579e-05,-0.707105,-3.27581e-05,0.707108
4.325357675552368,-2.21165,-3.87871,3.45013,-0.698693,-1.31342,1.48596,-0.0740885,-0.0937003,0.441507,-0.176045,0.929141,-0.0301138,-0.323727,0.0760002,-0.0230049,0.0529976,3.27579e-05,-0.707105,-3.27581e-05,0.707108
4.337498903274536,-2.21165,-3.87871,3.45013,-0.698693,-1.31342,1.48596,-0.0740885,-0.0937003,0.441507,-0.176045,0.929141,-0.0301138,-0.323727,0.0760002,-0.0230049,0.0529976,3.27579e-05,-0.707105,-3.27581e-05,0.707108
4.359605312347412,-2.3089,-4.19367,3.47346,-0.777025,-1.37576,1.59452,-0.0747104,-0.0942691,0.441229,-0.172774,0.929607,-0.0294962,-0.324207,0.0760002,-0.0230049,0.0529976,3.27579e-05,-0.707105,-3.27581e-05,0.707108
4.371648550033569,-2.3089,-4.19367,3.47346,-0.777025,-1.37576,1.59452,-0.0747104,-0.0942691,0.441229,-0.172774,0.929607,-0.0294962,-0.324207,0.0760002,-0.0230049,0.0529976,3.27579e-05,-0.707105,-3.27581e-05,0.707108
4.392886638641357,-2.5156,-4.01055,3.45024,-0.728297,-1.46992,1.5364,-0.0744506,-0.0953623,0.440898,-0.173419,0.929454,-0.0259842,-0.324602,0.0760002,-0.0230049,0.0529976,3.27579e-05,-0.707105,-3.27581e-05,0.707108
4.405115604400635,-2.5156,-4.01055,3.45024,-0.728297,-1.46992,1.5364,-0.0744506,-0.0953623,0.440898,-0.173419,0.929454,-0.0259842,-0.324602,0.0760002,-0.0230049,0.0529976,3.27579e-05,-0.707105,-3.27581e-05,0.707108
4.4266321659088135,-2.46046,-3.45926,3.12673,-0.586432,-1.42023,1.33297,-0.0727081,-0.0922819,0.441543,-0.167799,0.929024,-0.0261038,-0.328751,0.0760002,-0.0230049,0.0529976,3.27579e-05,-0.707105,-3.27581e-05,0.707108
4.438751220703125,-2.46046,-3.45926,3.12673,-0.586432,-1.42023,1.33297,-0.0727081,-0.0922819,0.441543,-0.167799,0.929024,-0.0261038,-0.328751,0.0760002,-0.0230049,0.0529976,3.27579e-05,-0.707105,-3.27581e-05,0.707108
4.4609293937683105,-2.61913,-3.32812,3.04411,-0.561809,-1.49463,1.28083,-0.0723561,-0.0924766,0.441161,-0.166925,0.928828,-0.0254546,-0.329798,0.0760002,-0.0230049,0.0529976,3.27579e-05,-0.707105,-3.27581e-05,0.707108
4.4732444286346436,-2.61913,-3.32812,3.04411,-0.561809,-1.49463,1.28083,-0.0723561,-0.0924766,0.441161,-0.166925,0.928828,-0.0254546,-0.329798,0.0760002,-0.0230049,0.0529976,3.27579e-05,-0.707105,-3.27581e-05,0.707108
4.494837045669556,-2.50332,-2.89998,2.94492,-0.506814,-1.41207,1.16044,-0.0715778,-0.0917608,0.440951,-0.166413,0.928845,-0.0259822,-0.329968,0.0760002,-0.0230049,0.0529976,3.27579e-05,-0.707105,-3.27581e-05,0.707108
4.507078647613525,-2.50332,-2.89998,2.94492,-0.506814,-1.41207,1.16044,-0.0715778,-0.0917608,0.440951,-0.166413,0.928845,-0.0259822,-0.329968,0.0760002,-0.0230049,0.0529976,3.27579e-05,-0.707105,-3.27581e-05,0.707108
4.529750108718872,-2.37656,-1.98277,2.78032,-0.337893,-1.28942,0.888879,-0.0685892,-0.088582,0.441644,-0.163896,0.927499,-0.0289774,-0.33473,0.0760002,-0.0230049,0.0529976,3.27579e-05,-0.707105,-3.27581e-05,0.707108
4.541776180267334,-2.37656,-1.98277,2.78032,-0.337893,-1.28942,0.888879,-0.0685892,-0.088582,0.441644,-0.163896,0.927499,-0.0289774,-0.33473,0.0760002,-0.0230049,0.0529976,3.27579e-05,-0.707105,-3.27581e-05,0.707108
4.564470529556274,-2.38695,-1.4026,2.45132,-0.214059,-1.27649,0.693774,-0.0676544,-0.0875058,0.441458,-0.161095,0.927093,-0.0299973,-0.337116,0.0760002,-0.0230049,0.0529976,3.27579e-05,-0.707105,-3.27581e-05,0.707108
4.5766379833221436,-2.38695,-1.4026,2.45132,-0.214059,-1.27649,0.693774,-0.0676544,-0.0875058,0.441458,-0.161095,0.927093,-0.0299973,-0.337116,0.0760002,-0.0230049,0.0529976,3.27579e-05,-0.707105,-3.27581e-05,0.707108
4.5986855030059814,-2.4063,-0.872364,2.41755,-0.136421,-1.23138,0.539819,-0.0661064,-0.0850325,0.441071,-0.15551,0.92582,-0.0337558,-0.342833,0.0760002,-0.0230049,0.0529976,3.27579e-05,-0.707105,-3.27581e-05,0.707108
4.610737323760986,-2.4063,-0.872364,2.41755,-0.136421,-1.23138,0.539819,-0.0661064,-0.0850325,0.441071,-0.15551,0.92582,-0.0337558,-0.342833,0.0760002,-0.0230049,0.0529976,3.27579e-05,-0.707105,-3.27581e-05,0.707108
4.633351564407349,-2.85872,-0.537023,1.95539,-0.0533656,-1.44807,0.420357,-0.0640312,-0.0836707,0.440915,-0.15218,0.924351,-0.0333603,-0.348285,0.0760002,-0.0230049,0.0529976,3.27579e-05,-0.707105,-3.27581e-05,0.707108
4.645802021026611,-2.85872,-0.537023,1.95539,-0.0533656,-1.44807,0.420357,-0.0640312,-0.0836707,0.440915,-0.15218,0.924351,-0.0333603,-0.348285,0.0760002,-0.0230049,0.0529976,3.27579e-05,-0.707105,-3.27581e-05,0.707108
4.667973279953003,-2.9102,-0.341112,2.12509,-0.0701109,-1.46696,0.395036,-0.0602087,-0.0826508,0.441388,-0.148364,0.922391,-0.0333766,-0.355061,0.0760002,-0.0230049,0.0529976,3.27579e-05,-0.707105,-3.27581e-05,0.707108
4.680076599121094,-2.9102,-0.341112,2.12509,-0.0701109,-1.46696,0.395036,-0.0602087,-0.0826508,0.441388,-0.148364,0.922391,-0.0333766,-0.355061,0.0760002,-0.0230049,0.0529976,3.27579e-05,-0.707105,-3.27581e-05,0.707108
4.7015252113342285,-2.72903,-0.229821,2.2153,-0.0845661,-1.34571,0.388676,-0.0603928,-0.0806582,0.440981,-0.143748,0.922884,-0.0326628,-0.355746,0.0760002,-0.0230049,0.0529976,3.27579e-05,-0.707105,-3.27581e-05,0.707108
4.7138895988464355,-2.72903,-0.229821,2.2153,-0.0845661,-1.34571,0.388676,-0.0603928,-0.0806582,0.440981,-0.143748,0.922884,-0.0326628,-0.355746,0.0760002,-0.0230049,0.0529976,3.27579e-05,-0.707105,-3.27581e-05,0.707108
4.735636472702026,-2.60003,0.0144541,2.26215,-0.0408535,-1.27005,0.306308,-0.0572136,-0.0734724,0.442395,-0.132226,0.922983,-0.0310638,-0.360075,0.0760002,-0.0230049,0.0529976,3.27579e-05,-0.707105,-3.27581e-05,0.707108
4.747519016265869,-2.60003,0.0144541,2.26215,-0.0408535,-1.27005,0.306308,-0.0572136,-0.0734724,0.442395,-0.132226,0.922983,-0.0310638,-0.360075,0.0760002,-0.0230049,0.0529976,3.27579e-05,-0.707105,-3.27581e-05,0.707108
4.769789934158325,-2.37249,-0.190792,2.27775,-0.0648101,-1.13937,0.340043,-0.0557362,-0.068217,0.442905,-0.119232,0.923495,-0.0217213,-0.363963,0.0760002,-0.0230049,0.0529976,3.27579e-05,-0.707105,-3.27581e-05,0.707108
4.7818286418914795,-2.37249,-0.190792,2.27775,-0.0648101,-1.13937,0.340043,-0.0557362,-0.068217,0.442905,-0.119232,0.923495,-0.0217213,-0.363963,0.0760002,-0.0230049,0.0529976,3.27579e-05,-0.707105,-3.27581e-05,0.707108
4.803007125854492,-2.21775,-0.156156,2.32082,-0.0522159,-1.06039,0.329528,-0.0537514,-0.0650846,0.443407,-0.112447,0.922665,-0.0194077,-0.368333,0.0760002,-0.0230049,0.0529976,3.27579e-05,-0.707105,-3.27581e-05,0.707108
4.81484842300415,-2.21775,-0.156156,2.32082,-0.0522159,-1.06039,0.329528,-0.0537514,-0.0650846,0.443407,-0.112447,0.922665,-0.0194077,-0.368333,0.0760002,-0.0230049,0.0529976,3.27579e-05,-0.707105,-3.27581e-05,0.707108
4.836846828460693,-2.49303,-0.0768942,2.14579,-0.0481637,-1.20238,0.267908,-0.0522035,-0.0607584,0.443879,-0.103502,0.922982,-0.0229336,-0.369952,0.0760002,-0.0230049,0.0529976,3.27579e-05,-0.707105,-3.27581e-05,0.707108
4.848876953125,-2.49303,-0.0768942,2.14579,-0.0481637,-1.20238,0.267908,-0.0522035,-0.0607584,0.443879,-0.103502,0.922982,-0.0229336,-0.369952,0.0760002,-0.0230049,0.0529976,3.27579e-05,-0.707105,-3.27581e-05,0.707108
4.870554685592651,-2.97703,-0.147627,2.07996,-0.03423,-1.4373,0.267612,-0.0512601,-0.0544002,0.444382,-0.0902708,0.922144,-0.0178497,-0.375743,0.0760002,-0.0230049,0.0529976,3.27579e-05,-0.707105,-3.27581e-05,0.707108
4.882791042327881,-2.97703,-0.147627,2.07996,-0.03423,-1.4373,0.267612,-0.0512601,-0.0544002,0.444382,-0.0902708,0.922144,-0.0178497,-0.375743,0.0760002,-0.0230049,0.0529976,3.27579e-05,-0.707105,-3.27581e-05,0.707108
