# Timestamp, Fx, Fy, Fz, Tx, Ty, Tz, FemurPosX, FemurPosY, FemurPosZ, FemurQuatW, FemurQuatX, FemurQuatY, FemurQuatZ, TibiaPosX, TibiaPosY, TibiaPosZ, TibiaQuatW, TibiaQuatX, TibiaQuatY, TibiaQuatZ
0.019846439361572266,6.5263185775166015,5.655547559789152,-7.887392331446697,1.5,-0.8359481139557667,-1.1710306583575691,0.0,50.0,20.0,1.0,0.0,0.0,0.0,-369.28932188134524,70.0,79.28932188134524,0.9238795325112867,0.0,0.3826834323650898,0.0
0.04836916923522949,6.349705994152905,5.106480148006836,-7.806207503159565,1.5,-0.7283575454455367,-1.2495605553471343,0.0,50.0,20.0,1.0,0.0,0.0,0.0,-369.28932188134524,70.0,79.28932188134524,0.9238795325112867,0.0,0.3826834323650898,0.0
0.07871556282043457,6.480728688766139,5.177085286712059,-8.232652067419552,1.5,-0.6553373489990858,-1.1881425388135547,0.0,50.0,20.0,1.0,0.0,0.0,0.0,-369.28932188134524,70.0,79.28932188134524,0.9238795325112867,0.0,0.3826834323650898,0.0
0.10892605781555176,6.081913658656319,5.485569101672759,-8.75179836895484,1.4453801944802604,-0.7468205122753451,-1.1865762146883176,0.0,50.0,20.0,1.0,0.0,0.0,0.0,-369.28932188134524,70.0,79.28932188134524,0.9238795325112867,0.0,0.3826834323650898,0.0
0.14000248908996582,6.417039642250492,4.833614545388887,-8.107997284473308,1.5,-0.6837764603554239,-1.1021643998175015,0.0,50.0,20.0,1.0,0.0,0.0,0.0,-369.28932188134524,70.0,79.28932188134524,0.9238795325112867,0.0,0.3826834323650898,0.0
0.17069125175476074,6.20962206973587,5.325626982529914,-8.259957863426898,1.5,-0.6879568231918294,-1.0888418641899251,0.0,50.0,20.0,1.0,0.0,0.0,0.0,-369.28932188134524,70.0,79.28932188134524,0.9238795325112867,0.0,0.3826834323650898,0.0
0.20032548904418945,6.532644388306905,4.993841896076857,-8.077991392070189,1.31149340466789,-0.8167212568083213,-1.2100751726994525,0.0,50.0,20.0,1.0,0.0,0.0,0.0,-369.28932188134524,70.0,79.28932188134524,0.9238795325112867,0.0,0.3826834323650898,0.0
0.23108696937561035,7.239902185552066,4.670517366991289,-7.94799746894648,1.471291416583151,-0.9104499901527119,-1.2319862807587563,0.0,50.0,20.0,1.0,0.0,0.0,0.0,-369.28932188134524,70.0,79.28932188134524,0.9238795325112867,0.0,0.3826834323650898,0.0
0.2607088088989258,6.940746744070494,4.825244047372652,-7.753130979980232,1.4420946340828318,-1.0787366721884029,-1.1411844002060372,0.0,50.0,20.0,1.0,0.0,0.0,0.0,-369.28932188134524,70.0,79.28932188134524,0.9238795325112867,0.0,0.3826834323650898,0.0
0.2922203540802002,7.486027840130895,4.198613690302724,-7.4198048230338784,1.5,-1.0946037922226761,-1.0125931898138187,0.0,50.0,20.0,1.0,0.0,0.0,0.0,-369.28932188134524,70.0,79.28932188134524,0.9238795325112867,0.0,0.3826834323650898,0.0
0.32193541526794434,6.714789615316538,4.615307523458003,-6.798197827858134,1.4477354092481216,-1.0445815135642453,-1.107049385670745,0.0,50.0,20.0,1.0,0.0,0.0,0.0,-369.28932188134524,70.0,79.28932188134524,0.9238795325112867,0.0,0.3826834323650898,0.0
0.35245490074157715,6.448520909594025,4.182392397957052,-6.327766518324761,1.5,-1.0418967341154075,-1.2864606587069514,0.0,50.0,20.0,1.0,0.0,0.0,0.0,-369.28932188134524,70.0,79.28932188134524,0.9238795325112867,0.0,0.3826834323650898,0.0
0.38471412658691406,6.485881925396976,4.8847738788828625,-5.5539644284706045,1.4054024465952861,-0.9828347620251751,-1.15151858495723,0.0,50.0,20.0,1.0,0.0,0.0,0.0,-369.28932188134524,70.0,79.28932188134524,0.9238795325112867,0.0,0.3826834323650898,0.0
0.4146444797515869,6.996199228081052,4.123884064905463,-4.811986805201517,1.2955908588943894,-0.9339830808390563,-1.163890108703155,0.0,50.0,20.0,1.0,0.0,0.0,0.0,-369.28932188134524,70.0,79.28932188134524,0.9238795325112867,0.0,0.3826834323650898,0.0
0.4441821575164795,6.751334590725923,4.572676410656915,-4.651870187678299,1.0958501796257334,-0.8110616917998297,-1.1556847225061,0.0,50.0,20.0,1.0,0.0,0.0,0.0,-369.28932188134524,70.0,79.28932188134524,0.9238795325112867,0.0,0.3826834323650898,0.0
0.4748513698577881,7.148190279798376,4.968294072929417,-4.014548898774414,1.2364894841648293,-0.8556076877621098,-1.238251262262026,0.0,50.0,20.0,1.0,0.0,0.0,0.0,-369.28932188134524,70.0,79.28932188134524,0.9238795325112867,0.0,0.3826834323650898,0.0
0.5041861534118652,7.17925611532097,4.914478211007422,-3.740908503138148,1.1612277528205708,-1.02653880789304,-1.2255922856026946,0.0,50.0,20.0,1.0,0.0,0.0,0.0,-369.28932188134524,70.0,79.28932188134524,0.9238795325112867,0.0,0.3826834323650898,0.0
0.5366678237915039,6.711368226753373,4.4892699004920615,-3.6300774802704434,1.1936922786219002,-1.131320438129691,-1.1718698234767446,0.0,50.0,20.0,1.0,0.0,0.0,0.0,-369.28932188134524,70.0,79.28932188134524,0.9238795325112867,0.0,0.3826834323650898,0.0
0.566678524017334,6.553451617693908,4.415068687695337,-4.116465399153364,1.1515876902633706,-0.9476433610750254,-1.1184684518384258,0.0,50.0,20.0,1.0,0.0,0.0,0.0,-369.28932188134524,70.0,79.28932188134524,0.9238795325112867,0.0,0.3826834323650898,0.0
0.5972030162811279,5.859836472683611,4.951591579118797,-4.296837813897354,1.2019903593637253,-0.782527822486871,-1.2169459170003194,0.0,50.0,20.0,1.0,0.0,0.0,0.0,-369.28932188134524,70.0,79.28932188134524,0.9238795325112867,0.0,0.3826834323650898,0.0
0.627753734588623,6.458921894206029,5.430057140723033,-3.93452535601765,1.023809661101565,-0.5841199090256357,-1.3864620373016672,0.0,50.0,20.0,1.0,0.0,0.0,0.0,-369.28932188134524,70.0,79.28932188134524,0.9238795325112867,0.0,0.3826834323650898,0.0
0.6566779613494873,5.781780913904176,4.920044139409368,-4.378806115936509,1.1401031925986127,-0.5475921578015358,-1.3117961281058934,0.0,50.0,20.0,1.0,0.0,0.0,0.0,-369.28932188134524,70.0,79.28932188134524,0.9238795325112867,0.0,0.3826834323650898,0.0
0.6888847351074219,5.237729455702597,4.638895567069637,-4.512620754395639,1.1204303611202049,-0.724491640562757,-1.1597093894583592,0.0,50.0,20.0,1.0,0.0,0.0,0.0,-369.28932188134524,70.0,79.28932188134524,0.9238795325112867,0.0,0.3826834323650898,0.0
0.7190091609954834,5.849008293220201,4.627786257967854,-4.042387199688281,1.1394088301752645,-0.8525417679241626,-1.2773219375707767,0.0,50.0,20.0,1.0,0.0,0.0,0.0,-369.28932188134524,70.0,79.28932188134524,0.9238795325112867,0.0,0.3826834323650898,0.0
0.7493598461151123,6.377333489252937,4.234794235347964,-3.9944398241181314,0.9758966267840594,-0.9113595760955975,-1.2230403819160824,0.0,50.0,20.0,1.0,0.0,0.0,0.0,-369.28932188134524,70.0,79.28932188134524,0.9238795325112867,0.0,0.3826834323650898,0.0
0.7783031463623047,7.006036866270262,3.538703891564212,-3.794147048792116,1.0457809036537002,-1.0100000666605085,-1.2948213407415703,0.0,50.0,20.0,1.0,0.0,0.0,0.0,-369.28932188134524,70.0,79.28932188134524,0.9238795325112867,0.0,0.3826834323650898,0.0
0.8084120750427246,6.335681139726134,3.886852177026582,-3.6621371927588777,1.0654517273496966,-0.9771933849617533,-1.3542600516890555,0.0,50.0,20.0,1.0,0.0,0.0,0.0,-369.28932188134524,70.0,79.28932188134524,0.9238795325112867,0.0,0.3826834323650898,0.0
0.8405098915100098,5.999035571092546,4.467618145281539,-3.7955531192465104,1.2337415015798467,-0.8280231728028311,-1.5,0.0,50.0,20.0,1.0,0.0,0.0,0.0,-369.28932188134524,70.0,79.28932188134524,0.9238795325112867,0.0,0.3826834323650898,0.0
0.870826005935669,5.41109455016798,4.744370572154298,-3.399202850557013,1.4277823731895758,-0.8517976432746247,-1.3250426676840925,0.0,50.0,20.0,1.0,0.0,0.0,0.0,-369.28932188134524,70.0,79.28932188134524,0.9238795325112867,0.0,0.3826834323650898,0.0
0.90097975730896,4.699596808051348,4.9275164812015975,-3.7464856068232955,1.398322411638052,-0.8647942370254977,-1.4283196550094273,0.0,50.0,20.0,1.0,0.0,0.0,0.0,-369.28932188134524,70.0,79.28932188134524,0.9238795325112867,0.0,0.3826834323650898,0.0
0.931044340133667,5.308097946193966,4.2977290214656705,-4.219342792534886,1.2189820226358796,-0.9653857076663891,-1.5,0.0,50.0,20.0,1.0,0.0,0.0,0.0,-369.28932188134524,70.0,79.28932188134524,0.9238795325112867,0.0,0.3826834323650898,0.0
0.9612197875976562,5.087022465068761,4.242482462258405,-3.5513446611481436,1.3644023507969405,-1.1299158140929453,-1.3971987058531479,0.0,50.0,20.0,1.0,0.0,0.0,0.0,-369.28932188134524,70.0,79.28932188134524,0.9238795325112867,0.0,0.3826834323650898,0.0
0.9933841228485107,5.176810257410032,3.780428621762737,-3.443133039034384,1.2018101141962418,-1.1755909545233003,-1.3560909107921444,0.0,50.0,20.0,1.0,0.0,0.0,0.0,-369.28932188134524,70.0,79.28932188134524,0.9238795325112867,0.0,0.3826834323650898,0.0
1.023672103881836,4.832744625938749,3.3717384248717353,-3.193613863541637,1.0552182248471258,-1.3038624562136842,-1.2313803502432226,0.0,50.0,20.0,1.0,0.0,0.0,0.0,-369.28932188134524,70.0,79.28932188134524,0.9238795325112867,0.0,0.3826834323650898,0.0
1.0544273853302002,4.1886825226466184,4.054965708805702,-2.492583590632546,1.00076243867216,-1.3376471436222168,-1.1973818104227607,0.0,50.0,20.0,1.0,0.0,0.0,0.0,-369.28932188134524,70.0,79.28932188134524,0.9238795325112867,0.0,0.3826834323650898,0.0
1.0846514701843262,4.77046817886233,3.9547665214753938,-2.499942673750071,1.111126911110572,-1.3298962235100178,-1.1093855940339075,0.0,50.0,20.0,1.0,0.0,0.0,0.0,-369.28932188134524,70.0,79.28932188134524,0.9238795325112867,0.0,0.3826834323650898,0.0
1.1161625385284424,4.991791290488404,3.7070455934810367,-2.4197006658407876,0.9992835370337739,-1.2706716227333517,-1.179517675464474,0.0,50.0,20.0,1.0,0.0,0.0,0.0,-369.28932188134524,70.0,79.28932188134524,0.9238795325112867,0.0,0.3826834323650898,0.0
1.1446213722229004,4.478313385659968,3.574939274798176,-2.036303427263175,1.0352866001104186,-1.271292866647335,-1.0641238995132398,0.0,50.0,20.0,1.0,0.0,0.0,0.0,-369.28932188134524,70.0,79.28932188134524,0.9238795325112867,0.0,0.3826834323650898,0.0
1.1747543811798096,5.006979333315684,4.123642357016584,-1.3152958595605022,1.098742682934546,-1.0826694128313974,-0.9727518324823833,0.0,50.0,20.0,1.0,0.0,0.0,0.0,-369.28932188134524,70.0,79.28932188134524,0.9238795325112867,0.0,0.3826834323650898,0.0
1.2085590362548828,5.669274474881187,3.751087425674865,-0.7421501991219217,0.9666304561067726,-1.0572627260441236,-1.1212424432685382,0.0,50.0,20.0,1.0,0.0,0.0,0.0,-369.28932188134524,70.0,79.28932188134524,0.9238795325112867,0.0,0.3826834323650898,0.0
1.2409601211547852,5.08519878249498,3.195302222238188,-0.29990175001538266,0.9772147347006236,-1.1965577992772147,-1.0980266023615162,0.0,50.0,20.0,1.0,0.0,0.0,0.0,-369.28932188134524,70.0,79.28932188134524,0.9238795325112867,0.0,0.3826834323650898,0.0
1.2685151100158691,4.957931212157377,2.601625532960541,-0.407814686980975,0.8736241017150794,-1.1635313987496658,-1.038077388683977,0.0,50.0,20.0,1.0,0.0,0.0,0.0,-369.28932188134524,70.0,79.28932188134524,0.9238795325112867,0.0,0.3826834323650898,0.0
1.3051741123199463,4.52541749848019,3.067477744332649,0.13116817394122482,0.9648814309513347,-1.0205441491235243,-1.0074658452659102,0.0,50.0,20.0,1.0,0.0,0.0,0.0,-369.28932188134524,70.0,79.28932188134524,0.9238795325112867,0.0,0.3826834323650898,0.0
1.3274474143981934,5.089621344876468,3.0342529156535543,0.45480373874042057,1.086735792666076,-0.887393890799412,-0.9106996082003088,0.0,50.0,20.0,1.0,0.0,0.0,0.0,-369.28932188134524,70.0,79.28932188134524,0.9238795325112867,0.0,0.3826834323650898,0.0
1.356616735458374,4.554898228143241,2.8684329158780457,0.41371413956567127,1.0887745554642556,-0.7646436617470851,-0.7986944459150613,0.0,50.0,20.0,1.0,0.0,0.0,0.0,-369.28932188134524,70.0,79.28932188134524,0.9238795325112867,0.0,0.3826834323650898,0.0
1.389291524887085,3.8687963809094885,2.5319937910379133,0.7269051473648719,1.2638438741562192,-0.8421847400072565,-0.6638460120627514,0.0,50.0,20.0,1.0,0.0,0.0,0.0,-369.28932188134524,70.0,79.28932188134524,0.9238795325112867,0.0,0.3826834323650898,0.0
1.419109582901001,4.527066689495848,2.2491203513086173,0.1902341894698133,1.1973603076345878,-0.900071983740598,-0.5853471265926473,0.0,50.0,20.0,1.0,0.0,0.0,0.0,-369.28932188134524,70.0,79.28932188134524,0.9238795325112867,0.0,0.3826834323650898,0.0
1.4484913349151611,4.964603358865496,1.7747671988401874,0.05570478289270764,1.380815660524938,-1.0111677335425466,-0.6162767962829268,0.0,50.0,20.0,1.0,0.0,0.0,0.0,-369.28932188134524,70.0,79.28932188134524,0.9238795325112867,0.0,0.3826834323650898,0.0
1.4781603813171387,4.8339571091368425,2.30681934923931,0.22471769987197543,1.3698081160002085,-1.1023556618854156,-0.5594435063113656,0.0,50.0,20.0,1.0,0.0,0.0,0.0,-369.28932188134524,70.0,79.28932188134524,0.9238795325112867,0.0,0.3826834323650898,0.0
1.5084831714630127,4.439256389093852,2.2548332326043896,0.3599887000455282,1.4583294342158803,-0.9759998204744642,-0.49011310415695186,0.0,50.0,20.0,1.0,0.0,0.0,0.0,-369.28932188134524,70.0,79.28932188134524,0.9238795325112867,0.0,0.3826834323650898,0.0
1.5404481887817383,4.91819544539151,3.0431114429875006,0.15468585466554385,1.5,-1.1286646336121664,-0.44905682688810855,0.0,50.0,20.0,1.0,0.0,0.0,0.0,-369.28932188134524,70.0,79.28932188134524,0.9238795325112867,0.0,0.3826834323650898,0.0
1.5702266693115234,5.0659871275417245,2.720276127510249,0.37016308155407773,1.5,-0.9375391492022502,-0.41917298445159,0.0,50.0,20.0,1.0,0.0,0.0,0.0,-369.28932188134524,70.0,79.28932188134524,0.9238795325112867,0.0,0.3826834323650898,0.0
1.6009645462036133,4.959205054110518,2.0160034090930115,-0.027945277857126083,1.305997967899701,-1.1204263846992004,-0.25127902411527625,0.0,50.0,20.0,1.0,0.0,0.0,0.0,-369.28932188134524,70.0,79.28932188134524,0.9238795325112867,0.0,0.3826834323650898,0.0
1.6302196979522705,5.299854481705832,1.9944447494760875,0.19236573115857047,1.1864114649440418,-0.9778352934612653,-0.1590971444225494,0.0,50.0,20.0,1.0,0.0,0.0,0.0,-369.28932188134524,70.0,79.28932188134524,0.9238795325112867,0.0,0.3826834323650898,0.0
1.6608712673187256,5.168532742604757,2.0293819213463102,0.457914488793453,1.1594873995004067,-0.9726893589966258,-0.23475717821164913,0.0,50.0,20.0,1.0,0.0,0.0,0.0,-369.28932188134524,70.0,79.28932188134524,0.9238795325112867,0.0,0.3826834323650898,0.0
1.6926121711730957,4.575731826160939,2.805477862307611,0.055072821375357295,1.1000913588524912,-1.0679645098844857,-0.17518142517956561,0.0,50.0,20.0,1.0,0.0,0.0,0.0,-369.28932188134524,70.0,79.28932188134524,0.9238795325112867,0.0,0.3826834323650898,0.0
1.7223734855651855,5.315995658684949,2.3337900237998634,0.057836766034401466,1.1342583848204635,-1.0491190510027306,-0.2460844247783902,0.0,50.0,20.0,1.0,0.0,0.0,0.0,-369.28932188134524,70.0,79.28932188134524,0.9238795325112867,0.0,0.3826834323650898,0.0
1.7522857189178467,5.554798794639538,2.9475005179602576,-0.2081891664981379,0.9651046763620672,-0.9663752928390952,-0.3531190952001783,0.0,50.0,20.0,1.0,0.0,0.0,0.0,-369.28932188134524,70.0,79.28932188134524,0.9238795325112867,0.0,0.3826834323650898,0.0
1.785630464553833,6.2910199972609515,3.1287971937897816,0.35576899715211363,0.9010821466596617,-0.8373242621340293,-0.3039401890851826,0.0,50.0,20.0,1.0,0.0,0.0,0.0,-369.28932188134524,70.0,79.28932188134524,0.9238795325112867,0.0,0.3826834323650898,0.0
1.8143959045410156,6.557474062717298,3.576539549275118,-0.17846056943111055,0.8908571748936216,-0.7975995611141247,-0.14159517824186318,0.0,50.0,20.0,1.0,0.0,0.0,0.0,-369.28932188134524,70.0,79.28932188134524,0.9238795325112867,0.0,0.3826834323650898,0.0
1.8438267707824707,6.023585398513907,4.367177595576044,-0.7595824940112822,1.080612521435693,-0.9451843856107149,-0.3345451940675881,0.0,50.0,20.0,1.0,0.0,0.0,0.0,-369.28932188134524,70.0,79.28932188134524,0.9238795325112867,0.0,0.3826834323650898,0.0
1.8743457794189453,6.79291781941753,4.797626732797469,-0.7330204458440827,1.1709977372937148,-1.0117133503209879,-0.4089098142373343,0.0,50.0,20.0,1.0,0.0,0.0,0.0,-369.28932188134524,70.0,79.28932188134524,0.9238795325112867,0.0,0.3826834323650898,0.0
1.9052891731262207,6.486691771784717,4.3375593707513875,-0.5486758396687283,1.2590571400868298,-1.0916928272929753,-0.45862090073127887,0.0,50.0,20.0,1.0,0.0,0.0,0.0,-369.28932188134524,70.0,79.28932188134524,0.9238795325112867,0.0,0.3826834323650898,0.0
1.9366390705108643,6.639599584696613,4.924925583029569,-0.47354025560204915,1.3557246014370752,-0.894962869259483,-0.28410966421176365,0.0,50.0,20.0,1.0,0.0,0.0,0.0,-369.28932188134524,70.0,79.28932188134524,0.9238795325112867,0.0,0.3826834323650898,0.0
1.9672772884368896,6.406860751426561,4.230360641197792,-0.3204980028087481,1.4498063191436692,-1.0631402353481691,-0.09188104585062978,0.0,50.0,20.0,1.0,0.0,0.0,0.0,-369.28932188134524,70.0,79.28932188134524,0.9238795325112867,0.0,0.3826834323650898,0.0
1.9971237182617188,6.234704237275396,4.332451711580597,-0.0378013964570616,1.420861259425816,-1.2179696892893113,-0.23377544232766398,0.0,50.0,20.0,1.0,0.0,0.0,0.0,-369.28932188134524,70.0,79.28932188134524,0.9238795325112867,0.0,0.3826834323650898,0.0
2.026815891265869,5.690477257717363,4.095265660621149,0.6361988186260936,1.467254392259917,-1.1676520995413693,-0.33502330695052446,0.0,50.0,20.0,1.0,0.0,0.0,0.0,-369.28932188134524,70.0,79.28932188134524,0.9238795325112867,0.0,0.3826834323650898,0.0
2.057386636734009,5.079542894183492,3.882812160096998,0.9106439822143348,1.4738211464226747,-1.240298754971561,-0.21636056020496325,0.0,50.0,20.0,1.0,0.0,0.0,0.0,-369.28932188134524,70.0,79.28932188134524,0.9238795325112867,0.0,0.3826834323650898,0.0
2.0879199504852295,4.421289773274282,4.552655419651213,1.2028787420857934,1.4187974703490602,-1.087324671948603,-0.18031075710808506,0.0,50.0,20.0,1.0,0.0,0.0,0.0,-369.28932188134524,70.0,79.28932188134524,0.9238795325112867,0.0,0.3826834323650898,0.0
2.118938684463501,3.6583699194088575,4.580169493725988,1.0512736376424878,1.2691891551098797,-1.1393772281856502,-0.1636830395188032,0.0,50.0,20.0,1.0,0.0,0.0,0.0,-369.28932188134524,70.0,79.28932188134524,0.9238795325112867,0.0,0.3826834323650898,0.0
2.148145914077759,3.170351843030731,4.569007523997355,0.896418490433587,1.261410312676427,-1.1001502677544486,-0.16240700751430848,0.0,50.0,20.0,1.0,0.0,0.0,0.0,-369.28932188134524,70.0,79.28932188134524,0.9238795325112867,0.0,0.3826834323650898,0.0
2.179094076156616,2.37239155721858,5.131442010073291,0.8625221915866885,1.4175688589672024,-1.1128167504175193,-0.32244313032414046,0.0,50.0,20.0,1.0,0.0,0.0,0.0,-369.28932188134524,70.0,79.28932188134524,0.9238795325112867,0.0,0.3826834323650898,0.0
2.2080612182617188,2.942077299377793,5.467748979942522,1.233182175489758,1.325228459126057,-0.9732259398468943,-0.4667456613227448,0.0,50.0,20.0,1.0,0.0,0.0,0.0,-369.28932188134524,70.0,79.28932188134524,0.9238795325112867,0.0,0.3826834323650898,0.0
2.239659309387207,2.472359760595502,5.233254840221789,0.5804955102881013,1.4474222443785596,-0.84285404692526,-0.34632823520112577,0.0,50.0,20.0,1.0,0.0,0.0,0.0,-369.28932188134524,70.0,79.28932188134524,0.9238795325112867,0.0,0.3826834323650898,0.0
2.2703239917755127,2.4009859362246315,5.576153260083772,1.173170582573373,1.2984217094775976,-0.9638932264798155,-0.2988697037010355,0.0,50.0,20.0,1.0,0.0,0.0,0.0,-369.28932188134524,70.0,79.28932188134524,0.9238795325112867,0.0,0.3826834323650898,0.0
2.3008220195770264,2.4002523554752306,5.6688079778064155,0.4672716805132844,1.364570105694912,-1.089849299561144,-0.25968422198904484,0.0,50.0,20.0,1.0,0.0,0.0,0.0,-369.28932188134524,70.0,79.28932188134524,0.9238795325112867,0.0,0.3826834323650898,0.0
2.330697536468506,1.890399218503171,5.9656194501018565,0.4801613455644431,1.5,-1.2629593620147306,-0.10461049631130231,0.0,50.0,20.0,1.0,0.0,0.0,0.0,-369.28932188134524,70.0,79.28932188134524,0.9238795325112867,0.0,0.3826834323650898,0.0
2.360581636428833,1.1816691828791486,5.926091841950547,0.248736581010641,1.3829233391935833,-1.0904767192104476,-0.06760233606775942,0.0,50.0,20.0,1.0,0.0,0.0,0.0,-369.28932188134524,70.0,79.28932188134524,0.9238795325112867,0.0,0.3826834323650898,0.0
2.3926217555999756,1.1242610495854155,5.8010049019548084,0.8277522976565381,1.1848670044581557,-0.9998004414755326,-0.01745211924584314,0.0,50.0,20.0,1.0,0.0,0.0,0.0,-369.28932188134524,70.0,79.28932188134524,0.9238795325112867,0.0,0.3826834323650898,0.0
2.422424793243408,0.9886207617051659,5.278870122384719,0.8519911623882905,0.9891631300550294,-1.0207831294032395,-0.14153948698187713,0.0,50.0,20.0,1.0,0.0,0.0,0.0,-369.28932188134524,70.0,79.28932188134524,0.9238795325112867,0.0,0.3826834323650898,0.0
2.4521214962005615,0.3714145545788222,5.672415408443629,0.480780975520967,1.0044154413185507,-1.1221230341723107,-0.30062187302089016,0.0,50.0,20.0,1.0,0.0,0.0,0.0,-369.28932188134524,70.0,79.28932188134524,0.9238795325112867,0.0,0.3826834323650898,0.0
2.4844112396240234,0.7828728533029065,5.6460936162007185,0.9232219674624583,1.004474600621642,-1.2419302577960787,-0.15615613582097726,0.0,50.0,20.0,1.0,0.0,0.0,0.0,-369.28932188134524,70.0,79.28932188134524,0.9238795325112867,0.0,0.3826834323650898,0.0
2.5141141414642334,0.9456805978665808,6.043756566031067,1.1282163458174774,0.9225132454216576,-1.1510006212368997,-0.32945302468010385,0.0,50.0,20.0,1.0,0.0,0.0,0.0,-369.28932188134524,70.0,79.28932188134524,0.9238795325112867,0.0,0.3826834323650898,0.0
2.544606924057007,0.8943244683107241,6.034916780424009,0.8434042901257087,0.890385783000272,-1.1713814808607865,-0.39922738843519656,0.0,50.0,20.0,1.0,0.0,0.0,0.0,-369.28932188134524,70.0,79.28932188134524,0.9238795325112867,0.0,0.3826834323650898,0.0
2.5749075412750244,0.2515646875648312,5.651828059026264,1.4131525225586046,0.8672954973013226,-1.2724546051430858,-0.588594333618249,0.0,50.0,20.0,1.0,0.0,0.0,0.0,-369.28932188134524,70.0,79.28932188134524,0.9238795325112867,0.0,0.3826834323650898,0.0
2.6044483184814453,0.6290330529914596,6.309190835325337,1.6873673386110726,0.8135656792787089,-1.1862862753822065,-0.41275844097084685,0.0,50.0,20.0,1.0,0.0,0.0,0.0,-369.28932188134524,70.0,79.28932188134524,0.9238795325112867,0.0,0.3826834323650898,0.0
2.6360678672790527,0.14200451015066262,5.9434756745516015,1.8853989130505353,0.7432353477428835,-1.116248555854086,-0.32468113028435924,0.0,50.0,20.0,1.0,0.0,0.0,0.0,-369.28932188134524,70.0,79.28932188134524,0.9238795325112867,0.0,0.3826834323650898,0.0
2.6660683155059814,-0.5482704046873467,5.294700522511269,1.0995222330210637,0.5758536647627586,-1.2145704835581157,-0.2578302944572728,0.0,50.0,20.0,1.0,0.0,0.0,0.0,-369.28932188134524,70.0,79.28932188134524,0.9238795325112867,0.0,0.3826834323650898,0.0
2.6967689990997314,-0.849746350159738,5.804645614386823,1.6207464957067081,0.7398097720175156,-1.2814338437457098,-0.059808912050718865,0.0,50.0,20.0,1.0,0.0,0.0,0.0,-369.28932188134524,70.0,79.28932188134524,0.9238795325112867,0.0,0.3826834323650898,0.0
2.7266008853912354,-0.16307022319297304,5.196862270451939,1.9508444103427345,0.798886512871629,-1.14488296270481,-0.1442550648657407,0.0,50.0,20.0,1.0,0.0,0.0,0.0,-369.28932188134524,70.0,79.28932188134524,0.9238795325112867,0.0,0.3826834323650898,0.0
2.7563438415527344,-0.23996300559017392,5.9213884568101784,2.2381049930974677,0.7795952267045848,-1.156395212995289,-0.1922123367478694,0.0,50.0,20.0,1.0,0.0,0.0,0.0,-369.28932188134524,70.0,79.28932188134524,0.9238795325112867,0.0,0.3826834323650898,0.0
2.7883646488189697,-0.8293774406314357,5.25660748158295,2.583625045585867,0.8197493124547878,-1.1287419910178413,-0.20484570718742137,0.0,50.0,20.0,1.0,0.0,0.0,0.0,-369.28932188134524,70.0,79.28932188134524,0.9238795325112867,0.0,0.3826834323650898,0.0
2.8181240558624268,-0.4019311944087568,4.914220615768683,2.2055994204832965,0.7863590854708773,-1.2979872750169739,-0.18685582530414188,0.0,50.0,20.0,1.0,0.0,0.0,0.0,-369.28932188134524,70.0,79.28932188134524,0.9238795325112867,0.0,0.3826834323650898,0.0
2.848315715789795,-0.3770097923198886,4.688758696238824,2.665712620960745,0.6169785543337631,-1.4575460296041123,-0.24382730512786271,0.0,50.0,20.0,1.0,0.0,0.0,0.0,-369.28932188134524,70.0,79.28932188134524,0.9238795325112867,0.0,0.3826834323650898,0.0
2.8788411617279053,-1.137411476223464,4.072884874475217,2.679591099066188,0.5453483117934513,-1.482633034494089,-0.2394836640088609,0.0,50.0,20.0,1.0,0.0,0.0,0.0,-369.28932188134524,70.0,79.28932188134524,0.9238795325112867,0.0,0.3826834323650898,0.0
2.9079842567443848,-1.6072401407278716,3.591200873768323,2.5750868292434284,0.4511675321806841,-1.29434100808965,-0.1608745798261949,0.0,50.0,20.0,1.0,0.0,0.0,0.0,-369.28932188134524,70.0,79.28932188134524,0.9238795325112867,0.0,0.3826834323650898,0.0
2.9408481121063232,-0.8084245626825186,2.8457470188357155,2.9216064509787874,0.5037275864931661,-1.3169883521490513,-0.22802915057802783,0.0,50.0,20.0,1.0,0.0,0.0,0.0,-369.28932188134524,70.0,79.28932188134524,0.9238795325112867,0.0,0.3826834323650898,0.0
2.9708495140075684,-0.6229796170876298,3.63645365585466,2.6041318873924393,0.42436540481686674,-1.21863678943356,-0.239732156990493,0.0,50.0,20.0,1.0,0.0,0.0,0.0,-369.28932188134524,70.0,79.28932188134524,0.9238795325112867,0.0,0.3826834323650898,0.0
3.0002474784851074,-1.1316973936570156,3.848621866913239,2.7208570468140763,0.3984872758873619,-1.2135238144719773,-0.2832838328224869,0.0,50.0,20.0,1.0,0.0,0.0,0.0,-369.28932188134524,70.0,79.28932188134524,0.9238795325112867,0.0,0.3826834323650898,0.0
3.030442237854004,-1.3655825347736705,3.063846950707735,2.541775883432537,0.2911044298067354,-1.0231657204121158,-0.41408268221979033,0.0,50.0,20.0,1.0,0.0,0.0,0.0,-369.28932188134524,70.0,79.28932188134524,0.9238795325112867,0.0,0.3826834323650898,0.0
3.0602962970733643,-0.8052493874682194,3.7575807879328886,2.9111657169961163,0.2743328756969613,-1.1466667853503063,-0.5994828801691952,0.0,50.0,20.0,1.0,0.0,0.0,0.0,-369.28932188134524,70.0,79.28932188134524,0.9238795325112867,0.0,0.3826834323650898,0.0
3.0930137634277344,-0.08269400544399308,4.2658808491445726,3.046129969611833,0.32086982913389733,-0.9903371559767835,-0.5662679070390785,0.0,50.0,20.0,1.0,0.0,0.0,0.0,-369.28932188134524,70.0,79.28932188134524,0.9238795325112867,0.0,0.3826834323650898,0.0
3.1224911212921143,0.27606600278093363,4.601401797214497,3.788699232085537,0.44792633380434355,-1.0051546960881774,-0.5028896037402506,0.0,50.0,20.0,1.0,0.0,0.0,0.0,-369.28932188134524,70.0,79.28932188134524,0.9238795325112867,0.0,0.3826834323650898,0.0
3.1539857387542725,-0.4266139550145186,4.029845550402534,4.433581368939952,0.3347786614065984,-0.8219077609746416,-0.4930757837919991,0.0,50.0,20.0,1.0,0.0,0.0,0.0,-369.28932188134524,70.0,79.28932188134524,0.9238795325112867,0.0,0.3826834323650898,0.0
3.1845052242279053,0.29197551036297453,4.155512116235861,4.130386333877253,0.17866974760946863,-0.936422311303002,-0.46937277687233336,0.0,50.0,20.0,1.0,0.0,0.0,0.0,-369.28932188134524,70.0,79.28932188134524,0.9238795325112867,0.0,0.3826834323650898,0.0
3.214585065841675,-0.4070405764449675,4.561631714299187,4.063989396743358,0.12730559237051062,-0.7871431561210049,-0.6558047004998492,0.0,50.0,20.0,1.0,0.0,0.0,0.0,-369.28932188134524,70.0,79.28932188134524,0.9238795325112867,0.0,0.3826834323650898,0.0
3.2446677684783936,0.23121612975746852,3.880345829246507,4.743488217823794,0.03601989903514338,-0.882379237364765,-0.543494055637139,0.0,50.0,20.0,1.0,0.0,0.0,0.0,-369.28932188134524,70.0,79.28932188134524,0.9238795325112867,0.0,0.3826834323650898,0.0
3.274437189102173,0.24381657888196806,4.508861166489453,5.443667329242196,0.01853965560223783,-0.8619852170056477,-0.34719974955565786,0.0,50.0,20.0,1.0,0.0,0.0,0.0,-369.28932188134524,70.0,79.28932188134524,0.9238795325112867,0.0,0.3826834323650898,0.0
3.304640054702759,0.5632671247678177,4.487663451943843,4.867163237573601,-0.10108555593703099,-0.9295488175097866,-0.2795745415103104,0.0,50.0,20.0,1.0,0.0,0.0,0.0,-369.28932188134524,70.0,79.28932188134524,0.9238795325112867,0.0,0.3826834323650898,0.0
3.33705997467041,1.309640794731513,4.748138786641263,5.357742781547393,0.05351888700333608,-1.0767767650249573,-0.3313350873084707,0.0,50.0,20.0,1.0,0.0,0.0,0.0,-369.28932188134524,70.0,79.28932188134524,0.9238795325112867,0.0,0.3826834323650898,0.0
3.366057872772217,1.8245744665364134,5.108819436287625,6.030873728078577,0.1691194086484925,-1.21388549707774,-0.47800466078864357,0.0,50.0,20.0,1.0,0.0,0.0,0.0,-369.28932188134524,70.0,79.28932188134524,0.9238795325112867,0.0,0.3826834323650898,0.0
3.3971505165100098,1.7896990984432852,4.868002277052419,5.764432563505484,-0.010068852642003856,-1.2332659731118023,-0.28682632643195055,0.0,50.0,20.0,1.0,0.0,0.0,0.0,-369.28932188134524,70.0,79.28932188134524,0.9238795325112867,0.0,0.3826834323650898,0.0
3.4263625144958496,2.3508539707365745,5.133277740030057,5.3569898688986735,0.029329347306373016,-1.1150261921900528,-0.2259963780602492,0.0,50.0,20.0,1.0,0.0,0.0,0.0,-369.28932188134524,70.0,79.28932188134524,0.9238795325112867,0.0,0.3826834323650898,0.0
3.456484079360962,2.7451020016991183,5.060248452752635,5.514349899023582,0.11418151280185782,-0.9830033943223069,-0.4127139286618148,0.0,50.0,20.0,1.0,0.0,0.0,0.0,-369.28932188134524,70.0,79.28932188134524,0.9238795325112867,0.0,0.3826834323650898,0.0
3.4883570671081543,1.9955469000975445,5.34499313029235,5.881569866992893,0.05888719887735902,-1.1736369176880221,-0.5321936124578329,0.0,50.0,20.0,1.0,0.0,0.0,0.0,-369.28932188134524,70.0,79.28932188134524,0.9238795325112867,0.0,0.3826834323650898,0.0
3.5190088748931885,2.1363861775294177,4.763846218606259,6.530606170415219,0.07750452705209918,-1.2781729133236372,-0.41850006811111734,0.0,50.0,20.0,1.0,0.0,0.0,0.0,-369.28932188134524,70.0,79.28932188134524,0.9238795325112867,0.0,0.3826834323650898,0.0
3.548840045928955,2.3444482986088677,4.230103616274912,6.879801407606748,0.24152548848673397,-1.1998853337733015,-0.26834099236327374,0.0,50.0,20.0,1.0,0.0,0.0,0.0,-369.28932188134524,70.0,79.28932188134524,0.9238795325112867,0.0,0.3826834323650898,0.0
3.5784313678741455,3.0517964835292695,4.495440304991493,7.143539231503137,0.11132771702170483,-1.3371763497550426,-0.10304410629656446,0.0,50.0,20.0,1.0,0.0,0.0,0.0,-369.28932188134524,70.0,79.28932188134524,0.9238795325112867,0.0,0.3826834323650898,0.0
3.6082875728607178,2.7765989315236554,4.758196946493079,6.383637451537969,0.19493589530856645,-1.2046955254331015,0.06731560537626585,0.0,50.0,20.0,1.0,0.0,0.0,0.0,-369.28932188134524,70.0,79.28932188134524,0.9238795325112867,0.0,0.3826834323650898,0.0
3.6400961875915527,2.6400921016549836,5.065368609461569,5.764773700257661,0.03971557447336102,-1.1034191798581834,-0.10704752346696034,0.0,50.0,20.0,1.0,0.0,0.0,0.0,-369.28932188134524,70.0,79.28932188134524,0.9238795325112867,0.0,0.3826834323650898,0.0
3.6703007221221924,2.9617126387962154,5.7743047442517526,5.360530926503818,0.1869262863249083,-1.077504164806625,-0.25916303805601465,0.0,50.0,20.0,1.0,0.0,0.0,0.0,-369.28932188134524,70.0,79.28932188134524,0.9238795325112867,0.0,0.3826834323650898,0.0
3.700427532196045,3.175382331905295,5.559229181356204,4.583328247356044,0.29117868165021443,-0.9574052231126351,-0.20749890141863297,0.0,50.0,20.0,1.0,0.0,0.0,0.0,-369.28932188134524,70.0,79.28932188134524,0.9238795325112867,0.0,0.3826834323650898,0.0
3.731555700302124,3.786970502132421,5.170981712786592,4.685717067258269,0.4150110689706011,-0.8709851478476407,-0.34881045060065097,0.0,50.0,20.0,1.0,0.0,0.0,0.0,-369.28932188134524,70.0,79.28932188134524,0.9238795325112867,0.0,0.3826834323650898,0.0
3.759763240814209,3.945167638343154,4.615128362665825,4.858524143766866,0.23212550243840205,-1.0551476935862747,-0.5141343435161023,0.0,50.0,20.0,1.0,0.0,0.0,0.0,-369.28932188134524,70.0,79.28932188134524,0.9238795325112867,0.0,0.3826834323650898,0.0
3.792511463165283,4.105975732982008,5.145969821430005,4.979283784864866,0.24838989583153231,-0.9050904824769652,-0.5669461136587786,0.0,50.0,20.0,1.0,0.0,0.0,0.0,-369.28932188134524,70.0,79.28932188134524,0.9238795325112867,0.0,0.3826834323650898,0.0
3.822518825531006,3.7769026344613965,5.305290218057387,4.819005164687857,0.12175304794980893,-1.0475707066316131,-0.6165245113858923,0.0,50.0,20.0,1.0,0.0,0.0,0.0,-369.28932188134524,70.0,79.28932188134524,0.9238795325112867,0.0,0.3826834323650898,0.0
3.8517308235168457,4.170879267390733,5.401005685026629,4.363129573748891,0.08313989665531465,-0.9632739563788543,-0.548107758688237,0.0,50.0,20.0,1.0,0.0,0.0,0.0,-369.28932188134524,70.0,79.28932188134524,0.9238795325112867,0.0,0.3826834323650898,0.0
3.8844923973083496,3.713445843913819,6.081627197952847,4.055567915633009,0.2781520312197313,-0.7884709164881628,-0.6506925022620058,0.0,50.0,20.0,1.0,0.0,0.0,0.0,-369.28932188134524,70.0,79.28932188134524,0.9238795325112867,0.0,0.3826834323650898,0.0
3.914001226425171,3.0454025779952256,6.021851102385329,4.568345481349542,0.169813194048333,-0.8783323246563298,-0.6870831296353013,0.0,50.0,20.0,1.0,0.0,0.0,0.0,-369.28932188134524,70.0,79.28932188134524,0.9238795325112867,0.0,0.3826834323650898,0.0
3.94441556930542,3.3788829260432194,5.9597344491974455,4.474994701817087,0.19384839432513454,-0.8315099016306919,-0.869758618190102,0.0,50.0,20.0,1.0,0.0,0.0,0.0,-369.28932188134524,70.0,79.28932188134524,0.9238795325112867,0.0,0.3826834323650898,0.0
3.973932981491089,3.0095387841421033,6.136844955742265,4.302988038481879,0.22002072789902233,-0.6319215282984103,-0.889993894733256,0.0,50.0,20.0,1.0,0.0,0.0,0.0,-369.28932188134524,70.0,79.28932188134524,0.9238795325112867,0.0,0.3826834323650898,0.0
4.003985404968262,2.5940468316257297,5.746458115952531,4.047583520153747,0.4181204414153298,-0.4319572202407194,-0.8411619965775472,0.0,50.0,20.0,1.0,0.0,0.0,0.0,-369.28932188134524,70.0,79.28932188134524,0.9238795325112867,0.0,0.3826834323650898,0.0
4.037018299102783,2.3479387416235364,4.98955750716353,3.3193276589104226,0.38611996796203024,-0.2938138980187457,-0.7863617462860937,0.0,50.0,20.0,1.0,0.0,0.0,0.0,-369.28932188134524,70.0,79.28932188134524,0.9238795325112867,0.0,0.3826834323650898,0.0
4.067084789276123,2.183642448162675,5.197216921360364,2.818681592910397,0.23230956698956354,-0.2744017394420551,-0.7890394096844243,0.0,50.0,20.0,1.0,0.0,0.0,0.0,-369.28932188134524,70.0,79.28932188134524,0.9238795325112867,0.0,0.3826834323650898,0.0
4.096949100494385,1.4181383531868224,4.791109620033636,2.97888140874332,0.07708908770508396,-0.16129005950164116,-0.8764474274277643,0.0,50.0,20.0,1.0,0.0,0.0,0.0,-369.28932188134524,70.0,79.28932188134524,0.9238795325112867,0.0,0.3826834323650898,0.0
4.126163959503174,2.1276866149419593,4.084809197260049,3.5226980418670797,-0.05127027021884198,-0.23525773100767358,-1.007599178832795,0.0,50.0,20.0,1.0,0.0,0.0,0.0,-369.28932188134524,70.0,79.28932188134524,0.9238795325112867,0.0,0.3826834323650898,0.0
4.15754508972168,2.517507395352575,4.36019836822571,3.277733753364244,0.043279059214623744,-0.42406012043226043,-1.1461669131665724,0.0,50.0,20.0,1.0,0.0,0.0,0.0,-369.28932188134524,70.0,79.28932188134524,0.9238795325112867,0.0,0.3826834323650898,0.0
4.188324928283691,2.832906213917557,4.053150396365736,2.63442329771443,-0.09488303705775242,-0.39209951361917667,-1.115461284502954,0.0,50.0,20.0,1.0,0.0,0.0,0.0,-369.28932188134524,70.0,79.28932188134524,0.9238795325112867,0.0,0.3826834323650898,0.0
4.219308376312256,3.5028047908236157,4.40262728088536,3.3481595933338273,-0.2707331103038855,-0.4365198182229617,-0.9531843364760533,0.0,50.0,20.0,1.0,0.0,0.0,0.0,-369.28932188134524,70.0,79.28932188134524,0.9238795325112867,0.0,0.3826834323650898,0.0
4.248843669891357,2.731671686274652,5.144641542916224,3.0420917995590115,-0.26082554088187454,-0.511674364457242,-0.8023355440042652,0.0,50.0,20.0,1.0,0.0,0.0,0.0,-369.28932188134524,70.0,79.28932188134524,0.9238795325112867,0.0,0.3826834323650898,0.0
4.278512716293335,3.4727667477908204,5.664248564929329,2.8970606691121814,-0.39725702041886213,-0.6479265835409029,-0.9312210069084244,0.0,50.0,20.0,1.0,0.0,0.0,0.0,-369.28932188134524,70.0,79.28932188134524,0.9238795325112867,0.0,0.3826834323650898,0.0
4.308269500732422,2.699683894647353,6.011298733770879,3.2053360737166567,-0.22204232043161948,-0.4575236546351551,-0.848940226749781,0.0,50.0,20.0,1.0,0.0,0.0,0.0,-369.28932188134524,70.0,79.28932188134524,0.9238795325112867,0.0,0.3826834323650898,0.0
4.3406431674957275,1.9977492337499734,5.242808948508953,2.9292314511160917,-0.07810661652942852,-0.49057312797122543,-0.9052570777607343,0.0,50.0,20.0,1.0,0.0,0.0,0.0,-369.28932188134524,70.0,79.28932188134524,0.9238795325112867,0.0,0.3826834323650898,0.0
4.370313405990601,1.4004497523024182,4.890263597189256,3.2081777286955218,-0.002126765457118429,-0.44035338178018096,-1.0830532263025974,0.0,50.0,20.0,1.0,0.0,0.0,0.0,-369.28932188134524,70.0,79.28932188134524,0.9238795325112867,0.0,0.3826834323650898,0.0
4.400413274765015,1.2190199781850581,5.561677672616275,2.706070529070521,0.058805423617041,-0.42763710927311793,-0.8904476944716158,0.0,50.0,20.0,1.0,0.0,0.0,0.0,-369.28932188134524,70.0,79.28932188134524,0.9238795325112867,0.0,0.3826834323650898,0.0
4.4311606884002686,1.9466077845699783,5.457344638888198,3.041767792386775,0.103169453294402,-0.616758081311151,-0.7662949756996724,0.0,50.0,20.0,1.0,0.0,0.0,0.0,-369.28932188134524,70.0,79.28932188134524,0.9238795325112867,0.0,0.3826834323650898,0.0
4.4606852531433105,2.332014325192854,6.086356393504438,3.0325787290913553,0.2816639166869884,-0.7860707348796565,-0.5916319587642673,0.0,50.0,20.0,1.0,0.0,0.0,0.0,-369.28932188134524,70.0,79.28932188134524,0.9238795325112867,0.0,0.3826834323650898,0.0
4.492136478424072,2.1573281965869664,5.750212137590425,3.774359692557609,0.38398158197025417,-0.8446706330994548,-0.4980251406124044,0.0,50.0,20.0,1.0,0.0,0.0,0.0,-369.28932188134524,70.0,79.28932188134524,0.9238795325112867,0.0,0.3826834323650898,0.0
4.522181272506714,2.4814234767322834,6.49947291345975,3.154328202876539,0.41942471829411204,-0.8691468738030471,-0.3260337633343774,0.0,50.0,20.0,1.0,0.0,0.0,0.0,-369.28932188134524,70.0,79.28932188134524,0.9238795325112867,0.0,0.3826834323650898,0.0
4.552766799926758,1.9275740931537904,6.043037066667567,3.756420997827064,0.5714158474396038,-1.014924808343437,-0.3350797182207131,0.0,50.0,20.0,1.0,0.0,0.0,0.0,-369.28932188134524,70.0,79.28932188134524,0.9238795325112867,0.0,0.3826834323650898,0.0
4.584171772003174,2.2576983187671273,6.759284369185552,4.0879387959886895,0.7294525110713642,-0.8753115458787426,-0.45404027702812827,0.0,50.0,20.0,1.0,0.0,0.0,0.0,-369.28932188134524,70.0,79.28932188134524,0.9238795325112867,0.0,0.3826834323650898,0.0
4.614542007446289,2.139476603402904,6.532490791194844,4.476517980526777,0.7886310600223045,-0.8270640847363844,-0.6483916005939654,0.0,50.0,20.0,1.0,0.0,0.0,0.0,-369.28932188134524,70.0,79.28932188134524,0.9238795325112867,0.0,0.3826834323650898,0.0
4.644246578216553,1.7892096590873237,6.025781475681768,4.180955659557009,0.9268837079601777,-1.008394285033927,-0.5725286686655005,0.0,50.0,20.0,1.0,0.0,0.0,0.0,-369.28932188134524,70.0,79.28932188134524,0.9238795325112867,0.0,0.3826834323650898,0.0
4.674474239349365,2.130935987136418,6.413038927846329,3.4593229433423973,1.1230975582595515,-0.9818918139130102,-0.7452964387351976,0.0,50.0,20.0,1.0,0.0,0.0,0.0,-369.28932188134524,70.0,79.28932188134524,0.9238795325112867,0.0,0.3826834323650898,0.0
4.704089164733887,1.4367033779004081,6.268252221100107,3.581790709062566,1.0278461434335457,-0.8308335283554474,-0.5683074442035934,0.0,50.0,20.0,1.0,0.0,0.0,0.0,-369.28932188134524,70.0,79.28932188134524,0.9238795325112867,0.0,0.3826834323650898,0.0
4.736243963241577,0.6475184383057558,5.992397435247416,3.2090985541234427,0.8747460835725406,-0.7051729081426898,-0.5972384030912918,0.0,50.0,20.0,1.0,0.0,0.0,0.0,-369.28932188134524,70.0,79.28932188134524,0.9238795325112867,0.0,0.3826834323650898,0.0
4.766367197036743,0.8821426845566537,5.410921479804611,2.9219389537976586,0.9741050979753133,-0.8756882291994865,-0.7093137610519433,0.0,50.0,20.0,1.0,0.0,0.0,0.0,-369.28932188134524,70.0,79.28932188134524,0.9238795325112867,0.0,0.3826834323650898,0.0
4.79649543762207,0.8430499013704902,5.923006530877352,2.2613015245730583,1.1459169391619217,-1.0068769017946742,-0.7789729785347295,0.0,50.0,20.0,1.0,0.0,0.0,0.0,-369.28932188134524,70.0,79.28932188134524,0.9238795325112867,0.0,0.3826834323650898,0.0
4.826247930526733,1.436557495706638,5.41872605686745,2.6550538262163697,1.3265168444343076,-0.9017756991113646,-0.9331944801536907,0.0,50.0,20.0,1.0,0.0,0.0,0.0,-369.28932188134524,70.0,79.28932188134524,0.9238795325112867,0.0,0.3826834323650898,0.0
4.856240272521973,0.7719117426296831,4.887194434049766,2.1878692212514204,1.371668279686407,-0.7949074996655305,-1.0161659485876686,0.0,50.0,20.0,1.0,0.0,0.0,0.0,-369.28932188134524,70.0,79.28932188134524,0.9238795325112867,0.0,0.3826834323650898,0.0
4.8880932331085205,0.568014143006187,5.1092227906314385,2.463040088557857,1.2857840496236843,-0.6614479193152919,-0.9613375817096764,0.0,50.0,20.0,1.0,0.0,0.0,0.0,-369.28932188134524,70.0,79.28932188134524,0.9238795325112867,0.0,0.3826834323650898,0.0
4.919035911560059,0.7921595891760326,5.7525591648180585,2.271243196226173,1.3287791098768682,-0.6389973420034021,-0.7635964280600979,0.0,50.0,20.0,1.0,0.0,0.0,0.0,-369.28932188134524,70.0,79.28932188134524,0.9238795325112867,0.0,0.3826834323650898,0.0
4.948838233947754,0.07675389514205289,5.893221506312944,2.9765219112071586,1.2425470897582085,-0.4968201530380754,-0.9419579324817657,0.0,50.0,20.0,1.0,0.0,0.0,0.0,-369.28932188134524,70.0,79.28932188134524,0.9238795325112867,0.0,0.3826834323650898,0.0
4.9785706996917725,0.7105676003221483,6.208584438262101,3.6038269788043955,1.1918408717599724,-0.6622694240963503,-0.8311573158922521,0.0,50.0,20.0,1.0,0.0,0.0,0.0,-369.28932188134524,70.0,79.28932188134524,0.9238795325112867,0.0,0.3826834323650898,0.0
