# Timestamp, Fx, Fy, Fz, Tx, Ty, Tz, FemurPosX, FemurPosY, FemurPosZ, FemurQuatW, FemurQuatX, FemurQuatY, FemurQuatZ, TibiaPosX, TibiaPosY, TibiaPosZ, TibiaQuatW, TibiaQuatX, TibiaQuatY, TibiaQuatZ
0.017559289932250977,-11.926915966815228,-6.161771780323425,1.8000318801739232,-0.5948955985971909,-0.9722490093734809,-0.4691188222736135,0.0,50.0,20.0,1.0,0.0,0.0,0.0,-369.28932188134524,70.0,79.28932188134524,0.9238795325112867,0.0,0.3826834323650898,0.0
0.04771614074707031,-12.073680961038473,-6.955884336062635,1.9671064810972112,-0.6361536736189906,-1.1167402369332067,-0.4881534432020658,0.0,50.0,20.0,1.0,0.0,0.0,0.0,-369.28932188134524,70.0,79.28932188134524,0.9238795325112867,0.0,0.3826834323650898,0.0
0.07817554473876953,-12.539949099691905,-7.232135646285454,1.7300184022419365,-0.7326705579935671,-1.120892212878344,-0.662035969488605,0.0,50.0,20.0,1.0,0.0,0.0,0.0,-369.28932188134524,70.0,79.28932188134524,0.9238795325112867,0.0,0.3826834323650898,0.0
0.10827517509460449,-12.62339525250326,-6.6968855558344975,1.8977414006621263,-0.7332399119843702,-1.031008356263285,-0.5552452803850128,0.0,50.0,20.0,1.0,0.0,0.0,0.0,-369.28932188134524,70.0,79.28932188134524,0.9238795325112867,0.0,0.3826834323650898,0.0
0.13730382919311523,-13.0,-6.625732577689881,2.3696847020723517,-0.9083717990823047,-1.1130503239345657,-0.47346956629101056,0.0,50.0,20.0,1.0,0.0,0.0,0.0,-369.28932188134524,70.0,79.28932188134524,0.9238795325112867,0.0,0.3826834323650898,0.0
0.16819977760314941,-12.718429253386956,-6.7098111310886805,2.955492799616084,-1.0612967421212045,-0.9655539170433683,-0.33829749059225933,0.0,50.0,20.0,1.0,0.0,0.0,0.0,-369.28932188134524,70.0,79.28932188134524,0.9238795325112867,0.0,0.3826834323650898,0.0
0.20165228843688965,-13.0,-6.3417511878385895,2.9700309942527237,-1.1920531664076044,-0.9902887637448721,-0.2180352665245951,0.0,50.0,20.0,1.0,0.0,0.0,0.0,-369.28932188134524,70.0,79.28932188134524,0.9238795325112867,0.0,0.3826834323650898,0.0
0.2301342487335205,-13.0,-6.741780176556038,3.019720488822453,-1.038601668256055,-1.137958471717372,-0.3663647583778675,0.0,50.0,20.0,1.0,0.0,0.0,0.0,-369.28932188134524,70.0,79.28932188134524,0.9238795325112867,0.0,0.3826834323650898,0.0
0.26061415672302246,-12.34912794159205,-6.629732872178815,2.994404819326941,-0.9571855825373213,-0.9450536968725591,-0.4996264977202817,0.0,50.0,20.0,1.0,0.0,0.0,0.0,-369.28932188134524,70.0,79.28932188134524,0.9238795325112867,0.0,0.3826834323650898,0.0
0.29025793075561523,-12.108668128821265,-6.739163830958906,2.866619119631141,-0.869177081067878,-0.8751116903750119,-0.6043570328586753,0.0,50.0,20.0,1.0,0.0,0.0,0.0,-369.28932188134524,70.0,79.28932188134524,0.9238795325112867,0.0,0.3826834323650898,0.0
0.31920766830444336,-11.680365646452508,-7.238780785023623,3.4538900159226467,-1.0495584085904528,-0.7174961131831936,-0.7395127259690699,0.0,50.0,20.0,1.0,0.0,0.0,0.0,-369.28932188134524,70.0,79.28932188134524,0.9238795325112867,0.0,0.3826834323650898,0.0
0.3527383804321289,-11.715165392226918,-7.60334936683809,3.7878419117779796,-1.2350292935418106,-0.7974938093572799,-0.8500701578447265,0.0,50.0,20.0,1.0,0.0,0.0,0.0,-369.28932188134524,70.0,79.28932188134524,0.9238795325112867,0.0,0.3826834323650898,0.0
0.3824746608734131,-12.183460699302842,-7.779896789789821,3.9019453910745336,-1.1599385900448083,-0.9588946645252032,-0.7321630506654304,0.0,50.0,20.0,1.0,0.0,0.0,0.0,-369.28932188134524,70.0,79.28932188134524,0.9238795325112867,0.0,0.3826834323650898,0.0
0.4117157459259033,-12.4054775127241,-8.169777664682567,4.347891489430102,-1.079362328444156,-0.8202625400447567,-0.6820040993865528,0.0,50.0,20.0,1.0,0.0,0.0,0.0,-369.28932188134524,70.0,79.28932188134524,0.9238795325112867,0.0,0.3826834323650898,0.0
0.441939115524292,-11.641550218016365,-8.608625881908663,5.102721449736103,-1.2147170551582214,-0.6814953305779219,-0.7644378927783495,0.0,50.0,20.0,1.0,0.0,0.0,0.0,-369.28932188134524,70.0,79.28932188134524,0.9238795325112867,0.0,0.3826834323650898,0.0
0.47194623947143555,-11.600020644091973,-8.466549959106166,5.445346323482856,-1.3999990928465151,-0.6674445000758293,-0.6812137652993009,0.0,50.0,20.0,1.0,0.0,0.0,0.0,-369.28932188134524,70.0,79.28932188134524,0.9238795325112867,0.0,0.3826834323650898,0.0
0.5040457248687744,-11.464766549330902,-9.240636324288092,5.78753735199542,-1.2634860858310286,-0.671701966542212,-0.5726729371445267,0.0,50.0,20.0,1.0,0.0,0.0,0.0,-369.28932188134524,70.0,79.28932188134524,0.9238795325112867,0.0,0.3826834323650898,0.0
0.5336887836456299,-11.627030661626145,-9.961039861560186,6.501696926101793,-1.2970122276106548,-0.6927382835668641,-0.5716667223338544,0.0,50.0,20.0,1.0,0.0,0.0,0.0,-369.28932188134524,70.0,79.28932188134524,0.9238795325112867,0.0,0.3826834323650898,0.0
0.5638444423675537,-11.094416189606639,-10.336386527921142,5.759937287109965,-1.1729068120146116,-0.6515734295327621,-0.449029796399085,0.0,50.0,20.0,1.0,0.0,0.0,0.0,-369.28932188134524,70.0,79.28932188134524,0.9238795325112867,0.0,0.3826834323650898,0.0
0.5958969593048096,-10.77810294208316,-10.386294534403238,5.302474787772447,-1.3437191925893344,-0.7714036971681015,-0.4474425321312797,0.0,50.0,20.0,1.0,0.0,0.0,0.0,-369.28932188134524,70.0,79.28932188134524,0.9238795325112867,0.0,0.3826834323650898,0.0
0.625720739364624,-10.499253945686563,-10.085139481649076,5.669528294733404,-1.3789205786330996,-0.686623037717031,-0.3035066786255294,0.0,50.0,20.0,1.0,0.0,0.0,0.0,-369.28932188134524,70.0,79.28932188134524,0.9238795325112867,0.0,0.3826834323650898,0.0
0.6557667255401611,-10.293187334477386,-9.779948976950587,5.33888180916558,-1.466346841134954,-0.7577191447475381,-0.4973261397662639,0.0,50.0,20.0,1.0,0.0,0.0,0.0,-369.28932188134524,70.0,79.28932188134524,0.9238795325112867,0.0,0.3826834323650898,0.0
0.6866159439086914,-9.826276462739376,-9.412170599915292,4.62476189298149,-1.3458843716262685,-0.7272251812975393,-0.5980874081819529,0.0,50.0,20.0,1.0,0.0,0.0,0.0,-369.28932188134524,70.0,79.28932188134524,0.9238795325112867,0.0,0.3826834323650898,0.0
0.7173359394073486,-10.352847249083947,-10.0887554929655,4.380944813805234,-1.3257569701904253,-0.6438966323949163,-0.6106111946863162,0.0,50.0,20.0,1.0,0.0,0.0,0.0,-369.28932188134524,70.0,79.28932188134524,0.9238795325112867,0.0,0.3826834323650898,0.0
0.7486100196838379,-9.614250294460238,-9.739300914734203,5.156223258451893,-1.5,-0.7887621505053356,-0.5429857423600382,0.0,50.0,20.0,1.0,0.0,0.0,0.0,-369.28932188134524,70.0,79.28932188134524,0.9238795325112867,0.0,0.3826834323650898,0.0
0.7778732776641846,-9.921107468710423,-10.258423426165145,4.6266317387325016,-1.3799219535339746,-0.9634830401823031,-0.603154089231264,0.0,50.0,20.0,1.0,0.0,0.0,0.0,-369.28932188134524,70.0,79.28932188134524,0.9238795325112867,0.0,0.3826834323650898,0.0
0.8120872974395752,-10.399449880156581,-10.516954912369469,5.408946927035279,-1.2421071707112865,-0.8008145683032899,-0.646826630720101,0.0,50.0,20.0,1.0,0.0,0.0,0.0,-369.28932188134524,70.0,79.28932188134524,0.9238795325112867,0.0,0.3826834323650898,0.0
0.8423655033111572,-10.548106652165382,-10.34007042408622,5.772773648451203,-1.3538883001885043,-0.8121604126105562,-0.6090923700063662,0.0,50.0,20.0,1.0,0.0,0.0,0.0,-369.28932188134524,70.0,79.28932188134524,0.9238795325112867,0.0,0.3826834323650898,0.0
0.8707869052886963,-11.078733700912306,-10.435066543031937,5.991038734350962,-1.5,-0.6131420148604191,-0.45991111348338104,0.0,50.0,20.0,1.0,0.0,0.0,0.0,-369.28932188134524,70.0,79.28932188134524,0.9238795325112867,0.0,0.3826834323650898,0.0
0.9006409645080566,-10.309159701408934,-10.635289879388177,6.3749946146984,-1.5,-0.6063308995310004,-0.2852014364551256,0.0,50.0,20.0,1.0,0.0,0.0,0.0,-369.28932188134524,70.0,79.28932188134524,0.9238795325112867,0.0,0.3826834323650898,0.0
0.9301652908325195,-9.868036099219285,-11.17239548726341,6.136737242276065,-1.5,-0.6364065977408349,-0.46750443886904547,0.0,50.0,20.0,1.0,0.0,0.0,0.0,-369.28932188134524,70.0,79.28932188134524,0.9238795325112867,0.0,0.3826834323650898,0.0
0.9605917930603027,-10.603284694566728,-11.001999760410031,6.182172329458325,-1.3933633639545273,-0.5112732018773289,-0.44464864038089924,0.0,50.0,20.0,1.0,0.0,0.0,0.0,-369.28932188134524,70.0,79.28932188134524,0.9238795325112867,0.0,0.3826834323650898,0.0
0.990196943283081,-10.863776962378596,-10.788853347609168,5.791209955376516,-1.5,-0.6915665222056517,-0.6434549335632997,0.0,50.0,20.0,1.0,0.0,0.0,0.0,-369.28932188134524,70.0,79.28932188134524,0.9238795325112867,0.0,0.3826834323650898,0.0
1.0198793411254883,-11.409846077598504,-10.954220366551379,6.458693785312727,-1.5,-0.5957301757271901,-0.507453943489403,0.0,50.0,20.0,1.0,0.0,0.0,0.0,-369.28932188134524,70.0,79.28932188134524,0.9238795325112867,0.0,0.3826834323650898,0.0
1.0521080493927002,-10.950350752485821,-11.322870773396502,6.1909051093239045,-1.5,-0.5598114556050093,-0.38797229202037353,0.0,50.0,20.0,1.0,0.0,0.0,0.0,-369.28932188134524,70.0,79.28932188134524,0.9238795325112867,0.0,0.3826834323650898,0.0
1.0831468105316162,-10.75785307967219,-10.597327704847094,6.77851922800923,-1.5,-0.4360120076186636,-0.21267972727051482,0.0,50.0,20.0,1.0,0.0,0.0,0.0,-369.28932188134524,70.0,79.28932188134524,0.9238795325112867,0.0,0.3826834323650898,0.0
1.1122372150421143,-11.397295185769995,-11.159053803237281,6.581281203949441,-1.5,-0.409948839832307,-0.04771907605919401,0.0,50.0,20.0,1.0,0.0,0.0,0.0,-369.28932188134524,70.0,79.28932188134524,0.9238795325112867,0.0,0.3826834323650898,0.0
1.1423723697662354,-11.301903058831673,-11.418949786982417,7.185793441444197,-1.42048603308089,-0.5248512317676624,-0.11367052013010939,0.0,50.0,20.0,1.0,0.0,0.0,0.0,-369.28932188134524,70.0,79.28932188134524,0.9238795325112867,0.0,0.3826834323650898,0.0
1.171196699142456,-11.86345227947952,-12.133268657503388,7.880295544727259,-1.5,-0.38938052029788645,-0.03329425979337894,0.0,50.0,20.0,1.0,0.0,0.0,0.0,-369.28932188134524,70.0,79.28932188134524,0.9238795325112867,0.0,0.3826834323650898,0.0
1.2091248035430908,-11.38860643681166,-11.482503660124054,8.249235860849021,-1.36339943849644,-0.3408472893300625,0.049514368467126674,0.0,50.0,20.0,1.0,0.0,0.0,0.0,-369.28932188134524,70.0,79.28932188134524,0.9238795325112867,0.0,0.3826834323650898,0.0
1.234562873840332,-11.96596600923225,-11.109970885486208,8.393609248453235,-1.4845967425228064,-0.19434919586068478,-0.1022349270099413,0.0,50.0,20.0,1.0,0.0,0.0,0.0,-369.28932188134524,70.0,79.28932188134524,0.9238795325112867,0.0,0.3826834323650898,0.0
1.263728380203247,-11.54657304566528,-10.661190607084633,7.6470252833869345,-1.5,-0.35741817970319034,0.021099087937357874,0.0,50.0,20.0,1.0,0.0,0.0,0.0,-369.28932188134524,70.0,79.28932188134524,0.9238795325112867,0.0,0.3826834323650898,0.0
1.2957470417022705,-11.730254495401436,-10.240231848452567,7.720326224862416,-1.5,-0.32689816484433704,0.13674549279068454,0.0,50.0,20.0,1.0,0.0,0.0,0.0,-369.28932188134524,70.0,79.28932188134524,0.9238795325112867,0.0,0.3826834323650898,0.0
1.3260855674743652,-11.041492087746615,-10.970002628744039,8.1822996242866,-1.5,-0.2572580749994336,0.1513944165293814,0.0,50.0,20.0,1.0,0.0,0.0,0.0,-369.28932188134524,70.0,79.28932188134524,0.9238795325112867,0.0,0.3826834323650898,0.0
1.3559086322784424,-10.365291584769228,-11.123281092293695,8.871187245638911,-1.5,-0.3561250226344097,0.05711126517009209,0.0,50.0,20.0,1.0,0.0,0.0,0.0,-369.28932188134524,70.0,79.28932188134524,0.9238795325112867,0.0,0.3826834323650898,0.0
1.3864006996154785,-10.757448880266223,-11.197579320135258,9.626467971280587,-1.5,-0.5283643933961447,0.060526942116593166,0.0,50.0,20.0,1.0,0.0,0.0,0.0,-369.28932188134524,70.0,79.28932188134524,0.9238795325112867,0.0,0.3826834323650898,0.0
1.4157092571258545,-11.174496474822014,-10.703383964561091,10.364198068483255,-1.3237398080873803,-0.6637086172303113,0.0008445136662870584,0.0,50.0,20.0,1.0,0.0,0.0,0.0,-369.28932188134524,70.0,79.28932188134524,0.9238795325112867,0.0,0.3826834323650898,0.0
1.4478070735931396,-11.134450785419723,-10.747930348728561,11.118675779418528,-1.3641973068194464,-0.6260663915652079,-0.11127200719906111,0.0,50.0,20.0,1.0,0.0,0.0,0.0,-369.28932188134524,70.0,79.28932188134524,0.9238795325112867,0.0,0.3826834323650898,0.0
1.4781312942504883,-11.01197738990098,-11.321127531076106,11.027409644952275,-1.3736047216072278,-0.6539271345370226,-0.050875550634494504,0.0,50.0,20.0,1.0,0.0,0.0,0.0,-369.28932188134524,70.0,79.28932188134524,0.9238795325112867,0.0,0.3826834323650898,0.0
1.5090937614440918,-10.957614346276202,-11.485228690714168,11.274277535160493,-1.3097139371238287,-0.6935668240544954,0.09728187973874636,0.0,50.0,20.0,1.0,0.0,0.0,0.0,-369.28932188134524,70.0,79.28932188134524,0.9238795325112867,0.0,0.3826834323650898,0.0
1.5391452312469482,-11.34868654919498,-10.908476663576137,11.38809756999844,-1.4757446605911624,-0.8923383272835348,0.17843173734355067,0.0,50.0,20.0,1.0,0.0,0.0,0.0,-369.28932188134524,70.0,79.28932188134524,0.9238795325112867,0.0,0.3826834323650898,0.0
1.5681953430175781,-11.46675176403638,-10.377103913223426,11.006320749778842,-1.5,-0.9554674237194468,0.06236965333593919,0.0,50.0,20.0,1.0,0.0,0.0,0.0,-369.28932188134524,70.0,79.28932188134524,0.9238795325112867,0.0,0.3826834323650898,0.0
1.6002278327941895,-12.031475652856827,-10.347527322745323,10.598616645278309,-1.5,-1.0724082020215193,-0.1170360574409384,0.0,50.0,20.0,1.0,0.0,0.0,0.0,-369.28932188134524,70.0,79.28932188134524,0.9238795325112867,0.0,0.3826834323650898,0.0
1.630159854888916,-11.596737890226372,-9.846800070283669,11.028404798843045,-1.4452666796538634,-1.1956294830811456,-0.2624499427413517,0.0,50.0,20.0,1.0,0.0,0.0,0.0,-369.28932188134524,70.0,79.28932188134524,0.9238795325112867,0.0,0.3826834323650898,0.0
1.6604905128479004,-11.520854330410094,-10.079306641869596,10.399362918184982,-1.5,-1.3648850526650458,-0.09094539289020637,0.0,50.0,20.0,1.0,0.0,0.0,0.0,-369.28932188134524,70.0,79.28932188134524,0.9238795325112867,0.0,0.3826834323650898,0.0
1.6898839473724365,-10.91570122313601,-10.717481487530602,10.62535730834789,-1.411301976559459,-1.5,-0.10412729218114058,0.0,50.0,20.0,1.0,0.0,0.0,0.0,-369.28932188134524,70.0,79.28932188134524,0.9238795325112867,0.0,0.3826834323650898,0.0
1.7198736667633057,-10.89007345684965,-10.075720424018012,10.94943648183527,-1.3682819424208141,-1.5,0.016095143433468184,0.0,50.0,20.0,1.0,0.0,0.0,0.0,-369.28932188134524,70.0,79.28932188134524,0.9238795325112867,0.0,0.3826834323650898,0.0
1.7521119117736816,-11.061257311012323,-10.7073001386157,10.708956238644577,-1.247590044094594,-1.3051355385093109,0.07568884328975173,0.0,50.0,20.0,1.0,0.0,0.0,0.0,-369.28932188134524,70.0,79.28932188134524,0.9238795325112867,0.0,0.3826834323650898,0.0
1.7821929454803467,-10.877408528970868,-10.816534055606132,10.30302219719959,-1.1557135187864542,-1.2788844502461882,0.21554917557321307,0.0,50.0,20.0,1.0,0.0,0.0,0.0,-369.28932188134524,70.0,79.28932188134524,0.9238795325112867,0.0,0.3826834323650898,0.0
1.8122169971466064,-10.789017971613966,-11.540246862123187,9.971904742443769,-1.348331242751109,-1.3294927608909708,0.13678834339250562,0.0,50.0,20.0,1.0,0.0,0.0,0.0,-369.28932188134524,70.0,79.28932188134524,0.9238795325112867,0.0,0.3826834323650898,0.0
1.8428542613983154,-10.774336404937047,-10.846410591241462,10.0186060184953,-1.5,-1.209013269160938,0.2910708529799847,0.0,50.0,20.0,1.0,0.0,0.0,0.0,-369.28932188134524,70.0,79.28932188134524,0.9238795325112867,0.0,0.3826834323650898,0.0
1.8716044425964355,-11.466805033381625,-11.294594791673548,9.294144133227961,-1.5,-1.237145659738401,0.10450655550377849,0.0,50.0,20.0,1.0,0.0,0.0,0.0,-369.28932188134524,70.0,79.28932188134524,0.9238795325112867,0.0,0.3826834323650898,0.0
1.903470754623413,-10.669164420372946,-11.605709809494563,9.690366618967868,-1.5,-1.3368372880945611,-0.025274217265002258,0.0,50.0,20.0,1.0,0.0,0.0,0.0,-369.28932188134524,70.0,79.28932188134524,0.9238795325112867,0.0,0.3826834323650898,0.0
1.9338111877441406,-11.446130505804463,-11.166332362393911,9.680205259525119,-1.5,-1.4471027553588942,-0.11949907972340647,0.0,50.0,20.0,1.0,0.0,0.0,0.0,-369.28932188134524,70.0,79.28932188134524,0.9238795325112867,0.0,0.3826834323650898,0.0
1.9636704921722412,-11.099002117480588,-11.366942534889453,10.219515981763744,-1.5,-1.5,0.06516153900506554,0.0,50.0,20.0,1.0,0.0,0.0,0.0,-369.28932188134524,70.0,79.28932188134524,0.9238795325112867,0.0,0.3826834323650898,0.0
1.9959750175476074,-10.820981984899229,-10.701699276585542,10.00518031582095,-1.5,-1.5,0.038647899436376795,0.0,50.0,20.0,1.0,0.0,0.0,0.0,-369.28932188134524,70.0,79.28932188134524,0.9238795325112867,0.0,0.3826834323650898,0.0
2.0258595943450928,-10.743418702390596,-10.202643274069848,10.63353225918207,-1.4555500580783687,-1.4647937961339448,-0.058457373642996316,0.0,50.0,20.0,1.0,0.0,0.0,0.0,-369.28932188134524,70.0,79.28932188134524,0.9238795325112867,0.0,0.3826834323650898,0.0
2.0557501316070557,-11.126739902546843,-10.694534425076533,11.078449465047004,-1.4367982980093637,-1.3966330450395095,-0.08031913721651344,0.0,50.0,20.0,1.0,0.0,0.0,0.0,-369.28932188134524,70.0,79.28932188134524,0.9238795325112867,0.0,0.3826834323650898,0.0
2.085387945175171,-10.475881732225993,-10.449741920056692,11.398814069716952,-1.3235090027129153,-1.5,-0.14203497044802166,0.0,50.0,20.0,1.0,0.0,0.0,0.0,-369.28932188134524,70.0,79.28932188134524,0.9238795325112867,0.0,0.3826834323650898,0.0
2.115548610687256,-9.857480209762473,-10.154018600150723,11.980770120950279,-1.24808081581218,-1.308724844652276,-0.158555976437797,0.0,50.0,20.0,1.0,0.0,0.0,0.0,-369.28932188134524,70.0,79.28932188134524,0.9238795325112867,0.0,0.3826834323650898,0.0
2.147162437438965,-10.392844570047176,-10.525533569152197,11.847793661125408,-1.3298758598597846,-1.3916744639655512,-0.2903874031550592,0.0,50.0,20.0,1.0,0.0,0.0,0.0,-369.28932188134524,70.0,79.28932188134524,0.9238795325112867,0.0,0.3826834323650898,0.0
2.1783175468444824,-10.52122265320727,-9.944020202408963,11.764579274285888,-1.3963110603439106,-1.3929332188617594,-0.13011893437424926,0.0,50.0,20.0,1.0,0.0,0.0,0.0,-369.28932188134524,70.0,79.28932188134524,0.9238795325112867,0.0,0.3826834323650898,0.0
2.208798885345459,-9.971489994375887,-9.583673698014984,11.546262101746127,-1.3346368807940927,-1.5,-0.18405573732998262,0.0,50.0,20.0,1.0,0.0,0.0,0.0,-369.28932188134524,70.0,79.28932188134524,0.9238795325112867,0.0,0.3826834323650898,0.0
2.238525629043579,-9.186359215481698,-9.754076456123808,11.539733281702826,-1.4282083800722476,-1.5,-0.3272291224238948,0.0,50.0,20.0,1.0,0.0,0.0,0.0,-369.28932188134524,70.0,79.28932188134524,0.9238795325112867,0.0,0.3826834323650898,0.0
2.268785238265991,-9.781549216692424,-10.081633438313487,11.924086959375552,-1.5,-1.5,-0.3583080872928888,0.0,50.0,20.0,1.0,0.0,0.0,0.0,-369.28932188134524,70.0,79.28932188134524,0.9238795325112867,0.0,0.3826834323650898,0.0
2.2999107837677,-9.808062778233529,-10.873025175129403,11.58717933385631,-1.5,-1.3303199721194647,-0.2326911038522399,0.0,50.0,20.0,1.0,0.0,0.0,0.0,-369.28932188134524,70.0,79.28932188134524,0.9238795325112867,0.0,0.3826834323650898,0.0
2.32995867729187,-9.284673449924862,-11.37678607150095,11.637974144800022,-1.5,-1.4273933686769826,-0.0364292187243796,0.0,50.0,20.0,1.0,0.0,0.0,0.0,-369.28932188134524,70.0,79.28932188134524,0.9238795325112867,0.0,0.3826834323650898,0.0
2.360379934310913,-8.911219430250902,-11.532638397141918,11.904526404087663,-1.3631695115354594,-1.5,0.02642553175731638,0.0,50.0,20.0,1.0,0.0,0.0,0.0,-369.28932188134524,70.0,79.28932188134524,0.9238795325112867,0.0,0.3826834323650898,0.0
2.3898234367370605,-8.986704654613908,-11.095206828889419,12.049842475031666,-1.4478206523727823,-1.3903327160999641,-0.15995421521543252,0.0,50.0,20.0,1.0,0.0,0.0,0.0,-369.28932188134524,70.0,79.28932188134524,0.9238795325112867,0.0,0.3826834323650898,0.0
2.4192283153533936,-8.827588580633183,-11.212300651691457,12.003260912536202,-1.3788454796916552,-1.4609436357739432,0.016791955320879626,0.0,50.0,20.0,1.0,0.0,0.0,0.0,-369.28932188134524,70.0,79.28932188134524,0.9238795325112867,0.0,0.3826834323650898,0.0
2.4525656700134277,-8.514802934932236,-11.86151167242044,12.55533108859448,-1.5,-1.4968109876498776,-0.17440735541918972,0.0,50.0,20.0,1.0,0.0,0.0,0.0,-369.28932188134524,70.0,79.28932188134524,0.9238795325112867,0.0,0.3826834323650898,0.0
2.4816575050354004,-8.507047147706775,-12.655747096524516,12.054751510674352,-1.3394347248814427,-1.3471942139554236,-0.18548025625500283,0.0,50.0,20.0,1.0,0.0,0.0,0.0,-369.28932188134524,70.0,79.28932188134524,0.9238795325112867,0.0,0.3826834323650898,0.0
2.5117177963256836,-9.06904614674645,-12.811858136863464,11.268181099599355,-1.3798082384490888,-1.1570602171761457,-0.34645267861909146,0.0,50.0,20.0,1.0,0.0,0.0,0.0,-369.28932188134524,70.0,79.28932188134524,0.9238795325112867,0.0,0.3826834323650898,0.0
2.541867971420288,-8.948915391159316,-13.0,11.697467143967495,-1.24092233697706,-1.076438514152478,-0.5171873935526189,0.0,50.0,20.0,1.0,0.0,0.0,0.0,-369.28932188134524,70.0,79.28932188134524,0.9238795325112867,0.0,0.3826834323650898,0.0
2.5721311569213867,-9.374089972541832,-13.0,10.93179716193055,-1.1238347037954501,-1.1666356697330043,-0.5051427522736551,0.0,50.0,20.0,1.0,0.0,0.0,0.0,-369.28932188134524,70.0,79.28932188134524,0.9238795325112867,0.0,0.3826834323650898,0.0
2.6038830280303955,-10.12403969479204,-12.339134827448797,11.022246086149991,-0.9948779813921603,-1.0897685120308154,-0.5080843377786746,0.0,50.0,20.0,1.0,0.0,0.0,0.0,-369.28932188134524,70.0,79.28932188134524,0.9238795325112867,0.0,0.3826834323650898,0.0
2.633920431137085,-9.512600601381154,-11.549183760193856,10.681385068703433,-1.1438015739507041,-0.9028592256310175,-0.48833179739465254,0.0,50.0,20.0,1.0,0.0,0.0,0.0,-369.28932188134524,70.0,79.28932188134524,0.9238795325112867,0.0,0.3826834323650898,0.0
2.664505958557129,-9.416955394723232,-10.98008671550912,9.998600900526696,-1.0016712853930319,-0.9031532637437212,-0.4220540654787215,0.0,50.0,20.0,1.0,0.0,0.0,0.0,-369.28932188134524,70.0,79.28932188134524,0.9238795325112867,0.0,0.3826834323650898,0.0
2.695734977722168,-9.294945615234841,-11.641457169285895,9.949325588458263,-0.9754233333949355,-0.9390999266010228,-0.5404850374741236,0.0,50.0,20.0,1.0,0.0,0.0,0.0,-369.28932188134524,70.0,79.28932188134524,0.9238795325112867,0.0,0.3826834323650898,0.0
2.725468158721924,-8.627680931208344,-12.427986325549762,9.230615260091572,-0.9870136660413433,-0.9347843095500613,-0.3878169007925463,0.0,50.0,20.0,1.0,0.0,0.0,0.0,-369.28932188134524,70.0,79.28932188134524,0.9238795325112867,0.0,0.3826834323650898,0.0
2.7556328773498535,-8.477467498747169,-12.283747917259946,9.087511284377008,-1.141725419735717,-0.9550844170519199,-0.3742855836166742,0.0,50.0,20.0,1.0,0.0,0.0,0.0,-369.28932188134524,70.0,79.28932188134524,0.9238795325112867,0.0,0.3826834323650898,0.0
2.7876031398773193,-8.263621555770154,-13.0,9.382470248674915,-1.057114966845535,-0.8282669996286938,-0.4474449338583305,0.0,50.0,20.0,1.0,0.0,0.0,0.0,-369.28932188134524,70.0,79.28932188134524,0.9238795325112867,0.0,0.3826834323650898,0.0
2.816615343093872,-7.716450895580653,-13.0,9.783546284479714,-1.0187751949361759,-0.6706863563508376,-0.6363257300214127,0.0,50.0,20.0,1.0,0.0,0.0,0.0,-369.28932188134524,70.0,79.28932188134524,0.9238795325112867,0.0,0.3826834323650898,0.0
2.847710132598877,-7.47219070464008,-13.0,9.438687209189599,-0.9575107191023686,-0.630132155712284,-0.6335331343771412,0.0,50.0,20.0,1.0,0.0,0.0,0.0,-369.28932188134524,70.0,79.28932188134524,0.9238795325112867,0.0,0.3826834323650898,0.0
2.8781323432922363,-7.85562802126995,-12.774853622620832,8.70472177312457,-0.8569419476303302,-0.725551481792003,-0.6875177186629061,0.0,50.0,20.0,1.0,0.0,0.0,0.0,-369.28932188134524,70.0,79.28932188134524,0.9238795325112867,0.0,0.3826834323650898,0.0
2.9083614349365234,-8.648432787539175,-12.964019043331389,9.156287633133955,-0.9185263457685453,-0.5285615485280448,-0.5148943266794017,0.0,50.0,20.0,1.0,0.0,0.0,0.0,-369.28932188134524,70.0,79.28932188134524,0.9238795325112867,0.0,0.3826834323650898,0.0
2.9373958110809326,-8.162481209851993,-13.0,8.868349565352801,-0.795154578571327,-0.6335618603003567,-0.6339444223191972,0.0,50.0,20.0,1.0,0.0,0.0,0.0,-369.28932188134524,70.0,79.28932188134524,0.9238795325112867,0.0,0.3826834323650898,0.0
2.9675583839416504,-8.345957747978236,-13.0,8.128477348949383,-0.9133834694548996,-0.7877718314190139,-0.5835432803816674,0.0,50.0,20.0,1.0,0.0,0.0,0.0,-369.28932188134524,70.0,79.28932188134524,0.9238795325112867,0.0,0.3826834323650898,0.0
2.9997687339782715,-8.50847488036023,-12.555822687920081,7.748838754386962,-1.0026011958574634,-0.7332651070277503,-0.7420267061790977,0.0,50.0,20.0,1.0,0.0,0.0,0.0,-369.28932188134524,70.0,79.28932188134524,0.9238795325112867,0.0,0.3826834323650898,0.0
3.029343366622925,-9.159170909660062,-12.51572096043767,7.454089003195192,-1.1012848140347111,-0.5899783605862838,-0.604214306183307,0.0,50.0,20.0,1.0,0.0,0.0,0.0,-369.28932188134524,70.0,79.28932188134524,0.9238795325112867,0.0,0.3826834323650898,0.0
3.0600686073303223,-9.838796465780991,-11.95999285860502,7.529313746777541,-1.0552043726619047,-0.522766062885129,-0.44025625890527537,0.0,50.0,20.0,1.0,0.0,0.0,0.0,-369.28932188134524,70.0,79.28932188134524,0.9238795325112867,0.0,0.3826834323650898,0.0
3.0903310775756836,-9.092444166272866,-12.270651737112436,6.935758924468181,-1.0414413355572925,-0.6087326974300084,-0.6153068342948027,0.0,50.0,20.0,1.0,0.0,0.0,0.0,-369.28932188134524,70.0,79.28932188134524,0.9238795325112867,0.0,0.3826834323650898,0.0
3.1192140579223633,-8.778405720285246,-12.82237023251534,7.658165460480615,-1.2102531905454323,-0.5669821188126876,-0.5543442581979312,0.0,50.0,20.0,1.0,0.0,0.0,0.0,-369.28932188134524,70.0,79.28932188134524,0.9238795325112867,0.0,0.3826834323650898,0.0
3.1513824462890625,-8.93393389257623,-13.0,7.822065691460427,-1.238091885947825,-0.6952839748194695,-0.5804707252359492,0.0,50.0,20.0,1.0,0.0,0.0,0.0,-369.28932188134524,70.0,79.28932188134524,0.9238795325112867,0.0,0.3826834323650898,0.0
3.182086706161499,-8.763492054135156,-13.0,8.045554080269445,-1.2142358752484095,-0.6041644299087159,-0.6520278003888947,0.0,50.0,20.0,1.0,0.0,0.0,0.0,-369.28932188134524,70.0,79.28932188134524,0.9238795325112867,0.0,0.3826834323650898,0.0
3.2119414806365967,-7.9729356188526355,-13.0,8.265656738772625,-1.201926986945183,-0.7176229257134983,-0.6118127887574157,0.0,50.0,20.0,1.0,0.0,0.0,0.0,-369.28932188134524,70.0,79.28932188134524,0.9238795325112867,0.0,0.3826834323650898,0.0
3.2424778938293457,-8.162886774489554,-12.208635822578577,8.719533249008695,-1.2441799799651465,-0.839263482541792,-0.7213191619849686,0.0,50.0,20.0,1.0,0.0,0.0,0.0,-369.28932188134524,70.0,79.28932188134524,0.9238795325112867,0.0,0.3826834323650898,0.0
3.271878957748413,-8.261010301627577,-12.454347508486364,9.467778196222833,-1.352499023035652,-0.9253702077948022,-0.671949708500435,0.0,50.0,20.0,1.0,0.0,0.0,0.0,-369.28932188134524,70.0,79.28932188134524,0.9238795325112867,0.0,0.3826834323650898,0.0
3.3042943477630615,-8.822327712364695,-11.692870490445774,9.54547857867664,-1.4797337482391828,-0.9344518083657354,-0.7809938949242091,0.0,50.0,20.0,1.0,0.0,0.0,0.0,-369.28932188134524,70.0,79.28932188134524,0.9238795325112867,0.0,0.3826834323650898,0.0
3.333719491958618,-8.524424898359014,-12.303785636593918,9.559702609710406,-1.3405134460891464,-0.8951505866761607,-0.7802070806274124,0.0,50.0,20.0,1.0,0.0,0.0,0.0,-369.28932188134524,70.0,79.28932188134524,0.9238795325112867,0.0,0.3826834323650898,0.0
3.363914966583252,-8.746478594293642,-13.0,9.07386080647564,-1.5,-1.000146082465245,-0.9281482363683887,0.0,50.0,20.0,1.0,0.0,0.0,0.0,-369.28932188134524,70.0,79.28932188134524,0.9238795325112867,0.0,0.3826834323650898,0.0
3.3961117267608643,-9.029073206856804,-13.0,8.914780081520673,-1.5,-1.1113505619703463,-0.8584428825120147,0.0,50.0,20.0,1.0,0.0,0.0,0.0,-369.28932188134524,70.0,79.28932188134524,0.9238795325112867,0.0,0.3826834323650898,0.0
3.426736354827881,-8.32660867321601,-12.767879733988089,9.081694189446887,-1.458125254645309,-0.9263974021021315,-0.7835844700245563,0.0,50.0,20.0,1.0,0.0,0.0,0.0,-369.28932188134524,70.0,79.28932188134524,0.9238795325112867,0.0,0.3826834323650898,0.0
3.4554059505462646,-7.82149536943266,-13.0,9.684897440619078,-1.49877219393969,-0.9993052932843255,-0.665506279400786,0.0,50.0,20.0,1.0,0.0,0.0,0.0,-369.28932188134524,70.0,79.28932188134524,0.9238795325112867,0.0,0.3826834323650898,0.0
3.4852755069732666,-7.295153067664915,-13.0,9.90073288341638,-1.4740387095597982,-1.038269682647533,-0.852994579806641,0.0,50.0,20.0,1.0,0.0,0.0,0.0,-369.28932188134524,70.0,79.28932188134524,0.9238795325112867,0.0,0.3826834323650898,0.0
3.5152430534362793,-6.6377303094397,-12.65167775001979,10.03841221001659,-1.43849756078199,-1.0555765209497847,-0.6603679641415772,0.0,50.0,20.0,1.0,0.0,0.0,0.0,-369.28932188134524,70.0,79.28932188134524,0.9238795325112867,0.0,0.3826834323650898,0.0
3.5475635528564453,-7.413857149938657,-12.429312906206144,9.833926363391216,-1.3032809897674187,-1.1844728962832598,-0.6683449392831005,0.0,50.0,20.0,1.0,0.0,0.0,0.0,-369.28932188134524,70.0,79.28932188134524,0.9238795325112867,0.0,0.3826834323650898,0.0
3.5776586532592773,-7.515363812777458,-11.871194764191378,9.574472801230566,-1.481043027332686,-1.2398785822236424,-0.8459212597234054,0.0,50.0,20.0,1.0,0.0,0.0,0.0,-369.28932188134524,70.0,79.28932188134524,0.9238795325112867,0.0,0.3826834323650898,0.0
3.6072258949279785,-8.234873148066397,-12.368145553481863,10.03935097150918,-1.5,-1.2841929294369292,-0.7518518372680989,0.0,50.0,20.0,1.0,0.0,0.0,0.0,-369.28932188134524,70.0,79.28932188134524,0.9238795325112867,0.0,0.3826834323650898,0.0
3.6386497020721436,-8.64147152336753,-12.955848138108864,9.573998990196678,-1.495631006834355,-1.29338346769502,-0.5530876376984077,0.0,50.0,20.0,1.0,0.0,0.0,0.0,-369.28932188134524,70.0,79.28932188134524,0.9238795325112867,0.0,0.3826834323650898,0.0
3.6675732135772705,-7.940363483808406,-12.595902365590003,8.822297035560391,-1.5,-1.4411568272153854,-0.42442657529359495,0.0,50.0,20.0,1.0,0.0,0.0,0.0,-369.28932188134524,70.0,79.28932188134524,0.9238795325112867,0.0,0.3826834323650898,0.0
3.699690103530884,-8.642617541539897,-12.625053541104409,9.544410634243302,-1.5,-1.244983406740981,-0.33907039452912635,0.0,50.0,20.0,1.0,0.0,0.0,0.0,-369.28932188134524,70.0,79.28932188134524,0.9238795325112867,0.0,0.3826834323650898,0.0
3.729168176651001,-7.856123199456402,-12.398560910640349,9.046860484799845,-1.5,-1.4136402157576677,-0.47098746766270383,0.0,50.0,20.0,1.0,0.0,0.0,0.0,-369.28932188134524,70.0,79.28932188134524,0.9238795325112867,0.0,0.3826834323650898,0.0
3.7599380016326904,-7.53983562934872,-12.906461588581402,8.275441354745201,-1.4445601994611796,-1.3646553437184443,-0.42222038181364,0.0,50.0,20.0,1.0,0.0,0.0,0.0,-369.28932188134524,70.0,79.28932188134524,0.9238795325112867,0.0,0.3826834323650898,0.0
3.7899577617645264,-6.99530738980142,-13.0,7.538018072207651,-1.5,-1.5,-0.47579416054719015,0.0,50.0,20.0,1.0,0.0,0.0,0.0,-369.28932188134524,70.0,79.28932188134524,0.9238795325112867,0.0,0.3826834323650898,0.0
3.8198063373565674,-6.964316853879593,-13.0,7.20650708392495,-1.5,-1.5,-0.561843672812964,0.0,50.0,20.0,1.0,0.0,0.0,0.0,-369.28932188134524,70.0,79.28932188134524,0.9238795325112867,0.0,0.3826834323650898,0.0
3.8524346351623535,-7.734025501607736,-12.229128025831491,7.266681892464232,-1.5,-1.4714210741825158,-0.6948031369499421,0.0,50.0,20.0,1.0,0.0,0.0,0.0,-369.28932188134524,70.0,79.28932188134524,0.9238795325112867,0.0,0.3826834323650898,0.0
3.881470203399658,-8.191075112219046,-12.877875592774984,8.019556034781306,-1.5,-1.5,-0.7511483947512001,0.0,50.0,20.0,1.0,0.0,0.0,0.0,-369.28932188134524,70.0,79.28932188134524,0.9238795325112867,0.0,0.3826834323650898,0.0
3.9114792346954346,-7.6292741287710175,-12.405459706666145,7.914887089788085,-1.5,-1.5,-0.7133117972150275,0.0,50.0,20.0,1.0,0.0,0.0,0.0,-369.28932188134524,70.0,79.28932188134524,0.9238795325112867,0.0,0.3826834323650898,0.0
3.9408555030822754,-7.415530284968227,-12.605024436629874,7.217524347496182,-1.5,-1.3755524537307173,-0.6004444719840694,0.0,50.0,20.0,1.0,0.0,0.0,0.0,-369.28932188134524,70.0,79.28932188134524,0.9238795325112867,0.0,0.3826834323650898,0.0
3.9717297554016113,-6.734669933983044,-12.241444168379713,7.723122516652949,-1.5,-1.4675085461734667,-0.5704898558859918,0.0,50.0,20.0,1.0,0.0,0.0,0.0,-369.28932188134524,70.0,79.28932188134524,0.9238795325112867,0.0,0.3826834323650898,0.0
4.004211187362671,-6.517879369048222,-12.391199778239042,7.313712826281711,-1.3337393038264587,-1.5,-0.5792184616931411,0.0,50.0,20.0,1.0,0.0,0.0,0.0,-369.28932188134524,70.0,79.28932188134524,0.9238795325112867,0.0,0.3826834323650898,0.0
4.0338523387908936,-5.966894855598968,-11.891182629457726,7.260031297012281,-1.1366308674579042,-1.5,-0.4008845760110521,0.0,50.0,20.0,1.0,0.0,0.0,0.0,-369.28932188134524,70.0,79.28932188134524,0.9238795325112867,0.0,0.3826834323650898,0.0
4.0635085105896,-5.401778542926221,-11.449559821928458,7.328063463775879,-1.0002464600836474,-1.3373518601017977,-0.546044280439729,0.0,50.0,20.0,1.0,0.0,0.0,0.0,-369.28932188134524,70.0,79.28932188134524,0.9238795325112867,0.0,0.3826834323650898,0.0
4.096306562423706,-5.58254017359764,-11.588496977068269,7.541748688836317,-1.1737436694344259,-1.207560078449869,-0.6956015609403934,0.0,50.0,20.0,1.0,0.0,0.0,0.0,-369.28932188134524,70.0,79.28932188134524,0.9238795325112867,0.0,0.3826834323650898,0.0
4.126415014266968,-4.852537688251443,-11.093850737542292,7.092135864977322,-1.0944122797374392,-1.1294696852187243,-0.5743154799384798,0.0,50.0,20.0,1.0,0.0,0.0,0.0,-369.28932188134524,70.0,79.28932188134524,0.9238795325112867,0.0,0.3826834323650898,0.0
4.155478239059448,-5.0300847744966255,-10.671846743978083,7.644230775219652,-1.1904195119586687,-0.9631481551025965,-0.45702199591237685,0.0,50.0,20.0,1.0,0.0,0.0,0.0,-369.28932188134524,70.0,79.28932188134524,0.9238795325112867,0.0,0.3826834323650898,0.0
4.185553073883057,-4.639449421445249,-10.727755367544738,7.789110192529051,-1.2789406440930515,-1.0517402276650833,-0.40585468300739447,0.0,50.0,20.0,1.0,0.0,0.0,0.0,-369.28932188134524,70.0,79.28932188134524,0.9238795325112867,0.0,0.3826834323650898,0.0
4.216246604919434,-3.8824729587699967,-10.946258971975865,7.954955087874561,-1.1925240988896317,-1.0688347225765271,-0.4086444583404797,0.0,50.0,20.0,1.0,0.0,0.0,0.0,-369.28932188134524,70.0,79.28932188134524,0.9238795325112867,0.0,0.3826834323650898,0.0
4.24928617477417,-3.974498112306808,-11.219675460548947,8.257330632369296,-1.3171101821084095,-1.1423737814451937,-0.5843838235083277,0.0,50.0,20.0,1.0,0.0,0.0,0.0,-369.28932188134524,70.0,79.28932188134524,0.9238795325112867,0.0,0.3826834323650898,0.0
4.278578281402588,-3.3451017342186775,-10.454042899039669,7.781578451937535,-1.3573081412473829,-1.139326404494403,-0.6007163750797004,0.0,50.0,20.0,1.0,0.0,0.0,0.0,-369.28932188134524,70.0,79.28932188134524,0.9238795325112867,0.0,0.3826834323650898,0.0
4.307492733001709,-3.9009935890710876,-10.472068073275707,8.23125315747886,-1.5,-1.1321406860283951,-0.41143782933541045,0.0,50.0,20.0,1.0,0.0,0.0,0.0,-369.28932188134524,70.0,79.28932188134524,0.9238795325112867,0.0,0.3826834323650898,0.0
4.337891340255737,-4.299847120340721,-11.24063729824037,8.963347548037003,-1.3841355658190504,-1.1006462055415835,-0.36307688149956285,0.0,50.0,20.0,1.0,0.0,0.0,0.0,-369.28932188134524,70.0,79.28932188134524,0.9238795325112867,0.0,0.3826834323650898,0.0
4.368079662322998,-3.930879729387919,-11.317863159623336,8.338566932078493,-1.4551728676507272,-1.0752830668052633,-0.16623908127513248,0.0,50.0,20.0,1.0,0.0,0.0,0.0,-369.28932188134524,70.0,79.28932188134524,0.9238795325112867,0.0,0.3826834323650898,0.0
4.400585412979126,-4.381139381941952,-10.651400059904873,7.975423748361068,-1.3769222939814951,-1.229707586901191,-0.02282827069977339,0.0,50.0,20.0,1.0,0.0,0.0,0.0,-369.28932188134524,70.0,79.28932188134524,0.9238795325112867,0.0,0.3826834323650898,0.0
4.430140495300293,-3.825722384786318,-11.269995497727065,7.624538417524043,-1.5,-1.1226639514643812,-0.0757758056820381,0.0,50.0,20.0,1.0,0.0,0.0,0.0,-369.28932188134524,70.0,79.28932188134524,0.9238795325112867,0.0,0.3826834323650898,0.0
4.460413217544556,-4.510089551624212,-11.886078219869537,7.002125893660884,-1.5,-1.242596523180706,-0.25996790347295207,0.0,50.0,20.0,1.0,0.0,0.0,0.0,-369.28932188134524,70.0,79.28932188134524,0.9238795325112867,0.0,0.3826834323650898,0.0
4.490333318710327,-4.688373072098812,-11.269692750114482,7.090240379417462,-1.5,-1.3056195863383577,-0.07264255461258895,0.0,50.0,20.0,1.0,0.0,0.0,0.0,-369.28932188134524,70.0,79.28932188134524,0.9238795325112867,0.0,0.3826834323650898,0.0
4.5200300216674805,-4.814646575702306,-10.97234964955964,6.71180975416931,-1.3393462550785087,-1.3744327556168843,-0.15552461544852464,0.0,50.0,20.0,1.0,0.0,0.0,0.0,-369.28932188134524,70.0,79.28932188134524,0.9238795325112867,0.0,0.3826834323650898,0.0
4.551927089691162,-5.313703717759248,-10.33301211460575,6.507191541483522,-1.4739383854435095,-1.4899585326644509,-0.13895342424042703,0.0,50.0,20.0,1.0,0.0,0.0,0.0,-369.28932188134524,70.0,79.28932188134524,0.9238795325112867,0.0,0.3826834323650898,0.0
4.581408977508545,-5.396303074333026,-9.955682059637462,5.997017657578421,-1.5,-1.3174130619931563,-0.2504200635958494,0.0,50.0,20.0,1.0,0.0,0.0,0.0,-369.28932188134524,70.0,79.28932188134524,0.9238795325112867,0.0,0.3826834323650898,0.0
4.611185073852539,-4.826439640062241,-10.582705085376773,6.484607325076295,-1.5,-1.232595860454908,-0.1517314836886085,0.0,50.0,20.0,1.0,0.0,0.0,0.0,-369.28932188134524,70.0,79.28932188134524,0.9238795325112867,0.0,0.3826834323650898,0.0
4.642223834991455,-5.1817404285040425,-10.725087524285819,5.970115228680355,-1.5,-1.1037924443513258,-0.20951955180280696,0.0,50.0,20.0,1.0,0.0,0.0,0.0,-369.28932188134524,70.0,79.28932188134524,0.9238795325112867,0.0,0.3826834323650898,0.0
4.6720216274261475,-5.606705615055949,-10.412760192969696,6.28928930535025,-1.4691875071394982,-0.9631695905168562,-0.13569920632529048,0.0,50.0,20.0,1.0,0.0,0.0,0.0,-369.28932188134524,70.0,79.28932188134524,0.9238795325112867,0.0,0.3826834323650898,0.0
4.704132556915283,-5.220986258739005,-10.122413874296829,6.301690013118428,-1.4078569161539307,-1.1623631272694304,-0.13707754637142294,0.0,50.0,20.0,1.0,0.0,0.0,0.0,-369.28932188134524,70.0,79.28932188134524,0.9238795325112867,0.0,0.3826834323650898,0.0
4.733401536941528,-5.214781507220583,-9.651295138944237,6.2304961865196535,-1.5,-1.2075474637578922,-0.21820864395836279,0.0,50.0,20.0,1.0,0.0,0.0,0.0,-369.28932188134524,70.0,79.28932188134524,0.9238795325112867,0.0,0.3826834323650898,0.0
4.763304710388184,-5.443805239247191,-8.900461272776731,5.629798567027493,-1.3130184627904407,-1.1971753324580257,-0.09706463907344312,0.0,50.0,20.0,1.0,0.0,0.0,0.0,-369.28932188134524,70.0,79.28932188134524,0.9238795325112867,0.0,0.3826834323650898,0.0
4.795761346817017,-4.79665788552045,-9.533373956127946,5.015774136890849,-1.330956346755444,-1.2024476485662774,0.022476608135607618,0.0,50.0,20.0,1.0,0.0,0.0,0.0,-369.28932188134524,70.0,79.28932188134524,0.9238795325112867,0.0,0.3826834323650898,0.0
4.831731557846069,-4.01824116634896,-9.365030437529636,4.431727270589739,-1.45195612894545,-1.3854440601386417,0.11117401804776797,0.0,50.0,20.0,1.0,0.0,0.0,0.0,-369.28932188134524,70.0,79.28932188134524,0.9238795325112867,0.0,0.3826834323650898,0.0
4.856256484985352,-4.456449203366117,-9.997350354320607,4.110240406587323,-1.5,-1.1991565176939178,0.051443276172083385,0.0,50.0,20.0,1.0,0.0,0.0,0.0,-369.28932188134524,70.0,79.28932188134524,0.9238795325112867,0.0,0.3826834323650898,0.0
4.8853254318237305,-4.627043965659093,-9.90797125754969,4.463441744352635,-1.5,-1.344073779184745,-0.08667363803690237,0.0,50.0,20.0,1.0,0.0,0.0,0.0,-369.28932188134524,70.0,79.28932188134524,0.9238795325112867,0.0,0.3826834323650898,0.0
4.915817737579346,-4.135544411475403,-9.188246003378772,5.0964731995431,-1.3538052199833093,-1.316226862448536,0.10582777261693377,0.0,50.0,20.0,1.0,0.0,0.0,0.0,-369.28932188134524,70.0,79.28932188134524,0.9238795325112867,0.0,0.3826834323650898,0.0
4.948008060455322,-4.6304822549992615,-9.283962719341428,5.217505180121425,-1.2071971067849423,-1.191740300467722,0.19503912329029588,0.0,50.0,20.0,1.0,0.0,0.0,0.0,-369.28932188134524,70.0,79.28932188134524,0.9238795325112867,0.0,0.3826834323650898,0.0
4.9784746170043945,-4.325999732677366,-9.503760842284183,4.585785919414347,-1.2833581423947316,-1.1572823732838529,0.38694226884055527,0.0,50.0,20.0,1.0,0.0,0.0,0.0,-369.28932188134524,70.0,79.28932188134524,0.9238795325112867,0.0,0.3826834323650898,0.0
5.00725793838501,-4.7236807136125,-9.368905372531781,4.634015873887732,-1.206289981905262,-1.1991630028370113,0.3547936430237598,0.0,50.0,20.0,1.0,0.0,0.0,0.0,-369.28932188134524,70.0,79.28932188134524,0.9238795325112867,0.0,0.3826834323650898,0.0
