# Timestamp, Fx, Fy, Fz, Tx, Ty, Tz, FemurPosX, FemurPosY, FemurPosZ, FemurQuatW, FemurQuatX, FemurQuatY, FemurQuatZ, TibiaPosX, TibiaPosY, TibiaPosZ, TibiaQuatW, TibiaQuatX, TibiaQuatY, TibiaQuatZ
0.018162965774536133,-4.07755,-5.35612,2.35725,-2.21308,-3.41521,3.41119,0.731704,-0.224808,0.698354,-0.165532,0.0842874,0.98216,0.0292779,-0.0694097,-0.0016774,0.556952,0.251138,0.116053,0.957095,-0.0862011
0.03799891471862793,-4.07755,-5.35612,2.35725,-2.21308,-3.41521,3.41119,0.731704,-0.224808,0.698354,-0.165532,0.0842874,0.98216,0.0292779,-0.0694097,-0.0016774,0.556952,0.251138,0.116053,0.957095,-0.0862011
0.05718874931335449,-4.07755,-5.35612,2.35725,-2.21308,-3.41521,3.41119,0.731704,-0.224808,0.698354,-0.165532,0.0842874,0.98216,0.0292779,-0.0694097,-0.0016774,0.556952,0.251138,0.116053,0.957095,-0.0862011
0.07750582695007324,-4.07755,-5.35612,2.35725,-2.21308,-3.41521,3.41119,0.731704,-0.224808,0.698354,-0.165532,0.0842874,0.98216,0.0292779,-0.0694097,-0.0016774,0.556952,0.251138,0.116053,0.957095,-0.0862011
0.09655284881591797,-4.07755,-5.35612,2.35725,-2.21308,-3.41521,3.41119,0.731704,-0.224808,0.698354,-0.165532,0.0842874,0.98216,0.0292779,-0.0694097,-0.0016774,0.556952,0.251138,0.116053,0.957095,-0.0862011
0.11667871475219727,-4.07755,-5.35612,2.35725,-2.21308,-3.41521,3.41119,0.731704,-0.224808,0.698354,-0.165532,0.0842874,0.98216,0.0292779,-0.0694097,-0.0016774,0.556952,0.251138,0.116053,0.957095,-0.0862011
0.13678574562072754,-4.07755,-5.35612,2.35725,-2.21308,-3.41521,3.41119,0.731704,-0.224808,0.698354,-0.165532,0.0842874,0.98216,0.0292779,-0.0694097,-0.0016774,0.556952,0.251138,0.116053,0.957095,-0.0862011
0.15680742263793945,-4.07755,-5.35612,2.35725,-2.21308,-3.41521,3.41119,0.731704,-0.224808,0.698354,-0.165532,0.0842874,0.98216,0.0292779,-0.0694097,-0.0016774,0.556952,0.251138,0.116053,0.957095,-0.0862011
0.17682504653930664,-4.07755,-5.35612,2.35725,-2.21308,-3.41521,3.41119,0.731704,-0.224808,0.698354,-0.165532,0.0842874,0.98216,0.0292779,-0.0694097,-0.0016774,0.556952,0.251138,0.116053,0.957095,-0.0862011
0.1968538761138916,-4.07755,-5.35612,2.35725,-2.21308,-3.41521,3.41119,0.731704,-0.224808,0.698354,-0.165532,0.0842874,0.98216,0.0292779,-0.0694097,-0.0016774,0.556952,0.251138,0.116053,0.957095,-0.0862011
0.21678590774536133,-4.07755,-5.35612,2.35725,-2.21308,-3.41521,3.41119,0.731704,-0.224808,0.698354,-0.165532,0.0842874,0.98216,0.0292779,-0.0694097,-0.0016774,0.556952,0.251138,0.116053,0.957095,-0.0862011
0.23708200454711914,-4.07755,-5.35612,2.35725,-2.21308,-3.41521,3.41119,0.731704,-0.224808,0.698354,-0.165532,0.0842874,0.98216,0.0292779,-0.0694097,-0.0016774,0.556952,0.251138,0.116053,0.957095,-0.0862011
0.2567601203918457,-4.07755,-5.35612,2.35725,-2.21308,-3.41521,3.41119,0.731704,-0.224808,0.698354,-0.165532,0.0842874,0.98216,0.0292779,-0.0694097,-0.0016774,0.556952,0.251138,0.116053,0.957095,-0.0862011
0.27648401260375977,-4.07755,-5.35612,2.35725,-2.21308,-3.41521,3.41119,0.731704,-0.224808,0.698354,-0.165532,0.0842874,0.98216,0.0292779,-0.0694097,-0.0016774,0.556952,0.251138,0.116053,0.957095,-0.0862011
0.29621315002441406,-4.07755,-5.35612,2.35725,-2.21308,-3.41521,3.41119,0.731704,-0.224808,0.698354,-0.165532,0.0842874,0.98216,0.0292779,-0.0694097,-0.0016774,0.556952,0.251138,0.116053,0.957095,-0.0862011
0.3171837329864502,-4.07755,-5.35612,2.35725,-2.21308,-3.41521,3.41119,0.731704,-0.224808,0.698354,-0.165532,0.0842874,0.98216,0.0292779,-0.0694097,-0.0016774,0.556952,0.251138,0.116053,0.957095,-0.0862011
0.33623600006103516,-4.07755,-5.35612,2.35725,-2.21308,-3.41521,3.41119,0.731704,-0.224808,0.698354,-0.165532,0.0842874,0.98216,0.0292779,-0.0694097,-0.0016774,0.556952,0.251138,0.116053,0.957095,-0.0862011
0.3570082187652588,-4.07755,-5.35612,2.35725,-2.21308,-3.41521,3.41119,0.731704,-0.224808,0.698354,-0.165532,0.0842874,0.98216,0.0292779,-0.0694097,-0.0016774,0.556952,0.251138,0.116053,0.957095,-0.0862011
0.3768889904022217,-4.07755,-5.35612,2.35725,-2.21308,-3.41521,3.41119,0.731704,-0.224808,0.698354,-0.165532,0.0842874,0.98216,0.0292779,-0.0694097,-0.0016774,0.556952,0.251138,0.116053,0.957095,-0.0862011
0.401594877243042,-4.07755,-5.35612,2.35725,-2.21308,-3.41521,3.41119,0.731704,-0.224808,0.698354,-0.165532,0.0842874,0.98216,0.0292779,-0.0694097,-0.0016774,0.556952,0.251138,0.116053,0.957095,-0.0862011
0.416820764541626,-4.07755,-5.35612,2.35725,-2.21308,-3.41521,3.41119,0.731704,-0.224808,0.698354,-0.165532,0.0842874,0.98216,0.0292779,-0.0694097,-0.0016774,0.556952,0.251138,0.116053,0.957095,-0.0862011
0.43727827072143555,-4.07755,-5.35612,2.35725,-2.21308,-3.41521,3.41119,0.731704,-0.224808,0.698354,-0.165532,0.0842874,0.98216,0.0292779,-0.0694097,-0.0016774,0.556952,0.251138,0.116053,0.957095,-0.0862011
0.4574263095855713,-4.07755,-5.35612,2.35725,-2.21308,-3.41521,3.41119,0.731704,-0.224808,0.698354,-0.165532,0.0842874,0.98216,0.0292779,-0.0694097,-0.0016774,0.556952,0.251138,0.116053,0.957095,-0.0862011
0.4764688014984131,-4.07755,-5.35612,2.35725,-2.21308,-3.41521,3.41119,0.731704,-0.224808,0.698354,-0.165532,0.0842874,0.98216,0.0292779,-0.0694097,-0.0016774,0.556952,0.251138,0.116053,0.957095,-0.0862011
0.4967329502105713,-4.07755,-5.35612,2.35725,-2.21308,-3.41521,3.41119,0.731704,-0.224808,0.698354,-0.165532,0.0842874,0.98216,0.0292779,-0.0694097,-0.0016774,0.556952,0.251138,0.116053,0.957095,-0.0862011
0.5170860290527344,-4.07755,-5.35612,2.35725,-2.21308,-3.41521,3.41119,0.731704,-0.224808,0.698354,-0.165532,0.0842874,0.98216,0.0292779,-0.0694097,-0.0016774,0.556952,0.251138,0.116053,0.957095,-0.0862011
0.5372483730316162,-4.07755,-5.35612,2.35725,-2.21308,-3.41521,3.41119,0.731704,-0.224808,0.698354,-0.165532,0.0842874,0.98216,0.0292779,-0.0694097,-0.0016774,0.556952,0.251138,0.116053,0.957095,-0.0862011
0.5574228763580322,-4.07755,-5.35612,2.35725,-2.21308,-3.41521,3.41119,0.731704,-0.224808,0.698354,-0.165532,0.0842874,0.98216,0.0292779,-0.0694097,-0.0016774,0.556952,0.251138,0.116053,0.957095,-0.0862011
0.5766093730926514,-4.07755,-5.35612,2.35725,-2.21308,-3.41521,3.41119,0.731704,-0.224808,0.698354,-0.165532,0.0842874,0.98216,0.0292779,-0.0694097,-0.0016774,0.556952,0.251138,0.116053,0.957095,-0.0862011
0.5964221954345703,-4.07755,-5.35612,2.35725,-2.21308,-3.41521,3.41119,0.731704,-0.224808,0.698354,-0.165532,0.0842874,0.98216,0.0292779,-0.0694097,-0.0016774,0.556952,0.251138,0.116053,0.957095,-0.0862011
0.6163766384124756,-4.07755,-5.35612,2.35725,-2.21308,-3.41521,3.41119,0.731704,-0.224808,0.698354,-0.165532,0.0842874,0.98216,0.0292779,-0.0694097,-0.0016774,0.556952,0.251138,0.116053,0.957095,-0.0862011
0.6371901035308838,-4.07755,-5.35612,2.35725,-2.21308,-3.41521,3.41119,0.731704,-0.224808,0.698354,-0.165532,0.0842874,0.98216,0.0292779,-0.0694097,-0.0016774,0.556952,0.251138,0.116053,0.957095,-0.0862011
0.6571316719055176,-4.07755,-5.35612,2.35725,-2.21308,-3.41521,3.41119,0.731704,-0.224808,0.698354,-0.165532,0.0842874,0.98216,0.0292779,-0.0694097,-0.0016774,0.556952,0.251138,0.116053,0.957095,-0.0862011
0.6769640445709229,-4.07755,-5.35612,2.35725,-2.21308,-3.41521,3.41119,0.731704,-0.224808,0.698354,-0.165532,0.0842874,0.98216,0.0292779,-0.0694097,-0.0016774,0.556952,0.251138,0.116053,0.957095,-0.0862011
0.6966016292572021,-4.07755,-5.35612,2.35725,-2.21308,-3.41521,3.41119,0.731704,-0.224808,0.698354,-0.165532,0.0842874,0.98216,0.0292779,-0.0694097,-0.0016774,0.556952,0.251138,0.116053,0.957095,-0.0862011
0.7165865898132324,-4.07755,-5.35612,2.35725,-2.21308,-3.41521,3.41119,0.731704,-0.224808,0.698354,-0.165532,0.0842874,0.98216,0.0292779,-0.0694097,-0.0016774,0.556952,0.251138,0.116053,0.957095,-0.0862011
0.7364065647125244,-4.07755,-5.35612,2.35725,-2.21308,-3.41521,3.41119,0.731704,-0.224808,0.698354,-0.165532,0.0842874,0.98216,0.0292779,-0.0694097,-0.0016774,0.556952,0.251138,0.116053,0.957095,-0.0862011
0.7571539878845215,-4.07755,-5.35612,2.35725,-2.21308,-3.41521,3.41119,0.731704,-0.224808,0.698354,-0.165532,0.0842874,0.98216,0.0292779,-0.0694097,-0.0016774,0.556952,0.251138,0.116053,0.957095,-0.0862011
0.7768378257751465,-4.07755,-5.35612,2.35725,-2.21308,-3.41521,3.41119,0.731704,-0.224808,0.698354,-0.165532,0.0842874,0.98216,0.0292779,-0.0694097,-0.0016774,0.556952,0.251138,0.116053,0.957095,-0.0862011
0.7978684902191162,-4.07755,-5.35612,2.35725,-2.21308,-3.41521,3.41119,0.731704,-0.224808,0.698354,-0.165532,0.0842874,0.98216,0.0292779,-0.0694097,-0.0016774,0.556952,0.251138,0.116053,0.957095,-0.0862011
0.8166096210479736,-4.07755,-5.35612,2.35725,-2.21308,-3.41521,3.41119,0.731704,-0.224808,0.698354,-0.165532,0.0842874,0.98216,0.0292779,-0.0694097,-0.0016774,0.556952,0.251138,0.116053,0.957095,-0.0862011
0.8365135192871094,-4.07755,-5.35612,2.35725,-2.21308,-3.41521,3.41119,0.731704,-0.224808,0.698354,-0.165532,0.0842874,0.98216,0.0292779,-0.0694097,-0.0016774,0.556952,0.251138,0.116053,0.957095,-0.0862011
0.8565409183502197,-4.07755,-5.35612,2.35725,-2.21308,-3.41521,3.41119,0.731704,-0.224808,0.698354,-0.165532,0.0842874,0.98216,0.0292779,-0.0694097,-0.0016774,0.556952,0.251138,0.116053,0.957095,-0.0862011
0.8764619827270508,-4.07755,-5.35612,2.35725,-2.21308,-3.41521,3.41119,0.731704,-0.224808,0.698354,-0.165532,0.0842874,0.98216,0.0292779,-0.0694097,-0.0016774,0.556952,0.251138,0.116053,0.957095,-0.0862011
0.8962626457214355,-4.07755,-5.35612,2.35725,-2.21308,-3.41521,3.41119,0.731704,-0.224808,0.698354,-0.165532,0.0842874,0.98216,0.0292779,-0.0694097,-0.0016774,0.556952,0.251138,0.116053,0.957095,-0.0862011
0.9171342849731445,-4.07755,-5.35612,2.35725,-2.21308,-3.41521,3.41119,0.731704,-0.224808,0.698354,-0.165532,0.0842874,0.98216,0.0292779,-0.0694097,-0.0016774,0.556952,0.251138,0.116053,0.957095,-0.0862011
0.9371457099914551,-4.07755,-5.35612,2.35725,-2.21308,-3.41521,3.41119,0.731704,-0.224808,0.698354,-0.165532,0.0842874,0.98216,0.0292779,-0.0694097,-0.0016774,0.556952,0.251138,0.116053,0.957095,-0.0862011
0.9568159580230713,-4.07755,-5.35612,2.35725,-2.21308,-3.41521,3.41119,0.731704,-0.224808,0.698354,-0.165532,0.0842874,0.98216,0.0292779,-0.0694097,-0.0016774,0.556952,0.251138,0.116053,0.957095,-0.0862011
0.9770896434783936,-4.07755,-5.35612,2.35725,-2.21308,-3.41521,3.41119,0.731704,-0.224808,0.698354,-0.165532,0.0842874,0.98216,0.0292779,-0.0694097,-0.0016774,0.556952,0.251138,0.116053,0.957095,-0.0862011
0.997169017791748,-4.07755,-5.35612,2.35725,-2.21308,-3.41521,3.41119,0.731704,-0.224808,0.698354,-0.165532,0.0842874,0.98216,0.0292779,-0.0694097,-0.0016774,0.556952,0.251138,0.116053,0.957095,-0.0862011
1.0179667472839355,-4.07755,-5.35612,2.35725,-2.21308,-3.41521,3.41119,0.731704,-0.224808,0.698354,-0.165532,0.0842874,0.98216,0.0292779,-0.0694097,-0.0016774,0.556952,0.251138,0.116053,0.957095,-0.0862011
1.0380849838256836,-4.07755,-5.35612,2.35725,-2.21308,-3.41521,3.41119,0.731704,-0.224808,0.698354,-0.165532,0.0842874,0.98216,0.0292779,-0.0694097,-0.0016774,0.556952,0.251138,0.116053,0.957095,-0.0862011
1.0571918487548828,-4.07755,-5.35612,2.35725,-2.21308,-3.41521,3.41119,0.731704,-0.224808,0.698354,-0.165532,0.0842874,0.98216,0.0292779,-0.0694097,-0.0016774,0.556952,0.251138,0.116053,0.957095,-0.0862011
1.0773744583129883,-4.07755,-5.35612,2.35725,-2.21308,-3.41521,3.41119,0.731704,-0.224808,0.698354,-0.165532,0.0842874,0.98216,0.0292779,-0.0694097,-0.0016774,0.556952,0.251138,0.116053,0.957095,-0.0862011
1.0974857807159424,-4.07755,-5.35612,2.35725,-2.21308,-3.41521,3.41119,0.731704,-0.224808,0.698354,-0.165532,0.0842874,0.98216,0.0292779,-0.0694097,-0.0016774,0.556952,0.251138,0.116053,0.957095,-0.0862011
1.1165611743927002,-4.07755,-5.35612,2.35725,-2.21308,-3.41521,3.41119,0.731704,-0.224808,0.698354,-0.165532,0.0842874,0.98216,0.0292779,-0.0694097,-0.0016774,0.556952,0.251138,0.116053,0.957095,-0.0862011
1.136749505996704,-4.07755,-5.35612,2.35725,-2.21308,-3.41521,3.41119,0.731704,-0.224808,0.698354,-0.165532,0.0842874,0.98216,0.0292779,-0.0694097,-0.0016774,0.556952,0.251138,0.116053,0.957095,-0.0862011
1.1567368507385254,-4.07755,-5.35612,2.35725,-2.21308,-3.41521,3.41119,0.731704,-0.224808,0.698354,-0.165532,0.0842874,0.98216,0.0292779,-0.0694097,-0.0016774,0.556952,0.251138,0.116053,0.957095,-0.0862011
1.1766490936279297,-4.07755,-5.35612,2.35725,-2.21308,-3.41521,3.41119,0.731704,-0.224808,0.698354,-0.165532,0.0842874,0.98216,0.0292779,-0.0694097,-0.0016774,0.556952,0.251138,0.116053,0.957095,-0.0862011
1.1966607570648193,-4.07755,-5.35612,2.35725,-2.21308,-3.41521,3.41119,0.731704,-0.224808,0.698354,-0.165532,0.0842874,0.98216,0.0292779,-0.0694097,-0.0016774,0.556952,0.251138,0.116053,0.957095,-0.0862011
1.216435194015503,-4.07755,-5.35612,2.35725,-2.21308,-3.41521,3.41119,0.731704,-0.224808,0.698354,-0.165532,0.0842874,0.98216,0.0292779,-0.0694097,-0.0016774,0.556952,0.251138,0.116053,0.957095,-0.0862011
1.237267017364502,-4.07755,-5.35612,2.35725,-2.21308,-3.41521,3.41119,0.731704,-0.224808,0.698354,-0.165532,0.0842874,0.98216,0.0292779,-0.0694097,-0.0016774,0.556952,0.251138,0.116053,0.957095,-0.0862011
1.2570021152496338,-4.07755,-5.35612,2.35725,-2.21308,-3.41521,3.41119,0.731704,-0.224808,0.698354,-0.165532,0.0842874,0.98216,0.0292779,-0.0694097,-0.0016774,0.556952,0.251138,0.116053,0.957095,-0.0862011
1.2768757343292236,-4.07755,-5.35612,2.35725,-2.21308,-3.41521,3.41119,0.731704,-0.224808,0.698354,-0.165532,0.0842874,0.98216,0.0292779,-0.0694097,-0.0016774,0.556952,0.251138,0.116053,0.957095,-0.0862011
1.2969601154327393,-4.07755,-5.35612,2.35725,-2.21308,-3.41521,3.41119,0.731704,-0.224808,0.698354,-0.165532,0.0842874,0.98216,0.0292779,-0.0694097,-0.0016774,0.556952,0.251138,0.116053,0.957095,-0.0862011
1.316856861114502,-4.07755,-5.35612,2.35725,-2.21308,-3.41521,3.41119,0.731704,-0.224808,0.698354,-0.165532,0.0842874,0.98216,0.0292779,-0.0694097,-0.0016774,0.556952,0.251138,0.116053,0.957095,-0.0862011
1.3366923332214355,-4.07755,-5.35612,2.35725,-2.21308,-3.41521,3.41119,0.731704,-0.224808,0.698354,-0.165532,0.0842874,0.98216,0.0292779,-0.0694097,-0.0016774,0.556952,0.251138,0.116053,0.957095,-0.0862011
1.3563494682312012,-4.07755,-5.35612,2.35725,-2.21308,-3.41521,3.41119,0.731704,-0.224808,0.698354,-0.165532,0.0842874,0.98216,0.0292779,-0.0694097,-0.0016774,0.556952,0.251138,0.116053,0.957095,-0.0862011
1.3771750926971436,-4.07755,-5.35612,2.35725,-2.21308,-3.41521,3.41119,0.731704,-0.224808,0.698354,-0.165532,0.0842874,0.98216,0.0292779,-0.0694097,-0.0016774,0.556952,0.251138,0.116053,0.957095,-0.0862011
1.3976991176605225,-4.07755,-5.35612,2.35725,-2.21308,-3.41521,3.41119,0.731704,-0.224808,0.698354,-0.165532,0.0842874,0.98216,0.0292779,-0.0694097,-0.0016774,0.556952,0.251138,0.116053,0.957095,-0.0862011
1.417098045349121,-4.07755,-5.35612,2.35725,-2.21308,-3.41521,3.41119,0.731704,-0.224808,0.698354,-0.165532,0.0842874,0.98216,0.0292779,-0.0694097,-0.0016774,0.556952,0.251138,0.116053,0.957095,-0.0862011
1.437089443206787,-4.07755,-5.35612,2.35725,-2.21308,-3.41521,3.41119,0.731704,-0.224808,0.698354,-0.165532,0.0842874,0.98216,0.0292779,-0.0694097,-0.0016774,0.556952,0.251138,0.116053,0.957095,-0.0862011
1.4568493366241455,-4.07755,-5.35612,2.35725,-2.21308,-3.41521,3.41119,0.731704,-0.224808,0.698354,-0.165532,0.0842874,0.98216,0.0292779,-0.0694097,-0.0016774,0.556952,0.251138,0.116053,0.957095,-0.0862011
1.476897954940796,-4.07755,-5.35612,2.35725,-2.21308,-3.41521,3.41119,0.731704,-0.224808,0.698354,-0.165532,0.0842874,0.98216,0.0292779,-0.0694097,-0.0016774,0.556952,0.251138,0.116053,0.957095,-0.0862011
1.4971177577972412,-4.07755,-5.35612,2.35725,-2.21308,-3.41521,3.41119,0.731704,-0.224808,0.698354,-0.165532,0.0842874,0.98216,0.0292779,-0.0694097,-0.0016774,0.556952,0.251138,0.116053,0.957095,-0.0862011
1.517479658126831,-4.07755,-5.35612,2.35725,-2.21308,-3.41521,3.41119,0.731704,-0.224808,0.698354,-0.165532,0.0842874,0.98216,0.0292779,-0.0694097,-0.0016774,0.556952,0.251138,0.116053,0.957095,-0.0862011
1.5370194911956787,-4.07755,-5.35612,2.35725,-2.21308,-3.41521,3.41119,0.731704,-0.224808,0.698354,-0.165532,0.0842874,0.98216,0.0292779,-0.0694097,-0.0016774,0.556952,0.251138,0.116053,0.957095,-0.0862011
1.5574419498443604,-4.07755,-5.35612,2.35725,-2.21308,-3.41521,3.41119,0.731704,-0.224808,0.698354,-0.165532,0.0842874,0.98216,0.0292779,-0.0694097,-0.0016774,0.556952,0.251138,0.116053,0.957095,-0.0862011
1.5768122673034668,-4.07755,-5.35612,2.35725,-2.21308,-3.41521,3.41119,0.731704,-0.224808,0.698354,-0.165532,0.0842874,0.98216,0.0292779,-0.0694097,-0.0016774,0.556952,0.251138,0.116053,0.957095,-0.0862011
1.596863031387329,-4.07755,-5.35612,2.35725,-2.21308,-3.41521,3.41119,0.731704,-0.224808,0.698354,-0.165532,0.0842874,0.98216,0.0292779,-0.0694097,-0.0016774,0.556952,0.251138,0.116053,0.957095,-0.0862011
1.6179149150848389,-4.07755,-5.35612,2.35725,-2.21308,-3.41521,3.41119,0.731704,-0.224808,0.698354,-0.165532,0.0842874,0.98216,0.0292779,-0.0694097,-0.0016774,0.556952,0.251138,0.116053,0.957095,-0.0862011
1.6382594108581543,-4.07755,-5.35612,2.35725,-2.21308,-3.41521,3.41119,0.731704,-0.224808,0.698354,-0.165532,0.0842874,0.98216,0.0292779,-0.0694097,-0.0016774,0.556952,0.251138,0.116053,0.957095,-0.0862011
1.6568734645843506,-4.07755,-5.35612,2.35725,-2.21308,-3.41521,3.41119,0.731704,-0.224808,0.698354,-0.165532,0.0842874,0.98216,0.0292779,-0.0694097,-0.0016774,0.556952,0.251138,0.116053,0.957095,-0.0862011
1.6772310733795166,-4.07755,-5.35612,2.35725,-2.21308,-3.41521,3.41119,0.731704,-0.224808,0.698354,-0.165532,0.0842874,0.98216,0.0292779,-0.0694097,-0.0016774,0.556952,0.251138,0.116053,0.957095,-0.0862011
1.6975786685943604,-4.07755,-5.35612,2.35725,-2.21308,-3.41521,3.41119,0.731704,-0.224808,0.698354,-0.165532,0.0842874,0.98216,0.0292779,-0.0694097,-0.0016774,0.556952,0.251138,0.116053,0.957095,-0.0862011
1.717193365097046,-4.07755,-5.35612,2.35725,-2.21308,-3.41521,3.41119,0.731704,-0.224808,0.698354,-0.165532,0.0842874,0.98216,0.0292779,-0.0694097,-0.0016774,0.556952,0.251138,0.116053,0.957095,-0.0862011
1.7366993427276611,-4.07755,-5.35612,2.35725,-2.21308,-3.41521,3.41119,0.731704,-0.224808,0.698354,-0.165532,0.0842874,0.98216,0.0292779,-0.0694097,-0.0016774,0.556952,0.251138,0.116053,0.957095,-0.0862011
1.7572698593139648,-4.07755,-5.35612,2.35725,-2.21308,-3.41521,3.41119,0.731704,-0.224808,0.698354,-0.165532,0.0842874,0.98216,0.0292779,-0.0694097,-0.0016774,0.556952,0.251138,0.116053,0.957095,-0.0862011
1.7766869068145752,-4.07755,-5.35612,2.35725,-2.21308,-3.41521,3.41119,0.731704,-0.224808,0.698354,-0.165532,0.0842874,0.98216,0.0292779,-0.0694097,-0.0016774,0.556952,0.251138,0.116053,0.957095,-0.0862011
1.7968716621398926,-4.07755,-5.35612,2.35725,-2.21308,-3.41521,3.41119,0.731704,-0.224808,0.698354,-0.165532,0.0842874,0.98216,0.0292779,-0.0694097,-0.0016774,0.556952,0.251138,0.116053,0.957095,-0.0862011
1.8168830871582031,-4.07755,-5.35612,2.35725,-2.21308,-3.41521,3.41119,0.731704,-0.224808,0.698354,-0.165532,0.0842874,0.98216,0.0292779,-0.0694097,-0.0016774,0.556952,0.251138,0.116053,0.957095,-0.0862011
1.8369669914245605,-4.07755,-5.35612,2.35725,-2.21308,-3.41521,3.41119,0.731704,-0.224808,0.698354,-0.165532,0.0842874,0.98216,0.0292779,-0.0694097,-0.0016774,0.556952,0.251138,0.116053,0.957095,-0.0862011
1.856783390045166,-4.07755,-5.35612,2.35725,-2.21308,-3.41521,3.41119,0.731704,-0.224808,0.698354,-0.165532,0.0842874,0.98216,0.0292779,-0.0694097,-0.0016774,0.556952,0.251138,0.116053,0.957095,-0.0862011
1.8768486976623535,-4.07755,-5.35612,2.35725,-2.21308,-3.41521,3.41119,0.731704,-0.224808,0.698354,-0.165532,0.0842874,0.98216,0.0292779,-0.0694097,-0.0016774,0.556952,0.251138,0.116053,0.957095,-0.0862011
1.8969640731811523,-4.07755,-5.35612,2.35725,-2.21308,-3.41521,3.41119,0.731704,-0.224808,0.698354,-0.165532,0.0842874,0.98216,0.0292779,-0.0694097,-0.0016774,0.556952,0.251138,0.116053,0.957095,-0.0862011
1.9163343906402588,-4.07755,-5.35612,2.35725,-2.21308,-3.41521,3.41119,0.731704,-0.224808,0.698354,-0.165532,0.0842874,0.98216,0.0292779,-0.0694097,-0.0016774,0.556952,0.251138,0.116053,0.957095,-0.0862011
1.937058925628662,-4.07755,-5.35612,2.35725,-2.21308,-3.41521,3.41119,0.731704,-0.224808,0.698354,-0.165532,0.0842874,0.98216,0.0292779,-0.0694097,-0.0016774,0.556952,0.251138,0.116053,0.957095,-0.0862011
1.9567770957946777,-4.07755,-5.35612,2.35725,-2.21308,-3.41521,3.41119,0.731704,-0.224808,0.698354,-0.165532,0.0842874,0.98216,0.0292779,-0.0694097,-0.0016774,0.556952,0.251138,0.116053,0.957095,-0.0862011
1.9766790866851807,-4.07755,-5.35612,2.35725,-2.21308,-3.41521,3.41119,0.731704,-0.224808,0.698354,-0.165532,0.0842874,0.98216,0.0292779,-0.0694097,-0.0016774,0.556952,0.251138,0.116053,0.957095,-0.0862011
1.996589183807373,-4.07755,-5.35612,2.35725,-2.21308,-3.41521,3.41119,0.731704,-0.224808,0.698354,-0.165532,0.0842874,0.98216,0.0292779,-0.0694097,-0.0016774,0.556952,0.251138,0.116053,0.957095,-0.0862011
2.01642107963562,-4.07755,-5.35612,2.35725,-2.21308,-3.41521,3.41119,0.731704,-0.224808,0.698354,-0.165532,0.0842874,0.98216,0.0292779,-0.0694097,-0.0016774,0.556952,0.251138,0.116053,0.957095,-0.0862011
2.037783622741699,-4.07755,-5.35612,2.35725,-2.21308,-3.41521,3.41119,0.731704,-0.224808,0.698354,-0.165532,0.0842874,0.98216,0.0292779,-0.0694097,-0.0016774,0.556952,0.251138,0.116053,0.957095,-0.0862011
2.057002305984497,-4.07755,-5.35612,2.35725,-2.21308,-3.41521,3.41119,0.731704,-0.224808,0.698354,-0.165532,0.0842874,0.98216,0.0292779,-0.0694097,-0.0016774,0.556952,0.251138,0.116053,0.957095,-0.0862011
2.076953411102295,-4.07755,-5.35612,2.35725,-2.21308,-3.41521,3.41119,0.731704,-0.224808,0.698354,-0.165532,0.0842874,0.98216,0.0292779,-0.0694097,-0.0016774,0.556952,0.251138,0.116053,0.957095,-0.0862011
2.096909523010254,-4.07755,-5.35612,2.35725,-2.21308,-3.41521,3.41119,0.731704,-0.224808,0.698354,-0.165532,0.0842874,0.98216,0.0292779,-0.0694097,-0.0016774,0.556952,0.251138,0.116053,0.957095,-0.0862011
2.1167283058166504,-4.07755,-5.35612,2.35725,-2.21308,-3.41521,3.41119,0.731704,-0.224808,0.698354,-0.165532,0.0842874,0.98216,0.0292779,-0.0694097,-0.0016774,0.556952,0.251138,0.116053,0.957095,-0.0862011
2.136606454849243,-4.07755,-5.35612,2.35725,-2.21308,-3.41521,3.41119,0.731704,-0.224808,0.698354,-0.165532,0.0842874,0.98216,0.0292779,-0.0694097,-0.0016774,0.556952,0.251138,0.116053,0.957095,-0.0862011
2.1564714908599854,-4.07755,-5.35612,2.35725,-2.21308,-3.41521,3.41119,0.731704,-0.224808,0.698354,-0.165532,0.0842874,0.98216,0.0292779,-0.0694097,-0.0016774,0.556952,0.251138,0.116053,0.957095,-0.0862011
2.176196336746216,-4.07755,-5.35612,2.35725,-2.21308,-3.41521,3.41119,0.731704,-0.224808,0.698354,-0.165532,0.0842874,0.98216,0.0292779,-0.0694097,-0.0016774,0.556952,0.251138,0.116053,0.957095,-0.0862011
2.196951389312744,-4.07755,-5.35612,2.35725,-2.21308,-3.41521,3.41119,0.731704,-0.224808,0.698354,-0.165532,0.0842874,0.98216,0.0292779,-0.0694097,-0.0016774,0.556952,0.251138,0.116053,0.957095,-0.0862011
2.2167909145355225,-4.07755,-5.35612,2.35725,-2.21308,-3.41521,3.41119,0.731704,-0.224808,0.698354,-0.165532,0.0842874,0.98216,0.0292779,-0.0694097,-0.0016774,0.556952,0.251138,0.116053,0.957095,-0.0862011
2.236741542816162,-4.07755,-5.35612,2.35725,-2.21308,-3.41521,3.41119,0.731704,-0.224808,0.698354,-0.165532,0.0842874,0.98216,0.0292779,-0.0694097,-0.0016774,0.556952,0.251138,0.116053,0.957095,-0.0862011
2.256513833999634,-4.07755,-5.35612,2.35725,-2.21308,-3.41521,3.41119,0.731704,-0.224808,0.698354,-0.165532,0.0842874,0.98216,0.0292779,-0.0694097,-0.0016774,0.556952,0.251138,0.116053,0.957095,-0.0862011
2.2762067317962646,-4.07755,-5.35612,2.35725,-2.21308,-3.41521,3.41119,0.731704,-0.224808,0.698354,-0.165532,0.0842874,0.98216,0.0292779,-0.0694097,-0.0016774,0.556952,0.251138,0.116053,0.957095,-0.0862011
2.2970874309539795,-4.07755,-5.35612,2.35725,-2.21308,-3.41521,3.41119,0.731704,-0.224808,0.698354,-0.165532,0.0842874,0.98216,0.0292779,-0.0694097,-0.0016774,0.556952,0.251138,0.116053,0.957095,-0.0862011
2.316871166229248,-4.07755,-5.35612,2.35725,-2.21308,-3.41521,3.41119,0.731704,-0.224808,0.698354,-0.165532,0.0842874,0.98216,0.0292779,-0.0694097,-0.0016774,0.556952,0.251138,0.116053,0.957095,-0.0862011
2.336571455001831,-4.07755,-5.35612,2.35725,-2.21308,-3.41521,3.41119,0.731704,-0.224808,0.698354,-0.165532,0.0842874,0.98216,0.0292779,-0.0694097,-0.0016774,0.556952,0.251138,0.116053,0.957095,-0.0862011
2.3562917709350586,-4.07755,-5.35612,2.35725,-2.21308,-3.41521,3.41119,0.731704,-0.224808,0.698354,-0.165532,0.0842874,0.98216,0.0292779,-0.0694097,-0.0016774,0.556952,0.251138,0.116053,0.957095,-0.0862011
2.3760836124420166,-4.07755,-5.35612,2.35725,-2.21308,-3.41521,3.41119,0.731704,-0.224808,0.698354,-0.165532,0.0842874,0.98216,0.0292779,-0.0694097,-0.0016774,0.556952,0.251138,0.116053,0.957095,-0.0862011
2.396883249282837,-4.07755,-5.35612,2.35725,-2.21308,-3.41521,3.41119,0.731704,-0.224808,0.698354,-0.165532,0.0842874,0.98216,0.0292779,-0.0694097,-0.0016774,0.556952,0.251138,0.116053,0.957095,-0.0862011
2.4211928844451904,-4.07755,-5.35612,2.35725,-2.21308,-3.41521,3.41119,0.731704,-0.224808,0.698354,-0.165532,0.0842874,0.98216,0.0292779,-0.0694097,-0.0016774,0.556952,0.251138,0.116053,0.957095,-0.0862011
2.4376943111419678,-4.07755,-5.35612,2.35725,-2.21308,-3.41521,3.41119,0.731704,-0.224808,0.698354,-0.165532,0.0842874,0.98216,0.0292779,-0.0694097,-0.0016774,0.556952,0.251138,0.116053,0.957095,-0.0862011
2.4567980766296387,-4.07755,-5.35612,2.35725,-2.21308,-3.41521,3.41119,0.731704,-0.224808,0.698354,-0.165532,0.0842874,0.98216,0.0292779,-0.0694097,-0.0016774,0.556952,0.251138,0.116053,0.957095,-0.0862011
2.4768171310424805,-4.07755,-5.35612,2.35725,-2.21308,-3.41521,3.41119,0.731704,-0.224808,0.698354,-0.165532,0.0842874,0.98216,0.0292779,-0.0694097,-0.0016774,0.556952,0.251138,0.116053,0.957095,-0.0862011
2.4969546794891357,-4.07755,-5.35612,2.35725,-2.21308,-3.41521,3.41119,0.731704,-0.224808,0.698354,-0.165532,0.0842874,0.98216,0.0292779,-0.0694097,-0.0016774,0.556952,0.251138,0.116053,0.957095,-0.0862011
2.517482042312622,-4.07755,-5.35612,2.35725,-2.21308,-3.41521,3.41119,0.731704,-0.224808,0.698354,-0.165532,0.0842874,0.98216,0.0292779,-0.0694097,-0.0016774,0.556952,0.251138,0.116053,0.957095,-0.0862011
2.5370407104492188,-4.07755,-5.35612,2.35725,-2.21308,-3.41521,3.41119,0.731704,-0.224808,0.698354,-0.165532,0.0842874,0.98216,0.0292779,-0.0694097,-0.0016774,0.556952,0.251138,0.116053,0.957095,-0.0862011
2.557084560394287,-4.07755,-5.35612,2.35725,-2.21308,-3.41521,3.41119,0.731704,-0.224808,0.698354,-0.165532,0.0842874,0.98216,0.0292779,-0.0694097,-0.0016774,0.556952,0.251138,0.116053,0.957095,-0.0862011
2.5771737098693848,-4.07755,-5.35612,2.35725,-2.21308,-3.41521,3.41119,0.731704,-0.224808,0.698354,-0.165532,0.0842874,0.98216,0.0292779,-0.0694097,-0.0016774,0.556952,0.251138,0.116053,0.957095,-0.0862011
2.596848487854004,-4.07755,-5.35612,2.35725,-2.21308,-3.41521,3.41119,0.731704,-0.224808,0.698354,-0.165532,0.0842874,0.98216,0.0292779,-0.0694097,-0.0016774,0.556952,0.251138,0.116053,0.957095,-0.0862011
2.616879463195801,-4.07755,-5.35612,2.35725,-2.21308,-3.41521,3.41119,0.731704,-0.224808,0.698354,-0.165532,0.0842874,0.98216,0.0292779,-0.0694097,-0.0016774,0.556952,0.251138,0.116053,0.957095,-0.0862011
2.636937379837036,-4.07755,-5.35612,2.35725,-2.21308,-3.41521,3.41119,0.731704,-0.224808,0.698354,-0.165532,0.0842874,0.98216,0.0292779,-0.0694097,-0.0016774,0.556952,0.251138,0.116053,0.957095,-0.0862011
2.6569607257843018,-4.07755,-5.35612,2.35725,-2.21308,-3.41521,3.41119,0.731704,-0.224808,0.698354,-0.165532,0.0842874,0.98216,0.0292779,-0.0694097,-0.0016774,0.556952,0.251138,0.116053,0.957095,-0.0862011
2.6768665313720703,-4.07755,-5.35612,2.35725,-2.21308,-3.41521,3.41119,0.731704,-0.224808,0.698354,-0.165532,0.0842874,0.98216,0.0292779,-0.0694097,-0.0016774,0.556952,0.251138,0.116053,0.957095,-0.0862011
2.6968870162963867,-4.07755,-5.35612,2.35725,-2.21308,-3.41521,3.41119,0.731704,-0.224808,0.698354,-0.165532,0.0842874,0.98216,0.0292779,-0.0694097,-0.0016774,0.556952,0.251138,0.116053,0.957095,-0.0862011
2.7170467376708984,-4.07755,-5.35612,2.35725,-2.21308,-3.41521,3.41119,0.731704,-0.224808,0.698354,-0.165532,0.0842874,0.98216,0.0292779,-0.0694097,-0.0016774,0.556952,0.251138,0.116053,0.957095,-0.0862011
2.7416086196899414,-4.07755,-5.35612,2.35725,-2.21308,-3.41521,3.41119,0.731704,-0.224808,0.698354,-0.165532,0.0842874,0.98216,0.0292779,-0.0694097,-0.0016774,0.556952,0.251138,0.116053,0.957095,-0.0862011
2.758054733276367,-4.07755,-5.35612,2.35725,-2.21308,-3.41521,3.41119,0.731704,-0.224808,0.698354,-0.165532,0.0842874,0.98216,0.0292779,-0.0694097,-0.0016774,0.556952,0.251138,0.116053,0.957095,-0.0862011
2.77807879447937,-4.07755,-5.35612,2.35725,-2.21308,-3.41521,3.41119,0.731704,-0.224808,0.698354,-0.165532,0.0842874,0.98216,0.0292779,-0.0694097,-0.0016774,0.556952,0.251138,0.116053,0.957095,-0.0862011
2.798192024230957,-4.07755,-5.35612,2.35725,-2.21308,-3.41521,3.41119,0.731704,-0.224808,0.698354,-0.165532,0.0842874,0.98216,0.0292779,-0.0694097,-0.0016774,0.556952,0.251138,0.116053,0.957095,-0.0862011
2.817883014678955,-4.07755,-5.35612,2.35725,-2.21308,-3.41521,3.41119,0.731704,-0.224808,0.698354,-0.165532,0.0842874,0.98216,0.0292779,-0.0694097,-0.0016774,0.556952,0.251138,0.116053,0.957095,-0.0862011
2.83787202835083,-4.07755,-5.35612,2.35725,-2.21308,-3.41521,3.41119,0.731704,-0.224808,0.698354,-0.165532,0.0842874,0.98216,0.0292779,-0.0694097,-0.0016774,0.556952,0.251138,0.116053,0.957095,-0.0862011
2.857769250869751,-4.07755,-5.35612,2.35725,-2.21308,-3.41521,3.41119,0.731704,-0.224808,0.698354,-0.165532,0.0842874,0.98216,0.0292779,-0.0694097,-0.0016774,0.556952,0.251138,0.116053,0.957095,-0.0862011
2.877884864807129,-4.07755,-5.35612,2.35725,-2.21308,-3.41521,3.41119,0.731704,-0.224808,0.698354,-0.165532,0.0842874,0.98216,0.0292779,-0.0694097,-0.0016774,0.556952,0.251138,0.116053,0.957095,-0.0862011
2.8974194526672363,-4.07755,-5.35612,2.35725,-2.21308,-3.41521,3.41119,0.731704,-0.224808,0.698354,-0.165532,0.0842874,0.98216,0.0292779,-0.0694097,-0.0016774,0.556952,0.251138,0.116053,0.957095,-0.0862011
2.917295217514038,-4.07755,-5.35612,2.35725,-2.21308,-3.41521,3.41119,0.731704,-0.224808,0.698354,-0.165532,0.0842874,0.98216,0.0292779,-0.0694097,-0.0016774,0.556952,0.251138,0.116053,0.957095,-0.0862011
2.9372310638427734,-4.07755,-5.35612,2.35725,-2.21308,-3.41521,3.41119,0.731704,-0.224808,0.698354,-0.165532,0.0842874,0.98216,0.0292779,-0.0694097,-0.0016774,0.556952,0.251138,0.116053,0.957095,-0.0862011
2.958315849304199,-4.07755,-5.35612,2.35725,-2.21308,-3.41521,3.41119,0.731704,-0.224808,0.698354,-0.165532,0.0842874,0.98216,0.0292779,-0.0694097,-0.0016774,0.556952,0.251138,0.116053,0.957095,-0.0862011
2.976759195327759,-4.07755,-5.35612,2.35725,-2.21308,-3.41521,3.41119,0.731704,-0.224808,0.698354,-0.165532,0.0842874,0.98216,0.0292779,-0.0694097,-0.0016774,0.556952,0.251138,0.116053,0.957095,-0.0862011
2.997494697570801,-4.07755,-5.35612,2.35725,-2.21308,-3.41521,3.41119,0.731704,-0.224808,0.698354,-0.165532,0.0842874,0.98216,0.0292779,-0.0694097,-0.0016774,0.556952,0.251138,0.116053,0.957095,-0.0862011
3.017094612121582,-4.07755,-5.35612,2.35725,-2.21308,-3.41521,3.41119,0.731704,-0.224808,0.698354,-0.165532,0.0842874,0.98216,0.0292779,-0.0694097,-0.0016774,0.556952,0.251138,0.116053,0.957095,-0.0862011
3.0379035472869873,-4.07755,-5.35612,2.35725,-2.21308,-3.41521,3.41119,0.731704,-0.224808,0.698354,-0.165532,0.0842874,0.98216,0.0292779,-0.0694097,-0.0016774,0.556952,0.251138,0.116053,0.957095,-0.0862011
3.0574378967285156,-4.07755,-5.35612,2.35725,-2.21308,-3.41521,3.41119,0.731704,-0.224808,0.698354,-0.165532,0.0842874,0.98216,0.0292779,-0.0694097,-0.0016774,0.556952,0.251138,0.116053,0.957095,-0.0862011
3.0769383907318115,-4.07755,-5.35612,2.35725,-2.21308,-3.41521,3.41119,0.731704,-0.224808,0.698354,-0.165532,0.0842874,0.98216,0.0292779,-0.0694097,-0.0016774,0.556952,0.251138,0.116053,0.957095,-0.0862011
3.097442150115967,-4.07755,-5.35612,2.35725,-2.21308,-3.41521,3.41119,0.731704,-0.224808,0.698354,-0.165532,0.0842874,0.98216,0.0292779,-0.0694097,-0.0016774,0.556952,0.251138,0.116053,0.957095,-0.0862011
3.1174254417419434,-4.07755,-5.35612,2.35725,-2.21308,-3.41521,3.41119,0.731704,-0.224808,0.698354,-0.165532,0.0842874,0.98216,0.0292779,-0.0694097,-0.0016774,0.556952,0.251138,0.116053,0.957095,-0.0862011
3.137167453765869,-4.07755,-5.35612,2.35725,-2.21308,-3.41521,3.41119,0.731704,-0.224808,0.698354,-0.165532,0.0842874,0.98216,0.0292779,-0.0694097,-0.0016774,0.556952,0.251138,0.116053,0.957095,-0.0862011
3.1576271057128906,-4.07755,-5.35612,2.35725,-2.21308,-3.41521,3.41119,0.731704,-0.224808,0.698354,-0.165532,0.0842874,0.98216,0.0292779,-0.0694097,-0.0016774,0.556952,0.251138,0.116053,0.957095,-0.0862011
3.1770005226135254,-4.07755,-5.35612,2.35725,-2.21308,-3.41521,3.41119,0.731704,-0.224808,0.698354,-0.165532,0.0842874,0.98216,0.0292779,-0.0694097,-0.0016774,0.556952,0.251138,0.116053,0.957095,-0.0862011
3.1975960731506348,-4.07755,-5.35612,2.35725,-2.21308,-3.41521,3.41119,0.731704,-0.224808,0.698354,-0.165532,0.0842874,0.98216,0.0292779,-0.0694097,-0.0016774,0.556952,0.251138,0.116053,0.957095,-0.0862011
3.2174344062805176,-4.07755,-5.35612,2.35725,-2.21308,-3.41521,3.41119,0.731704,-0.224808,0.698354,-0.165532,0.0842874,0.98216,0.0292779,-0.0694097,-0.0016774,0.556952,0.251138,0.116053,0.957095,-0.0862011
3.236933946609497,-4.07755,-5.35612,2.35725,-2.21308,-3.41521,3.41119,0.731704,-0.224808,0.698354,-0.165532,0.0842874,0.98216,0.0292779,-0.0694097,-0.0016774,0.556952,0.251138,0.116053,0.957095,-0.0862011
3.2574315071105957,-4.07755,-5.35612,2.35725,-2.21308,-3.41521,3.41119,0.731704,-0.224808,0.698354,-0.165532,0.0842874,0.98216,0.0292779,-0.0694097,-0.0016774,0.556952,0.251138,0.116053,0.957095,-0.0862011
3.2769713401794434,-4.07755,-5.35612,2.35725,-2.21308,-3.41521,3.41119,0.731704,-0.224808,0.698354,-0.165532,0.0842874,0.98216,0.0292779,-0.0694097,-0.0016774,0.556952,0.251138,0.116053,0.957095,-0.0862011
3.297541618347168,-4.07755,-5.35612,2.35725,-2.21308,-3.41521,3.41119,0.731704,-0.224808,0.698354,-0.165532,0.0842874,0.98216,0.0292779,-0.0694097,-0.0016774,0.556952,0.251138,0.116053,0.957095,-0.0862011
3.31748628616333,-4.07755,-5.35612,2.35725,-2.21308,-3.41521,3.41119,0.731704,-0.224808,0.698354,-0.165532,0.0842874,0.98216,0.0292779,-0.0694097,-0.0016774,0.556952,0.251138,0.116053,0.957095,-0.0862011
3.3374595642089844,-4.07755,-5.35612,2.35725,-2.21308,-3.41521,3.41119,0.731704,-0.224808,0.698354,-0.165532,0.0842874,0.98216,0.0292779,-0.0694097,-0.0016774,0.556952,0.251138,0.116053,0.957095,-0.0862011
3.357501745223999,-4.07755,-5.35612,2.35725,-2.21308,-3.41521,3.41119,0.731704,-0.224808,0.698354,-0.165532,0.0842874,0.98216,0.0292779,-0.0694097,-0.0016774,0.556952,0.251138,0.116053,0.957095,-0.0862011
3.377091407775879,-4.07755,-5.35612,2.35725,-2.21308,-3.41521,3.41119,0.731704,-0.224808,0.698354,-0.165532,0.0842874,0.98216,0.0292779,-0.0694097,-0.0016774,0.556952,0.251138,0.116053,0.957095,-0.0862011
3.3982555866241455,-4.07755,-5.35612,2.35725,-2.21308,-3.41521,3.41119,0.731704,-0.224808,0.698354,-0.165532,0.0842874,0.98216,0.0292779,-0.0694097,-0.0016774,0.556952,0.251138,0.116053,0.957095,-0.0862011
3.419607400894165,-4.07755,-5.35612,2.35725,-2.21308,-3.41521,3.41119,0.731704,-0.224808,0.698354,-0.165532,0.0842874,0.98216,0.0292779,-0.0694097,-0.0016774,0.556952,0.251138,0.116053,0.957095,-0.0862011
3.4375085830688477,-4.07755,-5.35612,2.35725,-2.21308,-3.41521,3.41119,0.731704,-0.224808,0.698354,-0.165532,0.0842874,0.98216,0.0292779,-0.0694097,-0.0016774,0.556952,0.251138,0.116053,0.957095,-0.0862011
3.4571309089660645,-4.07755,-5.35612,2.35725,-2.21308,-3.41521,3.41119,0.731704,-0.224808,0.698354,-0.165532,0.0842874,0.98216,0.0292779,-0.0694097,-0.0016774,0.556952,0.251138,0.116053,0.957095,-0.0862011
3.4769914150238037,-4.07755,-5.35612,2.35725,-2.21308,-3.41521,3.41119,0.731704,-0.224808,0.698354,-0.165532,0.0842874,0.98216,0.0292779,-0.0694097,-0.0016774,0.556952,0.251138,0.116053,0.957095,-0.0862011
3.497567653656006,-4.07755,-5.35612,2.35725,-2.21308,-3.41521,3.41119,0.731704,-0.224808,0.698354,-0.165532,0.0842874,0.98216,0.0292779,-0.0694097,-0.0016774,0.556952,0.251138,0.116053,0.957095,-0.0862011
3.5174577236175537,-4.07755,-5.35612,2.35725,-2.21308,-3.41521,3.41119,0.731704,-0.224808,0.698354,-0.165532,0.0842874,0.98216,0.0292779,-0.0694097,-0.0016774,0.556952,0.251138,0.116053,0.957095,-0.0862011
3.537196636199951,-4.07755,-5.35612,2.35725,-2.21308,-3.41521,3.41119,0.731704,-0.224808,0.698354,-0.165532,0.0842874,0.98216,0.0292779,-0.0694097,-0.0016774,0.556952,0.251138,0.116053,0.957095,-0.0862011
3.5571768283843994,-4.07755,-5.35612,2.35725,-2.21308,-3.41521,3.41119,0.731704,-0.224808,0.698354,-0.165532,0.0842874,0.98216,0.0292779,-0.0694097,-0.0016774,0.556952,0.251138,0.116053,0.957095,-0.0862011
3.576831102371216,-4.07755,-5.35612,2.35725,-2.21308,-3.41521,3.41119,0.731704,-0.224808,0.698354,-0.165532,0.0842874,0.98216,0.0292779,-0.0694097,-0.0016774,0.556952,0.251138,0.116053,0.957095,-0.0862011
3.597576379776001,-4.07755,-5.35612,2.35725,-2.21308,-3.41521,3.41119,0.731704,-0.224808,0.698354,-0.165532,0.0842874,0.98216,0.0292779,-0.0694097,-0.0016774,0.556952,0.251138,0.116053,0.957095,-0.0862011
3.6170432567596436,-4.07755,-5.35612,2.35725,-2.21308,-3.41521,3.41119,0.731704,-0.224808,0.698354,-0.165532,0.0842874,0.98216,0.0292779,-0.0694097,-0.0016774,0.556952,0.251138,0.116053,0.957095,-0.0862011
3.637768268585205,-4.07755,-5.35612,2.35725,-2.21308,-3.41521,3.41119,0.731704,-0.224808,0.698354,-0.165532,0.0842874,0.98216,0.0292779,-0.0694097,-0.0016774,0.556952,0.251138,0.116053,0.957095,-0.0862011
3.657477617263794,-4.07755,-5.35612,2.35725,-2.21308,-3.41521,3.41119,0.731704,-0.224808,0.698354,-0.165532,0.0842874,0.98216,0.0292779,-0.0694097,-0.0016774,0.556952,0.251138,0.116053,0.957095,-0.0862011
3.678241491317749,-4.07755,-5.35612,2.35725,-2.21308,-3.41521,3.41119,0.731704,-0.224808,0.698354,-0.165532,0.0842874,0.98216,0.0292779,-0.0694097,-0.0016774,0.556952,0.251138,0.116053,0.957095,-0.0862011
3.6980552673339844,-4.07755,-5.35612,2.35725,-2.21308,-3.41521,3.41119,0.731704,-0.224808,0.698354,-0.165532,0.0842874,0.98216,0.0292779,-0.0694097,-0.0016774,0.556952,0.251138,0.116053,0.957095,-0.0862011
3.717658758163452,-4.07755,-5.35612,2.35725,-2.21308,-3.41521,3.41119,0.731704,-0.224808,0.698354,-0.165532,0.0842874,0.98216,0.0292779,-0.0694097,-0.0016774,0.556952,0.251138,0.116053,0.957095,-0.0862011
3.7372889518737793,-4.07755,-5.35612,2.35725,-2.21308,-3.41521,3.41119,0.731704,-0.224808,0.698354,-0.165532,0.0842874,0.98216,0.0292779,-0.0694097,-0.0016774,0.556952,0.251138,0.116053,0.957095,-0.0862011
3.7568864822387695,-4.07755,-5.35612,2.35725,-2.21308,-3.41521,3.41119,0.731704,-0.224808,0.698354,-0.165532,0.0842874,0.98216,0.0292779,-0.0694097,-0.0016774,0.556952,0.251138,0.116053,0.957095,-0.0862011
3.777782440185547,-4.07755,-5.35612,2.35725,-2.21308,-3.41521,3.41119,0.731704,-0.224808,0.698354,-0.165532,0.0842874,0.98216,0.0292779,-0.0694097,-0.0016774,0.556952,0.251138,0.116053,0.957095,-0.0862011
3.7973077297210693,-4.07755,-5.35612,2.35725,-2.21308,-3.41521,3.41119,0.731704,-0.224808,0.698354,-0.165532,0.0842874,0.98216,0.0292779,-0.0694097,-0.0016774,0.556952,0.251138,0.116053,0.957095,-0.0862011
3.81655216217041,-4.07755,-5.35612,2.35725,-2.21308,-3.41521,3.41119,0.731704,-0.224808,0.698354,-0.165532,0.0842874,0.98216,0.0292779,-0.0694097,-0.0016774,0.556952,0.251138,0.116053,0.957095,-0.0862011
3.8372647762298584,-4.07755,-5.35612,2.35725,-2.21308,-3.41521,3.41119,0.731704,-0.224808,0.698354,-0.165532,0.0842874,0.98216,0.0292779,-0.0694097,-0.0016774,0.556952,0.251138,0.116053,0.957095,-0.0862011
3.8568038940429688,-4.07755,-5.35612,2.35725,-2.21308,-3.41521,3.41119,0.731704,-0.224808,0.698354,-0.165532,0.0842874,0.98216,0.0292779,-0.0694097,-0.0016774,0.556952,0.251138,0.116053,0.957095,-0.0862011
3.876800060272217,-4.07755,-5.35612,2.35725,-2.21308,-3.41521,3.41119,0.731704,-0.224808,0.698354,-0.165532,0.0842874,0.98216,0.0292779,-0.0694097,-0.0016774,0.556952,0.251138,0.116053,0.957095,-0.0862011
3.8971986770629883,-4.07755,-5.35612,2.35725,-2.21308,-3.41521,3.41119,0.731704,-0.224808,0.698354,-0.165532,0.0842874,0.98216,0.0292779,-0.0694097,-0.0016774,0.556952,0.251138,0.116053,0.957095,-0.0862011
3.9177751541137695,-4.07755,-5.35612,2.35725,-2.21308,-3.41521,3.41119,0.731704,-0.224808,0.698354,-0.165532,0.0842874,0.98216,0.0292779,-0.0694097,-0.0016774,0.556952,0.251138,0.116053,0.957095,-0.0862011
3.9372589588165283,-4.07755,-5.35612,2.35725,-2.21308,-3.41521,3.41119,0.731704,-0.224808,0.698354,-0.165532,0.0842874,0.98216,0.0292779,-0.0694097,-0.0016774,0.556952,0.251138,0.116053,0.957095,-0.0862011
3.9575464725494385,-4.07755,-5.35612,2.35725,-2.21308,-3.41521,3.41119,0.731704,-0.224808,0.698354,-0.165532,0.0842874,0.98216,0.0292779,-0.0694097,-0.0016774,0.556952,0.251138,0.116053,0.957095,-0.0862011
3.9771852493286133,-4.07755,-5.35612,2.35725,-2.21308,-3.41521,3.41119,0.731704,-0.224808,0.698354,-0.165532,0.0842874,0.98216,0.0292779,-0.0694097,-0.0016774,0.556952,0.251138,0.116053,0.957095,-0.0862011
3.996845006942749,-4.07755,-5.35612,2.35725,-2.21308,-3.41521,3.41119,0.731704,-0.224808,0.698354,-0.165532,0.0842874,0.98216,0.0292779,-0.0694097,-0.0016774,0.556952,0.251138,0.116053,0.957095,-0.0862011
4.017361640930176,-4.07755,-5.35612,2.35725,-2.21308,-3.41521,3.41119,0.731704,-0.224808,0.698354,-0.165532,0.0842874,0.98216,0.0292779,-0.0694097,-0.0016774,0.556952,0.251138,0.116053,0.957095,-0.0862011
4.0370564460754395,-4.07755,-5.35612,2.35725,-2.21308,-3.41521,3.41119,0.731704,-0.224808,0.698354,-0.165532,0.0842874,0.98216,0.0292779,-0.0694097,-0.0016774,0.556952,0.251138,0.116053,0.957095,-0.0862011
4.057551383972168,-4.07755,-5.35612,2.35725,-2.21308,-3.41521,3.41119,0.731704,-0.224808,0.698354,-0.165532,0.0842874,0.98216,0.0292779,-0.0694097,-0.0016774,0.556952,0.251138,0.116053,0.957095,-0.0862011
4.076800346374512,-4.07755,-5.35612,2.35725,-2.21308,-3.41521,3.41119,0.731704,-0.224808,0.698354,-0.165532,0.0842874,0.98216,0.0292779,-0.0694097,-0.0016774,0.556952,0.251138,0.116053,0.957095,-0.0862011
4.096951484680176,-4.07755,-5.35612,2.35725,-2.21308,-3.41521,3.41119,0.731704,-0.224808,0.698354,-0.165532,0.0842874,0.98216,0.0292779,-0.0694097,-0.0016774,0.556952,0.251138,0.116053,0.957095,-0.0862011
4.117414474487305,-4.07755,-5.35612,2.35725,-2.21308,-3.41521,3.41119,0.731704,-0.224808,0.698354,-0.165532,0.0842874,0.98216,0.0292779,-0.0694097,-0.0016774,0.556952,0.251138,0.116053,0.957095,-0.0862011
4.13671088218689,-4.07755,-5.35612,2.35725,-2.21308,-3.41521,3.41119,0.731704,-0.224808,0.698354,-0.165532,0.0842874,0.98216,0.0292779,-0.0694097,-0.0016774,0.556952,0.251138,0.116053,0.957095,-0.0862011
4.156980991363525,-4.07755,-5.35612,2.35725,-2.21308,-3.41521,3.41119,0.731704,-0.224808,0.698354,-0.165532,0.0842874,0.98216,0.0292779,-0.0694097,-0.0016774,0.556952,0.251138,0.116053,0.957095,-0.0862011
4.177176237106323,-4.07755,-5.35612,2.35725,-2.21308,-3.41521,3.41119,0.731704,-0.224808,0.698354,-0.165532,0.0842874,0.98216,0.0292779,-0.0694097,-0.0016774,0.556952,0.251138,0.116053,0.957095,-0.0862011
4.19754695892334,-4.07755,-5.35612,2.35725,-2.21308,-3.41521,3.41119,0.731704,-0.224808,0.698354,-0.165532,0.0842874,0.98216,0.0292779,-0.0694097,-0.0016774,0.556952,0.251138,0.116053,0.957095,-0.0862011
4.217278957366943,-4.07755,-5.35612,2.35725,-2.21308,-3.41521,3.41119,0.731704,-0.224808,0.698354,-0.165532,0.0842874,0.98216,0.0292779,-0.0694097,-0.0016774,0.556952,0.251138,0.116053,0.957095,-0.0862011
4.237711191177368,-4.07755,-5.35612,2.35725,-2.21308,-3.41521,3.41119,0.731704,-0.224808,0.698354,-0.165532,0.0842874,0.98216,0.0292779,-0.0694097,-0.0016774,0.556952,0.251138,0.116053,0.957095,-0.0862011
4.257148742675781,-4.07755,-5.35612,2.35725,-2.21308,-3.41521,3.41119,0.731704,-0.224808,0.698354,-0.165532,0.0842874,0.98216,0.0292779,-0.0694097,-0.0016774,0.556952,0.251138,0.116053,0.957095,-0.0862011
4.277596712112427,-4.07755,-5.35612,2.35725,-2.21308,-3.41521,3.41119,0.731704,-0.224808,0.698354,-0.165532,0.0842874,0.98216,0.0292779,-0.0694097,-0.0016774,0.556952,0.251138,0.116053,0.957095,-0.0862011
4.29688286781311,-4.07755,-5.35612,2.35725,-2.21308,-3.41521,3.41119,0.731704,-0.224808,0.698354,-0.165532,0.0842874,0.98216,0.0292779,-0.0694097,-0.0016774,0.556952,0.251138,0.116053,0.957095,-0.0862011
4.31723952293396,-4.07755,-5.35612,2.35725,-2.21308,-3.41521,3.41119,0.731704,-0.224808,0.698354,-0.165532,0.0842874,0.98216,0.0292779,-0.0694097,-0.0016774,0.556952,0.251138,0.116053,0.957095,-0.0862011
4.337666273117065,-4.07755,-5.35612,2.35725,-2.21308,-3.41521,3.41119,0.731704,-0.224808,0.698354,-0.165532,0.0842874,0.98216,0.0292779,-0.0694097,-0.0016774,0.556952,0.251138,0.116053,0.957095,-0.0862011
4.357390880584717,-4.07755,-5.35612,2.35725,-2.21308,-3.41521,3.41119,0.731704,-0.224808,0.698354,-0.165532,0.0842874,0.98216,0.0292779,-0.0694097,-0.0016774,0.556952,0.251138,0.116053,0.957095,-0.0862011
4.376636505126953,-4.07755,-5.35612,2.35725,-2.21308,-3.41521,3.41119,0.731704,-0.224808,0.698354,-0.165532,0.0842874,0.98216,0.0292779,-0.0694097,-0.0016774,0.556952,0.251138,0.116053,0.957095,-0.0862011
4.3974785804748535,-4.07755,-5.35612,2.35725,-2.21308,-3.41521,3.41119,0.731704,-0.224808,0.698354,-0.165532,0.0842874,0.98216,0.0292779,-0.0694097,-0.0016774,0.556952,0.251138,0.116053,0.957095,-0.0862011
4.417579650878906,-4.07755,-5.35612,2.35725,-2.21308,-3.41521,3.41119,0.731704,-0.224808,0.698354,-0.165532,0.0842874,0.98216,0.0292779,-0.0694097,-0.0016774,0.556952,0.251138,0.116053,0.957095,-0.0862011
4.437572240829468,-4.07755,-5.35612,2.35725,-2.21308,-3.41521,3.41119,0.731704,-0.224808,0.698354,-0.165532,0.0842874,0.98216,0.0292779,-0.0694097,-0.0016774,0.556952,0.251138,0.116053,0.957095,-0.0862011
4.457305908203125,-4.07755,-5.35612,2.35725,-2.21308,-3.41521,3.41119,0.731704,-0.224808,0.698354,-0.165532,0.0842874,0.98216,0.0292779,-0.0694097,-0.0016774,0.556952,0.251138,0.116053,0.957095,-0.0862011
4.477310657501221,-4.07755,-5.35612,2.35725,-2.21308,-3.41521,3.41119,0.731704,-0.224808,0.698354,-0.165532,0.0842874,0.98216,0.0292779,-0.0694097,-0.0016774,0.556952,0.251138,0.116053,0.957095,-0.0862011
4.497014999389648,-4.07755,-5.35612,2.35725,-2.21308,-3.41521,3.41119,0.731704,-0.224808,0.698354,-0.165532,0.0842874,0.98216,0.0292779,-0.0694097,-0.0016774,0.556952,0.251138,0.116053,0.957095,-0.0862011
4.517812728881836,-4.07755,-5.35612,2.35725,-2.21308,-3.41521,3.41119,0.731704,-0.224808,0.698354,-0.165532,0.0842874,0.98216,0.0292779,-0.0694097,-0.0016774,0.556952,0.251138,0.116053,0.957095,-0.0862011
4.537724018096924,-4.07755,-5.35612,2.35725,-2.21308,-3.41521,3.41119,0.731704,-0.224808,0.698354,-0.165532,0.0842874,0.98216,0.0292779,-0.0694097,-0.0016774,0.556952,0.251138,0.116053,0.957095,-0.0862011
4.5575947761535645,-4.07755,-5.35612,2.35725,-2.21308,-3.41521,3.41119,0.731704,-0.224808,0.698354,-0.165532,0.0842874,0.98216,0.0292779,-0.0694097,-0.0016774,0.556952,0.251138,0.116053,0.957095,-0.0862011
4.577113628387451,-4.07755,-5.35612,2.35725,-2.21308,-3.41521,3.41119,0.731704,-0.224808,0.698354,-0.165532,0.0842874,0.98216,0.0292779,-0.0694097,-0.0016774,0.556952,0.251138,0.116053,0.957095,-0.0862011
4.597416639328003,-4.07755,-5.35612,2.35725,-2.21308,-3.41521,3.41119,0.731704,-0.224808,0.698354,-0.165532,0.0842874,0.98216,0.0292779,-0.0694097,-0.0016774,0.556952,0.251138,0.116053,0.957095,-0.0862011
4.616763114929199,-4.07755,-5.35612,2.35725,-2.21308,-3.41521,3.41119,0.731704,-0.224808,0.698354,-0.165532,0.0842874,0.98216,0.0292779,-0.0694097,-0.0016774,0.556952,0.251138,0.116053,0.957095,-0.0862011
4.637245178222656,-4.07755,-5.35612,2.35725,-2.21308,-3.41521,3.41119,0.731704,-0.224808,0.698354,-0.165532,0.0842874,0.98216,0.0292779,-0.0694097,-0.0016774,0.556952,0.251138,0.116053,0.957095,-0.0862011
4.657324314117432,-4.07755,-5.35612,2.35725,-2.21308,-3.41521,3.41119,0.731704,-0.224808,0.698354,-0.165532,0.0842874,0.98216,0.0292779,-0.0694097,-0.0016774,0.556952,0.251138,0.116053,0.957095,-0.0862011
4.6778459548950195,-4.07755,-5.35612,2.35725,-2.21308,-3.41521,3.41119,0.731704,-0.224808,0.698354,-0.165532,0.0842874,0.98216,0.0292779,-0.0694097,-0.0016774,0.556952,0.251138,0.116053,0.957095,-0.0862011
4.696935653686523,-4.07755,-5.35612,2.35725,-2.21308,-3.41521,3.41119,0.731704,-0.224808,0.698354,-0.165532,0.0842874,0.98216,0.0292779,-0.0694097,-0.0016774,0.556952,0.251138,0.116053,0.957095,-0.0862011
4.717161417007446,-4.07755,-5.35612,2.35725,-2.21308,-3.41521,3.41119,0.731704,-0.224808,0.698354,-0.165532,0.0842874,0.98216,0.0292779,-0.0694097,-0.0016774,0.556952,0.251138,0.116053,0.957095,-0.0862011
4.737362623214722,-4.07755,-5.35612,2.35725,-2.21308,-3.41521,3.41119,0.731704,-0.224808,0.698354,-0.165532,0.0842874,0.98216,0.0292779,-0.0694097,-0.0016774,0.556952,0.251138,0.116053,0.957095,-0.0862011
4.75679349899292,-4.07755,-5.35612,2.35725,-2.21308,-3.41521,3.41119,0.731704,-0.224808,0.698354,-0.165532,0.0842874,0.98216,0.0292779,-0.0694097,-0.0016774,0.556952,0.251138,0.116053,0.957095,-0.0862011
4.776929616928101,-4.07755,-5.35612,2.35725,-2.21308,-3.41521,3.41119,0.731704,-0.224808,0.698354,-0.165532,0.0842874,0.98216,0.0292779,-0.0694097,-0.0016774,0.556952,0.251138,0.116053,0.957095,-0.0862011
4.797243595123291,-4.07755,-5.35612,2.35725,-2.21308,-3.41521,3.41119,0.731704,-0.224808,0.698354,-0.165532,0.0842874,0.98216,0.0292779,-0.0694097,-0.0016774,0.556952,0.251138,0.116053,0.957095,-0.0862011
4.817506790161133,-4.07755,-5.35612,2.35725,-2.21308,-3.41521,3.41119,0.731704,-0.224808,0.698354,-0.165532,0.0842874,0.98216,0.0292779,-0.0694097,-0.0016774,0.556952,0.251138,0.116053,0.957095,-0.0862011
4.836793422698975,-4.07755,-5.35612,2.35725,-2.21308,-3.41521,3.41119,0.731704,-0.224808,0.698354,-0.165532,0.0842874,0.98216,0.0292779,-0.0694097,-0.0016774,0.556952,0.251138,0.116053,0.957095,-0.0862011
4.857032537460327,-4.07755,-5.35612,2.35725,-2.21308,-3.41521,3.41119,0.731704,-0.224808,0.698354,-0.165532,0.0842874,0.98216,0.0292779,-0.0694097,-0.0016774,0.556952,0.251138,0.116053,0.957095,-0.0862011
