# Timestamp, Fx, Fy, Fz, Tx, Ty, Tz, FemurPosX, FemurPosY, FemurPosZ, FemurQuatW, FemurQuatX, FemurQuatY, FemurQuatZ, TibiaPosX, TibiaPosY, TibiaPosZ, TibiaQuatW, TibiaQuatX, TibiaQuatY, TibiaQuatZ
0.01577472686767578,-3.6722279880396225,5.337326457794333,-2.680045345684608,-0.06275182827526835,-0.7089076970610471,0.873302887313518,0.0,50.0,20.0,1.0,0.0,0.0,0.0,-341.21198824520377,70.0,134.47812081176258,0.7600061815151158,0.0,0.6499158438281166,0.0
0.05003213882446289,-3.3366384652805734,5.89780614198996,-3.4512274455578664,-0.01277001507402506,-0.6322571485404416,0.7584622429007751,0.0,50.0,20.0,1.0,0.0,0.0,0.0,-341.6199029739425,70.0,132.0735806937495,0.7678750526819142,0.0,0.6405996436689202,0.0
0.08323454856872559,-2.690346456906347,6.54022959687593,-2.9039526659051074,-0.19593897994607243,-0.8036903429177897,0.6126634070917736,0.0,50.0,20.0,1.0,0.0,0.0,0.0,-341.8568776459198,70.0,130.81856276000036,0.7719502485264178,0.0,0.6356829506916178,0.0
0.11651039123535156,-3.027044771265375,6.938493140841582,-3.6525925892040867,-0.09494930267783849,-0.7321381781566048,0.4632107724663767,0.0,50.0,20.0,1.0,0.0,0.0,0.0,-342.11751397130905,70.0,129.53004814751333,0.7761119502123603,0.0,0.6305951480447393,0.0
0.13416790962219238,-2.8622831728302485,7.306921119767026,-3.7997709985855517,-0.08997227674434247,-0.7649065807408013,0.44673764884612643,0.0,50.0,20.0,1.0,0.0,0.0,0.0,-342.40303217878295,70.0,128.20936274212414,0.7803545260260745,0.0,0.6253373599191245,0.0
0.16556835174560547,-2.8015619448181144,6.57954223556061,-3.630042344571072,-0.27435588405676703,-0.8006297792487527,0.5443738656697503,0.0,50.0,20.0,1.0,0.0,0.0,0.0,-342.7146320478671,70.0,126.8578915736248,0.7846722514093869,0.0,0.619910846709528,0.0
0.19988036155700684,-2.3859254624227346,6.174758344339404,-3.9884181145377537,-0.2627158164173574,-0.6502468487928086,0.6960419511745684,0.0,50.0,20.0,1.0,0.0,0.0,0.0,-343.4207406410558,70.0,124.06842346331824,0.7935098504009945,0.0,0.6085574067551813,0.0
0.23325109481811523,-2.652501398510866,6.160279588092389,-4.424420914979405,-0.3794761908994184,-0.6824108677520464,0.6333957943632724,0.0,50.0,20.0,1.0,0.0,0.0,0.0,-343.8174971963275,70.0,122.63348479580331,0.7980179045741915,0.0,0.6026337394960695,0.0
0.26655149459838867,-2.9617726946006733,6.538694557891684,-4.895189620961607,-0.3787909876829342,-0.6373444844407483,0.49585943052544534,0.0,50.0,20.0,1.0,0.0,0.0,0.0,-344.24482016705446,70.0,121.17387408685897,0.802577491315141,0.0,0.5965478777384887,0.0
0.2864854335784912,-2.9541640872339707,6.1066754022073315,-5.002083121401222,-0.2058950633715803,-0.7027837323735001,0.48328423317042074,0.0,50.0,20.0,1.0,0.0,0.0,0.0,-344.70372492925395,70.0,119.69125608606146,0.8071825813096395,0.0,0.5903018553505548,0.0
0.3157644271850586,-2.9474289735482326,5.32969276262632,-4.786444051030836,-0.19660639116229017,-0.6568592139263221,0.3060920880308202,0.0,50.0,20.0,1.0,0.0,0.0,0.0,-345.1951738834134,70.0,118.18734614962489,0.811827117834749,0.0,0.5838978769854575,0.0
0.34885144233703613,-3.486763949592796,5.145387292898684,-5.486467993249676,-0.07541368220392541,-0.6511742415082028,0.34235185530630124,0.0,50.0,20.0,1.0,0.0,0.0,0.0,-346.27925843865125,70.0,115.12274951790391,0.821210236425777,0.0,0.5706257508994136,0.0
0.3831596374511719,-3.413205514338758,4.351354597399447,-4.880602820175255,-0.16532064054298024,-0.6057213712591647,0.2930675871593371,0.0,50.0,20.0,1.0,0.0,0.0,0.0,-346.87350853945014,70.0,113.56572234491077,0.8259366732840032,0.0,0.5637629038208827,0.0
0.41651153564453125,-3.6358800590548324,3.946364271955237,-5.314689683280709,0.03010755057549569,-0.4549690749496991,0.4579654016796828,0.0,50.0,20.0,1.0,0.0,0.0,0.0,-347.50352242610245,70.0,111.99471567766565,0.8306782900808662,0.0,0.5567527084696834,0.0
0.43872952461242676,-2.9029083336900716,3.383823086754023,-5.565046020652318,0.01355698611609979,-0.5182357390526475,0.3940858935368443,0.0,50.0,20.0,1.0,0.0,0.0,0.0,-348.1699240334749,70.0,110.41165388675307,0.8354290697397564,0.0,0.5495982800498609,0.0
0.4832775592803955,-3.3867394507887383,3.408465797524456,-5.926284440507296,0.043513832827842686,-0.6179237616806389,0.5480595061776825,0.0,50.0,20.0,1.0,0.0,0.0,0.0,-349.61397739743455,70.0,107.21721236187935,0.8449342803973592,0.0,0.5348701354622417,0.0
0.5167224407196045,-2.973146599744315,3.4864463099439345,-5.788580084386784,-0.0507010022508205,-0.7800813552401525,0.4849201732432894,0.0,50.0,20.0,1.0,0.0,0.0,0.0,-350.3924570699705,70.0,105.60981808954921,0.8496769442277776,0.0,0.527303603674151,0.0
0.5331120491027832,-2.980937899932556,3.0444632078617087,-6.125124177512238,0.022573325531350247,-0.8355855293686472,0.44861924549731724,0.0,50.0,20.0,1.0,0.0,0.0,0.0,-351.20897355815754,70.0,103.9983302106974,0.8544052603691722,0.0,0.5196072084310293,0.0
0.5665333271026611,-3.0593744184675415,2.6994105589703787,-5.5086743399268245,0.2096916191478028,-0.7308374985197952,0.32062428951159216,0.0,50.0,20.0,1.0,0.0,0.0,0.0,-352.063710675276,70.0,102.38478163655623,0.8591135500137446,0.0,0.5117850214521534,0.0
0.5902981758117676,-2.776553093213832,2.2102043508648515,-5.8033868934724016,0.09234963216834084,-0.9023301409971954,0.1660264646432625,0.0,50.0,20.0,1.0,0.0,0.0,0.0,-352.9567553272247,70.0,100.77121211287671,0.8637962372201077,0.0,0.5038413049407359,0.0
0.6331894397735596,-2.672527274335016,1.8041881856942314,-5.955672820725976,-0.017468894411967334,-1.0097856383727337,0.36383184310203187,0.0,50.0,20.0,1.0,0.0,0.0,0.0,-354.8576180610367,70.0,97.55217070497869,0.873063082758117,0.0,0.48760727386380687,0.0
0.6665644645690918,-3.2612860955377974,1.948672331521106,-5.199025758281078,-0.14776290084022006,-1.2084827209805777,0.3065363530787708,0.0,50.0,20.0,1.0,0.0,0.0,0.0,-355.865108433216,70.0,95.95076299293856,0.877636704471336,0.0,0.4793264179707737,0.0
0.6822395324707031,-3.3769039769560103,2.537135157730793,-4.894559733849262,-0.13120407620547758,-1.2676249764663985,0.4941185129420746,0.0,50.0,20.0,1.0,0.0,0.0,0.0,-356.9102487425698,70.0,94.35745120882423,0.8821636718636054,0.0,0.4709429435123974,0.0
0.7165536880493164,-3.8508922224233113,3.250553210005446,-5.397202626611067,0.018072846674847376,-1.2191604822326187,0.36056057211866704,0.0,50.0,20.0,1.0,0.0,0.0,0.0,-357.9926178574566,70.0,92.77422543882122,0.8866390882461104,0.0,0.4624620278402391,0.0
0.7498321533203125,-4.253304810019566,2.75445486396192,-5.857090306415049,-0.01048274552698697,-1.0985787538769496,0.5062951199852505,0.0,50.0,20.0,1.0,0.0,0.0,0.0,-360.2668415672106,70.0,89.6458498002689,0.8954165237467173,0.0,0.44522943411385607,0.0
0.783137321472168,-4.774204791314638,2.8608279276,-5.433632270739169,-0.16136691925470784,-0.9919430622602554,0.6656619273525402,0.0,50.0,20.0,1.0,0.0,0.0,0.0,-361.4573392063339,70.0,88.10452007253593,0.8997096196203086,0.0,0.4364889464381425,0.0
0.8165056705474854,-4.1617380992275566,3.2921429433386233,-5.676163342501624,-0.3107245165861076,-0.8637383952810372,0.6828643951576064,0.0,50.0,20.0,1.0,0.0,0.0,0.0,-362.68235390505424,70.0,86.5809050652982,0.9039333353038315,0.0,0.427673386273323,0.0
0.8342339992523193,-4.887197231327079,3.5407978933124657,-6.283209044620721,-0.30881928220675126,-0.9496962731659457,0.7822318602302252,0.0,50.0,20.0,1.0,0.0,0.0,0.0,-363.9409563274703,70.0,85.07680017420412,0.908083696103492,0.0,0.4187887305921933,0.0
0.8657584190368652,-5.3957882918802325,2.978423192368437,-6.612962365089333,-0.3105259913375812,-0.9811033257773959,0.7154908226665837,0.0,50.0,20.0,1.0,0.0,0.0,0.0,-365.2321202454187,70.0,83.59394487695819,0.9121569358477789,0.0,0.40984109650545164,0.0
0.8995645046234131,-6.059955079700828,3.3648179846920736,-7.094935330104358,-0.13728234594192823,-1.0324395165753277,0.6719512389476137,0.0,50.0,20.0,1.0,0.0,0.0,0.0,-367.9075589665094,70.0,80.69862955299743,0.9200580700341761,0.0,0.3917820156221915,0.0
0.9331648349761963,-5.887414554763719,3.086770501539051,-7.599813645407135,-0.2867940151134214,-1.1913221066831134,0.8536154305993323,0.0,50.0,20.0,1.0,0.0,0.0,0.0,-369.2893218813402,70.0,79.2893218813503,0.9238795325112731,0.0,0.3826834323651228,0.0
0.9665629863739014,-5.732499633081528,2.6534788304442007,-7.767665334315001,-0.3383040294847595,-1.3395324771493315,0.7880901057617374,0.0,50.0,20.0,1.0,0.0,0.0,0.0,-370.6986295529872,70.0,77.9075589665192,0.9276110203999325,0.0,0.3735475804132534,0.0
0.9863090515136719,-5.700054356815577,3.160531662145916,-7.975477072342579,-0.3777363036249337,-1.302108019166753,0.9582325541490653,0.0,50.0,20.0,1.0,0.0,0.0,0.0,-372.1340173942925,70.0,76.55472510118973,0.9312498990572033,0.0,0.36438115415859346,0.0
1.0163500308990479,-5.486897614269805,3.606556098043753,-8.354075991484734,-0.32976222318801696,-1.479206983349915,0.9380251676640214,0.0,50.0,20.0,1.0,0.0,0.0,0.0,-373.59394487694755,70.0,75.23212024542813,0.9347937733922169,0.0,0.35519093629643855,0.0
1.0483453273773193,-5.911683985150326,2.880561561834886,-7.6808914363915255,-0.38595887937718526,-1.5,0.9634482190964648,0.0,50.0,20.0,1.0,0.0,0.0,0.0,-376.58090506528725,70.0,72.68235390506324,0.9415881427007691,0.0,0.33676663956709874,0.0
1.082310438156128,-5.245553746695644,3.6278845250169383,-8.06451200177994,-0.33117199302141004,-1.5,0.8425839320900801,0.0,50.0,20.0,1.0,0.0,0.0,0.0,-378.10452007252496,70.0,71.45733920634257,0.9448350670716488,0.0,0.32754647919297325,0.0
1.1155004501342773,-4.539237773844674,3.528651751177177,-8.516432322068964,-0.453897751880265,-1.5,1.0393818549135971,0.0,50.0,20.0,1.0,0.0,0.0,0.0,-379.6458498002577,70.0,70.26684156721906,0.9479798479735234,0.0,0.3183303438820989,0.0
1.148853063583374,-4.432437024030802,3.2433060462706074,-8.223960848348986,-0.6533366232910671,-1.5,1.1853019164561274,0.0,50.0,20.0,1.0,0.0,0.0,0.0,-381.20304844424084,70.0,69.11169127896348,0.9510213160624649,0.0,0.3091253085640472,0.0
1.1820447444915771,-4.17416212944104,3.63454970920133,-7.779948700838421,-0.7894578279086746,-1.5,1.3069543039084588,0.0,50.0,20.0,1.0,0.0,0.0,0.0,-384.35745120881273,70.0,66.91024874257751,0.956790863400729,0.0,0.2907769655816766,0.0
1.2155115604400635,-4.766914327351918,4.096212041220833,-7.2315660994895765,-0.8416708643446109,-1.4255166393945515,1.1410607905569994,0.0,50.0,20.0,1.0,0.0,0.0,0.0,-385.950762992927,70.0,65.86510843322343,0.9595178256988678,0.0,0.2816479046009701,0.0
1.2318041324615479,-4.760809703658596,4.623507834060498,-7.573660318138615,-0.9573053757619554,-1.5,1.1175284572605644,0.0,50.0,20.0,1.0,0.0,0.0,0.0,-387.55217070496707,70.0,64.85761806104384,0.9621392361268616,0.0,0.2725584163169782,0.0
1.2654540538787842,-4.264511482990384,5.323439283860685,-6.9968116812492305,-0.8113103392144636,-1.5,1.0405978416157553,0.0,50.0,20.0,1.0,0.0,0.0,0.0,-389.1596628000328,70.0,63.88809540258892,0.9646551316336089,0.0,0.2635156105678459,0.0
1.298853874206543,-3.677450496434842,4.555328238501564,-7.75596599654353,-0.9003580280101611,-1.5,0.9054946233336009,0.0,50.0,20.0,1.0,0.0,0.0,0.0,-390.77121211286504,70.0,62.95675532723132,0.9670657802672181,0.0,0.25452657353635316,0.0
1.332101821899414,-3.8807508355946565,4.454441112466123,-7.06231361819022,-0.9274786772451041,-1.4598473036531945,0.7585114543246365,0.0,50.0,20.0,1.0,0.0,0.0,0.0,-393.9983302106857,70.0,61.20897355816359,0.9715735341234765,0.0,0.23673797285357073,0.0
1.3655650615692139,-4.4938498873440285,3.700015528265704,-7.4300929324338805,-0.8176306139529803,-1.484687101639463,0.7248002254402288,0.0,50.0,20.0,1.0,0.0,0.0,0.0,-395.60981808953755,70.0,60.39245706997623,0.9736722829834065,0.0,0.227952375179293,0.0
1.3818340301513672,-4.995963613999326,3.0897566729645667,-7.2010460614478315,-0.6493856921516803,-1.296468624680005,0.809648276087321,0.0,50.0,20.0,1.0,0.0,0.0,0.0,-397.2172123618679,70.0,59.61397739743998,0.9756690591654529,0.0,0.2192484594864921,0.0
1.4154307842254639,-5.721435173069934,3.725198480887249,-7.543769964352479,-0.5572881011046066,-1.41816405633133,0.776995843004116,0.0,50.0,20.0,1.0,0.0,0.0,0.0,-398.8184921961897,70.0,58.87325631295326,0.9775651990712608,0.0,0.21063304955482723,0.0
1.4490184783935547,-5.088616022459729,3.954212710928043,-7.672168773976862,-0.5837688211381713,-1.5,0.7176057141578773,0.0,50.0,20.0,1.0,0.0,0.0,0.0,-401.99471567765426,70.0,57.50352242610717,0.9810618675035047,0.0,0.19369463629779693,0.0
1.4821970462799072,-5.83064162304463,3.357180608640776,-7.414764285543205,-0.45971903770005634,-1.5,0.7619979837084436,0.0,50.0,20.0,1.0,0.0,0.0,0.0,-403.5657223448994,70.0,56.873508539454576,0.9826659947829308,0.0,0.18538485023667087,0.0
1.5154433250427246,-5.789073939775022,3.724159084591906,-6.8713645322705945,-0.4761664710358173,-1.5,0.5943761934421455,0.0,50.0,20.0,1.0,0.0,0.0,0.0,-405.1227495178927,70.0,56.27925843865539,0.9841766649371052,0.0,0.17718998897589266,0.0
1.5488507747650146,-5.917976264225385,4.486876348959386,-7.227123222619509,-0.5437105683878242,-1.5,0.41195352269726937,0.0,50.0,20.0,1.0,0.0,0.0,0.0,-406.6639077249968,70.0,55.72007132038934,0.9855960853199719,0.0,0.16911639956534869,0.0
1.5651652812957764,-5.580979246242873,4.093406636225054,-7.481752839073585,-0.4857988116364493,-1.5,0.44623057517455655,0.0,50.0,20.0,1.0,0.0,0.0,0.0,-408.1873461496141,70.0,55.19517388341707,0.9869266085089178,0.0,0.1611703118352923,0.0
1.5989573001861572,-5.455419807854786,4.887623876775747,-7.418705677622961,-0.2916202136832328,-1.5,0.30793650279251733,0.0,50.0,20.0,1.0,0.0,0.0,0.0,-411.17387408684834,70.0,54.24482016705767,0.9893310361879444,0.0,0.14568493688534975,0.0
1.6321582794189453,-6.166915171475906,5.46915370566981,-7.78427229537891,-0.40746484605842725,-1.3251223157914167,0.42255075640099793,0.0,50.0,20.0,1.0,0.0,0.0,0.0,-412.6334847957929,70.0,53.817497196330436,0.9904102756021607,0.0,0.1381574680632653,0.0
1.6654257774353027,-5.820007775967935,6.184530393009992,-8.37276221003105,-0.29369219367626803,-1.3182677909677376,0.618727325451079,0.0,50.0,20.0,1.0,0.0,0.0,0.0,-414.0684234633081,70.0,53.4207406410585,0.991411265214748,0.0,0.1307811270990296,0.0
1.6988270282745361,-6.473918139083244,6.2272065672252825,-8.839566884744759,-0.12081710898580794,-1.2754762411933476,0.7184702245369304,0.0,50.0,20.0,1.0,0.0,0.0,0.0,-415.4770781433878,70.0,53.05348740870308,0.9923369200813222,0.0,0.12356147070796547,0.0
1.71610426902771,-5.987237763064511,6.661522313567922,-8.345154114505993,-0.11756961915430361,-1.3364460400761509,0.7160513608851611,0.0,50.0,20.0,1.0,0.0,0.0,0.0,-416.857891573615,70.0,52.71463204786939,0.9931902334198887,0.0,0.11650390654114127,0.0
1.7483246326446533,-5.964901925745305,6.309680729180364,-8.629899221443614,-0.21268193217683928,-1.3572870105350625,0.5355035131206234,0.0,50.0,20.0,1.0,0.0,0.0,0.0,-419.530048147504,70.0,52.11751397131101,0.9946921283208413,0.0,0.10289591758935358,0.0
1.782114028930664,-6.042407953518583,5.833347114560347,-8.63840077902817,-0.07346186193218135,-1.2061917786605716,0.34849599172241064,0.0,50.0,20.0,1.0,0.0,0.0,0.0,-420.81856275999115,70.0,51.8568776459216,0.9953469805903828,0.0,0.09635553035300076,0.0
1.8155150413513184,-6.753246782538168,5.8640231406367755,-8.72347216072672,-0.039580578295331126,-1.0273841176022052,0.504302698034486,0.0,50.0,20.0,1.0,0.0,0.0,0.0,-422.0735806937406,70.0,51.61990297394411,0.9959420089193344,0.0,0.08999730479142438,0.0
1.8488411903381348,-7.292802180771012,5.307019653400923,-8.276327946556156,0.021632877468174883,-1.2066886675372923,0.34898554879015165,0.0,50.0,20.0,1.0,0.0,0.0,0.0,-423.2938356024498,70.0,51.40535475431727,0.996480419390373,0.0,0.08382585383750286,0.0
1.8821494579315186,-7.092039818723414,4.685338843191869,-8.972220860041176,-0.11525922395607974,-1.3870758810666806,0.39932988158916044,0.0,50.0,20.0,1.0,0.0,0.0,0.0,-425.6252892035951,70.0,51.038554529959896,0.9974002342842118,0.0,0.07206089542740571,0.0
1.915498971939087,-6.432875020572454,4.412123273234608,-8.17641497073861,-0.25160055169652146,-1.393072341454869,0.5745236772314462,0.0,50.0,20.0,1.0,0.0,0.0,0.0,-426.7342528690311,70.0,50.88380579815835,0.9977880391191349,0.0,0.06647577747414245,0.0
1.9318675994873047,-6.743381339182461,5.081860519502148,-8.337584421617933,-0.3159266461009865,-1.5,0.41153724560212257,0.0,50.0,20.0,1.0,0.0,0.0,0.0,-427.80398254715766,70.0,50.74650052370967,0.998132003986172,0.0,0.06109421100684037,0.0
1.9655306339263916,-6.695111052796395,5.32175421322896,-8.612252010719896,-0.4175532769206259,-1.4963646842687341,0.5873713820005739,0.0,50.0,20.0,1.0,0.0,0.0,0.0,-428.833506868799,70.0,50.6254085233512,0.9984352544773467,0.0,0.055919966172700585,0.0
1.9988057613372803,-5.906882312419502,5.14778550868023,-9.291811520017266,-0.37502460308379426,-1.4389085379814819,0.5740644466386331,0.0,50.0,20.0,1.0,0.0,0.0,0.0,-429.8219114244711,70.0,50.51931588017355,0.998700866425544,0.0,0.050956642362579053,0.0
2.032132387161255,-5.333204468574878,4.803052555172087,-9.887486729542694,-0.44579433977644345,-1.5,0.45255925120557,0.0,50.0,20.0,1.0,0.0,0.0,0.0,-431.67198173777945,70.0,50.34738281498011,0.999131165525878,0.0,0.041676301118268234,0.0
2.0655198097229004,-5.666157883531893,4.551707151453378,-9.111699238570983,-0.51059207002656,-1.5,0.27605428767348617,0.0,50.0,20.0,1.0,0.0,0.0,0.0,-432.5320930325506,70.0,50.27923804179231,0.9993016610568795,0.0,0.03736562871090978,0.0
2.081857919692993,-5.670759696035246,4.185692480893134,-9.835065668753003,-0.6027240845888051,-1.5,0.0983045372776869,0.0,50.0,20.0,1.0,0.0,0.0,0.0,-433.34797286954426,70.0,50.22149261962433,0.9994461150566739,0.0,0.03327856815011233,0.0
2.115469217300415,-6.025532525163484,3.6892244616284766,-10.12700674692409,-0.4060483145559902,-1.5,0.18037067772549797,0.0,50.0,20.0,1.0,0.0,0.0,0.0,-434.1189729392845,70.0,50.173082183655836,0.9995672008833227,0.0,0.029417867330572816,0.0
2.149005651473999,-6.307494038296192,3.1656210858629965,-10.875754984724633,-0.3615937484202094,-1.5,0.22336231036432072,0.0,50.0,20.0,1.0,0.0,0.0,0.0,-435.52398310477076,70.0,50.100223860342794,0.9997494089512061,0.0,0.02238569413071627,0.0
2.1821110248565674,-6.360172843784383,2.825926755550119,-10.33392963825338,-0.28533333628861596,-1.5,0.08483467599833813,0.0,50.0,20.0,1.0,0.0,0.0,0.0,-436.1569343884733,70.0,50.073873052612,0.9998153003114825,0.0,0.019218877778372712,0.0
2.2154271602630615,-6.728911791620681,2.8528776536135787,-10.77540595196675,-0.23292362276147266,-1.4585937352108311,-0.09786410397158465,0.0,50.0,20.0,1.0,0.0,0.0,0.0,-436.74288510363084,70.0,50.053058063031,0.9998673460438864,0.0,0.01628773511434485,0.0
2.2488112449645996,-6.103010648038444,2.0971666604756134,-10.805147993102269,-0.19982247878863194,-1.5,-0.18960629223904085,0.0,50.0,20.0,1.0,0.0,0.0,0.0,-437.2814152542757,70.0,50.036960345434096,0.9999075948670605,0.0,0.013594179900622288,0.0
2.2649199962615967,-5.974503455588097,2.5120406259202612,-11.112498896751653,-0.3009391139854168,-1.5,-0.2024892855643137,0.0,50.0,20.0,1.0,0.0,0.0,0.0,-437.7721458474892,70.0,50.02481975072442,0.9999379486980069,0.0,0.011139962011701171,0.0
2.299010992050171,-5.972782137578745,3.0198000493230346,-10.628045753088484,-0.302662967281059,-1.5,-0.12291419227391245,0.0,50.0,20.0,1.0,0.0,0.0,0.0,-438.6088887970155,70.0,50.00967642006087,0.9999758086572373,0.0,0.0069557242832328815,0.0
2.332193613052368,-6.506380095239063,2.9643140716428036,-10.25534839317594,-0.32177768774335175,-1.4098343230610824,0.060304960442725625,0.0,50.0,20.0,1.0,0.0,0.0,0.0,-438.95433556002274,70.0,50.00546722005764,0.9999863318564468,0.0,0.005228393662321486,0.0
2.3654305934906006,-7.100856801111993,2.7322958407266102,-10.773134301852757,-0.3176819624184599,-1.4448144533011111,0.036075342599475535,0.0,50.0,20.0,1.0,0.0,0.0,0.0,-439.2508491336428,70.0,50.00280617447589,0.9999929845392019,0.0,0.0037457806101629885,0.0
2.398846387863159,-7.647002480635613,2.9524829009314084,-11.136988847333528,-0.22919296755165308,-1.335860982902195,0.08299756329525501,0.0,50.0,20.0,1.0,0.0,0.0,0.0,-439.49823560707875,70.0,50.00125884545348,0.9999968528814142,0.0,0.002508829860191358,0.0
2.4160237312316895,-8.14517628339313,3.082669200527858,-11.178781280681859,-0.23989414553796934,-1.3554060597322586,0.233681050517117,0.0,50.0,20.0,1.0,0.0,0.0,0.0,-439.69633483890374,70.0,50.00046106371322,0.9999988473400526,0.0,0.0015183275555966302,0.0
2.4483401775360107,-7.404761171159742,3.298425202994868,-10.599769136596038,-0.07192441910360925,-1.2117278205473285,0.43271841434251945,0.0,50.0,20.0,1.0,0.0,0.0,0.0,-439.94419531458357,70.0,50.000015570815776,0.9999999610729597,0.0,0.0002790234379437072,0.0
2.48215913772583,-7.149431626589263,3.128103251850135,-11.202090863385733,-0.24597048233992158,-1.2624435653102102,0.4658630206350739,0.0,50.0,20.0,1.0,0.0,0.0,0.0,-439.9937988262726,70.0,50.00000019227278,0.9999999995193181,0.0,3.1005868651846944e-05,0.0
2.515444278717041,-6.602507229036297,3.616535654807386,-11.170585582864131,-0.10609043946202662,-1.1206441893684005,0.31233122328733154,0.0,50.0,20.0,1.0,0.0,0.0,0.0,-439.99379882627284,70.0,50.00000019227278,0.9999999995193181,0.0,3.1005868650626186e-05,0.0
2.5488646030426025,-6.01574696445217,3.2916583669984547,-10.541732398584903,-0.017968255060691773,-1.1542678943559623,0.32327719694132645,0.0,50.0,20.0,1.0,0.0,0.0,0.0,-439.9441953145843,70.0,50.000015570815776,0.9999999610729597,0.0,0.0002790234379400886,0.0
2.582162380218506,-6.567819893233945,2.6128148384319205,-10.470143556453683,-0.10116318213241858,-1.3284659423186178,0.4764759072939697,0.0,50.0,20.0,1.0,0.0,0.0,0.0,-439.69633483890544,70.0,50.0004610637132,0.9999988473400526,0.0,0.0015183275555881721,0.0
2.6154673099517822,-7.344618000711223,2.4804749439426006,-10.963737520540686,-0.27013695127733156,-1.2186161728125886,0.3370735410317889,0.0,50.0,20.0,1.0,0.0,0.0,0.0,-439.4982356070809,70.0,50.001258845453464,0.9999968528814142,0.0,0.0025088298601803716,0.0
2.631969451904297,-8.104171719336966,1.9311499948607511,-10.217713499226717,-0.3140164774534535,-1.0857926094979602,0.3227312218565858,0.0,50.0,20.0,1.0,0.0,0.0,0.0,-439.2508491336455,70.0,50.00280617447588,0.9999929845392019,0.0,0.003745780610149691,0.0
2.6654653549194336,-7.516068010029922,1.8323122515356949,-10.36935580925672,-0.3437908557285811,-1.1694293299602463,0.46255392683277863,0.0,50.0,20.0,1.0,0.0,0.0,0.0,-438.95433556002587,70.0,50.00546722005761,0.9999863318564469,0.0,0.0052283936623057905,0.0
2.6988775730133057,-7.359786860753821,1.53921476943525,-10.626816421502605,-0.5171011095481955,-1.1059192275491778,0.29782828263930666,0.0,50.0,20.0,1.0,0.0,0.0,0.0,-438.6088887970191,70.0,50.00967642006083,0.9999758086572375,0.0,0.0069557242832147875,0.0
2.7321815490722656,-7.458612037552231,1.8368315075009107,-10.395233145059112,-0.6726381365242253,-1.2989469840198105,0.37284753062001463,0.0,50.0,20.0,1.0,0.0,0.0,0.0,-437.77214584749373,70.0,50.02481975072432,0.9999379486980071,0.0,0.011139962011678195,0.0
2.765465259552002,-7.709428715830864,1.7233319749247173,-10.899323688946055,-0.804323504927923,-1.282920655646497,0.48589720493913896,0.0,50.0,20.0,1.0,0.0,0.0,0.0,-437.2814152542808,70.0,50.036960345433954,0.9999075948670608,0.0,0.013594179900597095,0.0
2.7818853855133057,-6.918918468168218,2.416652042252328,-10.437073701875594,-0.879135355115326,-1.1566145680378332,0.6294514179735955,0.0,50.0,20.0,1.0,0.0,0.0,0.0,-436.74288510363635,70.0,50.05305806303083,0.9998673460438868,0.0,0.016287735114317345,0.0
2.8154993057250977,-6.405910967725097,2.0038347974889295,-10.214421988870162,-0.7462767767491315,-1.2169505149526836,0.6275008437704266,0.0,50.0,20.0,1.0,0.0,0.0,0.0,-436.15693438847927,70.0,50.07387305261177,0.9998153003114831,0.0,0.019218877778342858,0.0
2.850033760070801,-6.942399961480609,2.286752273485011,-10.717872346081242,-0.8749105167801514,-1.125757520448258,0.5621335502397555,0.0,50.0,20.0,1.0,0.0,0.0,0.0,-434.8444937619964,70.0,50.132984647432735,0.999667483097673,0.0,0.02578610550594398,0.0
2.8832168579101562,-6.482899805798558,1.8358397447341064,-11.012706539562284,-0.7336872355509332,-0.9563582017252958,0.6926679056568739,0.0,50.0,20.0,1.0,0.0,0.0,0.0,-434.1189729392918,70.0,50.17308218365541,0.9995672008833237,0.0,0.029417867330536168,0.0
2.916555404663086,-5.867698916040967,1.2750862020073448,-10.357546673309473,-0.5597530525852211,-0.7829335436917217,0.8792548188361216,0.0,50.0,20.0,1.0,0.0,0.0,0.0,-433.3479728695521,70.0,50.2214926196238,0.9994461150566752,0.0,0.03327856815007316,0.0
2.9344143867492676,-6.639385831439291,1.4131515973587525,-11.049762855915297,-0.3989210677219834,-0.9685240885928219,1.0712854777127259,0.0,50.0,20.0,1.0,0.0,0.0,0.0,-432.53209303255886,70.0,50.2792380417917,0.999301661056881,0.0,0.037365628710868695,0.0
2.9656922817230225,-6.717407369958037,1.4268094041339432,-10.832973569161227,-0.49434082739655894,-1.1213996176607888,1.1694743412811393,0.0,50.0,20.0,1.0,0.0,0.0,0.0,-431.6719817377881,70.0,50.3473828149794,0.9991311655258798,0.0,0.04167630111822493,0.0
2.9999148845672607,-7.342163721090408,1.7479841314706435,-10.48275563851767,-0.4949468264578081,-1.2172245932413792,1.0627892933935474,0.0,50.0,20.0,1.0,0.0,0.0,0.0,-429.8219114244806,70.0,50.519315880172584,0.9987008664255463,0.0,0.05095664236253155,0.0
3.033170461654663,-7.118746803462518,1.5146443324542078,-10.758861762328813,-0.6388066121317861,-1.137212906121604,1.0557080875502556,0.0,50.0,20.0,1.0,0.0,0.0,0.0,-428.83350686880897,70.0,50.625408523350075,0.9984352544773495,0.0,0.05591996617265061,0.0
3.066500425338745,-7.853797882063561,2.0121150651211255,-11.31494044466631,-0.7350245230370038,-1.096082625336685,0.9760033558406316,0.0,50.0,20.0,1.0,0.0,0.0,0.0,-427.80398254716795,70.0,50.746500523708406,0.9981320039861752,0.0,0.06109421100678872,0.0
3.08636474609375,-7.9271270370751425,1.4907271097334704,-11.794883172044552,-0.7283186981011478,-1.2651398189938283,1.121661795854613,0.0,50.0,20.0,1.0,0.0,0.0,0.0,-426.7342528690418,70.0,50.8838057981569,0.9977880391191385,0.0,0.06647577747408838,0.0
3.116608142852783,-8.04396399118843,1.9822314180540526,-11.797072912339585,-0.5839207395121604,-1.4217713947556245,1.2303412250658439,0.0,50.0,20.0,1.0,0.0,0.0,0.0,-425.62528920360614,70.0,51.03855452995829,0.9974002342842158,0.0,0.07206089542735004,0.0
3.149003744125366,-8.34341303038135,1.6288092502887936,-11.877109108640385,-0.5539056633236056,-1.3494715380398454,1.256458317223903,0.0,50.0,20.0,1.0,0.0,0.0,0.0,-423.29383560246157,70.0,51.40535475431528,0.996480419390378,0.0,0.08382585383744338,0.0
3.18339204788208,-8.797384429544774,2.41085258943811,-12.251955380681206,-0.5595559419871065,-1.1638414524949117,1.146635054151556,0.0,50.0,20.0,1.0,0.0,0.0,0.0,-422.0735806937528,70.0,51.619902973941905,0.9959420089193399,0.0,0.08999730479136303,0.0
3.2165606021881104,-9.11924640413495,2.167344303611894,-12.565973611932415,-0.6795494163019805,-1.020395121275706,1.3235821870110493,0.0,50.0,20.0,1.0,0.0,0.0,0.0,-420.81856276000366,70.0,51.85687764591917,0.995346980590389,0.0,0.0963555303529372,0.0
3.2385199069976807,-9.09220372235135,1.8196899338380907,-11.808242882485347,-0.4847433570448822,-1.1613003505441037,1.4036875688193988,0.0,50.0,20.0,1.0,0.0,0.0,0.0,-419.53004814751677,70.0,52.11751397130834,0.994692128320848,0.0,0.1028959175892887,0.0
3.283168077468872,-9.377301451824408,1.495183298711202,-11.415754003010372,-0.5408063772283288,-0.9845435139847282,1.2751288739588587,0.0,50.0,20.0,1.0,0.0,0.0,0.0,-416.85789157362836,70.0,52.71463204786622,0.9931902334198968,0.0,0.11650390654107304,0.0
3.316509246826172,-10.051330840624633,1.5663834936103287,-11.149301562633756,-0.5948122342550565,-0.9221829545703286,1.4327216773432092,0.0,50.0,20.0,1.0,0.0,0.0,0.0,-415.47707814340146,70.0,53.053487408699624,0.992336920081331,0.0,0.12356147070789561,0.0
3.33309006690979,-9.880237482601434,1.3186218838642714,-11.27776635166325,-0.6353981858359895,-0.8841877865443569,1.3860631874053613,0.0,50.0,20.0,1.0,0.0,0.0,0.0,-414.068423463322,70.0,53.42074064105476,0.9914112652147574,0.0,0.13078112709895812,0.0
3.366478443145752,-10.421598000298562,2.0040300736474532,-11.93448212507562,-0.8301569452461017,-1.0657863865803783,1.3620170500762077,0.0,50.0,20.0,1.0,0.0,0.0,0.0,-412.63348479580714,70.0,53.8174971963264,0.9904102756021709,0.0,0.13815746806319235,0.0
3.3905882835388184,-10.500143112628866,1.9138111843672692,-11.569865157642019,-0.690439062906357,-1.0454737262158973,1.30215392968447,0.0,50.0,20.0,1.0,0.0,0.0,0.0,-411.17387408686284,70.0,54.24482016705329,0.9893310361879554,0.0,0.14568493688527479,0.0
3.433178424835205,-10.491464071342731,1.8415206227169594,-11.927999737861553,-0.6454935276473986,-1.1436387209554844,1.4341741914307087,0.0,50.0,20.0,1.0,0.0,0.0,0.0,-408.18734614962887,70.0,55.195173883412096,0.9869266085089303,0.0,0.16117031183521516,0.0
3.466459274291992,-9.726202174374176,2.4637619185777186,-11.696728144853186,-0.5674799736161864,-1.2075693630901152,1.5,0.0,50.0,20.0,1.0,0.0,0.0,0.0,-406.66390772501194,70.0,55.720071320383994,0.9855960853199854,0.0,0.1691163995652697,0.0
3.482203483581543,-9.262134608937762,2.830753313513947,-11.81026934506438,-0.418689722677843,-1.244081682220183,1.5,0.0,50.0,20.0,1.0,0.0,0.0,0.0,-405.122749517908,70.0,56.279258438649705,0.9841766649371196,0.0,0.17718998897581245,0.0
3.516599655151367,-9.657190484691931,2.1547840126079887,-11.268518502091924,-0.5618935184703412,-1.2469022842703064,1.4806352557985285,0.0,50.0,20.0,1.0,0.0,0.0,0.0,-403.56572234491483,70.0,56.87350853944855,0.9826659947829463,0.0,0.1853848502365895,0.0
3.549875497817993,-9.318473844881215,1.7125908319836998,-11.562007606697845,-0.6693664530856352,-1.1321089361493932,1.5,0.0,50.0,20.0,1.0,0.0,0.0,0.0,-400.41165388675734,70.0,58.16992403347308,0.9793622311650754,0.0,0.2021128896616082,0.0
3.5831668376922607,-9.23746250660862,1.3249506711506274,-11.720992244663709,-0.5374616342583167,-1.242689560184212,1.5,0.0,50.0,20.0,1.0,0.0,0.0,0.0,-398.81849219620545,70.0,58.87325631294614,0.9775651990712789,0.0,0.21063304955474274,0.0
3.6165053844451904,-9.341060739239213,1.013157757329543,-11.56328961585206,-0.5021217949976905,-1.437635488113048,1.384058391601585,0.0,50.0,20.0,1.0,0.0,0.0,0.0,-397.2172123618836,70.0,59.61397739743256,0.975669059165472,0.0,0.21924845948640737,0.0
3.63431715965271,-10.132488459177383,1.3915897799586758,-12.10252263369225,-0.6974858763708977,-1.4981554957713323,1.3096498592805388,0.0,50.0,20.0,1.0,0.0,0.0,0.0,-395.6098180895534,70.0,60.39245706996836,0.9736722829834267,0.0,0.22795237517920672,0.0
3.665325880050659,-9.990036331625852,2.042654837197565,-11.653010254936943,-0.6189124172877045,-1.4615337004412408,1.202217804740544,0.0,50.0,20.0,1.0,0.0,0.0,0.0,-393.9983302107016,70.0,61.20897355815535,0.9715735341234977,0.0,0.23673797285348372,0.0
3.699131488800049,-10.087180405249699,2.6877777533525755,-11.577411075558405,-0.6015268718321363,-1.5,1.1562104182748425,0.0,50.0,20.0,1.0,0.0,0.0,0.0,-390.7712121128809,70.0,62.956755327222325,0.9670657802672413,0.0,0.25452657353626484,0.0
3.7332985401153564,-9.33343834226844,1.933483418404807,-10.822769141926766,-0.6334051417419536,-1.5,1.3057003813968315,0.0,50.0,20.0,1.0,0.0,0.0,0.0,-389.1596628000485,70.0,63.88809540257961,0.964655131633633,0.0,0.26351561056775763,0.0
3.7665202617645264,-9.95400859242536,1.7275171016583029,-11.390291412753191,-0.7382338837596123,-1.4242175075119055,1.2456892940964566,0.0,50.0,20.0,1.0,0.0,0.0,0.0,-387.5521707049829,70.0,64.85761806103409,0.9621392361268869,0.0,0.2725584163168888,0.0
3.7866830825805664,-9.374544615189897,0.9797762146096805,-11.065950058703265,-0.7505891695283553,-1.5,1.2171996819783217,0.0,50.0,20.0,1.0,0.0,0.0,0.0,-385.95076299294277,70.0,65.86510843321332,0.9595178256988942,0.0,0.2816479046008803,0.0
3.816561460494995,-9.332207798988016,1.275692220500653,-11.218991096493063,-0.5521189285891017,-1.5,1.1867747011488576,0.0,50.0,20.0,1.0,0.0,0.0,0.0,-384.35745120882837,70.0,66.910248742567,0.9567908634007565,0.0,0.29077696558158633,0.0
3.848659038543701,-8.880886604189616,1.4308598219225783,-11.61907645589152,-0.3639391118775754,-1.4357990771518798,1.29879779319345,0.0,50.0,20.0,1.0,0.0,0.0,0.0,-381.2030484442563,70.0,69.11169127895226,0.9510213160624943,0.0,0.3091253085639565,0.0
3.8832602500915527,-8.557545657892033,0.6941895383337953,-11.484682659928323,-0.18361998030605786,-1.3183725241768711,1.2071057058455181,0.0,50.0,20.0,1.0,0.0,0.0,0.0,-379.64584980027297,70.0,70.2668415672075,0.947979847973554,0.0,0.3183303438820081,0.0
3.916485548019409,-9.082440507730482,1.4688523688420183,-12.278303719378798,-0.1371886593564628,-1.316435680505523,1.2041190760882503,0.0,50.0,20.0,1.0,0.0,0.0,0.0,-378.1045200725399,70.0,71.45733920633074,0.9448350670716801,0.0,0.327546479192883,0.0
3.9384214878082275,-8.729894544120043,1.6097986100241202,-11.60908081126431,-0.15785042037379368,-1.4138558622282198,1.2059765578650241,0.0,50.0,20.0,1.0,0.0,0.0,0.0,-376.58090506530215,70.0,72.68235390505099,0.9415881427008016,0.0,0.33676663956700786,0.0
3.9831948280334473,-9.22262266118686,2.171238758561266,-11.579212430549365,-0.15567145041994082,-1.2372899902569696,1.2542681701266913,0.0,50.0,20.0,1.0,0.0,0.0,0.0,-373.59394487696204,70.0,75.23212024541525,0.9347937733922513,0.0,0.35519093629634785,0.0
4.016620874404907,-9.026639421356828,2.500167871037348,-11.674639081479183,-0.04308233424368865,-1.3976414809322149,1.3502301259738774,0.0,50.0,20.0,1.0,0.0,0.0,0.0,-372.1340173943068,70.0,76.55472510117654,0.9312498990572387,0.0,0.364381154158503,0.0
4.032318592071533,-8.312002417352277,1.8426026763804275,-10.93649246033663,0.026166299317600034,-1.4947247043586598,1.3431567150570631,0.0,50.0,20.0,1.0,0.0,0.0,0.0,-370.6986295530013,70.0,77.90755896650572,0.9276110203999688,0.0,0.37354758041316316,0.0
4.066524982452393,-8.769658554713054,1.0625355418169673,-10.255911303084112,-0.023321856283907844,-1.4406540898279436,1.3177181184287619,0.0,50.0,20.0,1.0,0.0,0.0,0.0,-369.28932188135394,70.0,79.28932188133653,0.9238795325113103,0.0,0.3826834323650329,0.0
4.0906593799591064,-9.026532198576179,1.1490344540569188,-11.02080548316499,-0.09292992572694134,-1.5,1.2647923685191396,0.0,50.0,20.0,1.0,0.0,0.0,0.0,-367.9075589665228,70.0,80.69862955298352,0.9200580700342139,0.0,0.39178201562210274,0.0
4.120060682296753,-9.461135369003902,0.9495402858250899,-11.658496024910827,-0.02171289730263301,-1.3538971138069955,1.3822282920288849,0.0,50.0,20.0,1.0,0.0,0.0,0.0,-365.2321202454316,70.0,83.59394487694368,0.9121569358478187,0.0,0.40984109650536316,0.0
4.166620969772339,-9.36784527770683,1.1616301140153322,-11.1948456912402,0.15894864804750639,-1.4578304519942205,1.4982269447801944,0.0,50.0,20.0,1.0,0.0,0.0,0.0,-363.94095632748287,70.0,85.0768001741894,0.9080836961035326,0.0,0.41878873059210536,0.0
4.182247161865234,-9.501247763052701,1.8394081274540592,-11.67644662411961,0.2580521983589831,-1.4022860295845954,1.4469263560506431,0.0,50.0,20.0,1.0,0.0,0.0,0.0,-362.6823539050665,70.0,86.58090506528326,0.9039333353038728,0.0,0.42767338627323576,0.0
4.216661214828491,-9.870336333861706,1.9309594523366362,-11.294515151504134,0.17805759714104957,-1.4841209752975593,1.4606653361725983,0.0,50.0,20.0,1.0,0.0,0.0,0.0,-361.45733920634575,70.0,88.1045200725209,0.8997096196203503,0.0,0.43648894643805647,0.0
4.249828100204468,-10.144112154962464,1.6503560736410323,-11.221085419229627,0.3591321132113213,-1.3555795925643919,1.4770802490650816,0.0,50.0,20.0,1.0,0.0,0.0,0.0,-359.1116912789665,70.0,91.20304844423677,0.891058223562757,0.0,0.4538890197186795,0.0
4.283184289932251,-10.489017053880534,0.9409318081071507,-11.490870081325788,0.49639773967607415,-1.3684711063344164,1.3997962521441623,0.0,50.0,20.0,1.0,0.0,0.0,0.0,-357.99261785746745,70.0,92.77422543880567,0.8866390882461542,0.0,0.46246202784015505,0.0
4.316523313522339,-9.723141311554048,1.2922444786003695,-11.977887381926921,0.4964176977202978,-1.1737729396960757,1.4812352785109415,0.0,50.0,20.0,1.0,0.0,0.0,0.0,-356.9102487425803,70.0,94.35745120880856,0.8821636718636497,0.0,0.47094294351231425,0.0
4.3345654010772705,-10.439978149276858,2.040200340241195,-11.404345924392619,0.5278312548267967,-1.1486501460310579,1.5,0.0,50.0,20.0,1.0,0.0,0.0,0.0,-355.8651084332261,70.0,95.95076299292282,0.8776367044713809,0.0,0.47932641797069153,0.0
4.365790605545044,-10.109782198708155,1.3502424915734812,-12.033234025779313,0.34310171664151135,-1.1122052978589716,1.5,0.0,50.0,20.0,1.0,0.0,0.0,0.0,-354.8576180610464,70.0,97.55217070496289,0.8730630827581622,0.0,0.4876072738637257,0.0
4.399673700332642,-10.278029600757872,0.5520566744093237,-11.906022530141831,0.22005286741259633,-1.2454209020150087,1.3852935875870906,0.0,50.0,20.0,1.0,0.0,0.0,0.0,-352.95675532723374,70.0,100.77121211286081,0.8637962372201536,0.0,0.5038413049406569,0.0
4.433203935623169,-10.219821548779267,1.1863507213385533,-11.96848467997483,0.07975337214869585,-1.3961291569013983,1.2357321548934674,0.0,50.0,20.0,1.0,0.0,0.0,0.0,-352.06371067528465,70.0,102.38478163654031,0.859113550013791,0.0,0.5117850214520756,0.0
4.4665820598602295,-10.296737092104424,1.8395355809011986,-12.042264914301592,0.006569839535016941,-1.5,1.4205803355679316,0.0,50.0,20.0,1.0,0.0,0.0,0.0,-351.2089735581658,70.0,103.9983302106815,0.8544052603692188,0.0,0.5196072084309526,0.0
4.485993385314941,-10.093376483441096,1.7745311279272609,-11.526881330419128,-0.10826529657870337,-1.4455970357195032,1.3168486155063897,0.0,50.0,20.0,1.0,0.0,0.0,0.0,-350.3924570699783,70.0,105.60981808953332,0.8496769442278244,0.0,0.5273036036740757,0.0
4.516450643539429,-10.144177891461931,2.220676224222758,-10.951581501109631,0.07447058189830458,-1.5,1.4131653832792188,0.0,50.0,20.0,1.0,0.0,0.0,0.0,-349.613977397442,70.0,107.21721236186356,0.8449342803974059,0.0,0.5348701354621679,0.0
4.548809289932251,-9.488762857638404,1.7333694777226287,-10.250855393493888,-0.09671251548920523,-1.5,1.32665433986535,0.0,50.0,20.0,1.0,0.0,0.0,0.0,-348.1699240334816,70.0,110.4116538867375,0.8354290697398029,0.0,0.5495982800497902,0.0
4.583170652389526,-9.385510847253306,1.875856181090886,-10.936982083099316,0.052917364631384134,-1.5,1.1878403007332228,0.0,50.0,20.0,1.0,0.0,0.0,0.0,-347.5035224261089,70.0,111.9947156776501,0.830678290080913,0.0,0.5567527084696136,0.0
4.616488695144653,-8.914693125732931,2.1756465288248545,-11.136644144836026,0.1948539887428722,-1.4518433391057552,1.3572600555878247,0.0,50.0,20.0,1.0,0.0,0.0,0.0,-346.87350853945617,70.0,113.56572234489535,0.8259366732840498,0.0,0.5637629038208143,0.0
4.63849949836731,-9.364043531460908,2.550262542186414,-11.502750501322964,0.3434158893445346,-1.5,1.2939069271633152,0.0,50.0,20.0,1.0,0.0,0.0,0.0,-346.27925843865694,70.0,115.12274951788865,0.8212102364258234,0.0,0.5706257508993466,0.0
4.68321967124939,-9.394466109332877,2.455702729061458,-11.872675927584105,0.2251815760067355,-1.5,1.4100349315043008,0.0,50.0,20.0,1.0,0.0,0.0,0.0,-345.1951738834184,70.0,118.18734614960998,0.811827117834795,0.0,0.5838978769853936,0.0
4.716461181640625,-9.052483595947868,2.976440966532418,-11.5587176734886,0.08961228648184094,-1.5,1.5,0.0,50.0,20.0,1.0,0.0,0.0,0.0,-344.70372492925867,70.0,119.69125608604674,0.8071825813096851,0.0,0.5903018553504924,0.0
4.732324600219727,-8.409733674577797,3.3721944684347993,-11.587603099731972,-0.05315550128725413,-1.5,1.5,0.0,50.0,20.0,1.0,0.0,0.0,0.0,-344.24482016705883,70.0,121.17387408684446,0.8025774913151861,0.0,0.5965478777384279,0.0
4.76647686958313,-8.469887637055384,2.8789714156422024,-11.057695814152193,-0.14611951889179775,-1.5,1.380347843907536,0.0,50.0,20.0,1.0,0.0,0.0,0.0,-343.81749719633154,70.0,122.63348479578904,0.7980179045742362,0.0,0.6026337394960103,0.0
4.790342330932617,-8.565109911334819,3.045349481836875,-11.120978338165186,0.03187721518975695,-1.5,1.4570672488881633,0.0,50.0,20.0,1.0,0.0,0.0,0.0,-343.4207406410595,70.0,124.06842346330424,0.7935098504010387,0.0,0.6085574067551238,0.0
4.833216905593872,-8.513550215637594,3.3711096874829676,-11.20152015008585,0.15921885407249486,-1.5,1.2993245391787083,0.0,50.0,20.0,1.0,0.0,0.0,0.0,-342.7146320478703,70.0,126.85789157361131,0.7846722514094298,0.0,0.6199108467094737,0.0
4.866527557373047,-9.307729315963014,3.6000209517013064,-11.083048414589054,0.016365191642194604,-1.471328168254761,1.4959771602772878,0.0,50.0,20.0,1.0,0.0,0.0,0.0,-342.4030321787859,70.0,128.20936274211107,0.7803545260261163,0.0,0.6253373599190722,0.0
4.882237672805786,-9.780647271951029,3.048654268696491,-10.894926176934879,0.14173501433541644,-1.4824995621026544,1.4215919506045098,0.0,50.0,20.0,1.0,0.0,0.0,0.0,-342.1175139713117,70.0,129.5300481475005,0.7761119502124018,0.0,0.6305951480446884,0.0
4.916489839553833,-9.9067986125821,2.440606273402028,-11.552074861692484,-0.03074984902867517,-1.487867720013764,1.233232789423471,0.0,50.0,20.0,1.0,0.0,0.0,0.0,-341.8568776459223,70.0,130.81856275998783,0.7719502485264584,0.0,0.6356829506915685,0.0
4.9498186111450195,-9.16541461898885,1.7182462137408172,-12.132087033540104,-0.1187662270155358,-1.359309973780639,1.1231349491819527,0.0,50.0,20.0,1.0,0.0,0.0,0.0,-341.40535475431784,70.0,133.29383560244656,0.7638918915578089,0.0,0.6453442321832843,0.0
4.983185768127441,-9.331717301345693,2.0237031710055753,-12.775268145263835,0.06207821884730014,-1.344453116064076,1.129646781598039,0.0,50.0,20.0,1.0,0.0,0.0,0.0,-341.2119882452056,70.0,134.47812081175107,0.7600061815151536,0.0,0.6499158438280723,0.0
5.016586542129517,-9.978995586208336,1.912125293043815,-13.0,-0.09260999703436923,-1.2547914588077904,0.9586565271432193,0.0,50.0,20.0,1.0,0.0,0.0,0.0,-341.0385545299604,70.0,135.62528920359205,0.7562232170345207,0.0,0.6543137214043124,0.0
5.034212112426758,-10.738826016515816,1.7856476750701216,-12.610343839667726,-0.2232544026062937,-1.1038635770875598,0.9395604696160378,0.0,50.0,20.0,1.0,0.0,0.0,0.0,-340.88380579815873,70.0,136.73425286902824,0.7525481616845919,0.0,0.6585372156113436,0.0
5.066036224365234,-10.511881709940841,1.4888023479692882,-12.995761406546123,-0.27463390331969084,-1.2162925956016808,1.0370986381192353,0.0,50.0,20.0,1.0,0.0,0.0,0.0,-340.74650052371,70.0,137.80398254715485,0.7489860394321284,0.0,0.6625857776437509,0.0
5.099695682525635,-10.118138395477217,2.139442373116064,-12.89415698788149,-0.1085136652101561,-1.1702380843502533,1.0894398470753088,0.0,50.0,20.0,1.0,0.0,0.0,0.0,-340.51931588017385,70.0,139.82191142446857,0.7422199423874686,0.0,0.6701563676652955,0.0
5.133225679397583,-10.644470278191923,1.436509756097304,-13.0,-0.16114672574074967,-1.102032404752203,1.1383974697364563,0.0,50.0,20.0,1.0,0.0,0.0,0.0,-340.42702971815237,70.0,140.76833767676212,0.7390252442347213,0.0,0.6736777333293795,0.0
5.166498184204102,-10.790327316430607,0.92090970695962,-13.0,-0.2679843704863104,-1.1918706251704907,1.181538917749747,0.0,50.0,20.0,1.0,0.0,0.0,0.0,-340.3473828149803,70.0,141.6719817377771,0.7359620175736752,0.0,0.6770228273026585,0.0
