# Timestamp, Fx, Fy, Fz, Tx, Ty, Tz, FemurPosX, FemurPosY, FemurPosZ, FemurQuatW, FemurQuatX, FemurQuatY, FemurQuatZ, TibiaPosX, TibiaPosY, TibiaPosZ, TibiaQuatW, TibiaQuatX, TibiaQuatY, TibiaQuatZ
0.04071521759033203,-1.3621706459714142,8.714079418810655,1.9928328435045408,-0.5779689140686541,-2.5,2.0563836187664424,0.0,50.0,20.0,1.0,0.0,0.0,0.0,-369.28932188134524,70.0,79.28932188134524,0.9238795325112867,0.0,0.3826834323650898,0.0
0.0813448429107666,-0.8390020684372943,8.902347334389916,2.2008778476409914,-0.7678836320445648,-2.5,2.185224542406154,0.0,50.0,20.0,1.0,0.0,0.0,0.0,-369.28932188134524,70.0,79.28932188134524,0.9238795325112867,0.0,0.3826834323650898,0.0
0.12232065200805664,-0.2531410988006424,9.627401336809964,1.8872155438017493,-0.5698513543722518,-2.374624491461904,1.9914655072242804,0.0,50.0,20.0,1.0,0.0,0.0,0.0,-369.28932188134524,70.0,79.28932188134524,0.9238795325112867,0.0,0.3826834323650898,0.0
0.16384673118591309,0.32070956409287454,9.198187368666723,1.3063871034120282,-0.4793512123104221,-2.2059901309190795,1.8776772688334127,0.0,50.0,20.0,1.0,0.0,0.0,0.0,-369.28932188134524,70.0,79.28932188134524,0.9238795325112867,0.0,0.3826834323650898,0.0
0.20371389389038086,0.6228249687459542,8.783459076045348,1.0622495398390774,-0.5634949232180118,-2.355166351966086,1.9506829408919968,0.0,50.0,20.0,1.0,0.0,0.0,0.0,-369.28932188134524,70.0,79.28932188134524,0.9238795325112867,0.0,0.3826834323650898,0.0
0.2435295581817627,1.0541794709186625,8.018493069857222,0.8941323783567253,-0.6402177513102262,-2.5,1.983269441366986,0.0,50.0,20.0,1.0,0.0,0.0,0.0,-369.28932188134524,70.0,79.28932188134524,0.9238795325112867,0.0,0.3826834323650898,0.0
0.28411245346069336,1.753003951819221,8.429118346209698,0.2328684956911815,-0.7994179935682794,-2.5,2.1501948150985837,0.0,50.0,20.0,1.0,0.0,0.0,0.0,-369.28932188134524,70.0,79.28932188134524,0.9238795325112867,0.0,0.3826834323650898,0.0
0.32469630241394043,1.8627401348108297,8.802371652270434,0.46228211188569124,-0.7758505570368058,-2.5,2.0082922357655657,0.0,50.0,20.0,1.0,0.0,0.0,0.0,-369.28932188134524,70.0,79.28932188134524,0.9238795325112867,0.0,0.3826834323650898,0.0
0.36933422088623047,2.3553231664450163,9.19709911694481,-0.12194908872919774,-0.6060197885338539,-2.411485520440946,2.010934787513593,0.0,50.0,20.0,1.0,0.0,0.0,0.0,-369.28932188134524,70.0,79.28932188134524,0.9238795325112867,0.0,0.3826834323650898,0.0
0.411912202835083,1.5619140588158476,9.235779319233565,0.5658932269097702,-0.40877312499587365,-2.5,1.867901245391821,0.0,50.0,20.0,1.0,0.0,0.0,0.0,-369.28932188134524,70.0,79.28932188134524,0.9238795325112867,0.0,0.3826834323650898,0.0
0.4552493095397949,1.9986477790249313,9.03636769824432,0.8735379704319922,-0.45598502680124325,-2.384972615869282,1.8178957565872171,0.0,50.0,20.0,1.0,0.0,0.0,0.0,-369.28932188134524,70.0,79.28932188134524,0.9238795325112867,0.0,0.3826834323650898,0.0
0.49849724769592285,1.2569416808442657,9.653765060993953,0.14662549645577394,-0.5779478036810051,-2.369469892353115,1.6567094262970734,0.0,50.0,20.0,1.0,0.0,0.0,0.0,-369.28932188134524,70.0,79.28932188134524,0.9238795325112867,0.0,0.3826834323650898,0.0
0.5421490669250488,2.0335806323687784,10.42955166163305,0.17008446689246082,-0.6208293831979759,-2.280876319587459,1.6772103624256838,0.0,50.0,20.0,1.0,0.0,0.0,0.0,-369.28932188134524,70.0,79.28932188134524,0.9238795325112867,0.0,0.3826834323650898,0.0
0.58510422706604,2.356517631629204,10.780232573242454,0.18506786977484813,-0.5647718189971926,-2.207345845986611,1.7309042281485707,0.0,50.0,20.0,1.0,0.0,0.0,0.0,-369.28932188134524,70.0,79.28932188134524,0.9238795325112867,0.0,0.3826834323650898,0.0
0.6280059814453125,2.5623896624986022,10.815200719227931,0.4589581149163381,-0.4356104057350192,-2.2540282423990017,1.9130349079685924,0.0,50.0,20.0,1.0,0.0,0.0,0.0,-369.28932188134524,70.0,79.28932188134524,0.9238795325112867,0.0,0.3826834323650898,0.0
0.6706297397613525,2.7764747749668044,10.226841095935074,-0.28897492123955726,-0.23677400788503117,-2.116496961751036,1.7149559810292612,0.0,50.0,20.0,1.0,0.0,0.0,0.0,-369.28932188134524,70.0,79.28932188134524,0.9238795325112867,0.0,0.3826834323650898,0.0
0.712343692779541,2.226623256216808,10.837253312983218,-1.0456014284639985,-0.04793599681421007,-2.2912855291427214,1.7270127889355438,0.0,50.0,20.0,1.0,0.0,0.0,0.0,-369.28932188134524,70.0,79.28932188134524,0.9238795325112867,0.0,0.3826834323650898,0.0
0.7537689208984375,2.795117167551507,10.658470991324268,-0.9540788579868317,-0.1612139591638398,-2.1473777892398065,1.7050253876041532,0.0,50.0,20.0,1.0,0.0,0.0,0.0,-369.28932188134524,70.0,79.28932188134524,0.9238795325112867,0.0,0.3826834323650898,0.0
0.7944552898406982,3.5525755252383826,10.660263594925182,-1.4724934606993254,-0.23727364354741343,-2.321905826115482,1.5115114204070732,0.0,50.0,20.0,1.0,0.0,0.0,0.0,-369.28932188134524,70.0,79.28932188134524,0.9238795325112867,0.0,0.3826834323650898,0.0
0.8351988792419434,3.8721288789663415,11.287459725156168,-0.8239724516289582,-0.36620437345799234,-2.407379200407736,1.4727594068394112,0.0,50.0,20.0,1.0,0.0,0.0,0.0,-369.28932188134524,70.0,79.28932188134524,0.9238795325112867,0.0,0.3826834323650898,0.0
0.8758723735809326,4.458894295509106,11.909179834264183,-1.0045610023742144,-0.31205804522666836,-2.2115465549700035,1.4811908732919867,0.0,50.0,20.0,1.0,0.0,0.0,0.0,-369.28932188134524,70.0,79.28932188134524,0.9238795325112867,0.0,0.3826834323650898,0.0
0.9158599376678467,3.9498514885373046,11.615404700036388,-0.8285754772743992,-0.15953060292162158,-2.3270367106899985,1.4460348318037766,0.0,50.0,20.0,1.0,0.0,0.0,0.0,-369.28932188134524,70.0,79.28932188134524,0.9238795325112867,0.0,0.3826834323650898,0.0
0.9560182094573975,4.650844683157139,11.787242741763535,-1.4427430888468922,-0.08076754249031914,-2.1763167727860884,1.6304706511322116,0.0,50.0,20.0,1.0,0.0,0.0,0.0,-369.28932188134524,70.0,79.28932188134524,0.9238795325112867,0.0,0.3826834323650898,0.0
0.9982948303222656,5.434016305963513,12.498917474123894,-1.0524117694896287,-0.09393580368944604,-2.085859030544095,1.5772231893125077,0.0,50.0,20.0,1.0,0.0,0.0,0.0,-369.28932188134524,70.0,79.28932188134524,0.9238795325112867,0.0,0.3826834323650898,0.0
1.041785717010498,5.402871388757961,12.363173795940716,-0.9884819449967563,-0.147376142423552,-2.0428442289470836,1.6093916265354182,0.0,50.0,20.0,1.0,0.0,0.0,0.0,-369.28932188134524,70.0,79.28932188134524,0.9238795325112867,0.0,0.3826834323650898,0.0
1.0830047130584717,5.107020548195736,11.939819517894652,-0.7318871531108864,-0.3147402273626303,-2.088534117623785,1.7414484389441558,0.0,50.0,20.0,1.0,0.0,0.0,0.0,-369.28932188134524,70.0,79.28932188134524,0.9238795325112867,0.0,0.3826834323650898,0.0
1.1246089935302734,5.113275312867242,11.607541489991,-0.7980081198341695,-0.3297099524849648,-2.1281112653106575,1.8299601309881326,0.0,50.0,20.0,1.0,0.0,0.0,0.0,-369.28932188134524,70.0,79.28932188134524,0.9238795325112867,0.0,0.3826834323650898,0.0
1.1657862663269043,4.527999678317571,11.835876174738486,-0.5015247217445042,-0.1641277952785789,-2.02517837912518,1.7445382084515784,0.0,50.0,20.0,1.0,0.0,0.0,0.0,-369.28932188134524,70.0,79.28932188134524,0.9238795325112867,0.0,0.3826834323650898,0.0
1.2057292461395264,4.032494111462188,12.194734014152875,-0.8449308646268352,-0.04256625552389043,-1.923073353920997,1.8889955477300515,0.0,50.0,20.0,1.0,0.0,0.0,0.0,-369.28932188134524,70.0,79.28932188134524,0.9238795325112867,0.0,0.3826834323650898,0.0
1.2461462020874023,4.525016647901284,11.689289043346886,-0.20265055374258711,0.12622056621842276,-1.9529425908160616,1.9157453294780615,0.0,50.0,20.0,1.0,0.0,0.0,0.0,-369.28932188134524,70.0,79.28932188134524,0.9238795325112867,0.0,0.3826834323650898,0.0
1.286299228668213,4.404626812285489,11.563498573440343,-0.22839490544677543,0.10311455567132327,-1.9249248203922278,1.9997277946684222,0.0,50.0,20.0,1.0,0.0,0.0,0.0,-369.28932188134524,70.0,79.28932188134524,0.9238795325112867,0.0,0.3826834323650898,0.0
1.3263506889343262,4.805019999231945,11.130219898803006,0.44186508895325327,-0.049963552834138725,-1.7690621843313827,2.012889787420276,0.0,50.0,20.0,1.0,0.0,0.0,0.0,-369.28932188134524,70.0,79.28932188134524,0.9238795325112867,0.0,0.3826834323650898,0.0
1.378429651260376,5.366464550174489,10.70926301624269,1.1076080660379768,-0.22641572508237998,-1.7626729157489507,2.0066014109933126,0.0,50.0,20.0,1.0,0.0,0.0,0.0,-369.28932188134524,70.0,79.28932188134524,0.9238795325112867,0.0,0.3826834323650898,0.0
1.4186108112335205,5.519472447150657,11.509189103296455,0.39981520970618845,-0.32268113455094516,-1.6594282525996986,1.832345063905393,0.0,50.0,20.0,1.0,0.0,0.0,0.0,-369.28932188134524,70.0,79.28932188134524,0.9238795325112867,0.0,0.3826834323650898,0.0
1.4586389064788818,5.995676372398748,10.972270612019798,-0.39292042327169063,-0.12454263155639861,-1.464332177127839,2.0214368057197403,0.0,50.0,20.0,1.0,0.0,0.0,0.0,-369.28932188134524,70.0,79.28932188134524,0.9238795325112867,0.0,0.3826834323650898,0.0
1.49825119972229,6.035285747157949,10.78551758416829,-0.45785178821332007,-0.0547797379019217,-1.427155438722024,1.8842251916527748,0.0,50.0,20.0,1.0,0.0,0.0,0.0,-369.28932188134524,70.0,79.28932188134524,0.9238795325112867,0.0,0.3826834323650898,0.0
1.5392615795135498,6.795375928231231,10.505889423729446,0.10830316107606464,0.12492934041162757,-1.6136092673830769,1.8747072043019914,0.0,50.0,20.0,1.0,0.0,0.0,0.0,-369.28932188134524,70.0,79.28932188134524,0.9238795325112867,0.0,0.3826834323650898,0.0
1.5788600444793701,7.474079031642007,11.03268910846089,-0.213310350418787,0.0777676364109122,-1.7024246334727309,1.812739735822734,0.0,50.0,20.0,1.0,0.0,0.0,0.0,-369.28932188134524,70.0,79.28932188134524,0.9238795325112867,0.0,0.3826834323650898,0.0
1.6188883781433105,7.107954721575079,10.275558630384406,0.048905937386301446,0.006134078168837487,-1.667086488103163,1.7957140788410588,0.0,50.0,20.0,1.0,0.0,0.0,0.0,-369.28932188134524,70.0,79.28932188134524,0.9238795325112867,0.0,0.3826834323650898,0.0
1.6632070541381836,7.03109038528011,10.666750254885446,-0.0487742121006709,-0.008722937988432544,-1.8572484300538061,1.8183064929455408,0.0,50.0,20.0,1.0,0.0,0.0,0.0,-369.28932188134524,70.0,79.28932188134524,0.9238795325112867,0.0,0.3826834323650898,0.0
1.7030560970306396,7.272160796045414,11.397599775233564,0.6662759573574395,0.166879273345919,-2.0306512615617294,1.93068410034321,0.0,50.0,20.0,1.0,0.0,0.0,0.0,-369.28932188134524,70.0,79.28932188134524,0.9238795325112867,0.0,0.3826834323650898,0.0
1.7430946826934814,6.984585766797778,11.831163325981338,0.3447904370403606,0.12976615895587756,-2.1659082391480937,2.0799857776955313,0.0,50.0,20.0,1.0,0.0,0.0,0.0,-369.28932188134524,70.0,79.28932188134524,0.9238795325112867,0.0,0.3826834323650898,0.0
1.7830042839050293,6.375521869572571,11.296303897756056,-0.1685471730415854,0.252331650129363,-2.1459795703830795,2.117165049461772,0.0,50.0,20.0,1.0,0.0,0.0,0.0,-369.28932188134524,70.0,79.28932188134524,0.9238795325112867,0.0,0.3826834323650898,0.0
1.8227672576904297,5.723025677214266,10.835954877620992,0.5102627075749907,0.09166496045445138,-1.9785948930762152,1.9341601917229354,0.0,50.0,20.0,1.0,0.0,0.0,0.0,-369.28932188134524,70.0,79.28932188134524,0.9238795325112867,0.0,0.3826834323650898,0.0
1.8631846904754639,6.184112044191546,10.186482662858737,0.8618550216518753,0.1653702795102746,-1.8892901454136573,2.0115874795553164,0.0,50.0,20.0,1.0,0.0,0.0,0.0,-369.28932188134524,70.0,79.28932188134524,0.9238795325112867,0.0,0.3826834323650898,0.0
1.9033071994781494,6.5093385289712185,10.963082882422736,0.2621781064200479,0.2747052116059273,-2.0405763284442475,2.037824079330331,0.0,50.0,20.0,1.0,0.0,0.0,0.0,-369.28932188134524,70.0,79.28932188134524,0.9238795325112867,0.0,0.3826834323650898,0.0
1.942549705505371,6.768794079414595,11.480605174985484,0.36610394845669947,0.4384599893398452,-2.2089906856149435,2.040842062925766,0.0,50.0,20.0,1.0,0.0,0.0,0.0,-369.28932188134524,70.0,79.28932188134524,0.9238795325112867,0.0,0.3826834323650898,0.0
1.9821817874908447,7.204636437428319,11.820839030003478,-0.2211424745998104,0.3230990633321513,-2.0960106578759827,2.0551623127603134,0.0,50.0,20.0,1.0,0.0,0.0,0.0,-369.28932188134524,70.0,79.28932188134524,0.9238795325112867,0.0,0.3826834323650898,0.0
2.0272176265716553,6.861311263828023,12.570882457486064,0.094548983627737,0.5156439789453418,-2.255860672412,1.9992815585295143,0.0,50.0,20.0,1.0,0.0,0.0,0.0,-369.28932188134524,70.0,79.28932188134524,0.9238795325112867,0.0,0.3826834323650898,0.0
2.068500518798828,6.752049990190895,12.595313581824836,-0.19000078345640414,0.5506299190985505,-2.296410461251289,1.8023969506849595,0.0,50.0,20.0,1.0,0.0,0.0,0.0,-369.28932188134524,70.0,79.28932188134524,0.9238795325112867,0.0,0.3826834323650898,0.0
2.109611749649048,6.871128505705407,12.157145663043567,-0.8038727058287259,0.5704460077184523,-2.3267085226358857,1.686984103149261,0.0,50.0,20.0,1.0,0.0,0.0,0.0,-369.28932188134524,70.0,79.28932188134524,0.9238795325112867,0.0,0.3826834323650898,0.0
2.1508545875549316,6.703397419448226,11.786380974330951,-1.2277892532894223,0.432913057677382,-2.5,1.8422692905184994,0.0,50.0,20.0,1.0,0.0,0.0,0.0,-369.28932188134524,70.0,79.28932188134524,0.9238795325112867,0.0,0.3826834323650898,0.0
2.1919169425964355,6.629196535139129,12.229617537946384,-2.0088811404915754,0.4712658427815716,-2.5,1.948136907618327,0.0,50.0,20.0,1.0,0.0,0.0,0.0,-369.28932188134524,70.0,79.28932188134524,0.9238795325112867,0.0,0.3826834323650898,0.0
2.2323179244995117,7.037164030720731,11.645279797744843,-2.6207573018245824,0.5221368794050119,-2.424671756839036,1.8153622319470375,0.0,50.0,20.0,1.0,0.0,0.0,0.0,-369.28932188134524,70.0,79.28932188134524,0.9238795325112867,0.0,0.3826834323650898,0.0
2.2726123332977295,6.733125203473461,12.305864591314606,-1.8514229827822521,0.5969196634606906,-2.3157377652620497,1.9720707899110135,0.0,50.0,20.0,1.0,0.0,0.0,0.0,-369.28932188134524,70.0,79.28932188134524,0.9238795325112867,0.0,0.3826834323650898,0.0
2.3126347064971924,6.458804412851305,12.642585311531812,-1.7108175214446781,0.7777364687834036,-2.4680674657033497,2.0560028132675265,0.0,50.0,20.0,1.0,0.0,0.0,0.0,-369.28932188134524,70.0,79.28932188134524,0.9238795325112867,0.0,0.3826834323650898,0.0
2.353433847427368,6.439493032058514,13.0,-1.5692395980861236,0.5788240091986222,-2.4437506427700573,2.0945630319185913,0.0,50.0,20.0,1.0,0.0,0.0,0.0,-369.28932188134524,70.0,79.28932188134524,0.9238795325112867,0.0,0.3826834323650898,0.0
2.398458242416382,7.2332781744505965,13.0,-0.8385045720510602,0.6967097275403746,-2.3167618751998753,1.9017286210857192,0.0,50.0,20.0,1.0,0.0,0.0,0.0,-369.28932188134524,70.0,79.28932188134524,0.9238795325112867,0.0,0.3826834323650898,0.0
2.44170880317688,7.929951649962369,13.0,-1.493882286808315,0.807617649260546,-2.372615115888348,1.9303620572089706,0.0,50.0,20.0,1.0,0.0,0.0,0.0,-369.28932188134524,70.0,79.28932188134524,0.9238795325112867,0.0,0.3826834323650898,0.0
2.482874870300293,8.175312714932586,12.94757993837269,-0.7846725317954633,0.6994844968869831,-2.4654058101191856,1.7858327564570398,0.0,50.0,20.0,1.0,0.0,0.0,0.0,-369.28932188134524,70.0,79.28932188134524,0.9238795325112867,0.0,0.3826834323650898,0.0
2.5246551036834717,8.540722823433443,13.0,-1.1052119736133519,0.6236240454180847,-2.5,1.9130127764872973,0.0,50.0,20.0,1.0,0.0,0.0,0.0,-369.28932188134524,70.0,79.28932188134524,0.9238795325112867,0.0,0.3826834323650898,0.0
2.56581711769104,7.790189634549139,12.260282301457735,-1.7410178915195176,0.5759589510054499,-2.5,1.8508982147517254,0.0,50.0,20.0,1.0,0.0,0.0,0.0,-369.28932188134524,70.0,79.28932188134524,0.9238795325112867,0.0,0.3826834323650898,0.0
2.606146812438965,8.446976003198024,12.856623519471642,-1.5219414818180739,0.7306381472198761,-2.3102434760074924,1.7041145403277889,0.0,50.0,20.0,1.0,0.0,0.0,0.0,-369.28932188134524,70.0,79.28932188134524,0.9238795325112867,0.0,0.3826834323650898,0.0
2.6464908123016357,8.546644352663533,12.109974131591354,-0.888040277745723,0.6189857787670984,-2.303496865335505,1.7382269041816605,0.0,50.0,20.0,1.0,0.0,0.0,0.0,-369.28932188134524,70.0,79.28932188134524,0.9238795325112867,0.0,0.3826834323650898,0.0
2.6867024898529053,7.894226788433691,12.19306321994599,-1.2071911091105472,0.7772275709241689,-2.2486315918432305,1.710355685154956,0.0,50.0,20.0,1.0,0.0,0.0,0.0,-369.28932188134524,70.0,79.28932188134524,0.9238795325112867,0.0,0.3826834323650898,0.0
2.725949287414551,7.656132335585218,12.754375495605185,-1.9666342621019135,0.7876183916999262,-2.3997788036945953,1.5783699609337432,0.0,50.0,20.0,1.0,0.0,0.0,0.0,-369.28932188134524,70.0,79.28932188134524,0.9238795325112867,0.0,0.3826834323650898,0.0
2.7664780616760254,8.24641277630433,12.332656637286075,-1.9315612082419389,0.6574863618142319,-2.5,1.4942659597279333,0.0,50.0,20.0,1.0,0.0,0.0,0.0,-369.28932188134524,70.0,79.28932188134524,0.9238795325112867,0.0,0.3826834323650898,0.0
2.8058135509490967,8.061402855436482,12.95006112917143,-1.23412113834292,0.5422841451265412,-2.4275219694606043,1.40577155086532,0.0,50.0,20.0,1.0,0.0,0.0,0.0,-369.28932188134524,70.0,79.28932188134524,0.9238795325112867,0.0,0.3826834323650898,0.0
2.84574294090271,7.805630145378089,13.0,-1.2243109644586974,0.3797340120109026,-2.5,1.5935330394026352,0.0,50.0,20.0,1.0,0.0,0.0,0.0,-369.28932188134524,70.0,79.28932188134524,0.9238795325112867,0.0,0.3826834323650898,0.0
2.885777711868286,8.501781280220582,12.663722646730937,-1.0937486234085296,0.41501112718466193,-2.5,1.6918541397221611,0.0,50.0,20.0,1.0,0.0,0.0,0.0,-369.28932188134524,70.0,79.28932188134524,0.9238795325112867,0.0,0.3826834323650898,0.0
2.9251925945281982,8.265397086506692,12.938087148161092,-0.7895906214186548,0.4295785716979827,-2.5,1.8442323853692506,0.0,50.0,20.0,1.0,0.0,0.0,0.0,-369.28932188134524,70.0,79.28932188134524,0.9238795325112867,0.0,0.3826834323650898,0.0
2.9648935794830322,8.129931795118148,13.0,-1.0020828032236384,0.2940417707102084,-2.3435487596188516,1.6575428148498417,0.0,50.0,20.0,1.0,0.0,0.0,0.0,-369.28932188134524,70.0,79.28932188134524,0.9238795325112867,0.0,0.3826834323650898,0.0
3.0058774948120117,8.465512030320358,13.0,-1.2944002379421526,0.47730170350574985,-2.3010966978152547,1.7684254726461814,0.0,50.0,20.0,1.0,0.0,0.0,0.0,-369.28932188134524,70.0,79.28932188134524,0.9238795325112867,0.0,0.3826834323650898,0.0
3.048321008682251,8.472382105240376,12.856741485412584,-0.5054976433008593,0.3513243687981144,-2.1973869453674815,1.7880996310613801,0.0,50.0,20.0,1.0,0.0,0.0,0.0,-369.28932188134524,70.0,79.28932188134524,0.9238795325112867,0.0,0.3826834323650898,0.0
3.089733362197876,8.205273929735986,13.0,-0.3489568563197689,0.30474392581045556,-2.1786603339035495,1.9709416140701785,0.0,50.0,20.0,1.0,0.0,0.0,0.0,-369.28932188134524,70.0,79.28932188134524,0.9238795325112867,0.0,0.3826834323650898,0.0
3.131760835647583,8.895183733907626,12.35741256005217,-0.6473371968666498,0.2341965973762565,-2.008231798399887,1.8440717647721503,0.0,50.0,20.0,1.0,0.0,0.0,0.0,-369.28932188134524,70.0,79.28932188134524,0.9238795325112867,0.0,0.3826834323650898,0.0
3.172161817550659,8.644791466289723,13.0,-1.1242948103741326,0.0441869418283751,-2.1231275466906103,2.0271252117986833,0.0,50.0,20.0,1.0,0.0,0.0,0.0,-369.28932188134524,70.0,79.28932188134524,0.9238795325112867,0.0,0.3826834323650898,0.0
3.2117395401000977,7.961447745734159,13.0,-1.4630987496377423,-0.022190038973209925,-2.322802083585543,2.2083916517620756,0.0,50.0,20.0,1.0,0.0,0.0,0.0,-369.28932188134524,70.0,79.28932188134524,0.9238795325112867,0.0,0.3826834323650898,0.0
3.2528202533721924,8.302982620203386,12.449374357337046,-1.5168207605222968,0.027906898126100643,-2.2831706230664013,2.341030204300067,0.0,50.0,20.0,1.0,0.0,0.0,0.0,-369.28932188134524,70.0,79.28932188134524,0.9238795325112867,0.0,0.3826834323650898,0.0
3.2925944328308105,7.990919251238704,13.0,-1.5888082351707278,-0.015621911232070018,-2.2747397280036585,2.1965412511474285,0.0,50.0,20.0,1.0,0.0,0.0,0.0,-369.28932188134524,70.0,79.28932188134524,0.9238795325112867,0.0,0.3826834323650898,0.0
3.3325157165527344,8.503900310074357,13.0,-2.0628432938052,-0.06703290740381662,-2.2919049990819453,2.3186977628157055,0.0,50.0,20.0,1.0,0.0,0.0,0.0,-369.28932188134524,70.0,79.28932188134524,0.9238795325112867,0.0,0.3826834323650898,0.0
3.3727526664733887,8.77173260498162,12.978755541036769,-1.7699667166918358,-0.0061146804687983725,-2.4483868239989057,2.1858785025313923,0.0,50.0,20.0,1.0,0.0,0.0,0.0,-369.28932188134524,70.0,79.28932188134524,0.9238795325112867,0.0,0.3826834323650898,0.0
3.4131147861480713,8.516920234847689,12.224558164481275,-2.071515779406625,-0.18745656527451215,-2.4845524721753063,2.3481236695061316,0.0,50.0,20.0,1.0,0.0,0.0,0.0,-369.28932188134524,70.0,79.28932188134524,0.9238795325112867,0.0,0.3826834323650898,0.0
3.453350305557251,8.07962244788779,12.507241284541438,-2.7858202329593116,-0.07120261941461853,-2.3691272508047874,2.440280448763848,0.0,50.0,20.0,1.0,0.0,0.0,0.0,-369.28932188134524,70.0,79.28932188134524,0.9238795325112867,0.0,0.3826834323650898,0.0
3.493443012237549,7.849617315237335,13.0,-2.9845202863709943,-0.026111518319411886,-2.4347478171188555,2.2987554485244632,0.0,50.0,20.0,1.0,0.0,0.0,0.0,-369.28932188134524,70.0,79.28932188134524,0.9238795325112867,0.0,0.3826834323650898,0.0
3.5337703227996826,7.165019141121004,13.0,-2.5748861414810422,-0.08409378679165316,-2.251159383290075,2.1853785649634854,0.0,50.0,20.0,1.0,0.0,0.0,0.0,-369.28932188134524,70.0,79.28932188134524,0.9238795325112867,0.0,0.3826834323650898,0.0
3.5741472244262695,7.04024883956166,12.533728644291083,-2.2595120918715272,0.012647641859074382,-2.408577077915753,2.1163383623583147,0.0,50.0,20.0,1.0,0.0,0.0,0.0,-369.28932188134524,70.0,79.28932188134524,0.9238795325112867,0.0,0.3826834323650898,0.0
3.614030361175537,7.442768454098757,12.488540091316851,-2.3540705359436997,0.0693484351760926,-2.329108979969473,1.9842627153764048,0.0,50.0,20.0,1.0,0.0,0.0,0.0,-369.28932188134524,70.0,79.28932188134524,0.9238795325112867,0.0,0.3826834323650898,0.0
3.6538898944854736,7.1774924765555745,12.950334779396865,-3.1166262702349954,0.032599266401994925,-2.2780229633134104,1.9083491781262547,0.0,50.0,20.0,1.0,0.0,0.0,0.0,-369.28932188134524,70.0,79.28932188134524,0.9238795325112867,0.0,0.3826834323650898,0.0
3.6937038898468018,7.292382875518214,13.0,-2.3546074639285184,-0.12404595294005152,-2.378016829885056,1.8520769896773104,0.0,50.0,20.0,1.0,0.0,0.0,0.0,-369.28932188134524,70.0,79.28932188134524,0.9238795325112867,0.0,0.3826834323650898,0.0
3.73429274559021,7.64962077755409,13.0,-1.870791091927016,-0.07594939752741248,-2.47537828786329,1.8618838716714508,0.0,50.0,20.0,1.0,0.0,0.0,0.0,-369.28932188134524,70.0,79.28932188134524,0.9238795325112867,0.0,0.3826834323650898,0.0
3.7740836143493652,7.49410641006004,12.797470804874804,-1.7398267037578532,0.024025122519594766,-2.5,1.9189963146279525,0.0,50.0,20.0,1.0,0.0,0.0,0.0,-369.28932188134524,70.0,79.28932188134524,0.9238795325112867,0.0,0.3826834323650898,0.0
3.8135061264038086,6.993091348895878,12.654925060406997,-2.1578118517292313,-0.057583161476962394,-2.43169602959825,1.8799835849246909,0.0,50.0,20.0,1.0,0.0,0.0,0.0,-369.28932188134524,70.0,79.28932188134524,0.9238795325112867,0.0,0.3826834323650898,0.0
3.853548526763916,7.02509463465261,12.821446780077887,-2.5322233790987516,-0.22281722466188786,-2.3641477289858597,1.9009557914282396,0.0,50.0,20.0,1.0,0.0,0.0,0.0,-369.28932188134524,70.0,79.28932188134524,0.9238795325112867,0.0,0.3826834323650898,0.0
3.893343925476074,6.893439304637961,12.905410954335206,-2.8703870638386175,-0.039297818311153865,-2.249470608132015,1.8845688809729761,0.0,50.0,20.0,1.0,0.0,0.0,0.0,-369.28932188134524,70.0,79.28932188134524,0.9238795325112867,0.0,0.3826834323650898,0.0
3.9330239295959473,6.551227225121335,12.176691017443943,-2.4455609399009814,0.14058897868003084,-2.295755475787588,1.707952664152113,0.0,50.0,20.0,1.0,0.0,0.0,0.0,-369.28932188134524,70.0,79.28932188134524,0.9238795325112867,0.0,0.3826834323650898,0.0
3.973285675048828,6.639115127631726,12.218561973332378,-2.4223724885482394,0.27617080693590224,-2.3904044230909065,1.710445635532619,0.0,50.0,20.0,1.0,0.0,0.0,0.0,-369.28932188134524,70.0,79.28932188134524,0.9238795325112867,0.0,0.3826834323650898,0.0
4.012911081314087,7.280445530197959,12.443905727602036,-2.2475979375714723,0.1373811861348891,-2.3164634551226553,1.5280481234905183,0.0,50.0,20.0,1.0,0.0,0.0,0.0,-369.28932188134524,70.0,79.28932188134524,0.9238795325112867,0.0,0.3826834323650898,0.0
4.0568201541900635,7.1172992698005135,11.889360921088626,-1.570336681954615,0.23963464205202567,-2.120771614597359,1.540646991440063,0.0,50.0,20.0,1.0,0.0,0.0,0.0,-369.28932188134524,70.0,79.28932188134524,0.9238795325112867,0.0,0.3826834323650898,0.0
4.098520278930664,6.399219087156883,11.24746135921946,-0.8221132362925805,0.10706741648467483,-2.0106730696919826,1.514060364865594,0.0,50.0,20.0,1.0,0.0,0.0,0.0,-369.28932188134524,70.0,79.28932188134524,0.9238795325112867,0.0,0.3826834323650898,0.0
4.139374494552612,5.706657076818348,10.814032594203455,-0.8309282742431118,9.67986099405238e-06,-1.8456892334907102,1.3716984391347486,0.0,50.0,20.0,1.0,0.0,0.0,0.0,-369.28932188134524,70.0,79.28932188134524,0.9238795325112867,0.0,0.3826834323650898,0.0
4.179418563842773,5.072693693326627,11.218105715184777,-0.1904054056475316,-0.19266713833951526,-2.003146199803384,1.4781006090911817,0.0,50.0,20.0,1.0,0.0,0.0,0.0,-369.28932188134524,70.0,79.28932188134524,0.9238795325112867,0.0,0.3826834323650898,0.0
4.220491647720337,5.1648676840630054,11.026605653324117,0.4765889455120432,-0.05480089340188565,-1.8300587848961687,1.5937151239116703,0.0,50.0,20.0,1.0,0.0,0.0,0.0,-369.28932188134524,70.0,79.28932188134524,0.9238795325112867,0.0,0.3826834323650898,0.0
4.260530233383179,5.250070383939828,11.101330072817245,0.9247979827667835,0.012728126508434301,-1.7507075043420781,1.5138468458038512,0.0,50.0,20.0,1.0,0.0,0.0,0.0,-369.28932188134524,70.0,79.28932188134524,0.9238795325112867,0.0,0.3826834323650898,0.0
4.30063533782959,4.463933729546224,11.325772661316527,0.708293519037692,0.15104377372154443,-1.6571826917477082,1.4189972081351634,0.0,50.0,20.0,1.0,0.0,0.0,0.0,-369.28932188134524,70.0,79.28932188134524,0.9238795325112867,0.0,0.3826834323650898,0.0
4.34145975112915,4.302635502899287,12.050943927355908,1.1927719183000023,0.23887245672492197,-1.4946580133163088,1.4274343450452684,0.0,50.0,20.0,1.0,0.0,0.0,0.0,-369.28932188134524,70.0,79.28932188134524,0.9238795325112867,0.0,0.3826834323650898,0.0
4.38152813911438,3.99706866608839,12.42672230402539,1.9194761689544013,0.04290502934299567,-1.4812147874812267,1.496976844613903,0.0,50.0,20.0,1.0,0.0,0.0,0.0,-369.28932188134524,70.0,79.28932188134524,0.9238795325112867,0.0,0.3826834323650898,0.0
4.421993255615234,4.377434822519474,11.861680544755231,1.9145092047554275,0.029874476534532707,-1.5062116182584144,1.519545155393172,0.0,50.0,20.0,1.0,0.0,0.0,0.0,-369.28932188134524,70.0,79.28932188134524,0.9238795325112867,0.0,0.3826834323650898,0.0
4.470057249069214,3.694144278516901,12.466436384729068,1.4647826467167058,0.12243867130454308,-1.6455191120465094,1.5432832340349787,0.0,50.0,20.0,1.0,0.0,0.0,0.0,-369.28932188134524,70.0,79.28932188134524,0.9238795325112867,0.0,0.3826834323650898,0.0
4.512577533721924,3.984776812012626,12.353361031447374,1.154828357438247,0.2555466221097813,-1.6459681220113629,1.5803059241945807,0.0,50.0,20.0,1.0,0.0,0.0,0.0,-369.28932188134524,70.0,79.28932188134524,0.9238795325112867,0.0,0.3826834323650898,0.0
4.553363800048828,4.121318176544848,11.980557560035347,1.3420051397483963,0.387374005805976,-1.5237628699387722,1.6643942741727669,0.0,50.0,20.0,1.0,0.0,0.0,0.0,-369.28932188134524,70.0,79.28932188134524,0.9238795325112867,0.0,0.3826834323650898,0.0
4.594797849655151,4.406765215977312,11.363287204520011,1.8210036486272023,0.5592316382815937,-1.3854318104628176,1.7472551333897435,0.0,50.0,20.0,1.0,0.0,0.0,0.0,-369.28932188134524,70.0,79.28932188134524,0.9238795325112867,0.0,0.3826834323650898,0.0
4.63459587097168,4.20063374754492,11.811697894661057,1.428114653471703,0.6569878262829463,-1.2933935262610219,1.639149684385751,0.0,50.0,20.0,1.0,0.0,0.0,0.0,-369.28932188134524,70.0,79.28932188134524,0.9238795325112867,0.0,0.3826834323650898,0.0
4.6750688552856445,4.929204797438238,12.5700455852992,1.4520622993268657,0.47192901486869543,-1.11842535099496,1.6367442604723657,0.0,50.0,20.0,1.0,0.0,0.0,0.0,-369.28932188134524,70.0,79.28932188134524,0.9238795325112867,0.0,0.3826834323650898,0.0
4.715240955352783,4.838409711565374,12.290895996473555,1.0291871958144414,0.3103266736734642,-1.0666441244102365,1.6985507018536774,0.0,50.0,20.0,1.0,0.0,0.0,0.0,-369.28932188134524,70.0,79.28932188134524,0.9238795325112867,0.0,0.3826834323650898,0.0
4.7558465003967285,4.391218238766722,12.846550923702935,0.9292789965779983,0.11884254991593257,-1.1716578489382032,1.8536500740569328,0.0,50.0,20.0,1.0,0.0,0.0,0.0,-369.28932188134524,70.0,79.28932188134524,0.9238795325112867,0.0,0.3826834323650898,0.0
4.7957539558410645,5.008931910396738,12.076738765547782,1.1290424807301658,0.1384145829637632,-0.9756986926881209,1.7412408868624385,0.0,50.0,20.0,1.0,0.0,0.0,0.0,-369.28932188134524,70.0,79.28932188134524,0.9238795325112867,0.0,0.3826834323650898,0.0
4.835763454437256,5.27074215242482,12.142534101070888,0.9598770001571197,-0.02641568556079288,-1.174752902417029,1.9046399259352267,0.0,50.0,20.0,1.0,0.0,0.0,0.0,-369.28932188134524,70.0,79.28932188134524,0.9238795325112867,0.0,0.3826834323650898,0.0
4.876885175704956,5.642905052634187,12.725236988844143,0.2591786208901081,0.044898636240985,-1.2808139453119065,2.0746937873252946,0.0,50.0,20.0,1.0,0.0,0.0,0.0,-369.28932188134524,70.0,79.28932188134524,0.9238795325112867,0.0,0.3826834323650898,0.0
4.9164018630981445,5.135105717464038,12.856254373148326,0.5287558242447739,-0.012715330217940968,-1.1848458407828169,1.9856276095239185,0.0,50.0,20.0,1.0,0.0,0.0,0.0,-369.28932188134524,70.0,79.28932188134524,0.9238795325112867,0.0,0.3826834323650898,0.0
4.956349849700928,5.5328463787281565,13.0,0.15692924335788816,-0.10592081698416801,-1.327735143193333,2.163254882646269,0.0,50.0,20.0,1.0,0.0,0.0,0.0,-369.28932188134524,70.0,79.28932188134524,0.9238795325112867,0.0,0.3826834323650898,0.0
4.996672630310059,5.0296665517291865,12.255628042357337,-0.3964577943134132,-0.2500040519727175,-1.367550874298352,2.0839102807456515,0.0,50.0,20.0,1.0,0.0,0.0,0.0,-369.28932188134524,70.0,79.28932188134524,0.9238795325112867,0.0,0.3826834323650898,0.0
5.037609815597534,5.114023234399014,11.668079580170335,-0.9387822774746268,-0.15389277725829925,-1.2206624179365722,2.0652676859691783,0.0,50.0,20.0,1.0,0.0,0.0,0.0,-369.28932188134524,70.0,79.28932188134524,0.9238795325112867,0.0,0.3826834323650898,0.0
5.0782201290130615,5.581933220943903,11.292749146684802,-1.5858861563768225,-0.2902076214036614,-1.033344800741729,1.988163513302138,0.0,50.0,20.0,1.0,0.0,0.0,0.0,-369.28932188134524,70.0,79.28932188134524,0.9238795325112867,0.0,0.3826834323650898,0.0
5.117882013320923,5.859737658606665,11.240294688176023,-1.0205319527726542,-0.27642525253906636,-0.9266858587338842,1.7955686424602706,0.0,50.0,20.0,1.0,0.0,0.0,0.0,-369.28932188134524,70.0,79.28932188134524,0.9238795325112867,0.0,0.3826834323650898,0.0
5.158998012542725,5.07411405081098,10.448096826068463,-0.4497298023180738,-0.11265193387028133,-0.7494629548273337,1.8504780148784565,0.0,50.0,20.0,1.0,0.0,0.0,0.0,-369.28932188134524,70.0,79.28932188134524,0.9238795325112867,0.0,0.3826834323650898,0.0
5.198486804962158,5.869154207371181,10.34329384318339,-0.6800262186061572,-0.0949382250295791,-0.6453436272816446,1.9951626059491279,0.0,50.0,20.0,1.0,0.0,0.0,0.0,-369.28932188134524,70.0,79.28932188134524,0.9238795325112867,0.0,0.3826834323650898,0.0
