# Timestamp, Fx, Fy, Fz, Tx, Ty, Tz, FemurPosX, FemurPosY, FemurPosZ, FemurQuatW, FemurQuatX, FemurQuatY, FemurQuatZ, TibiaPosX, TibiaPosY, TibiaPosZ, TibiaQuatW, TibiaQuatX, TibiaQuatY, TibiaQuatZ
0.04675436019897461,12.72317361309227,6.202465959628496,4.604912634259243,0.7206874113317384,-0.53968327862348,-1.4799688655184813,0.0,50.0,20.0,1.0,0.0,0.0,0.0,-340.42702971815174,70.0,140.76833767676877,0.7390252442346987,0.0,0.6736777333294042,0.0
0.09233760833740234,13.0,6.106062257597571,4.918232344487434,0.6129673717415951,-0.49970114074609107,-1.5,0.0,50.0,20.0,1.0,0.0,0.0,0.0,-340.42702971815174,70.0,140.76833767676877,0.7390252442346987,0.0,0.6736777333294042,0.0
0.1385033130645752,13.0,6.513331425779729,4.874508544343977,0.6302707252588751,-0.6214971425285221,-1.5,0.0,50.0,20.0,1.0,0.0,0.0,0.0,-340.42702971815174,70.0,140.76833767676877,0.7390252442346987,0.0,0.6736777333294042,0.0
0.18364334106445312,12.765837224292424,5.780260239639903,5.470061299791336,0.7976197564055408,-0.816542387245446,-1.5,0.0,50.0,20.0,1.0,0.0,0.0,0.0,-340.42702971815174,70.0,140.76833767676877,0.7390252442346987,0.0,0.6736777333294042,0.0
0.22735142707824707,13.0,5.089750048020398,5.270089277599065,0.7080946263483248,-0.6205737398664268,-1.5,0.0,50.0,20.0,1.0,0.0,0.0,0.0,-340.42702971815174,70.0,140.76833767676877,0.7390252442346987,0.0,0.6736777333294042,0.0
0.2709524631500244,13.0,4.911136862193625,5.893540336476761,0.6375660511752556,-0.6487529000973675,-1.3478821733188584,0.0,50.0,20.0,1.0,0.0,0.0,0.0,-340.42702971815174,70.0,140.76833767676877,0.7390252442346987,0.0,0.6736777333294042,0.0
0.3143000602722168,12.743372858281592,4.796791966363239,6.582109251928202,0.8290884721791616,-0.806908801585638,-1.2627038031147053,0.0,50.0,20.0,1.0,0.0,0.0,0.0,-340.42702971815174,70.0,140.76833767676877,0.7390252442346987,0.0,0.6736777333294042,0.0
0.3572123050689697,12.36092806713232,4.506636559898381,6.011976747088621,0.9552171451189568,-0.8447809879659859,-1.1361130449879706,0.0,50.0,20.0,1.0,0.0,0.0,0.0,-340.42702971815174,70.0,140.76833767676877,0.7390252442346987,0.0,0.6736777333294042,0.0
0.402543306350708,12.187297686050403,4.65346458785693,5.695929049824729,1.1025559647830026,-1.0055363856490678,-1.2083545942100473,0.0,50.0,20.0,1.0,0.0,0.0,0.0,-340.42702971815174,70.0,140.76833767676877,0.7390252442346987,0.0,0.6736777333294042,0.0
0.4470391273498535,11.43892014727004,5.078415523024713,5.17935052396039,1.2883099453285756,-0.8739120306904526,-1.086643551171885,0.0,50.0,20.0,1.0,0.0,0.0,0.0,-340.42702971815174,70.0,140.76833767676877,0.7390252442346987,0.0,0.6736777333294042,0.0
0.4917600154876709,11.771606558833737,5.2017563515716,5.733865782820994,1.2634724922530043,-1.0461341601394565,-1.2293599462691662,0.0,50.0,20.0,1.0,0.0,0.0,0.0,-340.42702971815174,70.0,140.76833767676877,0.7390252442346987,0.0,0.6736777333294042,0.0
0.5356926918029785,11.280547298853762,5.947641257397462,6.324498862449101,1.2949269825200052,-0.8884077855897808,-1.3660529248808688,0.0,50.0,20.0,1.0,0.0,0.0,0.0,-340.42702971815174,70.0,140.76833767676877,0.7390252442346987,0.0,0.6736777333294042,0.0
0.5792968273162842,10.598975042919282,6.110510982959178,5.564922721886053,1.1542558642241008,-1.0267725145997542,-1.5,0.0,50.0,20.0,1.0,0.0,0.0,0.0,-340.42702971815174,70.0,140.76833767676877,0.7390252442346987,0.0,0.6736777333294042,0.0
0.6230974197387695,10.24180593897742,5.909462317776683,4.805972386187237,1.1428104599281212,-0.9160112606831576,-1.3396475484956734,0.0,50.0,20.0,1.0,0.0,0.0,0.0,-340.42702971815174,70.0,140.76833767676877,0.7390252442346987,0.0,0.6736777333294042,0.0
0.6658008098602295,9.770630750446276,6.138959817817321,4.253410500494873,0.9533579771399765,-0.7274489104586335,-1.2651530214790339,0.0,50.0,20.0,1.0,0.0,0.0,0.0,-340.42702971815174,70.0,140.76833767676877,0.7390252442346987,0.0,0.6736777333294042,0.0
0.7093088626861572,10.110111926492156,5.399072420084359,4.577988363555348,0.8771440379992109,-0.6566098330755101,-1.0838812164617997,0.0,50.0,20.0,1.0,0.0,0.0,0.0,-340.42702971815174,70.0,140.76833767676877,0.7390252442346987,0.0,0.6736777333294042,0.0
0.7526509761810303,9.924702873779626,5.045045942824586,5.125519729330646,0.7402231659849926,-0.4576152254980634,-1.0968969399533646,0.0,50.0,20.0,1.0,0.0,0.0,0.0,-340.42702971815174,70.0,140.76833767676877,0.7390252442346987,0.0,0.6736777333294042,0.0
0.7969157695770264,10.47088133546782,5.814039870750592,4.825853735116451,0.8508943282335952,-0.33117890361711483,-1.2866482883457389,0.0,50.0,20.0,1.0,0.0,0.0,0.0,-340.42702971815174,70.0,140.76833767676877,0.7390252442346987,0.0,0.6736777333294042,0.0
0.8399477005004883,9.782183354099317,6.088240078149857,4.169091671356094,0.6882621876473466,-0.141760780266042,-1.158711949808303,0.0,50.0,20.0,1.0,0.0,0.0,0.0,-340.42702971815174,70.0,140.76833767676877,0.7390252442346987,0.0,0.6736777333294042,0.0
0.8837077617645264,9.491728156697663,6.634580626747734,4.960238251442281,0.8210723500738696,0.021870915535246227,-1.0337947906456295,0.0,50.0,20.0,1.0,0.0,0.0,0.0,-340.42702971815174,70.0,140.76833767676877,0.7390252442346987,0.0,0.6736777333294042,0.0
0.9272255897521973,9.907285360190869,6.511221454347739,5.451407536672541,0.8546801572970115,0.11324190097590481,-1.1958941961825749,0.0,50.0,20.0,1.0,0.0,0.0,0.0,-340.42702971815174,70.0,140.76833767676877,0.7390252442346987,0.0,0.6736777333294042,0.0
0.971045970916748,9.445705101536962,6.806042952193786,4.800857303749094,1.0471458000502598,-0.048398386465355214,-1.1020428828264937,0.0,50.0,20.0,1.0,0.0,0.0,0.0,-340.42702971815174,70.0,140.76833767676877,0.7390252442346987,0.0,0.6736777333294042,0.0
1.0147650241851807,9.346189257927467,7.284784216557047,4.002933256151347,1.2350388630893256,-0.04202987391899088,-1.1905803518955256,0.0,50.0,20.0,1.0,0.0,0.0,0.0,-340.42702971815174,70.0,140.76833767676877,0.7390252442346987,0.0,0.6736777333294042,0.0
1.0587477684020996,8.851056944634491,7.1034298158561295,4.149072187866156,1.1634161711638404,0.058694594346852536,-1.3843596143332801,0.0,50.0,20.0,1.0,0.0,0.0,0.0,-340.42702971815174,70.0,140.76833767676877,0.7390252442346987,0.0,0.6736777333294042,0.0
1.1022310256958008,9.237499434535847,7.68144303702465,4.376437726548241,1.2957057384756943,0.06894051542754082,-1.5,0.0,50.0,20.0,1.0,0.0,0.0,0.0,-340.42702971815174,70.0,140.76833767676877,0.7390252442346987,0.0,0.6736777333294042,0.0
1.1457021236419678,9.046559911745929,7.408076117495133,4.3698163598600255,1.1528293600489263,0.246617349595892,-1.4642785964012592,0.0,50.0,20.0,1.0,0.0,0.0,0.0,-340.42702971815174,70.0,140.76833767676877,0.7390252442346987,0.0,0.6736777333294042,0.0
1.1904535293579102,9.409671599273539,7.246252357153633,4.964681550321734,1.3048070849090339,0.1703901359967389,-1.2724267521780508,0.0,50.0,20.0,1.0,0.0,0.0,0.0,-340.42702971815174,70.0,140.76833767676877,0.7390252442346987,0.0,0.6736777333294042,0.0
1.233844518661499,9.939347817112257,6.832960265904773,5.234337248906472,1.2322354062905991,0.027227278617958955,-1.4133495200833144,0.0,50.0,20.0,1.0,0.0,0.0,0.0,-340.42702971815174,70.0,140.76833767676877,0.7390252442346987,0.0,0.6736777333294042,0.0
1.2778034210205078,9.91666474332188,7.568068639228754,5.509361663428967,1.0963041959799005,0.04812724896777368,-1.5,0.0,50.0,20.0,1.0,0.0,0.0,0.0,-340.42702971815174,70.0,140.76833767676877,0.7390252442346987,0.0,0.6736777333294042,0.0
1.3217241764068604,9.514379943927143,7.968122018628462,5.211696788128485,1.0348209160722677,-0.11411211963021306,-1.3853345901450214,0.0,50.0,20.0,1.0,0.0,0.0,0.0,-340.42702971815174,70.0,140.76833767676877,0.7390252442346987,0.0,0.6736777333294042,0.0
1.3654072284698486,9.37078002913157,7.509190153247902,4.423398942311748,1.0181693304839883,-0.31120598052968584,-1.3979642393898857,0.0,50.0,20.0,1.0,0.0,0.0,0.0,-340.42702971815174,70.0,140.76833767676877,0.7390252442346987,0.0,0.6736777333294042,0.0
1.4097187519073486,9.296739081344894,7.118319317599925,4.948728934976111,1.1434869667639787,-0.1872903174241594,-1.3189834309532127,0.0,50.0,20.0,1.0,0.0,0.0,0.0,-340.42702971815174,70.0,140.76833767676877,0.7390252442346987,0.0,0.6736777333294042,0.0
1.4535369873046875,9.358129939385453,6.754794428937923,5.1012151095835945,1.1952773269537922,-0.33928171730952955,-1.3142500404922006,0.0,50.0,20.0,1.0,0.0,0.0,0.0,-340.42702971815174,70.0,140.76833767676877,0.7390252442346987,0.0,0.6736777333294042,0.0
1.4970533847808838,9.443643476522578,6.029640069657813,4.512294090467271,1.2054900519106242,-0.25972430629887466,-1.4860297141664955,0.0,50.0,20.0,1.0,0.0,0.0,0.0,-340.42702971815174,70.0,140.76833767676877,0.7390252442346987,0.0,0.6736777333294042,0.0
1.5417523384094238,9.454258406889972,6.0291237291979325,5.213953632028158,1.1290393323066457,-0.2531578347290854,-1.5,0.0,50.0,20.0,1.0,0.0,0.0,0.0,-340.42702971815174,70.0,140.76833767676877,0.7390252442346987,0.0,0.6736777333294042,0.0
1.5849320888519287,9.227778059700452,5.48622087873445,5.969632239312724,0.983797848537337,-0.1820062991016842,-1.5,0.0,50.0,20.0,1.0,0.0,0.0,0.0,-340.42702971815174,70.0,140.76833767676877,0.7390252442346987,0.0,0.6736777333294042,0.0
1.6273934841156006,8.98569928099364,6.085538740341558,5.308080686879818,1.1475180291968168,-0.1856897817418937,-1.5,0.0,50.0,20.0,1.0,0.0,0.0,0.0,-340.42702971815174,70.0,140.76833767676877,0.7390252442346987,0.0,0.6736777333294042,0.0
1.6772363185882568,9.426497779946557,5.95097900153505,5.1283627626419905,1.2326798052793797,-0.2757348199952481,-1.4258641326880581,0.0,50.0,20.0,1.0,0.0,0.0,0.0,-340.42702971815174,70.0,140.76833767676877,0.7390252442346987,0.0,0.6736777333294042,0.0
1.7222392559051514,8.785209774802075,5.4527380251022395,4.806267160698842,1.236858016143109,-0.19246324100373097,-1.5,0.0,50.0,20.0,1.0,0.0,0.0,0.0,-340.42702971815174,70.0,140.76833767676877,0.7390252442346987,0.0,0.6736777333294042,0.0
1.7654154300689697,9.198977019188636,4.827842943230711,4.792786824691273,1.0842137620554742,-0.11919331726240995,-1.4531796268774888,0.0,50.0,20.0,1.0,0.0,0.0,0.0,-340.42702971815174,70.0,140.76833767676877,0.7390252442346987,0.0,0.6736777333294042,0.0
1.8122544288635254,8.714181078968535,4.210605952371592,4.920415130484568,1.0460289163705037,0.005690523687797877,-1.295030884443851,0.0,50.0,20.0,1.0,0.0,0.0,0.0,-340.42702971815174,70.0,140.76833767676877,0.7390252442346987,0.0,0.6736777333294042,0.0
1.854801893234253,9.285991577815135,3.5441530492521083,5.2854249319763005,1.0764373546273778,0.1573304738145423,-1.49234056357772,0.0,50.0,20.0,1.0,0.0,0.0,0.0,-340.42702971815174,70.0,140.76833767676877,0.7390252442346987,0.0,0.6736777333294042,0.0
1.8974504470825195,8.928490312428679,3.8704840038571016,5.962540421819237,0.9038211281640587,0.26200271206532455,-1.5,0.0,50.0,20.0,1.0,0.0,0.0,0.0,-340.42702971815174,70.0,140.76833767676877,0.7390252442346987,0.0,0.6736777333294042,0.0
1.939527988433838,8.705201481567153,4.498702929639485,5.200239444352867,0.8865612926580971,0.18038396054552303,-1.5,0.0,50.0,20.0,1.0,0.0,0.0,0.0,-340.42702971815174,70.0,140.76833767676877,0.7390252442346987,0.0,0.6736777333294042,0.0
1.9819519519805908,9.405801385361123,4.3091502974920814,4.6494221207614395,0.9425151763329678,0.2756361683491165,-1.5,0.0,50.0,20.0,1.0,0.0,0.0,0.0,-340.42702971815174,70.0,140.76833767676877,0.7390252442346987,0.0,0.6736777333294042,0.0
2.0239052772521973,9.628676511176192,4.37982786085654,4.576417697026738,0.9590247593991974,0.33797463278335693,-1.5,0.0,50.0,20.0,1.0,0.0,0.0,0.0,-340.42702971815174,70.0,140.76833767676877,0.7390252442346987,0.0,0.6736777333294042,0.0
2.0661487579345703,9.991600523587236,4.177283585680802,4.198767384752244,1.0814207960115527,0.4304750147267635,-1.4208312020861955,0.0,50.0,20.0,1.0,0.0,0.0,0.0,-340.42702971815174,70.0,140.76833767676877,0.7390252442346987,0.0,0.6736777333294042,0.0
2.1083014011383057,10.133639634001069,4.033940973992679,4.89677912211949,1.067288220530201,0.48175386931181446,-1.2652082091080339,0.0,50.0,20.0,1.0,0.0,0.0,0.0,-340.42702971815174,70.0,140.76833767676877,0.7390252442346987,0.0,0.6736777333294042,0.0
2.1501595973968506,9.447360333330494,4.5067564804644125,4.382910077161261,1.1772144020909812,0.39875641020593344,-1.2895860858131292,0.0,50.0,20.0,1.0,0.0,0.0,0.0,-340.42702971815174,70.0,140.76833767676877,0.7390252442346987,0.0,0.6736777333294042,0.0
2.1925606727600098,9.678435714438091,5.046906048522773,3.9772814907182856,1.0322995022060912,0.22109847752416667,-1.1205943616965948,0.0,50.0,20.0,1.0,0.0,0.0,0.0,-340.42702971815174,70.0,140.76833767676877,0.7390252442346987,0.0,0.6736777333294042,0.0
2.2346699237823486,9.326320729872165,4.287133731305617,3.8565749130449882,1.136249342516122,0.23341753630183928,-1.2747442624644152,0.0,50.0,20.0,1.0,0.0,0.0,0.0,-340.42702971815174,70.0,140.76833767676877,0.7390252442346987,0.0,0.6736777333294042,0.0
2.277559280395508,8.914632375561792,4.746913321506331,4.370141612561337,1.2774980623562462,0.1796965059886336,-1.4530520513834067,0.0,50.0,20.0,1.0,0.0,0.0,0.0,-340.42702971815174,70.0,140.76833767676877,0.7390252442346987,0.0,0.6736777333294042,0.0
2.3201282024383545,9.197783122726715,4.5018357975831425,4.248739409567626,1.2234431603494336,0.25504996838098826,-1.3797853992951508,0.0,50.0,20.0,1.0,0.0,0.0,0.0,-340.42702971815174,70.0,140.76833767676877,0.7390252442346987,0.0,0.6736777333294042,0.0
2.3625383377075195,8.736948671732659,4.575162361154397,4.092718956031013,1.1208816256924348,0.4173165820395015,-1.2605152155216008,0.0,50.0,20.0,1.0,0.0,0.0,0.0,-340.42702971815174,70.0,140.76833767676877,0.7390252442346987,0.0,0.6736777333294042,0.0
2.4052040576934814,9.493775914901713,3.7779475061913192,4.738311282993776,1.2640891041892994,0.3664718286892057,-1.0674499938400213,0.0,50.0,20.0,1.0,0.0,0.0,0.0,-340.42702971815174,70.0,140.76833767676877,0.7390252442346987,0.0,0.6736777333294042,0.0
2.461451530456543,9.683239008172439,4.026260769113421,5.283984606748803,1.4300431991167983,0.18832264662917697,-1.2197970193452714,0.0,50.0,20.0,1.0,0.0,0.0,0.0,-340.42702971815174,70.0,140.76833767676877,0.7390252442346987,0.0,0.6736777333294042,0.0
2.504379987716675,10.116172424115103,3.429928230213963,5.626824145644337,1.3933815403376029,0.3675815209381698,-1.0420030379531955,0.0,50.0,20.0,1.0,0.0,0.0,0.0,-340.42702971815174,70.0,140.76833767676877,0.7390252442346987,0.0,0.6736777333294042,0.0
2.547205924987793,10.740002984600295,3.137309864787582,5.740771410277378,1.3047021903140943,0.5412479611731618,-0.9159149439655695,0.0,50.0,20.0,1.0,0.0,0.0,0.0,-340.42702971815174,70.0,140.76833767676877,0.7390252442346987,0.0,0.6736777333294042,0.0
2.592595100402832,10.697865127958359,3.4246057831858643,5.620742449486219,1.1728521057489547,0.5081789936480778,-0.9414434167150688,0.0,50.0,20.0,1.0,0.0,0.0,0.0,-340.42702971815174,70.0,140.76833767676877,0.7390252442346987,0.0,0.6736777333294042,0.0
2.6342709064483643,9.987078220649028,4.168746824968379,6.241288775045467,1.1410607848594874,0.47615725978113377,-0.9944627066651692,0.0,50.0,20.0,1.0,0.0,0.0,0.0,-340.42702971815174,70.0,140.76833767676877,0.7390252442346987,0.0,0.6736777333294042,0.0
2.6762802600860596,9.75282840026954,3.871473914001209,5.758359558528245,1.2199952242116543,0.3567477765124006,-0.8713152910748967,0.0,50.0,20.0,1.0,0.0,0.0,0.0,-340.42702971815174,70.0,140.76833767676877,0.7390252442346987,0.0,0.6736777333294042,0.0
2.718672752380371,10.217129790547308,3.291571141936269,5.575974170276491,1.1411484310064017,0.23818246331926668,-0.850651921763741,0.0,50.0,20.0,1.0,0.0,0.0,0.0,-340.42702971815174,70.0,140.76833767676877,0.7390252442346987,0.0,0.6736777333294042,0.0
2.7606308460235596,9.795373956497047,3.7190693247743805,5.385403865621171,1.2567271653435317,0.3849730693697411,-1.026737954913992,0.0,50.0,20.0,1.0,0.0,0.0,0.0,-340.42702971815174,70.0,140.76833767676877,0.7390252442346987,0.0,0.6736777333294042,0.0
2.802762746810913,9.142480736404062,4.506967266859077,5.243771794307527,1.345597479628875,0.5085182806485504,-1.0589751542018957,0.0,50.0,20.0,1.0,0.0,0.0,0.0,-340.42702971815174,70.0,140.76833767676877,0.7390252442346987,0.0,0.6736777333294042,0.0
2.844550848007202,9.814790825123296,4.481795532680737,5.484453525412517,1.4957102038150902,0.30947158429723176,-0.9774370852697304,0.0,50.0,20.0,1.0,0.0,0.0,0.0,-340.42702971815174,70.0,140.76833767676877,0.7390252442346987,0.0,0.6736777333294042,0.0
2.8862037658691406,10.453189803765412,4.685199602348716,6.062535099221297,1.3842039838964573,0.18497291358911672,-1.1277247631630676,0.0,50.0,20.0,1.0,0.0,0.0,0.0,-340.42702971815174,70.0,140.76833767676877,0.7390252442346987,0.0,0.6736777333294042,0.0
2.9288363456726074,9.853246439936706,4.799123066557173,6.217412608588084,1.2322830033262067,0.2944548008903409,-1.2508505540465147,0.0,50.0,20.0,1.0,0.0,0.0,0.0,-340.42702971815174,70.0,140.76833767676877,0.7390252442346987,0.0,0.6736777333294042,0.0
2.971256971359253,9.262398309369491,4.010844146098725,5.681890738392998,1.2244005063315413,0.4411131838358372,-1.2799513639337814,0.0,50.0,20.0,1.0,0.0,0.0,0.0,-340.42702971815174,70.0,140.76833767676877,0.7390252442346987,0.0,0.6736777333294042,0.0
3.014206647872925,9.449962205183496,4.231874205502983,6.317858622011336,1.1660917961038055,0.5508640440895349,-1.2509736647036815,0.0,50.0,20.0,1.0,0.0,0.0,0.0,-340.42702971815174,70.0,140.76833767676877,0.7390252442346987,0.0,0.6736777333294042,0.0
3.0578908920288086,8.970580999103586,4.181596946661117,6.230299825515834,1.3555269506756713,0.6765492646035143,-1.2398939350746119,0.0,50.0,20.0,1.0,0.0,0.0,0.0,-340.42702971815174,70.0,140.76833767676877,0.7390252442346987,0.0,0.6736777333294042,0.0
3.100429058074951,9.748044385521391,4.190799530365324,6.663658436613284,1.3501712358977676,0.6027522292914409,-1.101612576069213,0.0,50.0,20.0,1.0,0.0,0.0,0.0,-340.42702971815174,70.0,140.76833767676877,0.7390252442346987,0.0,0.6736777333294042,0.0
3.1419951915740967,9.105224157134291,4.894372852132884,6.344485388140729,1.438553826765549,0.44834414579883897,-1.0542574127268465,0.0,50.0,20.0,1.0,0.0,0.0,0.0,-340.42702971815174,70.0,140.76833767676877,0.7390252442346987,0.0,0.6736777333294042,0.0
3.184168577194214,9.142307121519634,4.730866835831685,6.308792009886909,1.4404788856653865,0.4991598586140942,-1.2083900325376964,0.0,50.0,20.0,1.0,0.0,0.0,0.0,-340.42702971815174,70.0,140.76833767676877,0.7390252442346987,0.0,0.6736777333294042,0.0
3.227712631225586,8.628740129816263,4.752870271236462,6.990009061917927,1.3446320614817093,0.540214248818406,-1.357086446590907,0.0,50.0,20.0,1.0,0.0,0.0,0.0,-340.42702971815174,70.0,140.76833767676877,0.7390252442346987,0.0,0.6736777333294042,0.0
3.269740343093872,9.282645271330313,4.165465633358225,6.604243208608415,1.1510696170183952,0.44734677711500387,-1.2614296856606892,0.0,50.0,20.0,1.0,0.0,0.0,0.0,-340.42702971815174,70.0,140.76833767676877,0.7390252442346987,0.0,0.6736777333294042,0.0
3.311469793319702,8.620961558440653,3.8769350549740538,6.242233870747054,1.1584806596185062,0.53231700258905,-1.0837723404365334,0.0,50.0,20.0,1.0,0.0,0.0,0.0,-340.42702971815174,70.0,140.76833767676877,0.7390252442346987,0.0,0.6736777333294042,0.0
3.354126214981079,8.631535302491438,4.643078017801068,6.525486112620694,1.269903048835003,0.633618055231725,-1.14265282732656,0.0,50.0,20.0,1.0,0.0,0.0,0.0,-340.42702971815174,70.0,140.76833767676877,0.7390252442346987,0.0,0.6736777333294042,0.0
3.3958187103271484,8.292190232518312,4.450861085465386,6.242805037273796,1.2269232564745676,0.6562251148960927,-1.0970913479084157,0.0,50.0,20.0,1.0,0.0,0.0,0.0,-340.42702971815174,70.0,140.76833767676877,0.7390252442346987,0.0,0.6736777333294042,0.0
3.4442124366760254,8.848946519987535,4.127785947575959,6.104704898898778,1.2484042084932354,0.5705008658436905,-0.9421878045764074,0.0,50.0,20.0,1.0,0.0,0.0,0.0,-340.42702971815174,70.0,140.76833767676877,0.7390252442346987,0.0,0.6736777333294042,0.0
3.4876716136932373,9.5508609086137,3.8848422786854275,6.563194884548022,1.145961696886377,0.45108682264297534,-0.9150400856836769,0.0,50.0,20.0,1.0,0.0,0.0,0.0,-340.42702971815174,70.0,140.76833767676877,0.7390252442346987,0.0,0.6736777333294042,0.0
3.5303874015808105,9.041961901347209,4.195361006993719,6.2297071730185065,0.9791684491884894,0.3263193108469602,-0.8888440345703488,0.0,50.0,20.0,1.0,0.0,0.0,0.0,-340.42702971815174,70.0,140.76833767676877,0.7390252442346987,0.0,0.6736777333294042,0.0
3.5730671882629395,9.737556847498924,4.283969193377426,5.609307296155777,0.8849173431129854,0.24091098830608745,-0.9338267658485584,0.0,50.0,20.0,1.0,0.0,0.0,0.0,-340.42702971815174,70.0,140.76833767676877,0.7390252442346987,0.0,0.6736777333294042,0.0
3.615724563598633,8.940344007699041,3.9674064252986785,5.199568997320946,0.9148642182335447,0.13889456282468696,-1.123363567698688,0.0,50.0,20.0,1.0,0.0,0.0,0.0,-340.42702971815174,70.0,140.76833767676877,0.7390252442346987,0.0,0.6736777333294042,0.0
3.657893419265747,8.554161654306613,3.8396525271700597,5.771136625776761,0.8650866384184663,0.20194353638634058,-1.0547250929288188,0.0,50.0,20.0,1.0,0.0,0.0,0.0,-340.42702971815174,70.0,140.76833767676877,0.7390252442346987,0.0,0.6736777333294042,0.0
3.7032341957092285,8.623937875430533,3.621273563542812,5.965450997644256,0.9957455660972314,0.03547129714475031,-1.1005650624608072,0.0,50.0,20.0,1.0,0.0,0.0,0.0,-340.42702971815174,70.0,140.76833767676877,0.7390252442346987,0.0,0.6736777333294042,0.0
3.7489027976989746,8.849731583412854,2.9066944333045432,5.389543748157266,1.0177592273436196,0.15039838261685698,-1.245893697863791,0.0,50.0,20.0,1.0,0.0,0.0,0.0,-340.42702971815174,70.0,140.76833767676877,0.7390252442346987,0.0,0.6736777333294042,0.0
3.8065383434295654,8.589163843049457,3.574030791065585,5.312618310285863,1.1974569041901149,0.12882725980756518,-1.0898520004210406,0.0,50.0,20.0,1.0,0.0,0.0,0.0,-340.42702971815174,70.0,140.76833767676877,0.7390252442346987,0.0,0.6736777333294042,0.0
3.8487887382507324,8.161476727694286,4.082561006365185,5.709635567864577,1.0497081550821252,0.09123894774288632,-1.2628486582567522,0.0,50.0,20.0,1.0,0.0,0.0,0.0,-340.42702971815174,70.0,140.76833767676877,0.7390252442346987,0.0,0.6736777333294042,0.0
3.8912057876586914,8.407658663895639,3.6653259362360946,4.986904959715171,1.2463271023775864,0.15677440290365158,-1.264441836917467,0.0,50.0,20.0,1.0,0.0,0.0,0.0,-340.42702971815174,70.0,140.76833767676877,0.7390252442346987,0.0,0.6736777333294042,0.0
3.933356285095215,8.98247140427556,3.456094136174982,5.5685406398967086,1.3001280928864611,0.049287340245695976,-1.218044711627135,0.0,50.0,20.0,1.0,0.0,0.0,0.0,-340.42702971815174,70.0,140.76833767676877,0.7390252442346987,0.0,0.6736777333294042,0.0
3.9755005836486816,9.111529499486254,2.8653006396342446,5.422134611202999,1.1693114583103517,0.19973415786331739,-1.296993834565465,0.0,50.0,20.0,1.0,0.0,0.0,0.0,-340.42702971815174,70.0,140.76833767676877,0.7390252442346987,0.0,0.6736777333294042,0.0
4.017571926116943,9.111204052901115,2.3018862891226135,5.279244731738964,1.176265298093391,0.37095209287225217,-1.2200233082755347,0.0,50.0,20.0,1.0,0.0,0.0,0.0,-340.42702971815174,70.0,140.76833767676877,0.7390252442346987,0.0,0.6736777333294042,0.0
4.059906005859375,8.931095231525205,3.0269964922026626,5.09527978929659,1.1500256179985882,0.3427555282359914,-1.0235561819908807,0.0,50.0,20.0,1.0,0.0,0.0,0.0,-340.42702971815174,70.0,140.76833767676877,0.7390252442346987,0.0,0.6736777333294042,0.0
4.101810932159424,9.2577776914362,2.9665560114138456,4.902749068939408,1.0760742958198033,0.4402343563704192,-1.0631508035666444,0.0,50.0,20.0,1.0,0.0,0.0,0.0,-340.42702971815174,70.0,140.76833767676877,0.7390252442346987,0.0,0.6736777333294042,0.0
4.144214630126953,8.915629727886293,2.6677517409163993,4.35364399784882,0.8836144854556175,0.31142373092051184,-1.1922822694456028,0.0,50.0,20.0,1.0,0.0,0.0,0.0,-340.42702971815174,70.0,140.76833767676877,0.7390252442346987,0.0,0.6736777333294042,0.0
4.1865012645721436,8.908318297492109,3.1651957596731,4.178235308641238,1.0670491285427641,0.1133655053384561,-1.2171199177275294,0.0,50.0,20.0,1.0,0.0,0.0,0.0,-340.42702971815174,70.0,140.76833767676877,0.7390252442346987,0.0,0.6736777333294042,0.0
4.228270530700684,8.11716757855133,3.656648190501217,3.616759161502658,1.1971219640480513,0.1959319137614363,-1.3643996182611566,0.0,50.0,20.0,1.0,0.0,0.0,0.0,-340.42702971815174,70.0,140.76833767676877,0.7390252442346987,0.0,0.6736777333294042,0.0
4.2708351612091064,7.738802272674048,3.8768443664020573,3.446946271377201,1.3645447688216241,0.22085685283625991,-1.470402141126659,0.0,50.0,20.0,1.0,0.0,0.0,0.0,-340.42702971815174,70.0,140.76833767676877,0.7390252442346987,0.0,0.6736777333294042,0.0
4.312640190124512,8.44686024939934,3.992706126419619,2.7565248152543957,1.3863503964677308,0.30055604346953113,-1.4434961287556627,0.0,50.0,20.0,1.0,0.0,0.0,0.0,-340.42702971815174,70.0,140.76833767676877,0.7390252442346987,0.0,0.6736777333294042,0.0
4.355259895324707,8.297421831353674,4.697337056932023,3.4689074102596678,1.4077681367213497,0.18733421664706035,-1.4270402851769928,0.0,50.0,20.0,1.0,0.0,0.0,0.0,-340.42702971815174,70.0,140.76833767676877,0.7390252442346987,0.0,0.6736777333294042,0.0
4.397441387176514,8.438403442789557,4.126014879343249,3.8367694317891115,1.3478950558123535,0.24380693774368056,-1.3735995167889712,0.0,50.0,20.0,1.0,0.0,0.0,0.0,-340.42702971815174,70.0,140.76833767676877,0.7390252442346987,0.0,0.6736777333294042,0.0
4.442293405532837,8.481451804371396,4.284169587550222,4.239374354291372,1.254024051737837,0.22841593526372256,-1.4787721292762275,0.0,50.0,20.0,1.0,0.0,0.0,0.0,-340.42702971815174,70.0,140.76833767676877,0.7390252442346987,0.0,0.6736777333294042,0.0
4.485189199447632,9.087723408249165,4.64600384973415,4.116692885524441,1.2407799926001621,0.23625108308743448,-1.5,0.0,50.0,20.0,1.0,0.0,0.0,0.0,-340.42702971815174,70.0,140.76833767676877,0.7390252442346987,0.0,0.6736777333294042,0.0
4.528174161911011,8.793275331741453,4.4061871208812295,3.7478212176056998,1.2187135255328574,0.09416963335300652,-1.5,0.0,50.0,20.0,1.0,0.0,0.0,0.0,-340.42702971815174,70.0,140.76833767676877,0.7390252442346987,0.0,0.6736777333294042,0.0
4.57051420211792,8.32984913256782,4.065000837087529,4.424113987343237,1.3807799119405733,0.16347591020145155,-1.382615741225171,0.0,50.0,20.0,1.0,0.0,0.0,0.0,-340.42702971815174,70.0,140.76833767676877,0.7390252442346987,0.0,0.6736777333294042,0.0
4.613641262054443,8.822476235686278,4.011441599163271,3.834727431997082,1.4891970278527369,-0.007735836914052108,-1.484961875243285,0.0,50.0,20.0,1.0,0.0,0.0,0.0,-340.42702971815174,70.0,140.76833767676877,0.7390252442346987,0.0,0.6736777333294042,0.0
4.656350135803223,8.6514422821296,4.212039722995087,4.41217662665374,1.5,0.0024610574962697362,-1.5,0.0,50.0,20.0,1.0,0.0,0.0,0.0,-340.42702971815174,70.0,140.76833767676877,0.7390252442346987,0.0,0.6736777333294042,0.0
4.6987550258636475,8.7523434308706,4.891464515470615,4.084979625854242,1.5,0.007259542431764299,-1.4371696469280508,0.0,50.0,20.0,1.0,0.0,0.0,0.0,-340.42702971815174,70.0,140.76833767676877,0.7390252442346987,0.0,0.6736777333294042,0.0
4.741300344467163,8.78684856020623,4.555978718329756,4.681366728419888,1.4286288357858394,-0.1390719581093608,-1.2651155064779243,0.0,50.0,20.0,1.0,0.0,0.0,0.0,-340.42702971815174,70.0,140.76833767676877,0.7390252442346987,0.0,0.6736777333294042,0.0
4.784841775894165,9.277984719686714,4.288271519837661,5.3919530304424095,1.2386790243331782,-0.024241757365022154,-1.398035450445738,0.0,50.0,20.0,1.0,0.0,0.0,0.0,-340.42702971815174,70.0,140.76833767676877,0.7390252442346987,0.0,0.6736777333294042,0.0
4.826678037643433,9.187059592603402,3.605399667570442,4.857148438996552,1.1042368989330722,0.11615073082346267,-1.5,0.0,50.0,20.0,1.0,0.0,0.0,0.0,-340.42702971815174,70.0,140.76833767676877,0.7390252442346987,0.0,0.6736777333294042,0.0
4.868801593780518,8.694914707843687,3.860637515874068,4.845017533832813,1.0551785586854143,0.06380278051141924,-1.5,0.0,50.0,20.0,1.0,0.0,0.0,0.0,-340.42702971815174,70.0,140.76833767676877,0.7390252442346987,0.0,0.6736777333294042,0.0
4.910853147506714,9.412347736093807,3.1020200444799415,4.05366439495398,1.1887211229438335,-0.014199148011865947,-1.34697313426424,0.0,50.0,20.0,1.0,0.0,0.0,0.0,-340.42702971815174,70.0,140.76833767676877,0.7390252442346987,0.0,0.6736777333294042,0.0
4.953376054763794,9.144587499712872,3.3157810938668533,4.397517052808433,1.1446514317383265,-0.01624998078895995,-1.3796960119683217,0.0,50.0,20.0,1.0,0.0,0.0,0.0,-340.42702971815174,70.0,140.76833767676877,0.7390252442346987,0.0,0.6736777333294042,0.0
4.995523929595947,8.81423185357685,3.4560601178247756,4.658947501837224,0.9988537985639786,0.1621460926894548,-1.488676564504585,0.0,50.0,20.0,1.0,0.0,0.0,0.0,-340.42702971815174,70.0,140.76833767676877,0.7390252442346987,0.0,0.6736777333294042,0.0
5.037212133407593,9.323551303684678,3.1285942914621216,4.805366188251542,0.9590658171678297,0.2629977444073199,-1.5,0.0,50.0,20.0,1.0,0.0,0.0,0.0,-340.42702971815174,70.0,140.76833767676877,0.7390252442346987,0.0,0.6736777333294042,0.0
5.079135179519653,8.845132407630551,2.5593931048250504,5.243230170910075,0.8821838800673107,0.20874747211592845,-1.5,0.0,50.0,20.0,1.0,0.0,0.0,0.0,-340.42702971815174,70.0,140.76833767676877,0.7390252442346987,0.0,0.6736777333294042,0.0
5.121682167053223,9.48134837316213,2.135340356475114,4.643298539182151,1.0717393687704162,0.33118133934513216,-1.3017113355700891,0.0,50.0,20.0,1.0,0.0,0.0,0.0,-340.42702971815174,70.0,140.76833767676877,0.7390252442346987,0.0,0.6736777333294042,0.0
5.170788049697876,9.23274391822437,1.7756146391117453,4.587237588072223,1.0901101803562854,0.4732280051221641,-1.3810975211729832,0.0,50.0,20.0,1.0,0.0,0.0,0.0,-340.42702971815174,70.0,140.76833767676877,0.7390252442346987,0.0,0.6736777333294042,0.0
5.220653295516968,9.947128303966341,2.176442502906996,4.851623873824692,1.1933284011293628,0.4473022515640749,-1.2268089416380477,0.0,50.0,20.0,1.0,0.0,0.0,0.0,-340.42702971815174,70.0,140.76833767676877,0.7390252442346987,0.0,0.6736777333294042,0.0
5.262345790863037,9.182299951769314,2.1577895805803284,4.821964383232918,1.3887935677372218,0.45358027359438613,-1.0348789779956862,0.0,50.0,20.0,1.0,0.0,0.0,0.0,-340.42702971815174,70.0,140.76833767676877,0.7390252442346987,0.0,0.6736777333294042,0.0
5.304519176483154,9.185100968940107,2.9359254072523218,5.402713560792511,1.5,0.5790301720454285,-0.890433449626605,0.0,50.0,20.0,1.0,0.0,0.0,0.0,-340.42702971815174,70.0,140.76833767676877,0.7390252442346987,0.0,0.6736777333294042,0.0
5.346678733825684,8.732455619982357,3.0023013261116973,6.131859072215654,1.4619864999875818,0.45455944936587367,-1.0484112962069285,0.0,50.0,20.0,1.0,0.0,0.0,0.0,-340.42702971815174,70.0,140.76833767676877,0.7390252442346987,0.0,0.6736777333294042,0.0
5.389520645141602,9.063635047739151,2.271990134104675,6.925999341758211,1.5,0.4506545096809227,-1.2360511376655667,0.0,50.0,20.0,1.0,0.0,0.0,0.0,-340.42702971815174,70.0,140.76833767676877,0.7390252442346987,0.0,0.6736777333294042,0.0
5.432950735092163,9.343834285915337,1.936232513381843,7.336251231672156,1.384794932496919,0.5593426407611908,-1.2108891194271882,0.0,50.0,20.0,1.0,0.0,0.0,0.0,-340.42702971815174,70.0,140.76833767676877,0.7390252442346987,0.0,0.6736777333294042,0.0
5.49048113822937,8.646258901551224,1.3395566382559092,7.939096436987195,1.3155365491782451,0.5632640662711658,-1.0223108782204635,0.0,50.0,20.0,1.0,0.0,0.0,0.0,-340.42702971815174,70.0,140.76833767676877,0.7390252442346987,0.0,0.6736777333294042,0.0
5.533378839492798,7.910187234389099,1.9137214061594299,7.323033093802699,1.2379778841728755,0.5267480908495021,-1.1081240649872799,0.0,50.0,20.0,1.0,0.0,0.0,0.0,-340.42702971815174,70.0,140.76833767676877,0.7390252442346987,0.0,0.6736777333294042,0.0
5.576932907104492,7.239990796932554,1.3045204055414867,7.962764514842672,1.415795331667603,0.49698486995698193,-1.2693645125683848,0.0,50.0,20.0,1.0,0.0,0.0,0.0,-340.42702971815174,70.0,140.76833767676877,0.7390252442346987,0.0,0.6736777333294042,0.0
5.619910478591919,7.931627637546548,1.2615473022067427,7.220801035032767,1.5,0.565840674121938,-1.205145987615769,0.0,50.0,20.0,1.0,0.0,0.0,0.0,-340.42702971815174,70.0,140.76833767676877,0.7390252442346987,0.0,0.6736777333294042,0.0
5.661822557449341,7.345316056959732,0.9601397401846606,7.434803702458806,1.4488260700525146,0.7517964812858005,-1.3885730821502562,0.0,50.0,20.0,1.0,0.0,0.0,0.0,-340.42702971815174,70.0,140.76833767676877,0.7390252442346987,0.0,0.6736777333294042,0.0
5.704058408737183,7.733055117602405,0.4655062858077262,7.306018497655135,1.3750844628598544,0.703408433683547,-1.5,0.0,50.0,20.0,1.0,0.0,0.0,0.0,-340.42702971815174,70.0,140.76833767676877,0.7390252442346987,0.0,0.6736777333294042,0.0
5.748985052108765,8.42983617584005,0.6763593794691503,7.4319484429643365,1.4703370527784152,0.7891285887940855,-1.5,0.0,50.0,20.0,1.0,0.0,0.0,0.0,-340.42702971815174,70.0,140.76833767676877,0.7390252442346987,0.0,0.6736777333294042,0.0
5.804089546203613,8.143575562593398,0.18399317083164668,7.073780913950779,1.5,0.8260801935412309,-1.3715350175614522,0.0,50.0,20.0,1.0,0.0,0.0,0.0,-340.42702971815174,70.0,140.76833767676877,0.7390252442346987,0.0,0.6736777333294042,0.0
5.847588062286377,7.499773100164659,0.7779117668451361,6.383450489435629,1.4226326896213857,1.0105435095354225,-1.5,0.0,50.0,20.0,1.0,0.0,0.0,0.0,-340.42702971815174,70.0,140.76833767676877,0.7390252442346987,0.0,0.6736777333294042,0.0
5.891075372695923,7.259590261958355,1.3366926627486275,7.143669032284248,1.3676675797413556,1.1309207479804013,-1.3955286931446766,0.0,50.0,20.0,1.0,0.0,0.0,0.0,-340.42702971815174,70.0,140.76833767676877,0.7390252442346987,0.0,0.6736777333294042,0.0
5.934547662734985,6.959971919401745,1.7570504820212087,7.896203816845315,1.3392335353924534,1.0977549464033405,-1.5,0.0,50.0,20.0,1.0,0.0,0.0,0.0,-340.42702971815174,70.0,140.76833767676877,0.7390252442346987,0.0,0.6736777333294042,0.0
5.977184772491455,6.802171052912645,2.373398960107936,8.022013230604626,1.1900486205122343,1.2703392784672134,-1.4227920533635827,0.0,50.0,20.0,1.0,0.0,0.0,0.0,-340.42702971815174,70.0,140.76833767676877,0.7390252442346987,0.0,0.6736777333294042,0.0
6.018649101257324,7.590970047996414,3.044303127422247,8.815199108793013,1.2141401164995431,1.306062044158465,-1.278167057503296,0.0,50.0,20.0,1.0,0.0,0.0,0.0,-340.42702971815174,70.0,140.76833767676877,0.7390252442346987,0.0,0.6736777333294042,0.0
6.060107469558716,7.885446889236633,2.9924783813492524,8.526998532351753,1.05714365289944,1.3728258388008312,-1.4402949436877917,0.0,50.0,20.0,1.0,0.0,0.0,0.0,-340.42702971815174,70.0,140.76833767676877,0.7390252442346987,0.0,0.6736777333294042,0.0
6.102295160293579,8.54587056940672,2.5099466870860594,8.887412275007236,1.0778621435027471,1.497392458666654,-1.5,0.0,50.0,20.0,1.0,0.0,0.0,0.0,-340.42702971815174,70.0,140.76833767676877,0.7390252442346987,0.0,0.6736777333294042,0.0
6.144191026687622,8.656711118295688,1.7791092541651539,8.727335566024493,1.1870595260722134,1.4446478543469985,-1.3784661614477995,0.0,50.0,20.0,1.0,0.0,0.0,0.0,-340.42702971815174,70.0,140.76833767676877,0.7390252442346987,0.0,0.6736777333294042,0.0
6.187534332275391,8.162504748294975,2.101612578135944,8.474711190776326,1.001526678175714,1.3852354041717148,-1.1813134600627,0.0,50.0,20.0,1.0,0.0,0.0,0.0,-340.42702971815174,70.0,140.76833767676877,0.7390252442346987,0.0,0.6736777333294042,0.0
6.230742454528809,7.82665516297852,1.8244045956911705,7.9757368176100565,1.120517162535815,1.4281863290035721,-1.375615994331943,0.0,50.0,20.0,1.0,0.0,0.0,0.0,-340.42702971815174,70.0,140.76833767676877,0.7390252442346987,0.0,0.6736777333294042,0.0
6.273192405700684,7.723045181423922,2.2315608840792494,7.980531755938663,1.307679357021962,1.3364177627889795,-1.4838806893041092,0.0,50.0,20.0,1.0,0.0,0.0,0.0,-340.42702971815174,70.0,140.76833767676877,0.7390252442346987,0.0,0.6736777333294042,0.0
6.315160512924194,8.355260690355935,2.890139349970285,7.716693003987183,1.3327098570429847,1.4055243584828783,-1.406975684640067,0.0,50.0,20.0,1.0,0.0,0.0,0.0,-340.42702971815174,70.0,140.76833767676877,0.7390252442346987,0.0,0.6736777333294042,0.0
6.358524799346924,8.092374461567264,3.630736072472553,7.129085495031231,1.2530155547720714,1.2962699332985672,-1.4381516496635471,0.0,50.0,20.0,1.0,0.0,0.0,0.0,-340.42702971815174,70.0,140.76833767676877,0.7390252442346987,0.0,0.6736777333294042,0.0
6.401080131530762,7.517284395874832,3.7033104758428563,7.456642101624453,1.4469852214558405,1.231925068410367,-1.49966580150963,0.0,50.0,20.0,1.0,0.0,0.0,0.0,-340.42702971815174,70.0,140.76833767676877,0.7390252442346987,0.0,0.6736777333294042,0.0
6.447734594345093,7.1579845065394965,3.285788789373961,6.946973649543898,1.5,1.3476483811194737,-1.4883807919532555,0.0,50.0,20.0,1.0,0.0,0.0,0.0,-340.42702971815174,70.0,140.76833767676877,0.7390252442346987,0.0,0.6736777333294042,0.0
6.4935009479522705,6.539145926631969,3.134452111845227,7.48953418581031,1.5,1.3241741941499832,-1.3809615472894206,0.0,50.0,20.0,1.0,0.0,0.0,0.0,-340.42702971815174,70.0,140.76833767676877,0.7390252442346987,0.0,0.6736777333294042,0.0
6.536395788192749,6.032935701491277,3.8980687586409344,6.794716688670226,1.4378621510692857,1.4760561134463739,-1.3322759855250275,0.0,50.0,20.0,1.0,0.0,0.0,0.0,-340.42702971815174,70.0,140.76833767676877,0.7390252442346987,0.0,0.6736777333294042,0.0
6.5809831619262695,5.261598932321482,3.504860720221804,6.21526016867004,1.336752084722455,1.2927346922375471,-1.244220980136664,0.0,50.0,20.0,1.0,0.0,0.0,0.0,-340.42702971815174,70.0,140.76833767676877,0.7390252442346987,0.0,0.6736777333294042,0.0
6.624436616897583,6.014747260601315,3.5585510550380963,6.026915088595261,1.3724959737391444,1.0993712925786883,-1.2951067244723657,0.0,50.0,20.0,1.0,0.0,0.0,0.0,-340.42702971815174,70.0,140.76833767676877,0.7390252442346987,0.0,0.6736777333294042,0.0
6.666838884353638,6.594239843239669,3.5511720393964805,6.789734659587136,1.3592683423954885,0.9036896789035729,-1.0982011267376304,0.0,50.0,20.0,1.0,0.0,0.0,0.0,-340.42702971815174,70.0,140.76833767676877,0.7390252442346987,0.0,0.6736777333294042,0.0
6.709054231643677,6.882380639345126,4.076552279296996,7.168159153436265,1.1660596981966727,0.9834289772106724,-1.0251209795414429,0.0,50.0,20.0,1.0,0.0,0.0,0.0,-340.42702971815174,70.0,140.76833767676877,0.7390252442346987,0.0,0.6736777333294042,0.0
6.750954866409302,7.2107251597341655,4.478075469836813,7.117065884266227,1.1055299291115857,0.8361260861933132,-0.8779871001226562,0.0,50.0,20.0,1.0,0.0,0.0,0.0,-340.42702971815174,70.0,140.76833767676877,0.7390252442346987,0.0,0.6736777333294042,0.0
6.79319167137146,6.732296570217648,4.448871199643496,6.593979034937281,1.1273302577974575,0.6595481319757445,-0.9571450249201312,0.0,50.0,20.0,1.0,0.0,0.0,0.0,-340.42702971815174,70.0,140.76833767676877,0.7390252442346987,0.0,0.6736777333294042,0.0
6.835215091705322,6.0453495013017875,5.1447276752498015,6.403848654069089,1.3044632084833607,0.5693155039755544,-1.140059317792435,0.0,50.0,20.0,1.0,0.0,0.0,0.0,-340.42702971815174,70.0,140.76833767676877,0.7390252442346987,0.0,0.6736777333294042,0.0
6.877495527267456,6.329732036603704,5.51874294217562,6.644242193307335,1.4007628256023705,0.5656169710442212,-1.3052064968422923,0.0,50.0,20.0,1.0,0.0,0.0,0.0,-340.42702971815174,70.0,140.76833767676877,0.7390252442346987,0.0,0.6736777333294042,0.0
6.920144081115723,7.009010376406332,5.59323674739522,6.264416457190858,1.5,0.682334454779634,-1.1189425460304072,0.0,50.0,20.0,1.0,0.0,0.0,0.0,-340.42702971815174,70.0,140.76833767676877,0.7390252442346987,0.0,0.6736777333294042,0.0
6.962217807769775,6.8811629930837,5.044227456448692,6.077759767744521,1.3580448534087566,0.680490383974434,-1.2643053535774016,0.0,50.0,20.0,1.0,0.0,0.0,0.0,-340.42702971815174,70.0,140.76833767676877,0.7390252442346987,0.0,0.6736777333294042,0.0
7.004144906997681,6.263387095860768,5.5802845300971695,6.061851148426109,1.1733790609129409,0.724446189438399,-1.182126612961775,0.0,50.0,20.0,1.0,0.0,0.0,0.0,-340.42702971815174,70.0,140.76833767676877,0.7390252442346987,0.0,0.6736777333294042,0.0
7.045739412307739,5.549050867372662,5.01183458052057,5.928585323754301,1.109273771652476,0.7882979422169866,-1.212348638179613,0.0,50.0,20.0,1.0,0.0,0.0,0.0,-340.42702971815174,70.0,140.76833767676877,0.7390252442346987,0.0,0.6736777333294042,0.0
7.08747935295105,4.802256609598144,5.6876552754873275,5.387088452627836,0.965459868884272,0.9491302123638439,-1.248913383857659,0.0,50.0,20.0,1.0,0.0,0.0,0.0,-340.42702971815174,70.0,140.76833767676877,0.7390252442346987,0.0,0.6736777333294042,0.0
7.129507541656494,4.683710441114278,5.976732832655388,5.388430843767818,1.1130756576394631,0.7669962314231662,-1.300756118080199,0.0,50.0,20.0,1.0,0.0,0.0,0.0,-340.42702971815174,70.0,140.76833767676877,0.7390252442346987,0.0,0.6736777333294042,0.0
7.171457052230835,4.335774914971165,5.63728656064697,5.361281097228303,1.206833848448401,0.9499769216113245,-1.2053650404146403,0.0,50.0,20.0,1.0,0.0,0.0,0.0,-340.42702971815174,70.0,140.76833767676877,0.7390252442346987,0.0,0.6736777333294042,0.0
7.2134246826171875,3.811612747060052,5.221851763898985,5.782009172634414,1.087466894774778,1.0077443576327583,-1.0283226006456747,0.0,50.0,20.0,1.0,0.0,0.0,0.0,-340.42702971815174,70.0,140.76833767676877,0.7390252442346987,0.0,0.6736777333294042,0.0
7.255246877670288,3.9837575493192743,4.870128433205722,4.990912032092425,1.2563678382077696,1.071949474312833,-1.0919656835997167,0.0,50.0,20.0,1.0,0.0,0.0,0.0,-340.42702971815174,70.0,140.76833767676877,0.7390252442346987,0.0,0.6736777333294042,0.0
7.297394037246704,3.732570213611335,5.4732955129053344,4.68929856347488,1.443264961357448,0.8838316054885852,-1.011793601668542,0.0,50.0,20.0,1.0,0.0,0.0,0.0,-340.42702971815174,70.0,140.76833767676877,0.7390252442346987,0.0,0.6736777333294042,0.0
7.33930230140686,4.080281374214429,4.876568326050869,5.084525295238877,1.2976317872662095,0.9872766737862018,-1.1732122354654961,0.0,50.0,20.0,1.0,0.0,0.0,0.0,-340.42702971815174,70.0,140.76833767676877,0.7390252442346987,0.0,0.6736777333294042,0.0
7.381758689880371,4.75984899828107,5.665928183215486,5.229475295777255,1.1415359118620854,1.0225564412618795,-1.1728880584957222,0.0,50.0,20.0,1.0,0.0,0.0,0.0,-340.42702971815174,70.0,140.76833767676877,0.7390252442346987,0.0,0.6736777333294042,0.0
7.4236955642700195,5.1752750951142605,5.019309254195024,5.518498778117918,1.2601972407434348,1.1065007165555332,-1.2000206182484272,0.0,50.0,20.0,1.0,0.0,0.0,0.0,-340.42702971815174,70.0,140.76833767676877,0.7390252442346987,0.0,0.6736777333294042,0.0
7.469537258148193,4.790369429639644,4.419724341105422,5.928873102556281,1.1387607956556356,0.9485384128876004,-1.3552408392600828,0.0,50.0,20.0,1.0,0.0,0.0,0.0,-340.42702971815174,70.0,140.76833767676877,0.7390252442346987,0.0,0.6736777333294042,0.0
7.512272357940674,4.395888601407088,4.502834272822015,5.766112621800931,1.108158283821621,0.7691535585008131,-1.2469947136722261,0.0,50.0,20.0,1.0,0.0,0.0,0.0,-340.42702971815174,70.0,140.76833767676877,0.7390252442346987,0.0,0.6736777333294042,0.0
7.5555665493011475,4.414043323223886,4.594920898629985,6.156549133406353,1.242098782250485,0.7040627302229758,-1.385246894825111,0.0,50.0,20.0,1.0,0.0,0.0,0.0,-340.42702971815174,70.0,140.76833767676877,0.7390252442346987,0.0,0.6736777333294042,0.0
7.599356412887573,4.950646038652583,5.144856729683411,6.728019815190609,1.164302030025064,0.8100665957621851,-1.3781264374269464,0.0,50.0,20.0,1.0,0.0,0.0,0.0,-340.42702971815174,70.0,140.76833767676877,0.7390252442346987,0.0,0.6736777333294042,0.0
7.642294883728027,4.361750365228422,5.536788932265486,7.04839080975011,1.363206229412129,0.712316546014474,-1.4772496474423398,0.0,50.0,20.0,1.0,0.0,0.0,0.0,-340.42702971815174,70.0,140.76833767676877,0.7390252442346987,0.0,0.6736777333294042,0.0
7.695762395858765,4.34683866061213,4.861169327812375,6.991503008334959,1.5,0.7042285446982782,-1.5,0.0,50.0,20.0,1.0,0.0,0.0,0.0,-340.42702971815174,70.0,140.76833767676877,0.7390252442346987,0.0,0.6736777333294042,0.0
7.737642526626587,3.9806118311199565,4.366830972568897,6.619103368337139,1.5,0.8815844063181375,-1.325803396149474,0.0,50.0,20.0,1.0,0.0,0.0,0.0,-340.42702971815174,70.0,140.76833767676877,0.7390252442346987,0.0,0.6736777333294042,0.0
7.779555320739746,4.6309772652627,4.7247407862834105,6.990067079214162,1.5,0.783599780835977,-1.3216909621068897,0.0,50.0,20.0,1.0,0.0,0.0,0.0,-340.42702971815174,70.0,140.76833767676877,0.7390252442346987,0.0,0.6736777333294042,0.0
7.826648473739624,4.401457184298918,5.134673854470333,6.675296019855753,1.395499649980689,0.9029650705761143,-1.182817942580119,0.0,50.0,20.0,1.0,0.0,0.0,0.0,-340.42702971815174,70.0,140.76833767676877,0.7390252442346987,0.0,0.6736777333294042,0.0
7.870330810546875,4.953682030593703,4.423125163124056,6.623740657311933,1.487607186406954,0.9848264220640868,-1.284383296541423,0.0,50.0,20.0,1.0,0.0,0.0,0.0,-340.42702971815174,70.0,140.76833767676877,0.7390252442346987,0.0,0.6736777333294042,0.0
