# Timestamp, Fx, Fy, Fz, Tx, Ty, Tz, FemurPosX, FemurPosY, FemurPosZ, FemurQuatW, FemurQuatX, FemurQuatY, FemurQuatZ, TibiaPosX, TibiaPosY, TibiaPosZ, TibiaQuatW, TibiaQuatX, TibiaQuatY, TibiaQuatZ
0.1112978458404541,-5.02931,-2.44076,2.74602,-1.3234,-1.98251,1.06866,0.0132466,0.44095,0.350924,0.140858,0.696673,-0.687385,0.149357,0.0353098,0.0180874,0.26138,0.108001,-0.658894,0.682399,0.297532
0.2022709846496582,-5.02931,-2.44076,2.74602,-1.3234,-1.98251,1.06866,0.0132466,0.44095,0.350924,0.140858,0.696673,-0.687385,0.149357,0.0353098,0.0180874,0.26138,0.108001,-0.658894,0.682399,0.297532
0.3156118392944336,-5.02816,-2.39355,2.69606,-1.30201,-1.9893,1.04905,0.0132397,0.440944,0.350917,0.140462,0.696784,-0.687278,0.149702,0.0353048,0.0181004,0.261305,0.108969,-0.659088,0.682365,0.296828
0.40290117263793945,-5.02816,-2.39355,2.69606,-1.30201,-1.9893,1.04905,0.0132397,0.440944,0.350917,0.140462,0.696784,-0.687278,0.149702,0.0353048,0.0181004,0.261305,0.108969,-0.659088,0.682365,0.296828
0.5170998573303223,-5.0381,-2.46591,2.71258,-1.32421,-1.99116,1.06877,0.0132317,0.44093,0.350953,0.140996,0.696986,-0.68712,0.148984,0.0353047,0.0181043,0.261311,0.108924,-0.659056,0.682401,0.296833
0.607506513595581,-5.0381,-2.46591,2.71258,-1.32421,-1.99116,1.06877,0.0132317,0.44093,0.350953,0.140996,0.696986,-0.68712,0.148984,0.0353047,0.0181043,0.261311,0.108924,-0.659056,0.682401,0.296833
0.7227041721343994,-5.051,-2.38752,2.72296,-1.3075,-1.99518,1.05141,0.0132436,0.440934,0.350932,0.141131,0.696529,-0.687416,0.149628,0.0353134,0.0180803,0.261388,0.107914,-0.658927,0.682333,0.297642
0.8134379386901855,-5.051,-2.38752,2.72296,-1.3075,-1.99518,1.05141,0.0132436,0.440934,0.350932,0.141131,0.696529,-0.687416,0.149628,0.0353134,0.0180803,0.261388,0.107914,-0.658927,0.682333,0.297642
0.9285242557525635,-5.05304,-2.39634,2.73288,-1.30287,-1.99994,1.05184,0.0132243,0.440924,0.350981,0.14119,0.697397,-0.68675,0.148585,0.035296,0.0180931,0.261359,0.108347,-0.658933,0.682431,0.297248
1.0187199115753174,-5.05304,-2.39634,2.73288,-1.30287,-1.99994,1.05184,0.0132243,0.440924,0.350981,0.14119,0.697397,-0.68675,0.148585,0.035296,0.0180931,0.261359,0.108347,-0.658933,0.682431,0.297248
1.136021375656128,-5.04976,-2.46048,2.69692,-1.3258,-1.99439,1.06945,0.0132202,0.440919,0.350944,0.141177,0.696917,-0.687093,0.149264,0.0353363,0.0180614,0.261332,0.108447,-0.659332,0.681958,0.297411
1.2263743877410889,-5.04976,-2.46048,2.69692,-1.3258,-1.99439,1.06945,0.0132202,0.440919,0.350944,0.141177,0.696917,-0.687093,0.149264,0.0353363,0.0180614,0.261332,0.108447,-0.659332,0.681958,0.297411
1.3409721851348877,-5.09633,-2.48397,2.77775,-1.33992,-2.01096,1.08284,0.0132511,0.440949,0.350923,0.140669,0.696725,-0.687332,0.149539,0.0353057,0.018103,0.261311,0.108901,-0.659043,0.682422,0.296823
1.4305005073547363,-5.09633,-2.48397,2.77775,-1.33992,-2.01096,1.08284,0.0132511,0.440949,0.350923,0.140669,0.696725,-0.687332,0.149539,0.0353057,0.018103,0.261311,0.108901,-0.659043,0.682422,0.296823
1.542801856994629,-5.04131,-2.43083,2.7123,-1.3166,-1.99203,1.06002,0.0132282,0.44093,0.350959,0.141397,0.696889,-0.687025,0.149495,0.0352963,0.0180932,0.261357,0.108373,-0.65893,0.682431,0.297246
1.6318566799163818,-5.04131,-2.43083,2.7123,-1.3166,-1.99203,1.06002,0.0132282,0.44093,0.350959,0.141397,0.696889,-0.687025,0.149495,0.0352963,0.0180932,0.261357,0.108373,-0.65893,0.682431,0.297246
1.7470734119415283,-5.02606,-2.46528,2.71411,-1.32502,-1.98541,1.07388,0.0132548,0.440887,0.350951,0.141222,0.697539,-0.68639,0.149546,0.0353104,0.0180859,0.26138,0.108019,-0.6589,0.682388,0.297537
1.8345654010772705,-5.02606,-2.46528,2.71411,-1.32502,-1.98541,1.07388,0.0132548,0.440887,0.350951,0.141222,0.697539,-0.68639,0.149546,0.0353104,0.0180859,0.26138,0.108019,-0.6589,0.682388,0.297537
1.9469034671783447,-5.0947,-2.41261,2.74773,-1.31421,-2.01602,1.06133,0.0132917,0.44087,0.350889,0.139457,0.698121,-0.686105,0.149798,0.0353052,0.0181022,0.261314,0.108908,-0.659042,0.682398,0.296877
2.0357577800750732,-5.0947,-2.41261,2.74773,-1.31421,-2.01602,1.06133,0.0132917,0.44087,0.350889,0.139457,0.698121,-0.686105,0.149798,0.0353052,0.0181022,0.261314,0.108908,-0.659042,0.682398,0.296877
2.14984130859375,-5.10528,-2.40797,2.75085,-1.31038,-2.02208,1.05497,0.0132369,0.440942,0.35091,0.14048,0.696744,-0.687401,0.149308,0.0352817,0.0181034,0.261324,0.10959,-0.659173,0.682527,0.296037
2.238492965698242,-5.10528,-2.40797,2.75085,-1.31038,-2.02208,1.05497,0.0132369,0.440942,0.35091,0.14048,0.696744,-0.687401,0.149308,0.0352817,0.0181034,0.261324,0.10959,-0.659173,0.682527,0.296037
2.3541200160980225,-5.07384,-2.37643,2.72766,-1.30465,-2.0063,1.05206,0.0132453,0.440953,0.350928,0.140663,0.696695,-0.68736,0.149551,0.0353116,0.0180822,0.261391,0.107864,-0.658932,0.682316,0.297688
2.441526174545288,-5.07384,-2.37643,2.72766,-1.30465,-2.0063,1.05206,0.0132453,0.440953,0.350928,0.140663,0.696695,-0.68736,0.149551,0.0353116,0.0180822,0.261391,0.107864,-0.658932,0.682316,0.297688
2.552433967590332,-5.06515,-2.46312,2.72314,-1.32708,-2.00376,1.07547,0.0132577,0.440876,0.350958,0.140986,0.697569,-0.686322,0.149943,0.0352968,0.0180944,0.261365,0.108312,-0.658925,0.682443,0.297252
2.6401872634887695,-5.06515,-2.46312,2.72314,-1.32708,-2.00376,1.07547,0.0132577,0.440876,0.350958,0.140986,0.697569,-0.686322,0.149943,0.0352968,0.0180944,0.261365,0.108312,-0.658925,0.682443,0.297252
2.751040458679199,-5.13603,-2.44261,2.78056,-1.32639,-2.03274,1.07709,0.0132467,0.44095,0.350924,0.140878,0.696655,-0.687401,0.149348,0.0353041,0.018101,0.261308,0.108972,-0.659102,0.682351,0.296829
2.8393502235412598,-5.13603,-2.44261,2.78056,-1.32639,-2.03274,1.07709,0.0132467,0.44095,0.350924,0.140878,0.696655,-0.687401,0.149348,0.0353041,0.018101,0.261308,0.108972,-0.659102,0.682351,0.296829
2.954503059387207,-5.07343,-2.42006,2.75965,-1.31468,-2.00666,1.06905,0.0132491,0.440887,0.35093,0.140432,0.697798,-0.686371,0.14917,0.0353109,0.018082,0.261389,0.107882,-0.658926,0.682348,0.297623
3.0426716804504395,-5.07343,-2.42006,2.75965,-1.31468,-2.00666,1.06905,0.0132491,0.440887,0.35093,0.140432,0.697798,-0.686371,0.14917,0.0353109,0.018082,0.261389,0.107882,-0.658926,0.682348,0.297623
3.1556806564331055,-5.03786,-2.43951,2.72951,-1.31812,-1.99042,1.06096,0.0132289,0.440913,0.350959,0.14137,0.696859,-0.687116,0.149245,0.0352852,0.0180875,0.261394,0.108678,-0.659047,0.682505,0.296703
3.2449560165405273,-5.03786,-2.43951,2.72951,-1.31812,-1.99042,1.06096,0.0132289,0.440913,0.350959,0.14137,0.696859,-0.687116,0.149245,0.0352852,0.0180875,0.261394,0.108678,-0.659047,0.682505,0.296703
3.3587071895599365,-5.05516,-2.45253,2.73093,-1.32169,-1.99769,1.06973,0.0132224,0.440932,0.350933,0.140611,0.697125,-0.687103,0.148776,0.0353178,0.0180959,0.261334,0.108555,-0.659021,0.682366,0.297126
3.447972536087036,-5.05516,-2.45253,2.73093,-1.32169,-1.99769,1.06973,0.0132224,0.440932,0.350933,0.140611,0.697125,-0.687103,0.148776,0.0353178,0.0180959,0.261334,0.108555,-0.659021,0.682366,0.297126
3.564053535461426,-5.05976,-2.47517,2.73546,-1.3294,-1.99999,1.07991,0.0132764,0.440901,0.350912,0.14021,0.697439,-0.68664,0.14982,0.0353064,0.018105,0.261311,0.108945,-0.659027,0.682421,0.296843
3.6510848999023438,-5.05976,-2.47517,2.73546,-1.3294,-1.99999,1.07991,0.0132764,0.440901,0.350912,0.14021,0.697439,-0.68664,0.14982,0.0353064,0.018105,0.261311,0.108945,-0.659027,0.682421,0.296843
3.760883331298828,-5.04981,-2.41373,2.69542,-1.31044,-1.99712,1.05791,0.0132409,0.440942,0.350907,0.140462,0.696742,-0.68741,0.149297,0.0352988,0.0180862,0.261351,0.108385,-0.659013,0.682333,0.297283
3.8487563133239746,-5.04981,-2.41373,2.69542,-1.31044,-1.99712,1.05791,0.0132409,0.440942,0.350907,0.140462,0.696742,-0.68741,0.149297,0.0352988,0.0180862,0.261351,0.108385,-0.659013,0.682333,0.297283
3.9588873386383057,-5.04376,-2.39294,2.70368,-1.30564,-1.99501,1.05162,0.0132214,0.440925,0.350952,0.141162,0.696959,-0.686992,0.149546,0.0353152,0.018074,0.261377,0.107964,-0.659022,0.682251,0.297603
4.045633554458618,-5.04376,-2.39294,2.70368,-1.30564,-1.99501,1.05162,0.0132214,0.440925,0.350952,0.141162,0.696959,-0.686992,0.149546,0.0353152,0.018074,0.261377,0.107964,-0.659022,0.682251,0.297603
4.159985780715942,-5.04955,-2.48616,2.73489,-1.33397,-1.99329,1.07996,0.0132349,0.44093,0.350951,0.140801,0.697067,-0.687033,0.14919,0.0353184,0.0180969,0.261332,0.108554,-0.659019,0.682368,0.297126
4.247858762741089,-5.04955,-2.48616,2.73489,-1.33397,-1.99329,1.07996,0.0132349,0.44093,0.350951,0.140801,0.697067,-0.687033,0.14919,0.0353184,0.0180969,0.261332,0.108554,-0.659019,0.682368,0.297126
4.359207630157471,-5.07851,-2.42385,2.74184,-1.31218,-2.01068,1.0588,0.0132262,0.440923,0.350983,0.14118,0.697421,-0.686725,0.148593,0.0353053,0.0181036,0.261312,0.108921,-0.659041,0.682407,0.296854
4.44645094871521,-5.07851,-2.42385,2.74184,-1.31218,-2.01068,1.0588,0.0132262,0.440923,0.350983,0.14118,0.697421,-0.686725,0.148593,0.0353053,0.0181036,0.261312,0.108921,-0.659041,0.682407,0.296854
4.557218074798584,-5.10248,-2.45122,2.75638,-1.33022,-2.01555,1.07495,0.0132385,0.440946,0.350917,0.14046,0.696757,-0.687302,0.149724,0.0353165,0.0180986,0.261335,0.108525,-0.659004,0.68237,0.297166
4.645837306976318,-5.10248,-2.45122,2.75638,-1.33022,-2.01555,1.07495,0.0132385,0.440946,0.350917,0.14046,0.696757,-0.687302,0.149724,0.0353165,0.0180986,0.261335,0.108525,-0.659004,0.68237,0.297166
4.758610010147095,-4.9975,-2.41586,2.70483,-1.30921,-1.97386,1.06363,0.0132671,0.4409,0.350914,0.140187,0.697452,-0.686569,0.150105,0.0353108,0.0180834,0.261389,0.107928,-0.658933,0.682325,0.297643
4.845478296279907,-4.9975,-2.41586,2.70483,-1.30921,-1.97386,1.06363,0.0132671,0.4409,0.350914,0.140187,0.697452,-0.686569,0.150105,0.0353108,0.0180834,0.261389,0.107928,-0.658933,0.682325,0.297643
4.955809116363525,-5.06168,-2.41276,2.74119,-1.30941,-2.0038,1.06197,0.0132613,0.440882,0.350947,0.140549,0.697771,-0.686277,0.149615,0.0353174,0.0180935,0.261327,0.108642,-0.659075,0.682306,0.297112
5.0430498123168945,-5.06168,-2.41276,2.74119,-1.30941,-2.0038,1.06197,0.0132613,0.440882,0.350947,0.140549,0.697771,-0.686277,0.149615,0.0353174,0.0180935,0.261327,0.108642,-0.659075,0.682306,0.297112
5.152818441390991,-5.02098,-2.47007,2.7091,-1.32283,-1.98482,1.0753,0.0132606,0.440894,0.350938,0.140612,0.697779,-0.686289,0.149465,0.0353176,0.0180962,0.261332,0.108566,-0.659007,0.682363,0.29716
5.240437746047974,-5.02098,-2.47007,2.7091,-1.32283,-1.98482,1.0753,0.0132606,0.440894,0.350938,0.140612,0.697779,-0.686289,0.149465,0.0353176,0.0180962,0.261332,0.108566,-0.659007,0.682363,0.29716
