# Timestamp, Fx, Fy, Fz, Tx, Ty, Tz, FemurPosX, FemurPosY, FemurPosZ, FemurQuatW, FemurQuatX, FemurQuatY, FemurQuatZ, TibiaPosX, TibiaPosY, TibiaPosZ, TibiaQuatW, TibiaQuatX, TibiaQuatY, TibiaQuatZ
0.015975236892700195,3.9639993948776113,-6.6186677293641765,-1.8984445680198314,0.812682195358887,0.89568244162878,-0.028690281763513042,0.0,50.0,20.0,1.0,0.0,0.0,0.0,-340.00546722005765,70.0,148.95433556002425,0.7107941489628897,0.0,0.70340008373622,0.0
0.033294677734375,4.092457873019402,-6.748811707601935,-2.0884486045873203,0.6469578731403693,1.0112284550104602,0.08956946974941463,0.0,50.0,20.0,1.0,0.0,0.0,0.0,-340.0028061744759,70.0,149.25084913364412,0.7097504873769228,0.0,0.7044531536363654,0.0
0.06604981422424316,4.455227370408496,-7.388979939957892,-2.266643290845372,0.5362471952487075,0.9766012416895907,-0.08527545746635057,0.0,50.0,20.0,1.0,0.0,0.0,0.0,-340.0004610637132,70.0,149.6963348389046,0.7081795858435042,0.0,0.7060323464222605,0.0
0.0992898941040039,3.8760796055054922,-7.73095600790323,-2.0365189925089346,0.6566484483950175,0.9168912304159719,-0.02413735172311593,0.0,50.0,20.0,1.0,0.0,0.0,0.0,-340.0001200945775,70.0,149.84501967520902,0.7076545072448525,0.0,0.7065586305297283,0.0
0.11655116081237793,3.4336832522143266,-7.091857142956661,-1.9040653343108747,0.6489540716639093,0.8700008190420296,-0.038798205726408436,0.0,50.0,20.0,1.0,0.0,0.0,0.0,-340.0000155708158,70.0,149.94419531458394,0.7073040530260521,0.0,0.7069094542958947,0.0
0.14991378784179688,3.888157770676332,-6.610856990274712,-2.621618693456371,0.5089175915579195,0.9063156469394391,-0.12365178652119775,0.0,50.0,20.0,1.0,0.0,0.0,0.0,-340.00000019227275,70.0,149.99379882627275,0.7071287053066339,0.0,0.7070848563866742,0.0
0.18323040008544922,4.024262029049914,-6.0216612748392615,-3.1355957244687533,0.34137674674361107,0.7351156880861489,0.04128335730447995,0.0,50.0,20.0,1.0,0.0,0.0,0.0,-340.0000155708158,70.0,149.94419531458394,0.7073040530260521,0.0,0.7069094542958947,0.0
0.21720361709594727,4.16976730125962,-6.3722710971965055,-2.7646031622761393,0.28339983392302137,0.6986549976320259,0.1578211709736591,0.0,50.0,20.0,1.0,0.0,0.0,0.0,-340.0001200945775,70.0,149.84501967520902,0.7076545072448525,0.0,0.7065586305297283,0.0
0.24982285499572754,3.421055284732114,-6.511754373735268,-3.177284452974385,0.09039159251597334,0.7217762686274818,-0.027236306559048296,0.0,50.0,20.0,1.0,0.0,0.0,0.0,-340.0004610637132,70.0,149.69633483890456,0.7081795858435043,0.0,0.7060323464222604,0.0
0.2673346996307373,3.2919936149333706,-6.889397872569461,-3.7544668892506836,0.09432247664389301,0.7465956872117618,-0.09019090792870593,0.0,50.0,20.0,1.0,0.0,0.0,0.0,-340.00125884545344,70.0,149.4982356070798,0.7088785664446351,0.0,0.7053305452306734,0.0
0.3007032871246338,3.891544254731064,-6.415550258909125,-3.663461035521339,-0.01739367006077791,0.8751014612900873,0.025098897287696986,0.0,50.0,20.0,1.0,0.0,0.0,0.0,-340.0028061744759,70.0,149.25084913364407,0.7097504873769229,0.0,0.7044531536363652,0.0
0.3340158462524414,3.2167031402871604,-6.852474597209267,-3.283931282176045,0.11251762172646962,0.9364837560606107,-0.033592591913340075,0.0,50.0,20.0,1.0,0.0,0.0,0.0,-340.0096764200608,70.0,148.60888879701722,0.7120081151327659,0.0,0.7021712355153023,0.0
0.36734676361083984,2.534955217442357,-6.65031676362436,-2.728923467793609,0.16993394020246583,0.9553341411219943,-0.03629528221710346,0.0,50.0,20.0,1.0,0.0,0.0,0.0,-340.01593708189324,70.0,148.21473744561948,0.7133907153670439,0.0,0.7007664997901208,0.0
0.39962291717529297,2.419109433653298,-7.1748858489933225,-2.675948579202951,0.09648069291670022,1.0546134891064927,-0.21359801634645023,0.0,50.0,20.0,1.0,0.0,0.0,0.0,-340.02481975072436,70.0,147.77214584749132,0.7149400469707536,0.0,0.6991857616095001,0.0
0.4194471836090088,2.919363002357853,-6.486789430954607,-2.029636470611666,0.13876089328312066,1.034223083427738,-0.2947326206184838,0.0,50.0,20.0,1.0,0.0,0.0,0.0,-340.03696034543407,70.0,147.2814152542781,0.7166539776828211,0.0,0.6974289040980381,0.0
0.45065760612487793,2.631923206468337,-7.275047761607805,-2.359574938588549,0.1852876128903195,0.8607217122541109,-0.2583069495017809,0.0,50.0,20.0,1.0,0.0,0.0,0.0,-340.0530580630309,70.0,146.74288510363343,0.7185301486241429,0.0,0.6954958127251143,0.0
0.4839513301849365,6.5105135169026305,-1.384297923693035,-6.846817507421443,1.0035766873948329,0.9553660407592011,-1.0811202058046843,0.0,50.0,20.0,1.0,0.0,0.0,0.0,-340.1002238603427,70.0,145.5239831047738,0.7227586626780277,0.0,0.6911005104352542,0.0
0.5174698829650879,6.07321736386264,-0.9410981897479707,-6.870176433382868,0.9885773707021052,0.8123660194549704,-0.9811204610727834,0.0,50.0,20.0,1.0,0.0,0.0,0.0,-340.1329846474329,70.0,144.8444937619927,0.7251051862937105,0.0,0.6886381261663949,0.0
0.5507066249847412,5.28494094713916,-1.5065837041591048,-7.078220463211946,1.1521719006947369,0.9673542293801036,-1.1758691333878246,0.0,50.0,20.0,1.0,0.0,0.0,0.0,-340.17308218365565,70.0,144.11897293928786,0.7276023194737361,0.0,0.6859991725187715,0.0
0.5719053745269775,6.061593688731213,-1.27970781570448,-6.510961042547089,1.1354246701691384,0.9666391899804766,-1.0172521497078757,0.0,50.0,20.0,1.0,0.0,0.0,0.0,-340.2214926196241,70.0,143.34797286954787,0.7302466265942353,0.0,0.6831836241800145,0.0
0.6165556907653809,6.824474351692491,-1.5568759479161876,-6.885484971392911,1.3176656828240245,0.9180381338233267,-1.1750742484179646,0.0,50.0,20.0,1.0,0.0,0.0,0.0,-340.3473828149798,70.0,141.67198173778337,0.7359620175736539,0.0,0.6770228273026817,0.0
0.634171724319458,6.77801771963709,-1.6085090250308813,-7.603512931599577,1.1903555002074873,0.9658759480497221,-1.3716931838019657,0.0,50.0,20.0,1.0,0.0,0.0,0.0,-340.42702971815174,70.0,140.76833767676868,0.7390252442346991,0.0,0.6736777333294038,0.0
0.6673808097839355,6.712403701623241,-2.2523114280659513,-8.12439563184535,1.2765374457787253,0.9189943605183793,-1.3211914623601144,0.0,50.0,20.0,1.0,0.0,0.0,0.0,-340.5193158801731,70.0,139.82191142447542,0.7422199423874456,0.0,0.670156367665321,0.0
0.7006857395172119,6.912175849555906,-2.8585827980103207,-7.6001058868352285,1.3591658773567772,0.9886564809940187,-1.1604707376022785,0.0,50.0,20.0,1.0,0.0,0.0,0.0,-340.6254085233507,70.0,138.83350686880345,0.7455417263010721,0.0,0.6664589517322258,0.0
0.7238457202911377,6.693533832306697,-3.3630724563146672,-7.091289483733172,1.201593532378316,0.896613919706545,-1.2461849035783619,0.0,50.0,20.0,1.0,0.0,0.0,0.0,-340.7465005237091,70.0,137.80398254716224,0.7489860394321037,0.0,0.6625857776437789,0.0
0.7665371894836426,7.299580056266499,-3.7268981834384025,-6.682370133444895,1.334207038425907,0.9741160714267932,-1.2222382539633503,0.0,50.0,20.0,1.0,0.0,0.0,0.0,-341.0385545299592,70.0,135.62528920359995,0.7562232170344946,0.0,0.6543137214043427,0.0
0.7999041080474854,7.495039911868719,-3.311245583410691,-5.966802718529487,1.434438651763227,1.114366998427188,-1.2704228584728938,0.0,50.0,20.0,1.0,0.0,0.0,0.0,-341.2119882452043,70.0,134.47812081175923,0.7600061815151268,0.0,0.6499158438281037,0.0
0.8174107074737549,7.904239198498836,-2.803732992899131,-6.669243993179332,1.487359207809611,1.1336086368103473,-1.1112265538350479,0.0,50.0,20.0,1.0,0.0,0.0,0.0,-341.4053547543164,70.0,133.29383560245495,0.7638918915577815,0.0,0.6453442321833168,0.0
0.8505852222442627,7.780596605641275,-2.711142305006065,-5.932165075382977,1.5,1.2842173919187154,-1.1555644666495546,0.0,50.0,20.0,1.0,0.0,0.0,0.0,-341.6199029739431,70.0,132.0735806937459,0.7678750526819259,0.0,0.6405996436689061,0.0
0.8838825225830078,7.645861382878487,-2.5049327866100546,-6.033008333836595,1.352499437952124,1.3184879859504095,-1.119099438937385,0.0,50.0,20.0,1.0,0.0,0.0,0.0,-342.1175139713099,70.0,129.53004814750946,0.7761119502123728,0.0,0.6305951480447239,0.0
0.9172544479370117,7.72130041254163,-2.916186123631976,-5.626335203306753,1.3475153890822165,1.5,-1.0528279928519253,0.0,50.0,20.0,1.0,0.0,0.0,0.0,-342.40303217878386,70.0,128.2093627421202,0.7803545260260871,0.0,0.6253373599191088,0.0
0.9497816562652588,7.379044753671004,-3.4186136923202026,-6.061342225889559,1.4917705562927723,1.494495921790871,-1.031764409579608,0.0,50.0,20.0,1.0,0.0,0.0,0.0,-342.71463204786807,70.0,126.85789157362066,0.7846722514094,0.0,0.6199108467095114,0.0
0.9672629833221436,7.314606580074799,-2.9825391578539264,-6.696171084761312,1.3281339192628607,1.5,-1.1302846774311386,0.0,50.0,20.0,1.0,0.0,0.0,0.0,-343.0534874087016,70.0,125.4770781433936,0.789059319242243,0.0,0.6143170115803143,0.0
1.0006113052368164,7.365305238647303,-3.550468173363914,-7.093348648281059,1.4877387158291384,1.5,-1.2180025654007134,0.0,50.0,20.0,1.0,0.0,0.0,0.0,-343.4207406410569,70.0,124.0684234633139,0.7935098504010082,0.0,0.6085574067551636,0.0
1.033843994140625,6.8026344798745155,-2.806286153521234,-6.484222170734143,1.5,1.5,-1.115934377548133,0.0,50.0,20.0,1.0,0.0,0.0,0.0,-344.2448201670559,70.0,121.17387408685435,0.8025774913151553,0.0,0.5965478777384694,0.0
1.067253828048706,7.38877057387906,-2.9950067370251543,-6.624779916168051,1.4749274618116373,1.5,-1.0947277903934811,0.0,50.0,20.0,1.0,0.0,0.0,0.0,-344.70372492925543,70.0,119.6912560860568,0.8071825813096539,0.0,0.590301855350535,0.0
1.1005589962005615,7.277609595191119,-3.7032057641212868,-7.238910164003537,1.3860799756165487,1.3867823901499958,-0.90229039162021,0.0,50.0,20.0,1.0,0.0,0.0,0.0,-345.195173883415,70.0,118.1873461496202,0.8118271178347636,0.0,0.5838978769854374,0.0
1.1192669868469238,7.268907206549179,-3.119868093697603,-6.947046581222253,1.2650104851786246,1.3770691365020202,-0.8949278094643787,0.0,50.0,20.0,1.0,0.0,0.0,0.0,-345.72007132038715,70.0,116.66390772500304,0.81650502838316,0.0,0.5773383224981824,0.0
1.1505231857299805,7.939423204944828,-2.639070960371211,-7.343493237296197,1.4297254289751447,1.4290368107038915,-0.739006864426381,0.0,50.0,20.0,1.0,0.0,0.0,0.0,-346.279258438653,70.0,115.12274951789902,0.8212102364257918,0.0,0.5706257508993922,0.0
1.1838738918304443,8.173579249874535,-2.3612229376156684,-7.0337192041575065,1.439641001250963,1.2808366281060717,-0.8450858514655217,0.0,50.0,20.0,1.0,0.0,0.0,0.0,-347.50352242610455,70.0,111.99471567766057,0.8306782900808816,0.0,0.5567527084696605,0.0
1.2172718048095703,8.931546353619197,-1.7881104402023573,-7.640627107169612,1.4199008758377505,1.2157719390741757,-0.700063945235671,0.0,50.0,20.0,1.0,0.0,0.0,0.0,-348.1699240334772,70.0,110.41165388674793,0.8354290697397717,0.0,0.5495982800498375,0.0
1.26568603515625,8.853346712891225,-1.7196519671361434,-7.395812568685653,1.5,1.2284918673927203,-0.5729375561791402,0.0,50.0,20.0,1.0,0.0,0.0,0.0,-348.8732563129504,70.0,108.81849219619606,0.8401830389974674,0.0,0.5423029236330745,0.0
1.2829184532165527,9.452121889334757,-2.3598614839214607,-7.495434635208132,1.5,1.1579072113092042,-0.40135352491996296,0.0,50.0,20.0,1.0,0.0,0.0,0.0,-349.61397739743705,70.0,107.21721236187412,0.8449342803973747,0.0,0.5348701354622172,0.0
1.31569242477417,8.89998562186413,-2.885585016856534,-7.104381211470181,1.5,1.230755100557984,-0.4523596955452758,0.0,50.0,20.0,1.0,0.0,0.0,0.0,-351.2089735581603,70.0,103.99833021069202,0.854405260369188,0.0,0.5196072084310033,0.0
1.3490638732910156,9.162498451802364,-3.083231858874136,-6.372913143024848,1.5,1.3683200481033566,-0.3297050317097589,0.0,50.0,20.0,1.0,0.0,0.0,0.0,-352.06371067527897,70.0,102.38478163655077,0.8591135500137606,0.0,0.5117850214521268,0.0
1.366245985031128,9.541512065357496,-3.3357097007433953,-7.106070774610028,1.5,1.4997131067385179,-0.281258410239133,0.0,50.0,20.0,1.0,0.0,0.0,0.0,-352.9567553272278,70.0,100.77121211287124,0.8637962372201234,0.0,0.5038413049407087,0.0
1.399106740951538,9.752631044525177,-3.555129029203738,-6.4774857990063595,1.4110850345604773,1.5,-0.16483135043977587,0.0,50.0,20.0,1.0,0.0,0.0,0.0,-353.88809540258535,70.0,99.15966280003886,0.8684478602655462,0.0,0.49578050990351996,0.0
1.4237723350524902,9.164416308924078,-3.022816845637717,-6.4931195875979135,1.429948319451023,1.5,0.00960316159560104,0.0,50.0,20.0,1.0,0.0,0.0,0.0,-354.85761806104006,70.0,97.55217070497318,0.8730630827581327,0.0,0.48760727386377856,0.0
1.465733528137207,8.427312436797258,-3.2820053065599097,-6.299129074915132,1.2563619599897122,1.4996373866293913,-0.02946482540946188,0.0,50.0,20.0,1.0,0.0,0.0,0.0,-356.9102487425735,70.0,94.35745120881867,0.8821636718636211,0.0,0.47094294351236793,0.0
1.5157363414764404,9.02095855430949,-2.56043908444886,-5.855529036513948,1.2621948853305214,1.442442119226312,-0.0009621161194662831,0.0,50.0,20.0,1.0,0.0,0.0,0.0,-357.99261785746046,70.0,92.77422543881572,0.8866390882461259,0.0,0.4624620278402094,0.0
1.5496962070465088,8.766705121523607,-2.2818796299446547,-5.184787768472728,1.2249522445738674,1.5,0.15564622540664513,0.0,50.0,20.0,1.0,0.0,0.0,0.0,-360.2668415672147,70.0,89.64584980026342,0.8954165237467326,0.0,0.44522943411382526,0.0
1.5992803573608398,9.536779700252465,-3.0153755811081466,-5.65808661556734,1.2846812271508297,1.5,0.291980402642926,0.0,50.0,20.0,1.0,0.0,0.0,0.0,-361.4573392063382,70.0,88.10452007253048,0.8997096196203237,0.0,0.4364889464381113,0.0
1.616389274597168,10.314319235592746,-3.211024577961462,-5.341842590971381,1.1732660187469857,1.3193868479531934,0.26043396283529885,0.0,50.0,20.0,1.0,0.0,0.0,0.0,-362.68235390505873,70.0,86.58090506529274,0.9039333353038466,0.0,0.4276733862732912,0.0
1.649247407913208,10.175747729995267,-3.26888799336979,-5.703387245232915,1.2153711876273274,1.2945037230919392,0.06305721516759136,0.0,50.0,20.0,1.0,0.0,0.0,0.0,-363.9409563274749,70.0,85.07680017419875,0.9080836961035069,0.0,0.4187887305921612,0.0
1.6990199089050293,9.409519743357647,-3.9436554293262853,-6.458012319779672,1.1024941629734957,1.1591364946813847,-0.08584549768076341,0.0,50.0,20.0,1.0,0.0,0.0,0.0,-363.9409563274749,70.0,85.07680017419875,0.9080836961035069,0.0,0.4187887305921612,0.0
1.7491581439971924,10.144261482491602,-4.101882907722826,-7.129733894122163,0.9770674590829637,1.01224472164199,-0.10831857138455511,0.0,50.0,20.0,1.0,0.0,0.0,0.0,-367.9075589665144,70.0,80.69862955299226,0.9200580700341902,0.0,0.39178201562215853,0.0
1.7663941383361816,9.897753883595575,-3.7141756690545065,-7.875566591263175,0.8213891484134388,0.8562035985359803,0.013867555847027008,0.0,50.0,20.0,1.0,0.0,0.0,0.0,-369.28932188134536,70.0,79.28932188134513,0.9238795325112871,0.0,0.38268343236508906,0.0
1.7992377281188965,10.472986124453376,-4.419640867141486,-7.413578894567796,0.9058619625682164,0.699023640823436,0.1655852791273563,0.0,50.0,20.0,1.0,0.0,0.0,0.0,-370.6986295529925,70.0,77.90755896651415,0.9276110203999461,0.0,0.37354758041321956,0.0
1.8324155807495117,11.203628295428256,-3.7171749871495763,-6.883384996326052,0.7325018101038624,0.7803226593436551,0.3460143945997728,0.0,50.0,20.0,1.0,0.0,0.0,0.0,-372.134017394298,70.0,76.5547251011847,0.9312498990572168,0.0,0.364381154158559,0.0
1.8495287895202637,10.975059320455491,-4.458843590591325,-7.597733147640249,0.6120093284665239,0.8699802259942535,0.3385502780592351,0.0,50.0,20.0,1.0,0.0,0.0,0.0,-373.59394487695306,70.0,75.23212024542322,0.93479377339223,0.0,0.35519093629640397,0.0
1.8831737041473389,11.458664122190246,-4.447748962979043,-6.908924090091733,0.4247160003119118,0.8516336358696729,0.17957331483828795,0.0,50.0,20.0,1.0,0.0,0.0,0.0,-376.580905065293,70.0,72.68235390505852,0.9415881427007816,0.0,0.33676663956706365,0.0
1.9161930084228516,11.813514837785382,-4.990311479262581,-7.283778199621974,0.2963384352335046,0.7855618252464227,0.13842869711208222,0.0,50.0,20.0,1.0,0.0,0.0,0.0,-378.10452007253076,70.0,71.45733920633799,0.944835067071661,0.0,0.3275464791929383,0.0
1.9495317935943604,12.322750013681311,-4.617167123340357,-7.081987135076098,0.1619610512564497,0.8843951267466553,0.21776056369702418,0.0,50.0,20.0,1.0,0.0,0.0,0.0,-379.64584980026365,70.0,70.26684156721454,0.9479798479735354,0.0,0.3183303438820634,0.0
1.971250057220459,12.185878233950504,-4.047782293244035,-7.2982929112632915,0.16098703071120377,0.778236744078821,0.0849594954241947,0.0,50.0,20.0,1.0,0.0,0.0,0.0,-381.2030484442469,70.0,69.11169127895907,0.9510213160624764,0.0,0.3091253085640116,0.0
2.015821933746338,11.97410820756264,-4.128299329906442,-6.600683254752324,0.18105823353238593,0.5963454727416153,0.09286386968571733,0.0,50.0,20.0,1.0,0.0,0.0,0.0,-384.35745120881893,70.0,66.91024874257333,0.9567908634007399,0.0,0.29077696558164073,0.0
2.049091100692749,12.432740916273483,-3.8608825790934267,-5.83346567182278,0.3315776167152025,0.7179986188933722,-0.06256144442023573,0.0,50.0,20.0,1.0,0.0,0.0,0.0,-385.95076299293333,70.0,65.86510843321936,0.9595178256988784,0.0,0.281647904600934,0.0
2.065720558166504,13.0,-4.445323000627005,-5.358412299925281,0.3554390915217816,0.6586402953906513,-0.10257450791113834,0.0,50.0,20.0,1.0,0.0,0.0,0.0,-387.5521707049735,70.0,64.85761806103991,0.9621392361268718,0.0,0.2725584163169422,0.0
2.099069833755493,13.0,-4.469661061356729,-5.601026930465224,0.44308909963365045,0.7781610971223196,-0.23224662949703498,0.0,50.0,20.0,1.0,0.0,0.0,0.0,-389.1596628000391,70.0,63.888095402585165,0.9646551316336187,0.0,0.26351561056781025,0.0
2.1324620246887207,13.0,-4.558972048164563,-6.314726825538096,0.3266475875835824,0.7027057329907009,-0.08821009489228973,0.0,50.0,20.0,1.0,0.0,0.0,0.0,-390.7712121128715,70.0,62.956755327227654,0.9670657802672276,0.0,0.25452657353631714,0.0
2.1657707691192627,13.0,-4.450196557038912,-6.977925416430459,0.4587735104910649,0.8073740411568106,-0.24600257906208103,0.0,50.0,20.0,1.0,0.0,0.0,0.0,-393.9983302106923,70.0,61.208973558160196,0.9715735341234851,0.0,0.23673797285353482,0.0
2.199144124984741,13.0,-4.422690812961083,-6.223124508044448,0.6531616578250823,0.8032982638022923,-0.11305732368574231,0.0,50.0,20.0,1.0,0.0,0.0,0.0,-395.6098180895441,70.0,60.39245706997298,0.9736722829834149,0.0,0.22795237517925734,0.0
2.215759515762329,13.0,-4.452090093969165,-5.540755618754163,0.5226457927534924,0.6601778201468016,-0.06060438165886342,0.0,50.0,20.0,1.0,0.0,0.0,0.0,-397.2172123618744,70.0,59.61397739743691,0.9756690591654608,0.0,0.21924845948645696,0.0
2.249552011489868,13.0,-5.20273819693121,-4.918338885825656,0.5574867973512855,0.8481709483750131,0.035044319016254794,0.0,50.0,20.0,1.0,0.0,0.0,0.0,-398.8184921961963,70.0,58.87325631295029,0.9775651990712684,0.0,0.2106330495547919,0.0
2.282804250717163,13.0,-5.695672091539838,-5.338254802169888,0.7136238976083611,0.9751482885537187,0.023638150931690777,0.0,50.0,20.0,1.0,0.0,0.0,0.0,-401.99471567766085,70.0,57.50352242610445,0.9810618675035115,0.0,0.193694636297762,0.0
2.3157076835632324,12.51158811899718,-5.317678975576456,-5.697388836469392,0.53682689752654,0.9688485362530685,0.04239927006877803,0.0,50.0,20.0,1.0,0.0,0.0,0.0,-403.56572234490596,70.0,56.87350853945202,0.9826659947829374,0.0,0.18538485023663637,0.0
2.349231004714966,12.289407925701866,-6.053497882765012,-5.250681196030431,0.6029577250404643,0.9839844355791204,0.15399309808210548,0.0,50.0,20.0,1.0,0.0,0.0,0.0,-405.12274951789925,70.0,56.279258438652946,0.9841766649371114,0.0,0.1771899889758582,0.0
2.3678784370422363,12.245217405469884,-5.543228534066716,-4.940934053290284,0.7097899000949447,0.9060372002928165,0.04570757202625014,0.0,50.0,20.0,1.0,0.0,0.0,0.0,-406.6639077250033,70.0,55.72007132038705,0.9855960853199777,0.0,0.1691163995653148,0.0
2.399104595184326,13.0,-6.185914260591091,-4.574993581347524,0.9070930649367528,0.9975368615295391,-0.020395012878826557,0.0,50.0,20.0,1.0,0.0,0.0,0.0,-408.18734614962045,70.0,55.195173883414924,0.9869266085089232,0.0,0.16117031183525907,0.0
2.432426691055298,12.943274133760692,-5.803006791153612,-4.517822127537022,1.0974935401791883,1.1974434469447233,-0.013202151895108427,0.0,50.0,20.0,1.0,0.0,0.0,0.0,-411.1738740868546,70.0,54.24482016705578,0.9893310361879492,0.0,0.14568493688531725,0.0
2.4662656784057617,12.841088189965784,-5.415080302497289,-4.82160915950674,1.286330180881511,1.2405941592432876,0.15585331939789737,0.0,50.0,20.0,1.0,0.0,0.0,0.0,-412.6334847957991,70.0,53.817497196328674,0.9904102756021651,0.0,0.1381574680632335,0.0
2.4995944499969482,13.0,-5.970467705299533,-5.177332360144554,1.2314367123287437,1.3610656415274096,0.05773669563907313,0.0,50.0,20.0,1.0,0.0,0.0,0.0,-414.06842346331416,70.0,53.42074064105688,0.9914112652147521,0.0,0.13078112709899842,0.0
2.519937038421631,13.0,-5.17967287318443,-4.568915450839496,1.1985120997908971,1.323853045997694,0.14242273590828797,0.0,50.0,20.0,1.0,0.0,0.0,0.0,-415.47707814339384,70.0,53.05348740870156,0.9923369200813261,0.0,0.12356147070793463,0.0
2.54927921295166,12.53720743631897,-5.606026076686951,-3.770260873767205,1.224760972236754,1.2943754004897146,0.23766888381773704,0.0,50.0,20.0,1.0,0.0,0.0,0.0,-416.8578915736209,70.0,52.714632047867994,0.9931902334198922,0.0,0.11650390654111115,0.0
2.582845449447632,13.0,-6.142946323758752,-4.351123117445619,1.0550812209013574,1.4148395495910961,0.41790796510860184,0.0,50.0,20.0,1.0,0.0,0.0,0.0,-418.2093627421204,70.0,52.4030321787838,0.993974264810755,0.0,0.10961368935456478,0.0
2.616206645965576,13.0,-6.510229976582957,-4.2582842328931365,0.9641736532889288,1.456254616264074,0.5374665205952884,0.0,50.0,20.0,1.0,0.0,0.0,0.0,-419.5300481475097,70.0,52.11751397130982,0.9946921283208443,0.0,0.1028959175893246,0.0
2.649552345275879,13.0,-6.778668628271087,-4.5054273805107465,1.101426028920759,1.4179470288353797,0.3665928206275497,0.0,50.0,20.0,1.0,0.0,0.0,0.0,-420.8185627599968,70.0,51.856877645920505,0.9953469805903856,0.0,0.09635553035297223,0.0
2.671337604522705,13.0,-7.010706961695191,-4.720879724792097,1.2735582201925968,1.3065156023467386,0.43849959916166803,0.0,50.0,20.0,1.0,0.0,0.0,0.0,-422.0735806937461,70.0,51.61990297394311,0.9959420089193368,0.0,0.08999730479139664,0.0
2.7156667709350586,12.575270650811317,-6.978850520022756,-4.151197919390744,1.206136031657325,1.3234451102247604,0.6036873345343783,0.0,50.0,20.0,1.0,0.0,0.0,0.0,-424.4781208117594,70.0,51.21198824520424,0.9969654250644697,0.0,0.07784562432160985,0.0
2.7490217685699463,11.899716229646092,-7.089075942092143,-4.791475313947038,1.1525781425401107,1.4227096167050644,0.4483858860276228,0.0,50.0,20.0,1.0,0.0,0.0,0.0,-425.6252892036001,70.0,51.03855452995917,0.9974002342842135,0.0,0.07206089542738031,0.0
2.765932321548462,11.798299854646192,-6.972402692900648,-4.792944077907954,1.2913217335623477,1.4366602292669852,0.2838460709866709,0.0,50.0,20.0,1.0,0.0,0.0,0.0,-426.734252869036,70.0,50.88380579815768,0.9977880391191366,0.0,0.06647577747411756,0.0
2.7991373538970947,11.606544395756595,-7.378198726868217,-4.7229159501404245,1.4552700634320692,1.5,0.38848242354021834,0.0,50.0,20.0,1.0,0.0,0.0,0.0,-427.80398254716243,70.0,50.74650052370909,0.9981320039861734,0.0,0.06109421100681643,0.0
2.823901414871216,11.480668559290736,-7.370377252279184,-5.182644682936832,1.5,1.5,0.19104460939029433,0.0,50.0,20.0,1.0,0.0,0.0,0.0,-428.8335068688037,70.0,50.62540852335067,0.9984352544773479,0.0,0.05591996617267721,0.0
2.865713357925415,10.712827132256967,-6.781225837401108,-5.193323020738052,1.5,1.413873226608824,0.011747510579203452,0.0,50.0,20.0,1.0,0.0,0.0,0.0,-430.76833767676885,70.0,50.42702971815174,0.9989318552380043,0.0,0.04620766809479528,0.0
2.899139165878296,10.40490575781354,-6.284769055325362,-5.594831532921743,1.5,1.5,-0.144773639837226,0.0,50.0,20.0,1.0,0.0,0.0,0.0,-431.67198173778354,70.0,50.34738281497977,0.9991311655258789,0.0,0.041676301118247716,0.0
2.9161882400512695,11.03848836298701,-5.728300202088445,-6.096329433260319,1.3255556055046125,1.5,-0.25969396099451736,0.0,50.0,20.0,1.0,0.0,0.0,0.0,-432.53209303255454,70.0,50.27923804179201,0.9993016610568802,0.0,0.0373656287108903,0.0
2.9491045475006104,11.581971083609904,-6.154034444695178,-6.787310658362314,1.4466755354515646,1.4706659061564369,-0.3124561007342121,0.0,50.0,20.0,1.0,0.0,0.0,0.0,-433.347972869548,70.0,50.22149261962409,0.9994461150566746,0.0,0.03327856815009359,0.0
2.982860803604126,10.998290100114378,-5.493326663482421,-7.540426142237284,1.4398482790504725,1.5,-0.31348836021113774,0.0,50.0,20.0,1.0,0.0,0.0,0.0,-434.8444937619928,70.0,50.13298464743292,0.9996674830976725,0.0,0.025786105505961943,0.0
3.016185998916626,10.48437463807299,-5.631715879937996,-7.037568178476478,1.3073347322512958,1.3990678246016293,-0.48696044464946764,0.0,50.0,20.0,1.0,0.0,0.0,0.0,-435.5239831047739,70.0,50.10022386034265,0.9997494089512065,0.0,0.022385694130700663,0.0
3.0496129989624023,11.243424577843951,-5.625191348897936,-6.450050212216956,1.4595103872499107,1.362386450880259,-0.599425487123285,0.0,50.0,20.0,1.0,0.0,0.0,0.0,-436.1569343884762,70.0,50.0738730526119,0.9998153003114828,0.0,0.01921887777835824,0.0
3.06734299659729,10.775455992017122,-6.245105975841878,-5.889879308110473,1.5,1.1641806976131437,-0.6965105656237112,0.0,50.0,20.0,1.0,0.0,0.0,0.0,-436.74288510363357,70.0,50.05305806303092,0.9998673460438866,0.0,0.016287735114331296,0.0
3.100707530975342,11.172408777813786,-6.250140218500359,-6.166678947466835,1.4792087536942373,1.1909588877524269,-0.5365694459693431,0.0,50.0,20.0,1.0,0.0,0.0,0.0,-437.28141525427816,70.0,50.03696034543404,0.9999075948670606,0.0,0.013594179900609998,0.0
3.133992910385132,11.239559159578471,-5.645936311806438,-6.222852154054452,1.5,1.2321785237541438,-0.5990286662303924,0.0,50.0,20.0,1.0,0.0,0.0,0.0,-438.21473744561956,70.0,50.015937081893256,0.9999601565015147,0.0,0.00892666844160267,0.0
3.1673178672790527,11.866932952887828,-5.371203058141541,-6.477137239848688,1.5,1.4164859569957693,-0.7928657205470604,0.0,50.0,20.0,1.0,0.0,0.0,0.0,-438.6088887970173,70.0,50.00967642006084,0.9999758086572373,0.0,0.0069557242832239,0.0
3.200629711151123,12.29465267139614,-6.075241430666718,-6.412557717190883,1.3719581123637727,1.5,-0.6024186271123987,0.0,50.0,20.0,1.0,0.0,0.0,0.0,-438.9543355600243,70.0,50.005467220057625,0.9999863318564469,0.0,0.005228393662313638,0.0
3.2194323539733887,12.54388349779966,-5.806710838735059,-6.283521959041816,1.2518374257079163,1.5,-0.5587072269608473,0.0,50.0,20.0,1.0,0.0,0.0,0.0,-439.2508491336441,70.0,50.00280617447589,0.9999929845392019,0.0,0.0037457806101563614,0.0
3.250659942626953,12.255590373872577,-5.6933317825514225,-6.323862518431567,1.205921753884022,1.4270893413231842,-0.7372406858283971,0.0,50.0,20.0,1.0,0.0,0.0,0.0,-439.49823560707983,70.0,50.001258845453464,0.9999968528814142,0.0,0.002508829860185865,0.0
3.2840585708618164,12.972617512683783,-6.0615250051333955,-6.217209734951578,1.1699204293728005,1.5,-0.8263478379847464,0.0,50.0,20.0,1.0,0.0,0.0,0.0,-439.845019675209,70.0,50.00012009457747,0.9999996997635112,0.0,0.0007749018566085895,0.0
3.317378044128418,13.0,-5.952344807537007,-6.924230304271547,1.2961782552077084,1.5,-0.9555590624959142,0.0,50.0,20.0,1.0,0.0,0.0,0.0,-439.9441953145839,70.0,50.000015570815776,0.9999999610729597,0.0,0.0002790234379418761,0.0
3.350680351257324,12.36025958712837,-5.26012914082645,-7.11645995013952,1.4013683212102461,1.3584970510828778,-1.0351363662630158,0.0,50.0,20.0,1.0,0.0,0.0,0.0,-439.9937988262727,70.0,50.00000019227278,0.9999999995193181,0.0,3.1005868651236565e-05,0.0
3.3721401691436768,13.0,-5.236165978722039,-7.740160987847452,1.3304528504717092,1.1719666630286247,-0.9253057702310481,0.0,50.0,20.0,1.0,0.0,0.0,0.0,-439.9937988262727,70.0,50.00000019227278,0.9999999995193181,0.0,3.1005868651236565e-05,0.0
3.416141986846924,12.929985017408868,-5.734588246113459,-8.008973235831826,1.2979253233166756,1.2739079391257535,-0.7652690379043918,0.0,50.0,20.0,1.0,0.0,0.0,0.0,-439.845019675209,70.0,50.00012009457747,0.9999996997635112,0.0,0.0007749018566087639,0.0
3.4341835975646973,13.0,-5.895027289891543,-8.73984412293782,1.4960630807424733,1.4352998070814793,-0.776698156174067,0.0,50.0,20.0,1.0,0.0,0.0,0.0,-439.69633483890453,70.0,50.00046106371322,0.9999988473400526,0.0,0.0015183275555925757,0.0
3.467315673828125,12.2027435159461,-5.566082054257657,-8.767286913464845,1.2977897846228004,1.2397251681889112,-0.9219628147096699,0.0,50.0,20.0,1.0,0.0,0.0,0.0,-439.4982356070798,70.0,50.001258845453464,0.9999968528814142,0.0,0.0025088298601861265,0.0
3.50068998336792,11.595766778759614,-5.645575700802118,-8.278081839284148,1.233073268578925,1.0531470303157995,-1.03889502410878,0.0,50.0,20.0,1.0,0.0,0.0,0.0,-439.25084913364407,70.0,50.00280617447589,0.9999929845392019,0.0,0.00374578061015671,0.0
3.5234735012054443,11.493092423202405,-5.225329676046613,-7.835823305883631,1.0704617715183509,1.2295235230034947,-0.9199851796185983,0.0,50.0,20.0,1.0,0.0,0.0,0.0,-438.9543355600242,70.0,50.005467220057625,0.9999863318564468,0.0,0.005228393662314075,0.0
3.566542387008667,12.208784550790691,-5.1744352405753435,-7.753702966510895,1.1722355156861708,1.3699496613366664,-1.0581563713849405,0.0,50.0,20.0,1.0,0.0,0.0,0.0,-438.21473744561945,70.0,50.015937081893256,0.9999601565015147,0.0,0.008926668441603237,0.0
3.599942445755005,12.451190231189722,-5.958460447076373,-8.369537112173617,0.9818291149133671,1.3162683804573316,-1.2024850265217024,0.0,50.0,20.0,1.0,0.0,0.0,0.0,-437.7721458474913,70.0,50.024819750724376,0.999937948698007,0.0,0.011139962011690489,0.0
3.617302179336548,13.0,-6.335301499847017,-8.573097111120347,0.9188869365771946,1.178986782587121,-1.1342427695219437,0.0,50.0,20.0,1.0,0.0,0.0,0.0,-437.28141525427804,70.0,50.03696034543404,0.9999075948670606,0.0,0.013594179900610695,0.0
3.650648832321167,13.0,-5.8954398569033195,-7.854516991153129,0.7610690508726599,1.1181984424796299,-1.001216757178804,0.0,50.0,20.0,1.0,0.0,0.0,0.0,-436.7428851036334,70.0,50.05305806303093,0.9998673460438866,0.0,0.016287735114332166,0.0
3.6840078830718994,12.663938571509481,-6.5942041947834795,-7.839219326271723,0.9414415315569358,1.046131875962111,-1.0219460380426735,0.0,50.0,20.0,1.0,0.0,0.0,0.0,-435.5239831047737,70.0,50.100223860342666,0.9997494089512065,0.0,0.022385694130701447,0.0
3.7172625064849854,11.892888925991533,-7.363831790920796,-7.1129657576889604,0.7774062852353474,0.9690612434501632,-1.1973670127345792,0.0,50.0,20.0,1.0,0.0,0.0,0.0,-434.8444937619927,70.0,50.132984647432934,0.9996674830976725,0.0,0.02578610550596264,0.0
3.749408006668091,11.788134007494453,-8.10767071095753,-6.379674488184776,0.8612171198578058,0.9203488945784066,-1.186012245463505,0.0,50.0,20.0,1.0,0.0,0.0,0.0,-434.11897293928786,70.0,50.17308218365564,0.9995672008833232,0.0,0.029417867330555954,0.0
3.7672955989837646,11.265976587201973,-7.799797043586853,-7.108420350695301,0.7185980479637378,0.8237937426585481,-1.0788177878325313,0.0,50.0,20.0,1.0,0.0,0.0,0.0,-433.3479728695479,70.0,50.2214926196241,0.9994461150566746,0.0,0.033278568150094244,0.0
3.8006699085235596,11.646715901618514,-8.188175829459109,-7.424248370613987,0.6980384157400527,0.9544408397886082,-1.0551512237175105,0.0,50.0,20.0,1.0,0.0,0.0,0.0,-432.53209303255437,70.0,50.27923804179203,0.9993016610568802,0.0,0.037365628710891004,0.0
3.8339650630950928,12.254087643881629,-8.728551491394633,-8.151332018810354,0.5951394735349035,0.8905024882601872,-0.951062779698612,0.0,50.0,20.0,1.0,0.0,0.0,0.0,-430.76833767676874,70.0,50.42702971815176,0.9989318552380043,0.0,0.04620766809479572,0.0
3.867330312728882,11.75709167639487,-7.9400122149121195,-7.720163158397628,0.46273633263279795,0.7353088833178015,-0.881733312062948,0.0,50.0,20.0,1.0,0.0,0.0,0.0,-429.8219114244755,70.0,50.51931588017311,0.9987008664255451,0.0,0.050956642362557154,0.0
3.8995325565338135,11.821493951995892,-7.40476787787764,-7.606717954873492,0.5162759030502071,0.847227207306344,-0.9265122518111011,0.0,50.0,20.0,1.0,0.0,0.0,0.0,-428.8335068688036,70.0,50.625408523350686,0.9984352544773479,0.0,0.05591996617267751,0.0
3.9194188117980957,12.287515448117334,-7.420078871625958,-7.02505580139452,0.6569123678309969,0.7070501225286105,-0.8393372869584037,0.0,50.0,20.0,1.0,0.0,0.0,0.0,-427.80398254716243,70.0,50.74650052370909,0.9981320039861734,0.0,0.061094211006816564,0.0
3.9506635665893555,12.796393710885493,-8.083149900472193,-7.0454609973965905,0.6570977869215139,0.5698857921278766,-0.9139636742580193,0.0,50.0,20.0,1.0,0.0,0.0,0.0,-426.734252869036,70.0,50.88380579815768,0.9977880391191366,0.0,0.06647577747411748,0.0
3.984022855758667,12.193368164538752,-8.86674684323061,-7.528271751542964,0.8396222866530003,0.40593611579221056,-0.9298100219036951,0.0,50.0,20.0,1.0,0.0,0.0,0.0,-424.4781208117595,70.0,51.21198824520424,0.9969654250644697,0.0,0.07784562432160975,0.0
4.0173399448394775,11.616220204126801,-9.589408180674445,-8.029285961786796,1.008568908961637,0.23911867807097342,-0.8181128894620424,0.0,50.0,20.0,1.0,0.0,0.0,0.0,-423.2938356024552,70.0,51.40535475431636,0.9964804193903752,0.0,0.08382585383747568,0.0
4.050613164901733,12.410187906395208,-9.369231876454698,-7.8533772218681825,0.8596588159520278,0.12785403111236765,-0.8939942206307634,0.0,50.0,20.0,1.0,0.0,0.0,0.0,-422.07358069374624,70.0,51.619902973943084,0.9959420089193369,0.0,0.08999730479139609,0.0
4.071213960647583,12.603960767994911,-8.882797847289243,-7.465803440965765,0.7051140278532809,0.21186792146447747,-0.8581725962603148,0.0,50.0,20.0,1.0,0.0,0.0,0.0,-420.8185627599969,70.0,51.85687764592049,0.9953469805903856,0.0,0.09635553035297144,0.0
4.116343975067139,11.870510512401426,-9.584366893787344,-6.730421738198376,0.8710785386662458,0.059598527294189685,-0.6766345811288795,0.0,50.0,20.0,1.0,0.0,0.0,0.0,-418.20936274212056,70.0,52.40303217878376,0.9939742648107551,0.0,0.10961368935456381,0.0
4.134096384048462,11.738782968875537,-9.530196334953247,-6.707828321674886,0.8496035953247421,-0.13736143464137843,-0.48719432203638724,0.0,50.0,20.0,1.0,0.0,0.0,0.0,-416.8578915736211,70.0,52.71463204786794,0.9931902334198923,0.0,0.11650390654111008,0.0
4.167249917984009,11.60959344961947,-9.83379236285391,-6.1561847616796825,0.6569275293909422,-0.22389627514573598,-0.5693385337792589,0.0,50.0,20.0,1.0,0.0,0.0,0.0,-415.4770781433941,70.0,53.0534874087015,0.9923369200813262,0.0,0.12356147070793325,0.0
4.200597763061523,11.95475398211256,-9.138867500570539,-6.2783039676631445,0.8442952090720994,-0.2689525292748347,-0.4449694756078464,0.0,50.0,20.0,1.0,0.0,0.0,0.0,-414.06842346331445,70.0,53.420740641056796,0.9914112652147523,0.0,0.1307811270989969,0.0
4.2235212326049805,11.434540985970461,-8.655152479113625,-6.120093103070499,0.7747181216372292,-0.15804563032253932,-0.37339262581113564,0.0,50.0,20.0,1.0,0.0,0.0,0.0,-412.63348479579946,70.0,53.817497196328574,0.9904102756021653,0.0,0.13815746806323162,0.0
4.266391754150391,11.682014115304108,-8.779279099449171,-6.806526762061508,0.7681742323528266,-0.3248830938386946,-0.2796906555556066,0.0,50.0,20.0,1.0,0.0,0.0,0.0,-409.6912560860575,70.0,54.70372492925523,0.9881707217650824,0.0,0.15335783203435077,0.0
4.299739599227905,11.92499110677833,-9.467725898724861,-7.135685055084816,0.6565615031258536,-0.5062636006021325,-0.4313204081077321,0.0,50.0,20.0,1.0,0.0,0.0,0.0,-408.1873461496209,70.0,55.19517388341477,0.9869266085089236,0.0,0.1611703118352567,0.0
4.31725287437439,11.87012042745396,-9.057126663571754,-6.925492173035651,0.7867175309898107,-0.583912959925566,-0.4261004770779875,0.0,50.0,20.0,1.0,0.0,0.0,0.0,-406.6639077250038,70.0,55.720071320386864,0.9855960853199781,0.0,0.16911639956531224,0.0
4.35054874420166,11.641364306253347,-8.831372235801126,-7.656060698099483,0.5889094569889508,-0.5419943122346591,-0.4471859126420651,0.0,50.0,20.0,1.0,0.0,0.0,0.0,-405.1227495178998,70.0,56.27925843865275,0.9841766649371119,0.0,0.17718998897585536,0.0
4.384018182754517,11.04031043942896,-8.41587025985906,-7.234637548503195,0.7585134610540567,-0.4636638776671482,-0.4869154551262013,0.0,50.0,20.0,1.0,0.0,0.0,0.0,-401.9947156776615,70.0,57.5035224261042,0.9810618675035122,0.0,0.19369463629775863,0.0
4.416138648986816,11.198229011567335,-8.486872391975297,-6.671510655567664,0.8239259121600009,-0.3820692870979323,-0.3853243339769039,0.0,50.0,20.0,1.0,0.0,0.0,0.0,-400.4116538867489,70.0,58.16992403347673,0.9793622311650662,0.0,0.20211288966165322,0.0
4.449836254119873,11.33570307996266,-8.294965491736702,-5.945138359617585,0.9744373634708283,-0.23598119802331263,-0.489397383079969,0.0,50.0,20.0,1.0,0.0,0.0,0.0,-398.818492196197,70.0,58.87325631294998,0.9775651990712692,0.0,0.21063304955478826,0.0
4.467333555221558,10.76112158495964,-8.557992323653142,-6.665765576745037,1.0237015311292368,-0.24841221883199732,-0.5933912637559536,0.0,50.0,20.0,1.0,0.0,0.0,0.0,-397.2172123618751,70.0,59.61397739743657,0.9756690591654616,0.0,0.21924845948645305,0.0
4.5006537437438965,11.261851616718825,-8.635414475772425,-6.315040059730793,1.2139006334774514,-0.1095300836277765,-0.6924781933152839,0.0,50.0,20.0,1.0,0.0,0.0,0.0,-395.6098180895449,70.0,60.39245706997261,0.9736722829834158,0.0,0.22795237517925318,0.0
4.533971786499023,11.764704264400708,-7.954544177815571,-5.6786280420434,1.166280751333966,-0.026799513359884397,-0.7510420871021001,0.0,50.0,20.0,1.0,0.0,0.0,0.0,-392.3847816365519,70.0,62.06371067527836,0.9693716762024813,0.0,0.24559835784547054,0.0
4.566363573074341,11.73269106719393,-8.078171926998765,-5.493627091798612,0.9848076390398448,-0.0025121153037266364,-0.7248501226341111,0.0,50.0,20.0,1.0,0.0,0.0,0.0,-390.77121211287243,70.0,62.95675532722713,0.9670657802672289,0.0,0.2545265735363121,0.0
4.60066032409668,11.296692967638553,-8.852638293595174,-5.018818851711927,1.0697656274441862,0.13693276425662593,-0.5919866104802876,0.0,50.0,20.0,1.0,0.0,0.0,0.0,-389.15966280004,70.0,63.88809540258464,0.96465513163362,0.0,0.26351561056780526,0.0
4.619389533996582,10.90535998212103,-9.153164528859747,-4.488531612191491,0.8764166876592473,0.18347584719820967,-0.6339244279823537,0.0,50.0,20.0,1.0,0.0,0.0,0.0,-387.5521707049744,70.0,64.85761806103935,0.9621392361268732,0.0,0.272558416316937,0.0
4.650659084320068,10.956498514427935,-9.763678182851733,-5.124041797865493,1.0464618610472063,0.3413610770084309,-0.5420799661477486,0.0,50.0,20.0,1.0,0.0,0.0,0.0,-385.9507629929343,70.0,65.86510843321874,0.95951782569888,0.0,0.2816479046009284,0.0
4.683969497680664,10.593100344736705,-9.521292334569956,-5.494034553924172,1.0799294869073865,0.46078559325598906,-0.5506751587482441,0.0,50.0,20.0,1.0,0.0,0.0,0.0,-382.77422543881704,70.0,67.99261785745954,0.9539585476909898,0.0,0.2999384758367917,0.0
4.717317342758179,9.837671638834005,-9.18745051723698,-5.8845687668298705,1.1328521443386692,0.4735049603694905,-0.614095822665422,0.0,50.0,20.0,1.0,0.0,0.0,0.0,-381.203048444248,70.0,69.1116912789583,0.9510213160624784,0.0,0.3091253085640053,0.0
4.750640630722046,10.603942668087335,-8.612231564480602,-5.195981798760918,1.1499209770325616,0.37474352240397113,-0.7512311979367833,0.0,50.0,20.0,1.0,0.0,0.0,0.0,-379.6458498002647,70.0,70.26684156721373,0.9479798479735375,0.0,0.318330343882057,0.0
4.772167205810547,10.326499452836584,-8.177807328267843,-5.078515173242098,1.0553008135615396,0.26342689956302195,-0.7167288991263013,0.0,50.0,20.0,1.0,0.0,0.0,0.0,-378.10452007253184,70.0,71.45733920633712,0.9448350670716632,0.0,0.3275464791929316,0.0
4.8164918422698975,10.253244516545504,-8.215152618164021,-5.064107636108484,0.8739056797432221,0.1785587247498776,-0.8962238371565759,0.0,50.0,20.0,1.0,0.0,0.0,0.0,-375.0768001742002,70.0,73.9409563274737,0.9382404906859603,0.0,0.3459837881135018,0.0
4.834187746047974,10.2360408280739,-8.03811953744895,-4.984809467103919,0.7591730473322182,0.3382840355780414,-0.7806824294041967,0.0,50.0,20.0,1.0,0.0,0.0,0.0,-373.5939448769542,70.0,75.23212024542218,0.9347937733922328,0.0,0.3551909362963967,0.0
4.867305755615234,9.608986905675739,-8.54345978214252,-4.273194566391579,0.6110482995844027,0.3393037228058961,-0.9292312111606336,0.0,50.0,20.0,1.0,0.0,0.0,0.0,-372.1340173942991,70.0,76.5547251011836,0.9312498990572198,0.0,0.36438115415855143,0.0
4.900679588317871,9.721918188807365,-8.181867582710868,-4.9468594081848405,0.6730316817157287,0.471271690784215,-0.8201151772856838,0.0,50.0,20.0,1.0,0.0,0.0,0.0,-370.6986295529937,70.0,77.907558966513,0.9276110203999492,0.0,0.3735475804132118,0.0
4.923259019851685,10.284772703262696,-8.711145155545811,-5.335364025100257,0.6070909000280471,0.6673924917313818,-0.9596386774983592,0.0,50.0,20.0,1.0,0.0,0.0,0.0,-369.28932188134655,70.0,79.28932188134395,0.9238795325112903,0.0,0.3826834323650813,0.0
4.966487169265747,9.774306594601438,-9.349341788133803,-5.092298737331715,0.6183081225284531,0.7581979144128086,-0.9352891994938991,0.0,50.0,20.0,1.0,0.0,0.0,0.0,-366.55472510118614,70.0,82.13401739429641,0.9161495036447479,0.0,0.4008367335605384,0.0
4.999799728393555,9.816437650554311,-9.135175830453596,-4.529103114261761,0.805807000018927,0.7664411062927919,-0.987535858946697,0.0,50.0,20.0,1.0,0.0,0.0,0.0,-365.23212024542465,70.0,83.59394487695144,0.9121569358477973,0.0,0.40984109650541056,0.0
