# Timestamp, Fx, Fy, Fz, Tx, Ty, Tz, FemurPosX, FemurPosY, FemurPosZ, FemurQuatW, FemurQuatX, FemurQuatY, FemurQuatZ, TibiaPosX, TibiaPosY, TibiaPosZ, TibiaQuatW, TibiaQuatX, TibiaQuatY, TibiaQuatZ
0.018471717834472656,5.291870744817425,10.169935074869468,-1.3991119209519811,-0.6599221017509893,-0.5398336740134411,-0.824632996396616,0.0,50.0,20.0,1.0,0.0,0.0,0.0,-340.0004610637132,70.0,149.6963348389046,0.7081795858435042,0.0,0.7060323464222605,0.0
0.0502016544342041,4.636990026073087,10.148141471485573,-1.0937111129128683,-0.8056714656719102,-0.6298607528937725,-0.8662647498295085,0.0,50.0,20.0,1.0,0.0,0.0,0.0,-340.0001200945775,70.0,149.84501967520902,0.7076545072448525,0.0,0.7065586305297283,0.0
0.07092833518981934,4.631743803934782,10.077073543859658,-0.8472527498180427,-0.8792814444346609,-0.5957584872386515,-1.0403968418420333,0.0,50.0,20.0,1.0,0.0,0.0,0.0,-340.0000155708158,70.0,149.94419531458394,0.7073040530260521,0.0,0.7069094542958947,0.0
0.10056042671203613,3.9243043940535927,9.41387930699793,-0.5990506137859966,-0.9684999133828514,-0.6725268258590764,-0.8789769599751911,0.0,50.0,20.0,1.0,0.0,0.0,0.0,-340.00000019227275,70.0,149.99379882627275,0.7071287053066339,0.0,0.7070848563866742,0.0
0.1335468292236328,3.8405989282345527,9.834359612752895,0.07551376672305143,-1.1138806621679698,-0.6983060021808223,-0.7514455213945238,0.0,50.0,20.0,1.0,0.0,0.0,0.0,-340.0000155708158,70.0,149.94419531458394,0.7073040530260521,0.0,0.7069094542958947,0.0
0.16673636436462402,3.1100380187419066,9.781695364887632,0.4584075069079989,-1.2999613657572713,-0.5026359532976047,-0.790516200360109,0.0,50.0,20.0,1.0,0.0,0.0,0.0,-340.0001200945775,70.0,149.84501967520902,0.7076545072448525,0.0,0.7065586305297283,0.0
0.2002878189086914,3.5406954011679677,10.526753967301234,0.822955902338844,-1.2418198340130602,-0.6448385529643269,-0.8609968065350131,0.0,50.0,20.0,1.0,0.0,0.0,0.0,-340.0004610637132,70.0,149.69633483890456,0.7081795858435043,0.0,0.7060323464222604,0.0
0.22210073471069336,2.7966243956080277,11.210318937389987,0.4192810413960515,-1.1141005123157044,-0.5365824854841188,-0.7708175522332165,0.0,50.0,20.0,1.0,0.0,0.0,0.0,-340.00125884545344,70.0,149.4982356070798,0.7088785664446351,0.0,0.7053305452306734,0.0
0.2671091556549072,3.2041240698458164,11.949260812814009,0.9152120601692424,-1.1278616880500907,-0.4085895309190207,-0.9306817949110424,0.0,50.0,20.0,1.0,0.0,0.0,0.0,-340.00546722005765,70.0,148.95433556002425,0.7107941489628898,0.0,0.7034000837362199,0.0
0.3002500534057617,3.4982878650304685,11.370833894649671,1.5959234865918177,-1.0646830193471906,-0.27081215346850435,-0.7521908437285145,0.0,50.0,20.0,1.0,0.0,0.0,0.0,-340.0096764200608,70.0,148.60888879701722,0.7120081151327659,0.0,0.7021712355153023,0.0
0.31694889068603516,3.9784578902109606,11.632527129157523,1.5922620894911852,-1.031522577074539,-0.2506277050263832,-0.5616233627726599,0.0,50.0,20.0,1.0,0.0,0.0,0.0,-340.01593708189324,70.0,148.21473744561948,0.7133907153670439,0.0,0.7007664997901208,0.0
0.3504142761230469,3.4844520657915563,12.347914827651328,1.4370789609500658,-1.0524748052191684,-0.4481542949801808,-0.6110076383415295,0.0,50.0,20.0,1.0,0.0,0.0,0.0,-340.02481975072436,70.0,147.77214584749132,0.7149400469707536,0.0,0.6991857616095001,0.0
0.38355588912963867,3.946973599328987,12.65213829965548,0.7344004412078659,-0.8580532886548815,-0.2771878105775382,-0.5010268186174208,0.0,50.0,20.0,1.0,0.0,0.0,0.0,-340.0530580630309,70.0,146.74288510363343,0.7185301486241429,0.0,0.6954958127251143,0.0
0.41694211959838867,3.998531919186425,11.918447804064476,0.710283592431378,-0.7530871451985605,-0.10874495137838275,-0.6047659161126295,0.0,50.0,20.0,1.0,0.0,0.0,0.0,-340.07387305261193,70.0,146.15693438847612,0.7205659775881869,0.0,0.6933863799804411,0.0
0.4499545097351074,4.350935601805898,12.53437108673046,0.5106881478314079,-0.6389900844927943,-0.17497278933175886,-0.6856193953145324,0.0,50.0,20.0,1.0,0.0,0.0,0.0,-340.1002238603427,70.0,145.5239831047738,0.7227586626780277,0.0,0.6911005104352542,0.0
0.4665102958679199,4.229835726561918,12.59331468104006,0.8548961555391771,-0.4973279496391929,-0.0597731671920978,-0.8102897548612829,0.0,50.0,20.0,1.0,0.0,0.0,0.0,-340.1329846474329,70.0,144.8444937619927,0.7251051862937105,0.0,0.6886381261663949,0.0
0.5001261234283447,4.563476655903113,12.198280897718242,1.641255000033889,-0.539783184339818,-0.16360333246348763,-0.7737210470137942,0.0,50.0,20.0,1.0,0.0,0.0,0.0,-340.17308218365565,70.0,144.11897293928786,0.7276023194737361,0.0,0.6859991725187715,0.0
0.5337107181549072,5.244195025545038,12.473450885711525,1.3693377601032863,-0.5887687290452487,-0.10221931202510881,-0.605602598064698,0.0,50.0,20.0,1.0,0.0,0.0,0.0,-340.27923804179204,70.0,142.5320930325544,0.7330344704290706,0.0,0.6801914915395311,0.0
0.5665223598480225,5.393938351708363,11.942315139893104,1.9812396725628312,-0.6555528484203687,-0.2906578873905502,-0.7075978355028225,0.0,50.0,20.0,1.0,0.0,0.0,0.0,-340.3473828149798,70.0,141.67198173778337,0.7359620175736539,0.0,0.6770228273026817,0.0
0.6002621650695801,5.727432868655001,11.882453709746118,1.4954237679329954,-0.7818352209543185,-0.19869834615216242,-0.5814707428719195,0.0,50.0,20.0,1.0,0.0,0.0,0.0,-340.42702971815174,70.0,140.76833767676868,0.7390252442346991,0.0,0.6736777333294038,0.0
0.6180665493011475,4.939408981117028,11.823903972005835,1.7307329255558652,-0.8197473932234839,-0.15839037334586842,-0.4413199365738601,0.0,50.0,20.0,1.0,0.0,0.0,0.0,-340.5193158801731,70.0,139.82191142447542,0.7422199423874456,0.0,0.670156367665321,0.0
0.6500577926635742,5.459701346493162,12.11238295436622,1.289025162523397,-0.823964620849603,-0.2120822242680617,-0.42797892776594726,0.0,50.0,20.0,1.0,0.0,0.0,0.0,-340.6254085233507,70.0,138.83350686880345,0.7455417263010721,0.0,0.6664589517322258,0.0
0.6833984851837158,5.234294302526344,12.506055164848839,0.5026153261831471,-0.8520824629126003,-0.16930143996223176,-0.4404400034687447,0.0,50.0,20.0,1.0,0.0,0.0,0.0,-340.8838057981577,70.0,136.73425286903583,0.7525481616845667,0.0,0.6585372156113724,0.0
0.71695876121521,4.573201117659293,12.635514867263153,-0.04131545731843966,-0.7870086381368753,-0.13641535136050523,-0.5053420856380098,0.0,50.0,20.0,1.0,0.0,0.0,0.0,-341.0385545299592,70.0,135.62528920359995,0.7562232170344946,0.0,0.6543137214043427,0.0
0.7502861022949219,3.775721347619841,13.0,0.17477627373173277,-0.9195274742552885,-0.10233835821589082,-0.3762198049422113,0.0,50.0,20.0,1.0,0.0,0.0,0.0,-341.2119882452043,70.0,134.47812081175923,0.7600061815151268,0.0,0.6499158438281037,0.0
0.7707858085632324,3.0290006789576776,13.0,-0.10641859816304156,-0.9675358886693739,-0.03700151758747555,-0.45540492636517765,0.0,50.0,20.0,1.0,0.0,0.0,0.0,-341.4053547543164,70.0,133.29383560245495,0.7638918915577815,0.0,0.6453442321833168,0.0
0.8007113933563232,2.2750626874689313,13.0,-0.15069231812373807,-1.0229898967252842,-0.01607946695420795,-0.3527086785021908,0.0,50.0,20.0,1.0,0.0,0.0,0.0,-341.8568776459206,70.0,130.81856275999655,0.7719502485264301,0.0,0.6356829506916029,0.0
0.833599328994751,2.4461464692426125,13.0,-0.8253441187280229,-1.1995676063798522,-0.11477041536281293,-0.22184842003412675,0.0,50.0,20.0,1.0,0.0,0.0,0.0,-342.1175139713099,70.0,129.53004814750946,0.7761119502123728,0.0,0.6305951480447239,0.0
0.8669438362121582,3.0160829563868594,12.350728783060449,-0.5875525585324851,-1.0469707238684376,-0.3066465000437003,-0.21870999567326688,0.0,50.0,20.0,1.0,0.0,0.0,0.0,-342.40303217878386,70.0,128.2093627421202,0.7803545260260871,0.0,0.6253373599191088,0.0
0.9003198146820068,2.954795615240611,12.676680192282584,-0.5651078676149746,-0.9296896807174605,-0.1686220039966777,-0.1534250418444955,0.0,50.0,20.0,1.0,0.0,0.0,0.0,-342.71463204786807,70.0,126.85789157362066,0.7846722514094,0.0,0.6199108467095114,0.0
0.922093391418457,2.6961831024221063,12.114247295619988,-0.9361158019596093,-1.0970071619598858,-0.16861777833552552,-0.3002893199375253,0.0,50.0,20.0,1.0,0.0,0.0,0.0,-343.0534874087016,70.0,125.4770781433936,0.789059319242243,0.0,0.6143170115803143,0.0
0.9669919013977051,3.02582500917965,12.293789810319558,-1.1699452165459365,-1.2611578216686683,-0.2512765150957386,-0.126070176544476,0.0,50.0,20.0,1.0,0.0,0.0,0.0,-343.81749719632876,70.0,122.63348479579886,0.7980179045742054,0.0,0.602633739496051,0.0
1.0000824928283691,3.113852226844614,12.7621803831426,-0.40307497048647156,-1.273364411897658,-0.42453752165433073,-0.26991885544547517,0.0,50.0,20.0,1.0,0.0,0.0,0.0,-344.2448201670559,70.0,121.17387408685435,0.8025774913151553,0.0,0.5965478777384694,0.0
1.0167367458343506,3.4835291419209415,12.112915429272373,-0.9147809879884837,-1.2166813287778648,-0.33428629183026337,-0.4491740345231573,0.0,50.0,20.0,1.0,0.0,0.0,0.0,-344.70372492925543,70.0,119.6912560860568,0.8071825813096539,0.0,0.590301855350535,0.0
1.0501537322998047,3.8397650428259587,12.182392717496343,-0.6147647772463521,-1.1238469455165385,-0.1754086038397072,-0.36986319508262433,0.0,50.0,20.0,1.0,0.0,0.0,0.0,-345.195173883415,70.0,118.1873461496202,0.8118271178347636,0.0,0.5838978769854374,0.0
1.08349609375,4.575660729496558,12.031359872914848,-0.40539307108523814,-1.057043784495888,-0.25995613145541346,-0.17915141997307166,0.0,50.0,20.0,1.0,0.0,0.0,0.0,-346.279258438653,70.0,115.12274951789902,0.8212102364257918,0.0,0.5706257508993922,0.0
1.1165165901184082,5.0722837763816875,12.625706407243369,0.3650343096091163,-0.8751980199236712,-0.10031178257609541,-0.30440310852251545,0.0,50.0,20.0,1.0,0.0,0.0,0.0,-346.87350853945213,70.0,113.56572234490571,0.8259366732840184,0.0,0.5637629038208603,0.0
1.1502630710601807,4.814962189833413,12.993205024021307,0.8512149300376132,-0.7587826857936273,-0.16518459529834692,-0.20047520435779115,0.0,50.0,20.0,1.0,0.0,0.0,0.0,-347.50352242610455,70.0,111.99471567766057,0.8306782900808816,0.0,0.5567527084696605,0.0
1.166933298110962,4.75284685592298,12.804632770393663,0.6528376279391936,-0.7824236859094155,-0.03793426436551242,-0.09552535753433694,0.0,50.0,20.0,1.0,0.0,0.0,0.0,-348.1699240334772,70.0,110.41165388674793,0.8354290697397717,0.0,0.5495982800498375,0.0
1.2001290321350098,4.3363038798510445,12.833235613046114,-0.002749722850840297,-0.5827245366668377,0.04289739266386636,-0.24216709127546568,0.0,50.0,20.0,1.0,0.0,0.0,0.0,-348.8732563129504,70.0,108.81849219619606,0.8401830389974674,0.0,0.5423029236330745,0.0
1.2335426807403564,4.429680703560391,12.868760184903106,0.731971808809016,-0.5166649860388821,0.04986275315392777,-0.14827317043779745,0.0,50.0,20.0,1.0,0.0,0.0,0.0,-350.39245706997315,70.0,105.60981808954386,0.8496769442277934,0.0,0.5273036036741255,0.0
1.2669527530670166,4.884996020986003,12.719656117378952,1.4019990367388182,-0.6952186638176011,0.033214610758025426,-0.057296166120897524,0.0,50.0,20.0,1.0,0.0,0.0,0.0,-351.2089735581603,70.0,103.99833021069202,0.854405260369188,0.0,0.5196072084310033,0.0
1.3001182079315186,4.378600285774506,13.0,1.6226425539438885,-0.7705709079725067,0.10866089196035797,-0.08639307396457382,0.0,50.0,20.0,1.0,0.0,0.0,0.0,-352.06371067527897,70.0,102.38478163655077,0.8591135500137606,0.0,0.5117850214521268,0.0
1.3186285495758057,5.145715105858078,12.460265279703082,1.7140140320408188,-0.805721115654771,0.14229177994276695,0.05681800844852378,0.0,50.0,20.0,1.0,0.0,0.0,0.0,-352.9567553272278,70.0,100.77121211287124,0.8637962372201234,0.0,0.5038413049407087,0.0
1.3502731323242188,5.454584745007599,13.0,1.7392868500279737,-0.7114420572218862,0.20143122018611379,-0.13902073112904106,0.0,50.0,20.0,1.0,0.0,0.0,0.0,-353.88809540258535,70.0,99.15966280003886,0.8684478602655462,0.0,0.49578050990351996,0.0
1.3836088180541992,6.21264487839189,12.558702507087714,2.312262962049785,-0.6823535571287749,0.04951885362924327,-0.2732780162730212,0.0,50.0,20.0,1.0,0.0,0.0,0.0,-355.8651084332195,70.0,95.95076299293308,0.8776367044713517,0.0,0.47932641797074504,0.0
1.4169902801513672,6.8430526836440215,13.0,2.8920443992704117,-0.6621509373356954,0.06472461834814422,-0.43226950026205013,0.0,50.0,20.0,1.0,0.0,0.0,0.0,-356.9102487425735,70.0,94.35745120881867,0.8821636718636211,0.0,0.47094294351236793,0.0
1.4502208232879639,6.654410294728648,12.76549367717646,2.1933244543615613,-0.637449331515724,-0.09859789514591619,-0.39156661365794143,0.0,50.0,20.0,1.0,0.0,0.0,0.0,-357.99261785746046,70.0,92.77422543881572,0.8866390882461259,0.0,0.4624620278402094,0.0
1.470749855041504,6.46046498473383,13.0,2.9474480607968303,-0.6601851592353952,0.02628168018629265,-0.5401624574405295,0.0,50.0,20.0,1.0,0.0,0.0,0.0,-359.11169127895926,70.0,91.20304844424666,0.8910582235627292,0.0,0.45388901971873397,0.0
1.500535249710083,5.92430869977967,12.47347674486294,2.231763289934265,-0.4820445127984423,-0.043501099632117846,-0.6839613229239742,0.0,50.0,20.0,1.0,0.0,0.0,0.0,-361.4573392063382,70.0,88.10452007253048,0.8997096196203237,0.0,0.4364889464381113,0.0
1.5335760116577148,6.1223591453078035,11.713024657040675,2.505828264992393,-0.5915051982679033,-0.13219988808917743,-0.7774383324595948,0.0,50.0,20.0,1.0,0.0,0.0,0.0,-362.68235390505873,70.0,86.58090506529274,0.9039333353038466,0.0,0.4276733862732912,0.0
1.5669758319854736,6.735208586427561,11.069547369987138,2.2456086574985097,-0.4692158535891976,0.01732539271398964,-0.860958773104043,0.0,50.0,20.0,1.0,0.0,0.0,0.0,-363.9409563274749,70.0,85.07680017419875,0.9080836961035069,0.0,0.4187887305921612,0.0
1.6003143787384033,6.3574757539416575,10.389556808973296,1.48091607482322,-0.4177429364536689,0.10178219660359666,-0.898460059124897,0.0,50.0,20.0,1.0,0.0,0.0,0.0,-365.23212024542346,70.0,83.59394487695282,0.9121569358477937,0.0,0.4098410965054189,0.0
1.6227271556854248,6.788224553487938,9.660456053474153,1.9185893588802692,-0.5809293752068339,0.05863316380831901,-0.7998636150200878,0.0,50.0,20.0,1.0,0.0,0.0,0.0,-366.55472510118494,70.0,82.13401739429771,0.9161495036447443,0.0,0.4008367335605465,0.0
1.6669416427612305,7.00485714129683,9.622984734207423,2.506434854708136,-0.46047300050969325,0.11624792534468542,-0.6689938220390185,0.0,50.0,20.0,1.0,0.0,0.0,0.0,-369.28932188134536,70.0,79.28932188134513,0.9238795325112871,0.0,0.38268343236508906,0.0
1.7002651691436768,6.879374390989756,10.310819408981155,3.008891571484228,-0.5513065166735615,0.05795779815951671,-0.7351149203411678,0.0,50.0,20.0,1.0,0.0,0.0,0.0,-370.6986295529925,70.0,77.90755896651415,0.9276110203999461,0.0,0.37354758041321956,0.0
1.7804160118103027,6.976544080937701,10.647216157283474,3.1095224998038478,-0.3521808213784401,0.14100639996402833,-0.6130918035510755,0.0,50.0,20.0,1.0,0.0,0.0,0.0,-372.134017394298,70.0,76.5547251011847,0.9312498990572168,0.0,0.364381154158559,0.0
1.8136439323425293,7.433839008771892,10.630825544842928,3.784210363694576,-0.4597084286044117,0.3325293140573278,-0.44623515898100347,0.0,50.0,20.0,1.0,0.0,0.0,0.0,-372.134017394298,70.0,76.5547251011847,0.9312498990572168,0.0,0.364381154158559,0.0
1.8471450805664062,6.987471663937954,10.517999698294258,3.3226111095627995,-0.5210507122590092,0.18374588136992087,-0.5897184004583755,0.0,50.0,20.0,1.0,0.0,0.0,0.0,-372.134017394298,70.0,76.5547251011847,0.9312498990572168,0.0,0.364381154158559,0.0
1.88077974319458,7.658451137262628,10.179970912493118,3.7503804299248213,-0.41572068131972556,0.27312703933123916,-0.671355474798467,0.0,50.0,20.0,1.0,0.0,0.0,0.0,-372.134017394298,70.0,76.5547251011847,0.9312498990572168,0.0,0.364381154158559,0.0
1.9120941162109375,7.958617543658742,9.631235184526346,3.148410063901387,-0.4453649159284273,0.1410959086812775,-0.5226213131821627,0.0,50.0,20.0,1.0,0.0,0.0,0.0,-372.134017394298,70.0,76.5547251011847,0.9312498990572168,0.0,0.364381154158559,0.0
1.9438433647155762,8.531122184265467,10.2019149539278,3.194366800399239,-0.5837387930400151,0.1563588683509132,-0.6255951554137898,0.0,50.0,20.0,1.0,0.0,0.0,0.0,-372.134017394298,70.0,76.5547251011847,0.9312498990572168,0.0,0.364381154158559,0.0
1.9753224849700928,8.83687264044013,9.520100330311111,3.0745003688183505,-0.46630298101226764,0.15432363987399478,-0.7674543953301043,0.0,50.0,20.0,1.0,0.0,0.0,0.0,-372.134017394298,70.0,76.5547251011847,0.9312498990572168,0.0,0.364381154158559,0.0
2.0076611042022705,9.62388572484948,10.182329299532013,2.3530047487207253,-0.32735470829446683,0.0319651450948103,-0.8910214158310295,0.0,50.0,20.0,1.0,0.0,0.0,0.0,-372.134017394298,70.0,76.5547251011847,0.9312498990572168,0.0,0.364381154158559,0.0
2.0402991771698,9.457843525736367,9.431435309075988,1.7719393519345248,-0.2210252016449294,-0.03655261621543779,-0.7518968242448338,0.0,50.0,20.0,1.0,0.0,0.0,0.0,-372.134017394298,70.0,76.5547251011847,0.9312498990572168,0.0,0.364381154158559,0.0
2.0746009349823,9.595452801758888,8.754427059161722,2.3609015291153534,-0.02256975708975406,0.00579697227575196,-0.7569387566721615,0.0,50.0,20.0,1.0,0.0,0.0,0.0,-372.134017394298,70.0,76.5547251011847,0.9312498990572168,0.0,0.364381154158559,0.0
2.111752510070801,12.490856061657354,10.550193079157182,-12.168826120483022,-0.43824647362694114,-0.6709591624498709,-0.700601323216254,0.0,50.0,20.0,1.0,0.0,0.0,0.0,-372.134017394298,70.0,76.5547251011847,0.9312498990572168,0.0,0.364381154158559,0.0
2.146442174911499,12.396210497959657,10.091325590426749,-11.796184501995285,-0.5242133656695385,-0.6772199632472683,-0.5562316109946042,0.0,50.0,20.0,1.0,0.0,0.0,0.0,-372.134017394298,70.0,76.5547251011847,0.9312498990572168,0.0,0.364381154158559,0.0
2.180607557296753,12.312710672645593,10.862569266178683,-11.034563278596154,-0.5240861040353373,-0.7841873689147405,-0.39203201404054516,0.0,50.0,20.0,1.0,0.0,0.0,0.0,-372.134017394298,70.0,76.5547251011847,0.9312498990572168,0.0,0.364381154158559,0.0
2.215543508529663,12.296191760522126,10.934054397371286,-10.730108090812541,-0.38278189634052046,-0.9838394040432028,-0.32714709205263104,0.0,50.0,20.0,1.0,0.0,0.0,0.0,-372.134017394298,70.0,76.5547251011847,0.9312498990572168,0.0,0.364381154158559,0.0
2.2527823448181152,12.288909991536688,10.96358715763144,-10.720128833919958,-0.3632146818986983,-1.1208113185851425,-0.2613958367352378,0.0,50.0,20.0,1.0,0.0,0.0,0.0,-372.134017394298,70.0,76.5547251011847,0.9312498990572168,0.0,0.364381154158559,0.0
2.2875776290893555,12.367141160641134,11.096656695104771,-10.280730878580442,-0.4536749266262317,-0.9914486607841471,-0.44760729985670045,0.0,50.0,20.0,1.0,0.0,0.0,0.0,-372.134017394298,70.0,76.5547251011847,0.9312498990572168,0.0,0.364381154158559,0.0
2.3250303268432617,12.666647030005072,11.512839322583934,-9.707681998529761,-0.31414876367662753,-1.1352627754517803,-0.41194364747388634,0.0,50.0,20.0,1.0,0.0,0.0,0.0,-372.134017394298,70.0,76.5547251011847,0.9312498990572168,0.0,0.364381154158559,0.0
2.363219738006592,13.0,10.77536494866316,-9.709174624582724,-0.28572518981742057,-1.2701321417578955,-0.36585925386408974,0.0,50.0,20.0,1.0,0.0,0.0,0.0,-372.134017394298,70.0,76.5547251011847,0.9312498990572168,0.0,0.364381154158559,0.0
2.4014103412628174,13.0,10.763863162042616,-9.802204395611497,-0.17126731451488647,-1.1968388196765556,-0.20075528792582087,0.0,50.0,20.0,1.0,0.0,0.0,0.0,-372.134017394298,70.0,76.5547251011847,0.9312498990572168,0.0,0.364381154158559,0.0
2.4377098083496094,12.86509818422959,10.026602956950377,-10.403276538670442,-0.23930396647354638,-1.260168420216059,-0.004298972543676061,0.0,50.0,20.0,1.0,0.0,0.0,0.0,-372.134017394298,70.0,76.5547251011847,0.9312498990572168,0.0,0.364381154158559,0.0
2.473529577255249,13.0,10.743300518511836,-10.226484639989499,-0.4171859372976524,-1.0617751730519893,-0.06294703478090494,0.0,50.0,20.0,1.0,0.0,0.0,0.0,-372.134017394298,70.0,76.5547251011847,0.9312498990572168,0.0,0.364381154158559,0.0
2.5125880241394043,13.0,10.698987284930842,-10.5870049244448,-0.41525947645919326,-1.2452173656577745,0.12609105981822802,0.0,50.0,20.0,1.0,0.0,0.0,0.0,-372.134017394298,70.0,76.5547251011847,0.9312498990572168,0.0,0.364381154158559,0.0
2.5491437911987305,12.737933917637342,10.696413278748327,-10.368883288666122,-0.4998531013396941,-1.3519465744621395,-0.06358572538113358,0.0,50.0,20.0,1.0,0.0,0.0,0.0,-372.134017394298,70.0,76.5547251011847,0.9312498990572168,0.0,0.364381154158559,0.0
2.589407444000244,13.0,10.157137249471665,-9.747182166978869,-0.6136567922799318,-1.4252569275539015,-0.207318352134083,0.0,50.0,20.0,1.0,0.0,0.0,0.0,-372.134017394298,70.0,76.5547251011847,0.9312498990572168,0.0,0.364381154158559,0.0
2.649024248123169,13.0,9.855641442217578,-9.347122011377222,-0.6418576045255482,-1.2895149911872776,-0.03542675430771375,0.0,50.0,20.0,1.0,0.0,0.0,0.0,-372.134017394298,70.0,76.5547251011847,0.9312498990572168,0.0,0.364381154158559,0.0
2.689927577972412,13.0,9.757579793744467,-9.314428030948887,-0.7685368820285126,-1.1874738542366645,0.03661006213138973,0.0,50.0,20.0,1.0,0.0,0.0,0.0,-372.134017394298,70.0,76.5547251011847,0.9312498990572168,0.0,0.364381154158559,0.0
2.730099678039551,12.98534605210721,9.511442912052964,-10.007883180782073,-0.8927507032350204,-1.2597717102741617,0.15856116052510905,0.0,50.0,20.0,1.0,0.0,0.0,0.0,-372.134017394298,70.0,76.5547251011847,0.9312498990572168,0.0,0.364381154158559,0.0
2.7687668800354004,12.60500041429684,9.202861032289732,-9.90025781244513,-0.7717089404854764,-1.115949531227636,0.21384787747523387,0.0,50.0,20.0,1.0,0.0,0.0,0.0,-372.134017394298,70.0,76.5547251011847,0.9312498990572168,0.0,0.364381154158559,0.0
2.811384916305542,12.599988366299915,9.231271421796476,-10.334131424472508,-0.6888665440324506,-1.3077270403493997,0.23765232857775098,0.0,50.0,20.0,1.0,0.0,0.0,0.0,-372.134017394298,70.0,76.5547251011847,0.9312498990572168,0.0,0.364381154158559,0.0
2.8517088890075684,13.0,8.482631132614726,-10.368551744811352,-0.5162521889250926,-1.3618100659628225,0.20399515944448865,0.0,50.0,20.0,1.0,0.0,0.0,0.0,-372.134017394298,70.0,76.5547251011847,0.9312498990572168,0.0,0.364381154158559,0.0
2.855652332305908,13.0,8.60815814340075,-9.908030352339962,-0.5409294262896247,-1.2821121142075755,0.23832261911491576,0.0,50.0,20.0,1.0,0.0,0.0,0.0,-373.59394487695306,70.0,75.23212024542322,0.93479377339223,0.0,0.35519093629640397,0.0
2.884971857070923,13.0,8.937323671014592,-10.15839683811127,-0.6293756076322025,-1.4805946512441248,0.10260927774308448,0.0,50.0,20.0,1.0,0.0,0.0,0.0,-375.076800174199,70.0,73.94095632747468,0.9382404906859576,0.0,0.3459837881135089,0.0
2.9336483478546143,12.604698763878728,8.461538825129647,-9.713775700679518,-0.43974351558655933,-1.5,-0.020258040267850275,0.0,50.0,20.0,1.0,0.0,0.0,0.0,-376.580905065293,70.0,72.68235390505852,0.9415881427007816,0.0,0.33676663956706365,0.0
2.9502553939819336,12.889781095854417,9.21457164889025,-9.561638250416033,-0.6128537223612042,-1.3593336559170883,0.15866851570080115,0.0,50.0,20.0,1.0,0.0,0.0,0.0,-378.10452007253076,70.0,71.45733920633799,0.944835067071661,0.0,0.3275464791929383,0.0
2.966965436935425,12.316649177122708,8.527929375465181,-10.241056811428052,-0.6561564433629827,-1.5,0.1969224041345917,0.0,50.0,20.0,1.0,0.0,0.0,0.0,-379.64584980026365,70.0,70.26684156721454,0.9479798479735354,0.0,0.3183303438820634,0.0
3.0007212162017822,12.871405369750619,9.061901435748203,-10.831710544751527,-0.47164391096233155,-1.4633544303071704,0.22718274190404122,0.0,50.0,20.0,1.0,0.0,0.0,0.0,-382.774225438816,70.0,67.99261785746027,0.9539585476909879,0.0,0.2999384758367978,0.0
3.033737897872925,13.0,9.162851749389716,-10.075838332266251,-0.33182205665954007,-1.477282148421714,0.2716766680677367,0.0,50.0,20.0,1.0,0.0,0.0,0.0,-384.35745120881893,70.0,66.91024874257333,0.9567908634007399,0.0,0.29077696558164073,0.0
3.0669643878936768,12.423889838468043,9.420517775044459,-9.5487193770207,-0.22386605483177024,-1.5,0.1338772337972081,0.0,50.0,20.0,1.0,0.0,0.0,0.0,-385.95076299293333,70.0,65.86510843321936,0.9595178256988784,0.0,0.281647904600934,0.0
3.1003055572509766,11.728325913756754,9.15573455300929,-8.997489218086082,-0.20976902323070845,-1.5,0.15612798260229324,0.0,50.0,20.0,1.0,0.0,0.0,0.0,-387.5521707049735,70.0,64.85761806103991,0.9621392361268718,0.0,0.2725584163169422,0.0
3.1181581020355225,11.728057630620555,9.673568216035019,-9.506005655560315,-0.24890952075030895,-1.5,0.12506746393987436,0.0,50.0,20.0,1.0,0.0,0.0,0.0,-389.1596628000391,70.0,63.888095402585165,0.9646551316336187,0.0,0.26351561056781025,0.0
3.15018630027771,11.983526274304161,9.690810821909889,-9.458485736822466,-0.06021467654568066,-1.5,0.1350424504488331,0.0,50.0,20.0,1.0,0.0,0.0,0.0,-390.7712121128715,70.0,62.956755327227654,0.9670657802672276,0.0,0.25452657353631714,0.0
3.1837496757507324,11.904194242454956,8.929573149090972,-9.478563382516862,0.006508988156719159,-1.5,0.1425593855749894,0.0,50.0,20.0,1.0,0.0,0.0,0.0,-393.9983302106923,70.0,61.208973558160196,0.9715735341234851,0.0,0.23673797285353482,0.0
3.216900587081909,12.537514397197135,9.216628228158614,-9.448871829653582,-0.11179874078413446,-1.4113722765018033,0.22125571960931759,0.0,50.0,20.0,1.0,0.0,0.0,0.0,-395.6098180895441,70.0,60.39245706997298,0.9736722829834149,0.0,0.22795237517925734,0.0
3.2502641677856445,12.285224965148618,9.58022916493404,-9.72590848361288,-0.13690814851678765,-1.3313823865640475,0.41466353460686756,0.0,50.0,20.0,1.0,0.0,0.0,0.0,-397.2172123618744,70.0,59.61397739743691,0.9756690591654608,0.0,0.21924845948645696,0.0
3.2700743675231934,11.51897069771013,9.369111144502376,-10.15163973714624,-0.2545259078843404,-1.2897905567772112,0.45089280483411565,0.0,50.0,20.0,1.0,0.0,0.0,0.0,-398.8184921961963,70.0,58.87325631295029,0.9775651990712684,0.0,0.2106330495547919,0.0
3.300708055496216,11.325719590866747,9.96295833510411,-10.143396766208438,-0.18816461002327628,-1.3976064207897785,0.6390619772770391,0.0,50.0,20.0,1.0,0.0,0.0,0.0,-401.99471567766085,70.0,57.50352242610445,0.9810618675035115,0.0,0.193694636297762,0.0
3.333791971206665,11.499517644149408,9.763733277460807,-9.836485522180032,-0.018375825446944605,-1.4853139241260958,0.46455480008972405,0.0,50.0,20.0,1.0,0.0,0.0,0.0,-403.56572234490596,70.0,56.87350853945202,0.9826659947829374,0.0,0.18538485023663637,0.0
3.3669238090515137,12.16689461925725,9.190112336350333,-10.331641850247324,0.06285747681116821,-1.4843441861624143,0.5779102085880514,0.0,50.0,20.0,1.0,0.0,0.0,0.0,-405.12274951789925,70.0,56.279258438652946,0.9841766649371114,0.0,0.1771899889758582,0.0
3.400320529937744,12.542651616414481,9.666342697324467,-9.723746289045883,0.23620918241650657,-1.4127079574286259,0.4097895225492817,0.0,50.0,20.0,1.0,0.0,0.0,0.0,-406.6639077250033,70.0,55.72007132038705,0.9855960853199777,0.0,0.1691163995653148,0.0
3.4220945835113525,12.7065232344502,9.993523085262302,-9.823692660463983,0.2835802168115042,-1.3818150536355793,0.393620329388102,0.0,50.0,20.0,1.0,0.0,0.0,0.0,-408.18734614962045,70.0,55.195173883414924,0.9869266085089232,0.0,0.16117031183525907,0.0
3.466958522796631,12.046214291679497,10.229832865813842,-9.999290648680015,0.14391676780839327,-1.360193860200001,0.41878898648989765,0.0,50.0,20.0,1.0,0.0,0.0,0.0,-411.1738740868546,70.0,54.24482016705578,0.9893310361879492,0.0,0.14568493688531725,0.0
3.5002996921539307,12.495423154634185,10.96122701406196,-10.651763626385536,0.08697213520221941,-1.5,0.2951590206159771,0.0,50.0,20.0,1.0,0.0,0.0,0.0,-412.6334847957991,70.0,53.817497196328674,0.9904102756021651,0.0,0.1381574680632335,0.0
3.516948699951172,12.114697646057431,10.512436119585553,-9.870067103098421,-0.10121261468560544,-1.5,0.4781798258316255,0.0,50.0,20.0,1.0,0.0,0.0,0.0,-414.06842346331416,70.0,53.42074064105688,0.9914112652147521,0.0,0.13078112709899842,0.0
3.5503127574920654,11.960604809163293,10.010152142216581,-10.402220550611881,-0.015584277530166168,-1.435062436176692,0.5970922833317096,0.0,50.0,20.0,1.0,0.0,0.0,0.0,-415.47707814339384,70.0,53.05348740870156,0.9923369200813261,0.0,0.12356147070793463,0.0
3.5836021900177,12.518949779940614,9.81249099925498,-10.877112078334914,0.08001335216769218,-1.5,0.7510788449060062,0.0,50.0,20.0,1.0,0.0,0.0,0.0,-418.2093627421204,70.0,52.4030321787838,0.993974264810755,0.0,0.10961368935456478,0.0
3.616910696029663,12.173333914503766,9.211426664292297,-10.79477137413963,0.03431710180322209,-1.5,0.9169812982605552,0.0,50.0,20.0,1.0,0.0,0.0,0.0,-419.5300481475097,70.0,52.11751397130982,0.9946921283208443,0.0,0.1028959175893246,0.0
3.6504037380218506,11.965276439980112,8.803325024071475,-10.178843957538408,0.15807287281919227,-1.4061188398364228,0.718648178538571,0.0,50.0,20.0,1.0,0.0,0.0,0.0,-420.8185627599968,70.0,51.856877645920505,0.9953469805903856,0.0,0.09635553035297223,0.0
3.6671600341796875,12.262164128325743,9.550612169145623,-9.963174677211656,0.05192733595526795,-1.2812015263174028,0.5307996931321297,0.0,50.0,20.0,1.0,0.0,0.0,0.0,-422.0735806937461,70.0,51.61990297394311,0.9959420089193368,0.0,0.08999730479139664,0.0
3.7003204822540283,11.941056388730157,9.443753937092508,-9.502557898395873,-0.09370660643252736,-1.3736529672803897,0.6283807410447086,0.0,50.0,20.0,1.0,0.0,0.0,0.0,-423.29383560245515,70.0,51.40535475431638,0.9964804193903752,0.0,0.08382585383747597,0.0
3.7336466312408447,11.433946196556684,9.443303717462081,-9.083757983347965,0.006306740124174495,-1.175963766661755,0.5998504237548403,0.0,50.0,20.0,1.0,0.0,0.0,0.0,-425.6252892036001,70.0,51.03855452995917,0.9974002342842135,0.0,0.07206089542738031,0.0
3.766957998275757,11.269547890680606,8.78796767590165,-8.379735641902377,0.10071517249038493,-1.0384393694116119,0.5206501236551836,0.0,50.0,20.0,1.0,0.0,0.0,0.0,-426.734252869036,70.0,50.88380579815768,0.9977880391191366,0.0,0.06647577747411756,0.0
3.800384521484375,11.094669939956578,8.730318164439312,-7.951694326289456,-0.08965223050715758,-0.9556728845065298,0.5354772617632192,0.0,50.0,20.0,1.0,0.0,0.0,0.0,-427.80398254716243,70.0,50.74650052370909,0.9981320039861734,0.0,0.06109421100681643,0.0
3.818288803100586,11.44033488222759,9.367325347865503,-7.579951672338893,-0.05243946153563149,-0.9808256590633957,0.6462799816585769,0.0,50.0,20.0,1.0,0.0,0.0,0.0,-428.8335068688037,70.0,50.62540852335067,0.9984352544773479,0.0,0.05591996617267721,0.0
3.8502981662750244,11.214908355303836,9.666271091818558,-7.492120608313319,-0.08015145263476837,-0.8286166997000973,0.5754431584745185,0.0,50.0,20.0,1.0,0.0,0.0,0.0,-429.82191142447556,70.0,50.51931588017311,0.9987008664255451,0.0,0.05095664236255689,0.0
3.8836214542388916,11.962694537732775,9.692438513274105,-7.067062506965428,-0.008741772206307633,-0.7103922184025693,0.48173542816904136,0.0,50.0,20.0,1.0,0.0,0.0,0.0,-431.67198173778354,70.0,50.34738281497977,0.9991311655258789,0.0,0.041676301118247716,0.0
3.916944742202759,11.951806741881848,9.843892486355136,-7.76591023448473,-0.06855725187706145,-0.8593329178498212,0.5840459654616152,0.0,50.0,20.0,1.0,0.0,0.0,0.0,-432.53209303255454,70.0,50.27923804179201,0.9993016610568802,0.0,0.0373656287108903,0.0
3.9503097534179688,12.19489071446325,9.192472904380194,-7.2982254335382075,-0.11499354669988517,-0.9010239826780928,0.693623206361244,0.0,50.0,20.0,1.0,0.0,0.0,0.0,-433.347972869548,70.0,50.22149261962409,0.9994461150566746,0.0,0.03327856815009359,0.0
3.9701039791107178,12.265382615968914,8.467262504136258,-7.155562478313345,-0.26325564641236776,-1.0611092590602047,0.5654741455205423,0.0,50.0,20.0,1.0,0.0,0.0,0.0,-434.11897293928797,70.0,50.17308218365562,0.9995672008833232,0.0,0.029417867330555344,0.0
4.000715970993042,12.745923477693754,9.18067801166562,-7.116053994885437,-0.26432479681548376,-1.0945172023579988,0.5883583827590516,0.0,50.0,20.0,1.0,0.0,0.0,0.0,-435.5239831047739,70.0,50.10022386034265,0.9997494089512065,0.0,0.022385694130700663,0.0
4.03364896774292,13.0,9.24146234982328,-6.56872768267969,-0.4298986552063768,-0.9455375588565929,0.5906648483822174,0.0,50.0,20.0,1.0,0.0,0.0,0.0,-436.1569343884762,70.0,50.0738730526119,0.9998153003114828,0.0,0.01921887777835824,0.0
4.066998720169067,12.271373999395326,9.811841140161214,-6.914275084357511,-0.49190723320534113,-0.7651416001295601,0.5099282787389532,0.0,50.0,20.0,1.0,0.0,0.0,0.0,-436.74288510363357,70.0,50.05305806303092,0.9998673460438866,0.0,0.016287735114331296,0.0
4.100339412689209,12.037605501818495,9.272972181570907,-6.783268823677727,-0.6737485555380497,-0.9343613399137074,0.37942758981502406,0.0,50.0,20.0,1.0,0.0,0.0,0.0,-437.28141525427816,70.0,50.03696034543404,0.9999075948670606,0.0,0.013594179900609998,0.0
4.123034954071045,11.41581455350371,9.518061143819256,-6.622473514638776,-0.8685457812603372,-0.7582972221823994,0.2814894756202317,0.0,50.0,20.0,1.0,0.0,0.0,0.0,-437.7721458474914,70.0,50.024819750724376,0.999937948698007,0.0,0.011139962011689878,0.0
4.152741432189941,11.911900181312737,9.837868472575058,-6.523677039239018,-1.024880289535735,-0.8696269101519961,0.1804083789308173,0.0,50.0,20.0,1.0,0.0,0.0,0.0,-438.6088887970173,70.0,50.00967642006084,0.9999758086572373,0.0,0.0069557242832239,0.0
4.18484354019165,11.679941176748022,10.3337020790276,-6.8027875053496825,-1.0138162132315303,-0.8845570921839678,0.27480880389658313,0.0,50.0,20.0,1.0,0.0,0.0,0.0,-438.9543355600243,70.0,50.005467220057625,0.9999863318564469,0.0,0.005228393662313638,0.0
4.216914653778076,11.927123350492437,9.8226230071128,-6.42639940274878,-0.9076339996280239,-1.0160401523711282,0.16681479901930263,0.0,50.0,20.0,1.0,0.0,0.0,0.0,-439.2508491336441,70.0,50.00280617447589,0.9999929845392019,0.0,0.0037457806101563614,0.0
4.250450372695923,12.264922207780202,9.157754024123541,-6.647032622932853,-0.8614299032366,-0.9197430406515574,0.11396226952551983,0.0,50.0,20.0,1.0,0.0,0.0,0.0,-439.49823560707983,70.0,50.001258845453464,0.9999968528814142,0.0,0.002508829860185865,0.0
4.283580780029297,12.536158721620497,9.897290488789102,-5.922267691656294,-0.7633547360311087,-0.8522342705183705,0.18480882415945613,0.0,50.0,20.0,1.0,0.0,0.0,0.0,-439.845019675209,70.0,50.00012009457747,0.9999996997635112,0.0,0.0007749018566085895,0.0
4.316989421844482,13.0,9.374404174301773,-5.8096126684603835,-0.9627042380166386,-0.8040526734248121,0.20859346557597888,0.0,50.0,20.0,1.0,0.0,0.0,0.0,-439.9441953145839,70.0,50.000015570815776,0.9999999610729597,0.0,0.0002790234379418761,0.0
4.350330829620361,13.0,10.159108644207777,-5.1941042804632716,-0.9211692303504931,-0.9759534667526403,0.24880980429295294,0.0,50.0,20.0,1.0,0.0,0.0,0.0,-439.9937988262727,70.0,50.00000019227278,0.9999999995193181,0.0,3.1005868651236565e-05,0.0
4.366943359375,13.0,10.226523993679153,-5.181088260724489,-1.0392036627989276,-0.9288241538503892,0.30359000646511947,0.0,50.0,20.0,1.0,0.0,0.0,0.0,-439.9937988262727,70.0,50.00000019227278,0.9999999995193181,0.0,3.1005868651236565e-05,0.0
4.400348663330078,13.0,9.760759185519081,-5.417367100934978,-1.0039918336038107,-1.0049570255920026,0.20221693468905239,0.0,50.0,20.0,1.0,0.0,0.0,0.0,-439.9441953145839,70.0,50.000015570815776,0.9999999610729597,0.0,0.0002790234379419633,0.0
4.433668375015259,13.0,9.380136562985088,-5.7183259663452155,-0.933579201932255,-0.8610511633524278,0.19393955888009262,0.0,50.0,20.0,1.0,0.0,0.0,0.0,-439.69633483890453,70.0,50.00046106371322,0.9999988473400526,0.0,0.0015183275555925757,0.0
4.466991424560547,12.419831518198656,9.12737367306711,-5.485119232726457,-1.1269549013527813,-1.0374648261569308,0.023729251376134214,0.0,50.0,20.0,1.0,0.0,0.0,0.0,-439.4982356070798,70.0,50.001258845453464,0.9999968528814142,0.0,0.0025088298601861265,0.0
4.500337362289429,12.207927087934175,9.901292417232266,-4.812697809162133,-1.0784932283520348,-1.2241918837190084,0.12567369109589474,0.0,50.0,20.0,1.0,0.0,0.0,0.0,-439.25084913364407,70.0,50.00280617447589,0.9999929845392019,0.0,0.00374578061015671,0.0
4.5180981159210205,12.330418637601527,10.08061694041548,-4.5120255827477465,-1.035832020930742,-1.0319816108241342,0.004710864931675024,0.0,50.0,20.0,1.0,0.0,0.0,0.0,-438.9543355600242,70.0,50.005467220057625,0.9999863318564468,0.0,0.005228393662314075,0.0
4.550302982330322,12.563598989336128,10.321097643474463,-3.8022766194607613,-0.9345829844806055,-1.1151638996894824,0.014635648752982788,0.0,50.0,20.0,1.0,0.0,0.0,0.0,-438.6088887970172,70.0,50.00967642006084,0.9999758086572373,0.0,0.006955724283224423,0.0
4.58363938331604,13.0,10.565733539455051,-4.27793076405853,-0.8049256804493097,-1.252113213141797,0.059252789446247955,0.0,50.0,20.0,1.0,0.0,0.0,0.0,-437.7721458474913,70.0,50.024819750724376,0.999937948698007,0.0,0.011139962011690489,0.0
4.61695671081543,13.0,11.03103987697432,-4.735628048161641,-0.7489136547175819,-1.134814931068566,0.039655560691231745,0.0,50.0,20.0,1.0,0.0,0.0,0.0,-437.28141525427804,70.0,50.03696034543404,0.9999075948670606,0.0,0.013594179900610695,0.0
4.650216341018677,12.916504818092521,11.51348638325424,-4.209083223743953,-0.9125483925047203,-1.0902122476904288,-0.15365843343363383,0.0,50.0,20.0,1.0,0.0,0.0,0.0,-436.7428851036334,70.0,50.05305806303093,0.9998673460438866,0.0,0.016287735114332166,0.0
4.67000675201416,13.0,11.862414032101636,-4.119676855878715,-1.0463789092159057,-1.0038560243164638,-0.28070052041453103,0.0,50.0,20.0,1.0,0.0,0.0,0.0,-436.15693438847603,70.0,50.0738730526119,0.9998153003114828,0.0,0.019218877778359067,0.0
4.70069694519043,13.0,11.848732383588485,-3.346417269772231,-1.2255562694515494,-0.9980552731639311,-0.28867746891664714,0.0,50.0,20.0,1.0,0.0,0.0,0.0,-434.8444937619927,70.0,50.132984647432934,0.9996674830976725,0.0,0.02578610550596264,0.0
4.733625411987305,12.521096328753517,11.15641760955726,-2.982727812223123,-1.2737582072977798,-1.0246875379064966,-0.2306870838771266,0.0,50.0,20.0,1.0,0.0,0.0,0.0,-434.11897293928786,70.0,50.17308218365564,0.9995672008833232,0.0,0.029417867330555954,0.0
4.767074823379517,12.41343008290398,11.238385184188724,-2.886349550988088,-1.3979844402400692,-1.0417624854848657,-0.20174832893408573,0.0,50.0,20.0,1.0,0.0,0.0,0.0,-433.3479728695479,70.0,50.2214926196241,0.9994461150566746,0.0,0.033278568150094244,0.0
4.800300359725952,12.335956250259681,11.393205726315134,-3.0872737332139852,-1.344372827849244,-0.924078200557993,-0.03483760824492044,0.0,50.0,20.0,1.0,0.0,0.0,0.0,-432.53209303255437,70.0,50.27923804179203,0.9993016610568802,0.0,0.037365628710891004,0.0
4.822087287902832,11.776441071497903,11.997373936398075,-2.5364890833514875,-1.3156314606685167,-1.039511979615865,-0.01968283532702636,0.0,50.0,20.0,1.0,0.0,0.0,0.0,-431.6719817377834,70.0,50.34738281497978,0.9991311655258789,0.0,0.04167630111824828,0.0
4.8669822216033936,11.683687778109245,11.853216352494028,-3.3261719655885,-1.345517902213913,-0.8835289315027027,-0.15771781975723043,0.0,50.0,20.0,1.0,0.0,0.0,0.0,-429.8219114244755,70.0,50.51931588017311,0.9987008664255451,0.0,0.050956642362557154,0.0
4.900484800338745,11.557584196624031,11.959196920042801,-2.8104785417095837,-1.5,-0.9542004459661777,-0.026888548378707244,0.0,50.0,20.0,1.0,0.0,0.0,0.0,-428.8335068688036,70.0,50.625408523350686,0.9984352544773479,0.0,0.05591996617267751,0.0
4.91693902015686,11.198894169850377,12.487051504253253,-2.8995119048891405,-1.312569842175517,-0.7838609507312182,-0.11330262915518133,0.0,50.0,20.0,1.0,0.0,0.0,0.0,-427.80398254716243,70.0,50.74650052370909,0.9981320039861734,0.0,0.061094211006816564,0.0
4.950212717056274,11.074802075361083,11.70473753976082,-2.3481043496408924,-1.2382150529524334,-0.6590008038355103,0.0686762740315249,0.0,50.0,20.0,1.0,0.0,0.0,0.0,-426.734252869036,70.0,50.88380579815768,0.9977880391191366,0.0,0.06647577747411748,0.0
4.983500242233276,11.430976484130262,11.71307118847595,-2.568182593673744,-1.2139589241957893,-0.51819380336389,0.1735700396424176,0.0,50.0,20.0,1.0,0.0,0.0,0.0,-424.4781208117595,70.0,51.21198824520424,0.9969654250644697,0.0,0.07784562432160975,0.0
5.01693058013916,10.981474004521495,12.22268128964829,-2.421563705760882,-1.2464426043473995,-0.4714122904977028,0.03167955144420423,0.0,50.0,20.0,1.0,0.0,0.0,0.0,-423.2938356024552,70.0,51.40535475431636,0.9964804193903752,0.0,0.08382585383747568,0.0
5.0502917766571045,10.322017831324096,11.479845782511768,-2.9751232971086203,-1.2492945577644616,-0.6376842616201575,-0.10380915147046624,0.0,50.0,20.0,1.0,0.0,0.0,0.0,-422.07358069374624,70.0,51.619902973943084,0.9959420089193369,0.0,0.08999730479139609,0.0
5.066970348358154,10.495404520942904,11.33879777462106,-2.306304891711215,-1.3858510392098025,-0.6183719638156272,-0.07341794094709383,0.0,50.0,20.0,1.0,0.0,0.0,0.0,-420.8185627599969,70.0,51.85687764592049,0.9953469805903856,0.0,0.09635553035297144,0.0
5.100329399108887,10.46050072633071,10.589209067627888,-2.687945313596092,-1.2403172169397079,-0.6142054764389531,-0.036114516212276376,0.0,50.0,20.0,1.0,0.0,0.0,0.0,-419.5300481475099,70.0,52.117513971309776,0.9946921283208444,0.0,0.1028959175893237,0.0
