# Timestamp, Fx, Fy, Fz, Tx, Ty, Tz, FemurPosX, FemurPosY, FemurPosZ, FemurQuatW, FemurQuatX, FemurQuatY, FemurQuatZ, TibiaPosX, TibiaPosY, TibiaPosZ, TibiaQuatW, TibiaQuatX, TibiaQuatY, TibiaQuatZ
0.008790969848632812,-5.65607,2.34929,-2.31442,-3.52893,3.69719,-0.0693384,-0.227008,0.700719,0.046519,0.128967,0.981134,0.0204178,-0.186534,-0.00149368,0.556576,0.117058,0.730578,0.956207,-0.0907898,0.252435
0.039153099060058594,-5.65607,2.34929,-2.31442,-3.52893,3.69719,-0.0693384,-0.227008,0.700719,0.046519,0.128967,0.981134,0.0204178,-0.186534,-0.00149368,0.556576,0.117058,0.730578,0.956207,-0.0907898,0.252435
0.04956984519958496,-5.54841,2.30833,-2.26543,-3.50653,3.61381,-0.0693329,-0.226997,0.700671,0.0459407,0.128958,0.980951,0.0211663,-0.187553,-0.00148928,0.556578,0.117123,0.730565,0.956203,-0.0908563,0.252395
0.06896138191223145,-5.54841,2.30833,-2.26543,-3.50653,3.61381,-0.0693329,-0.226997,0.700671,0.0459407,0.128958,0.980951,0.0211663,-0.187553,-0.00148928,0.556578,0.117123,0.730565,0.956203,-0.0908563,0.252395
0.09809112548828125,-5.62492,2.33145,-2.29285,-3.55082,3.66042,-0.0693616,-0.226986,0.700671,0.0463179,0.12896,0.981043,0.0215371,-0.186939,-0.00146647,0.556531,0.11677,0.73057,0.956197,-0.0911959,0.252458
0.10621476173400879,-5.62492,2.33145,-2.29285,-3.55082,3.66042,-0.0693616,-0.226986,0.700671,0.0463179,0.12896,0.981043,0.0215371,-0.186939,-0.00146647,0.556531,0.11677,0.73057,0.956197,-0.0911959,0.252458
0.13042783737182617,-5.62492,2.33145,-2.29285,-3.55082,3.66042,-0.0693616,-0.226986,0.700671,0.0463179,0.12896,0.981043,0.0215371,-0.186939,-0.00146647,0.556531,0.11677,0.73057,0.956197,-0.0911959,0.252458
0.1475825309753418,-5.60088,2.33049,-2.27666,-3.5646,3.64581,-0.0694688,-0.227006,0.700681,0.0459478,0.128624,0.981001,0.0212942,-0.187277,-0.00145619,0.556765,0.116538,0.730555,0.956707,-0.0914774,0.250525
0.16060638427734375,-5.60088,2.33049,-2.27666,-3.5646,3.64581,-0.0694688,-0.227006,0.700681,0.0459478,0.128624,0.981001,0.0212942,-0.187277,-0.00145619,0.556765,0.116538,0.730555,0.956707,-0.0914774,0.250525
0.19084453582763672,-5.60088,2.33049,-2.27666,-3.5646,3.64581,-0.0694688,-0.227006,0.700681,0.0459478,0.128624,0.981001,0.0212942,-0.187277,-0.00145619,0.556765,0.116538,0.730555,0.956707,-0.0914774,0.250525
0.1996755599975586,-5.41942,2.35243,-2.22037,-3.42735,3.41791,-0.0693328,-0.224809,0.69835,0.0842672,0.128967,0.982166,0.0293293,-0.165494,-0.00148794,0.556571,0.117044,0.731707,0.95621,-0.0908663,0.252401
0.22074079513549805,-5.41942,2.35243,-2.22037,-3.42735,3.41791,-0.0693328,-0.224809,0.69835,0.0842672,0.128967,0.982166,0.0293293,-0.165494,-0.00148794,0.556571,0.117044,0.731707,0.95621,-0.0908663,0.252401
0.24749302864074707,-5.58336,2.36494,-2.26985,-3.57457,3.63484,-0.0693379,-0.226997,0.700677,0.0458937,0.128964,0.980958,0.0210664,-0.187542,-0.00149371,0.556582,0.117052,0.730566,0.95621,-0.0908227,0.252412
0.2553417682647705,-5.58336,2.36494,-2.26985,-3.57457,3.63484,-0.0693379,-0.226997,0.700677,0.0458937,0.128964,0.980958,0.0210664,-0.187542,-0.00149371,0.556582,0.117052,0.730566,0.95621,-0.0908227,0.252412
0.2826550006866455,-5.58336,2.36494,-2.26985,-3.57457,3.63484,-0.0693379,-0.226997,0.700677,0.0458937,0.128964,0.980958,0.0210664,-0.187542,-0.00149371,0.556582,0.117052,0.730566,0.95621,-0.0908227,0.252412
0.2973339557647705,-5.6144,2.35098,-2.28378,-3.56327,3.66545,-0.0693326,-0.227011,0.700713,0.0464101,0.128963,0.981137,0.0203876,-0.18655,-0.00149275,0.556575,0.117051,0.730577,0.956209,-0.090899,0.252391
0.3132295608520508,-5.6144,2.35098,-2.28378,-3.56327,3.66545,-0.0693326,-0.227011,0.700713,0.0464101,0.128963,0.981137,0.0203876,-0.18655,-0.00149275,0.556575,0.117051,0.730577,0.956209,-0.090899,0.252391
0.34238624572753906,-5.6144,2.35098,-2.28378,-3.56327,3.66545,-0.0693326,-0.227011,0.700713,0.0464101,0.128963,0.981137,0.0203876,-0.18655,-0.00149275,0.556575,0.117051,0.730577,0.956209,-0.090899,0.252391
0.35091519355773926,-5.58233,2.34578,-2.27415,-3.52649,3.64757,-0.0694366,-0.22701,0.700728,0.0465474,0.128615,0.981138,0.0203315,-0.186518,-0.00148423,0.556811,0.116873,0.730579,0.956749,-0.0910822,0.250353
0.3751988410949707,-5.58233,2.34578,-2.27415,-3.52649,3.64757,-0.0694366,-0.22701,0.700728,0.0465474,0.128615,0.981138,0.0203315,-0.186518,-0.00148423,0.556811,0.116873,0.730579,0.956749,-0.0910822,0.250353
0.3971240520477295,-5.59144,2.34266,-2.27148,-3.56363,3.64904,-0.069332,-0.227004,0.700721,0.0464718,0.128962,0.981145,0.0204436,-0.186488,-0.00148921,0.556583,0.117084,0.730583,0.956207,-0.0908666,0.252394
0.40498995780944824,-5.59144,2.34266,-2.27148,-3.56363,3.64904,-0.069332,-0.227004,0.700721,0.0464718,0.128962,0.981145,0.0204436,-0.186488,-0.00148921,0.556583,0.117084,0.730583,0.956207,-0.0908666,0.252394
0.4349658489227295,-5.59144,2.34266,-2.27148,-3.56363,3.64904,-0.069332,-0.227004,0.700721,0.0464718,0.128962,0.981145,0.0204436,-0.186488,-0.00148921,0.556583,0.117084,0.730583,0.956207,-0.0908666,0.252394
0.44762444496154785,-5.57102,2.34418,-2.29385,-3.54654,3.66819,-0.0693594,-0.227006,0.700674,0.0459183,0.129046,0.980995,0.021216,-0.187321,-0.0017441,0.557032,0.116563,0.73055,0.957252,-0.0848619,0.25076
0.4649171829223633,-5.57102,2.34418,-2.29385,-3.54654,3.66819,-0.0693594,-0.227006,0.700674,0.0459183,0.129046,0.980995,0.021216,-0.187321,-0.0017441,0.557032,0.116563,0.73055,0.957252,-0.0848619,0.25076
0.4944484233856201,-5.57102,2.34418,-2.29385,-3.54654,3.66819,-0.0693594,-0.227006,0.700674,0.0459183,0.129046,0.980995,0.021216,-0.187321,-0.0017441,0.557032,0.116563,0.73055,0.957252,-0.0848619,0.25076
0.5030653476715088,-5.41765,2.39934,-2.20645,-3.41501,3.43471,-0.0693314,-0.225156,0.698134,0.0815206,0.128964,0.982404,0.0284316,-0.165616,-0.00148958,0.556581,0.117073,0.731786,0.956217,-0.0908221,0.252378
0.5272552967071533,-5.41765,2.39934,-2.20645,-3.41501,3.43471,-0.0693314,-0.225156,0.698134,0.0815206,0.128964,0.982404,0.0284316,-0.165616,-0.00148958,0.556581,0.117073,0.731786,0.956217,-0.0908221,0.252378
0.5473477840423584,-5.61434,2.32952,-2.29443,-3.54157,3.65537,-0.0693345,-0.227016,0.70075,0.0459607,0.128957,0.980925,0.0213756,-0.187662,-0.00149287,0.556574,0.117053,0.730611,0.95622,-0.0908825,0.252353
0.5562093257904053,-5.61434,2.32952,-2.29443,-3.54157,3.65537,-0.0693345,-0.227016,0.70075,0.0459607,0.128957,0.980925,0.0213756,-0.187662,-0.00149287,0.556574,0.117053,0.730611,0.95622,-0.0908825,0.252353
0.5866613388061523,-5.61434,2.32952,-2.29443,-3.54157,3.65537,-0.0693345,-0.227016,0.70075,0.0459607,0.128957,0.980925,0.0213756,-0.187662,-0.00149287,0.556574,0.117053,0.730611,0.95622,-0.0908825,0.252353
0.5975100994110107,-5.48657,2.27765,-2.24309,-3.44937,3.44792,-0.069337,-0.22496,0.698603,0.0826625,0.128866,0.98207,0.0279196,-0.167112,-0.00162924,0.55619,0.115979,0.7318,0.955909,-0.0954964,0.252323
0.6166677474975586,-5.48657,2.27765,-2.24309,-3.44937,3.44792,-0.069337,-0.22496,0.698603,0.0826625,0.128866,0.98207,0.0279196,-0.167112,-0.00162924,0.55619,0.115979,0.7318,0.955909,-0.0954964,0.252323
0.6480658054351807,-5.60865,2.06376,-2.46521,-3.76364,3.47591,-0.0693313,-0.22718,0.7002,0.0458732,0.128952,0.974581,0.0245434,-0.217909,-0.0014904,0.55657,0.117108,0.729406,0.956209,-0.0909328,0.252352
0.654170036315918,-5.60865,2.06376,-2.46521,-3.76364,3.47591,-0.0693313,-0.22718,0.7002,0.0458732,0.128952,0.974581,0.0245434,-0.217909,-0.0014904,0.55657,0.117108,0.729406,0.956209,-0.0909328,0.252352
0.6783955097198486,-5.60865,2.06376,-2.46521,-3.76364,3.47591,-0.0693313,-0.22718,0.7002,0.0458732,0.128952,0.974581,0.0245434,-0.217909,-0.0014904,0.55657,0.117108,0.729406,0.956209,-0.0909328,0.252352
0.6972532272338867,-5.38174,2.31402,-2.21218,-3.45105,3.37066,-0.0693595,-0.22481,0.698134,0.0856407,0.128949,0.981817,0.0305044,-0.166644,-0.00146027,0.556541,0.11681,0.731771,0.956205,-0.0912314,0.252396
0.7086942195892334,-5.38174,2.31402,-2.21218,-3.45105,3.37066,-0.0693595,-0.22481,0.698134,0.0856407,0.128949,0.981817,0.0305044,-0.166644,-0.00146027,0.556541,0.11681,0.731771,0.956205,-0.0912314,0.252396
0.7389605045318604,-5.38174,2.31402,-2.21218,-3.45105,3.37066,-0.0693595,-0.22481,0.698134,0.0856407,0.128949,0.981817,0.0305044,-0.166644,-0.00146027,0.556541,0.11681,0.731771,0.956205,-0.0912314,0.252396
0.7474331855773926,-5.35913,2.34911,-2.19728,-3.4144,3.38539,-0.0693312,-0.224892,0.698516,0.0831763,0.128964,0.982095,0.0282652,-0.166652,-0.00149193,0.556581,0.117067,0.731775,0.956204,-0.0909026,0.252399
0.7686254978179932,-5.35913,2.34911,-2.19728,-3.4144,3.38539,-0.0693312,-0.224892,0.698516,0.0831763,0.128964,0.982095,0.0282652,-0.166652,-0.00149193,0.556581,0.117067,0.731775,0.956204,-0.0909026,0.252399
0.7980549335479736,-5.34334,2.32999,-2.19032,-3.42753,3.34923,-0.0693341,-0.224777,0.698341,0.084336,0.128957,0.981931,0.0305395,-0.166629,-0.00148497,0.556588,0.117073,0.731665,0.956235,-0.0907724,0.252328
0.805837869644165,-5.34334,2.32999,-2.19032,-3.42753,3.34923,-0.0693341,-0.224777,0.698341,0.084336,0.128957,0.981931,0.0305395,-0.166629,-0.00148497,0.556588,0.117073,0.731665,0.956235,-0.0907724,0.252328
0.8311455249786377,-5.34334,2.32999,-2.19032,-3.42753,3.34923,-0.0693341,-0.224777,0.698341,0.084336,0.128957,0.981931,0.0305395,-0.166629,-0.00148497,0.556588,0.117073,0.731665,0.956235,-0.0907724,0.252328
0.8470585346221924,-5.64678,2.32249,-2.30693,-3.54781,3.68517,-0.0693343,-0.227027,0.700798,0.0465778,0.128965,0.981085,0.0207234,-0.186744,-0.00149067,0.55658,0.117068,0.730624,0.956203,-0.090862,0.25242
0.8604269027709961,-5.64678,2.32249,-2.30693,-3.54781,3.68517,-0.0693343,-0.227027,0.700798,0.0465778,0.128965,0.981085,0.0207234,-0.186744,-0.00149067,0.55658,0.117068,0.730624,0.956203,-0.090862,0.25242
0.8907220363616943,-5.64678,2.32249,-2.30693,-3.54781,3.68517,-0.0693343,-0.227027,0.700798,0.0465778,0.128965,0.981085,0.0207234,-0.186744,-0.00149067,0.55658,0.117068,0.730624,0.956203,-0.090862,0.25242
0.8990986347198486,-5.34003,2.42053,-2.20425,-3.44967,3.4028,-0.0693544,-0.22482,0.698387,0.0843058,0.129056,0.982166,0.0293386,-0.165476,-0.00174766,0.557035,0.116551,0.731702,0.957261,-0.0847788,0.250758
0.9204893112182617,-5.34003,2.42053,-2.20425,-3.44967,3.4028,-0.0693544,-0.22482,0.698387,0.0843058,0.129056,0.982166,0.0293386,-0.165476,-0.00174766,0.557035,0.116551,0.731702,0.957261,-0.0847788,0.250758
0.9472916126251221,-5.35963,2.39658,-2.22745,-3.44088,3.40093,-0.0693566,-0.224815,0.698138,0.0855852,0.129036,0.981833,0.0303175,-0.166614,-0.00174168,0.557037,0.116564,0.731775,0.957281,-0.0848444,0.250654
0.9549033641815186,-5.35963,2.39658,-2.22745,-3.44088,3.40093,-0.0693566,-0.224815,0.698138,0.0855852,0.129036,0.981833,0.0303175,-0.166614,-0.00174168,0.557037,0.116564,0.731775,0.957281,-0.0848444,0.250654
0.9826877117156982,-5.35963,2.39658,-2.22745,-3.44088,3.40093,-0.0693566,-0.224815,0.698138,0.0855852,0.129036,0.981833,0.0303175,-0.166614,-0.00174168,0.557037,0.116564,0.731775,0.957281,-0.0848444,0.250654
0.9972109794616699,-5.58783,2.43291,-2.29591,-3.57025,3.68762,-0.0693511,-0.227011,0.700725,0.0465573,0.129049,0.981124,0.0204223,-0.186577,-0.00174084,0.557043,0.116536,0.730581,0.957265,-0.0849109,0.250706
1.0125503540039062,-5.58783,2.43291,-2.29591,-3.57025,3.68762,-0.0693511,-0.227011,0.700725,0.0465573,0.129049,0.981124,0.0204223,-0.186577,-0.00174084,0.557043,0.116536,0.730581,0.957265,-0.0849109,0.250706
1.0425779819488525,-5.58783,2.43291,-2.29591,-3.57025,3.68762,-0.0693511,-0.227011,0.700725,0.0465573,0.129049,0.981124,0.0204223,-0.186577,-0.00174084,0.557043,0.116536,0.730581,0.957265,-0.0849109,0.250706
1.0534427165985107,-5.40489,2.34934,-2.22585,-3.40185,3.41579,-0.0693338,-0.224932,0.69831,0.0845769,0.128961,0.982002,0.0283137,-0.166487,-0.00148889,0.556569,0.117078,0.731869,0.956199,-0.0909154,0.252411
1.0746526718139648,-5.40489,2.34934,-2.22585,-3.40185,3.41579,-0.0693338,-0.224932,0.69831,0.0845769,0.128961,0.982002,0.0283137,-0.166487,-0.00148889,0.556569,0.117078,0.731869,0.956199,-0.0909154,0.252411
1.0977895259857178,-5.45894,2.38687,-2.24511,-3.45279,3.44739,-0.0693338,-0.224932,0.69831,0.0845769,0.128961,0.982002,0.0283137,-0.166487,-0.00148889,0.556569,0.117078,0.731869,0.956199,-0.0909154,0.252411
1.1056504249572754,-5.45894,2.38687,-2.24511,-3.45279,3.44739,-0.0693338,-0.224932,0.69831,0.0845769,0.128961,0.982002,0.0283137,-0.166487,-0.00148889,0.556569,0.117078,0.731869,0.956199,-0.0909154,0.252411
1.1346819400787354,-5.45894,2.38687,-2.24511,-3.45279,3.44739,-0.0693338,-0.224932,0.69831,0.0845769,0.128961,0.982002,0.0283137,-0.166487,-0.00148889,0.556569,0.117078,0.731869,0.956199,-0.0909154,0.252411
1.147761344909668,-5.40719,2.33667,-2.23775,-3.44367,3.39482,-0.0693323,-0.224884,0.698678,0.0828264,0.128969,0.981546,0.0295509,-0.169805,-0.00148805,0.556576,0.117102,0.731696,0.956192,-0.0908304,0.252456
1.1649117469787598,-5.40719,2.33667,-2.23775,-3.44367,3.39482,-0.0693323,-0.224884,0.698678,0.0828264,0.128969,0.981546,0.0295509,-0.169805,-0.00148805,0.556576,0.117102,0.731696,0.956192,-0.0908304,0.252456
1.1951532363891602,-5.40719,2.33667,-2.23775,-3.44367,3.39482,-0.0693323,-0.224884,0.698678,0.0828264,0.128969,0.981546,0.0295509,-0.169805,-0.00148805,0.556576,0.117102,0.731696,0.956192,-0.0908304,0.252456
1.2035446166992188,-5.60663,2.08197,-2.4552,-3.78113,3.46904,-0.0693589,-0.227163,0.700199,0.0452844,0.128953,0.974599,0.025168,-0.217881,-0.00146197,0.556547,0.116805,0.729405,0.95621,-0.0911691,0.252404
1.2266838550567627,-5.60663,2.08197,-2.4552,-3.78113,3.46904,-0.0693589,-0.227163,0.700199,0.0452844,0.128953,0.974599,0.025168,-0.217881,-0.00146197,0.556547,0.116805,0.729405,0.95621,-0.0911691,0.252404
1.2477691173553467,-5.55729,2.3662,-2.26017,-3.54283,3.61698,-0.0693562,-0.227001,0.700684,0.0459624,0.128965,0.980991,0.0212941,-0.187327,-0.00145718,0.55655,0.116793,0.730553,0.956203,-0.0911319,0.25245
1.256690263748169,-5.55729,2.3662,-2.26017,-3.54283,3.61698,-0.0693562,-0.227001,0.700684,0.0459624,0.128965,0.980991,0.0212941,-0.187327,-0.00145718,0.55655,0.116793,0.730553,0.956203,-0.0911319,0.25245
1.286778211593628,-5.55729,2.3662,-2.26017,-3.54283,3.61698,-0.0693562,-0.227001,0.700684,0.0459624,0.128965,0.980991,0.0212941,-0.187327,-0.00145718,0.55655,0.116793,0.730553,0.956203,-0.0911319,0.25245
1.297515869140625,-5.61581,2.17549,-2.49826,-3.7662,3.52168,-0.0693567,-0.227175,0.700208,0.0459068,0.129051,0.974591,0.0245868,-0.217853,-0.00174874,0.557041,0.116552,0.7294,0.957268,-0.0847663,0.250736
1.3167073726654053,-5.61581,2.17549,-2.49826,-3.7662,3.52168,-0.0693567,-0.227175,0.700208,0.0459068,0.129051,0.974591,0.0245868,-0.217853,-0.00174874,0.557041,0.116552,0.7294,0.957268,-0.0847663,0.250736
1.3475446701049805,-5.60177,2.39534,-2.3102,-3.51473,3.68964,-0.0694056,-0.227032,0.700797,0.0465383,0.129029,0.981111,0.020691,-0.186622,-0.00166721,0.556963,0.116087,0.73062,0.957093,-0.0863229,0.251088
1.3537733554840088,-5.60177,2.39534,-2.3102,-3.51473,3.68964,-0.0694056,-0.227032,0.700797,0.0465383,0.129029,0.981111,0.020691,-0.186622,-0.00166721,0.556963,0.116087,0.73062,0.957093,-0.0863229,0.251088
1.37898850440979,-5.60177,2.39534,-2.3102,-3.51473,3.68964,-0.0694056,-0.227032,0.700797,0.0465383,0.129029,0.981111,0.020691,-0.186622,-0.00166721,0.556963,0.116087,0.73062,0.957093,-0.0863229,0.251088
1.397754192352295,-5.33423,2.41291,-2.2199,-3.41939,3.39287,-0.0693541,-0.224845,0.698559,0.0831843,0.129057,0.981783,0.0294602,-0.168271,-0.00175134,0.55704,0.116515,0.731716,0.957272,-0.0847844,0.250732
1.4086005687713623,-5.33423,2.41291,-2.2199,-3.41939,3.39287,-0.0693541,-0.224845,0.698559,0.0831843,0.129057,0.981783,0.0294602,-0.168271,-0.00175134,0.55704,0.116515,0.731716,0.957272,-0.0847844,0.250732
1.4387428760528564,-5.33423,2.41291,-2.2199,-3.41939,3.39287,-0.0693541,-0.224845,0.698559,0.0831843,0.129057,0.981783,0.0294602,-0.168271,-0.00175134,0.55704,0.116515,0.731716,0.957272,-0.0847844,0.250732
1.4471540451049805,-5.55463,2.11609,-2.44053,-3.73393,3.44385,-0.069336,-0.227175,0.700198,0.0458831,0.128962,0.974594,0.0246125,-0.217842,-0.00148772,0.556582,0.117061,0.729401,0.956216,-0.0908199,0.252387
1.468393325805664,-5.55463,2.11609,-2.44053,-3.73393,3.44385,-0.069336,-0.227175,0.700198,0.0458831,0.128962,0.974594,0.0246125,-0.217842,-0.00148772,0.556582,0.117061,0.729401,0.956216,-0.0908199,0.252387
1.4974231719970703,-5.54437,2.19738,-2.46667,-3.73103,3.47553,-0.069356,-0.227177,0.700199,0.0459253,0.129052,0.974549,0.0246219,-0.218033,-0.00174868,0.557041,0.116534,0.729402,0.957268,-0.0847995,0.250734
1.5051476955413818,-5.54437,2.19738,-2.46667,-3.73103,3.47553,-0.069356,-0.227177,0.700199,0.0459253,0.129052,0.974549,0.0246219,-0.218033,-0.00174868,0.557041,0.116534,0.729402,0.957268,-0.0847995,0.250734
1.5311474800109863,-5.54437,2.19738,-2.46667,-3.73103,3.47553,-0.069356,-0.227177,0.700199,0.0459253,0.129052,0.974549,0.0246219,-0.218033,-0.00174868,0.557041,0.116534,0.729402,0.957268,-0.0847995,0.250734
1.546755313873291,-5.57741,2.3782,-2.2688,-3.53543,3.64041,-0.06936,-0.227005,0.700722,0.0464482,0.128952,0.981145,0.0205,-0.186486,-0.00146262,0.556546,0.116799,0.73058,0.956203,-0.0912217,0.252413
1.5607831478118896,-5.57741,2.3782,-2.2688,-3.53543,3.64041,-0.06936,-0.227005,0.700722,0.0464482,0.128952,0.981145,0.0205,-0.186486,-0.00146262,0.556546,0.116799,0.73058,0.956203,-0.0912217,0.252413
1.591017246246338,-5.57741,2.3782,-2.2688,-3.53543,3.64041,-0.06936,-0.227005,0.700722,0.0464482,0.128952,0.981145,0.0205,-0.186486,-0.00146262,0.556546,0.116799,0.73058,0.956203,-0.0912217,0.252413
1.5996263027191162,-5.45224,2.3693,-2.25529,-3.42189,3.43233,-0.0693331,-0.224941,0.698297,0.0844811,0.128946,0.982015,0.0283701,-0.166449,-0.00148725,0.556582,0.11713,0.731868,0.956209,-0.0909381,0.252341
1.6208930015563965,-5.45224,2.3693,-2.25529,-3.42189,3.43233,-0.0693331,-0.224941,0.698297,0.0844811,0.128946,0.982015,0.0283701,-0.166449,-0.00148725,0.556582,0.11713,0.731868,0.956209,-0.0909381,0.252341
1.6477468013763428,-5.56638,2.32169,-2.27442,-3.50031,3.62667,-0.0693332,-0.226998,0.70069,0.0459652,0.12897,0.980998,0.0213836,-0.187278,-0.00148847,0.556581,0.117065,0.73055,0.956206,-0.0908039,0.252427
1.6554746627807617,-5.56638,2.32169,-2.27442,-3.50031,3.62667,-0.0693332,-0.226998,0.70069,0.0459652,0.12897,0.980998,0.0213836,-0.187278,-0.00148847,0.556581,0.117065,0.73055,0.956206,-0.0908039,0.252427
1.6826109886169434,-5.56638,2.32169,-2.27442,-3.50031,3.62667,-0.0693332,-0.226998,0.70069,0.0459652,0.12897,0.980998,0.0213836,-0.187278,-0.00148847,0.556581,0.117065,0.73055,0.956206,-0.0908039,0.252427
1.7002899646759033,-5.59773,2.10028,-2.4608,-3.73662,3.46809,-0.0693304,-0.227167,0.700202,0.0452682,0.128964,0.974614,0.0251309,-0.217822,-0.00149067,0.556581,0.117089,0.729403,0.956201,-0.0908838,0.252408
1.7142372131347656,-5.59773,2.10028,-2.4608,-3.73662,3.46809,-0.0693304,-0.227167,0.700202,0.0452682,0.128964,0.974614,0.0251309,-0.217822,-0.00149067,0.556581,0.117089,0.729403,0.956201,-0.0908838,0.252408
1.7425010204315186,-5.59773,2.10028,-2.4608,-3.73662,3.46809,-0.0693304,-0.227167,0.700202,0.0452682,0.128964,0.974614,0.0251309,-0.217822,-0.00149067,0.556581,0.117089,0.729403,0.956201,-0.0908838,0.252408
1.7512974739074707,-5.70617,2.35195,-2.34118,-3.52516,3.73205,-0.0693363,-0.227009,0.700721,0.0464845,0.12896,0.981128,0.0203166,-0.186586,-0.00148979,0.556574,0.117078,0.730584,0.956189,-0.0909477,0.252435
1.7747581005096436,-5.70617,2.35195,-2.34118,-3.52516,3.73205,-0.0693363,-0.227009,0.700721,0.0464845,0.12896,0.981128,0.0203166,-0.186586,-0.00148979,0.556574,0.117078,0.730584,0.956189,-0.0909477,0.252435
1.7981109619140625,-5.60078,2.09216,-2.46411,-3.76734,3.47919,-0.0693596,-0.22711,0.700126,0.0455302,0.12895,0.974459,0.0231119,-0.218682,-0.0014664,0.556547,0.116797,0.729363,0.95621,-0.0912092,0.252392
1.8061800003051758,-5.60078,2.09216,-2.46411,-3.76734,3.47919,-0.0693596,-0.22711,0.700126,0.0455302,0.12895,0.974459,0.0231119,-0.218682,-0.0014664,0.556547,0.116797,0.729363,0.95621,-0.0912092,0.252392
1.8352861404418945,-5.60078,2.09216,-2.46411,-3.76734,3.47919,-0.0693596,-0.22711,0.700126,0.0455302,0.12895,0.974459,0.0231119,-0.218682,-0.0014664,0.556547,0.116797,0.729363,0.95621,-0.0912092,0.252392
1.846935510635376,-5.61115,2.35099,-2.2886,-3.54463,3.65995,-0.069336,-0.227033,0.700788,0.0465711,0.128968,0.981091,0.020782,-0.186707,-0.0014927,0.55657,0.117036,0.730624,0.956195,-0.0909101,0.252445
1.8651885986328125,-5.61115,2.35099,-2.2886,-3.54463,3.65995,-0.069336,-0.227033,0.700788,0.0465711,0.128968,0.981091,0.020782,-0.186707,-0.0014927,0.55657,0.117036,0.730624,0.956195,-0.0909101,0.252445
1.8946418762207031,-5.61115,2.35099,-2.2886,-3.54463,3.65995,-0.069336,-0.227033,0.700788,0.0465711,0.128968,0.981091,0.020782,-0.186707,-0.0014927,0.55657,0.117036,0.730624,0.956195,-0.0909101,0.252445
1.9033520221710205,-5.6001,2.34168,-2.27672,-3.56278,3.6555,-0.0693358,-0.227006,0.700714,0.0464706,0.128961,0.981145,0.0204341,-0.186489,-0.00149315,0.556578,0.117092,0.730578,0.956204,-0.090833,0.252413
1.9293453693389893,-5.6001,2.34168,-2.27672,-3.56278,3.6555,-0.0693358,-0.227006,0.700714,0.0464706,0.128961,0.981145,0.0204341,-0.186489,-0.00149315,0.556578,0.117092,0.730578,0.956204,-0.090833,0.252413
1.9474725723266602,-5.40199,2.32457,-2.21535,-3.45043,3.41474,-0.0693325,-0.224897,0.698508,0.0830649,0.12896,0.982099,0.0283333,-0.166671,-0.00148626,0.556583,0.117076,0.731771,0.956217,-0.0908505,0.252365
1.9562692642211914,-5.40199,2.32457,-2.21535,-3.45043,3.41474,-0.0693325,-0.224897,0.698508,0.0830649,0.12896,0.982099,0.0283333,-0.166671,-0.00148626,0.556583,0.117076,0.731771,0.956217,-0.0908505,0.252365
1.9864823818206787,-5.40199,2.32457,-2.21535,-3.45043,3.41474,-0.0693325,-0.224897,0.698508,0.0830649,0.12896,0.982099,0.0283333,-0.166671,-0.00148626,0.556583,0.117076,0.731771,0.956217,-0.0908505,0.252365
1.9976294040679932,-5.36182,2.38931,-2.21255,-3.4246,3.40955,-0.0694074,-0.224801,0.698365,0.0845338,0.129029,0.98217,0.0294765,-0.16531,-0.00166854,0.556956,0.116118,0.731686,0.957075,-0.0863405,0.251135
2.016932249069214,-5.36182,2.38931,-2.21255,-3.4246,3.40955,-0.0694074,-0.224801,0.698365,0.0845338,0.129029,0.98217,0.0294765,-0.16531,-0.00166854,0.556956,0.116118,0.731686,0.957075,-0.0863405,0.251135
2.048041582107544,-5.54408,2.38417,-2.27492,-3.54975,3.64292,-0.0694121,-0.226994,0.700669,0.0458553,0.129033,0.980972,0.0210057,-0.187481,-0.0016708,0.556952,0.116081,0.730564,0.957082,-0.0862773,0.25115
2.0544326305389404,-5.54408,2.38417,-2.27492,-3.54975,3.64292,-0.0694121,-0.226994,0.700669,0.0458553,0.129033,0.980972,0.0210057,-0.187481,-0.0016708,0.556952,0.116081,0.730564,0.957082,-0.0862773,0.25115
2.07940936088562,-5.54408,2.38417,-2.27492,-3.54975,3.64292,-0.0694121,-0.226994,0.700669,0.0458553,0.129033,0.980972,0.0210057,-0.187481,-0.0016708,0.556952,0.116081,0.730564,0.957082,-0.0862773,0.25115
2.0973002910614014,-5.37205,2.33245,-2.20972,-3.42174,3.39095,-0.0693351,-0.224929,0.698306,0.0845827,0.128961,0.981983,0.0283698,-0.166586,-0.001491,0.556573,0.117093,0.731865,0.956201,-0.0908602,0.252414
2.1082100868225098,-5.37205,2.33245,-2.20972,-3.42174,3.39095,-0.0693351,-0.224929,0.698306,0.0845827,0.128961,0.981983,0.0283698,-0.166586,-0.001491,0.556573,0.117093,0.731865,0.956201,-0.0908602,0.252414
2.13875150680542,-5.37205,2.33245,-2.20972,-3.42174,3.39095,-0.0693351,-0.224929,0.698306,0.0845827,0.128961,0.981983,0.0283698,-0.166586,-0.001491,0.556573,0.117093,0.731865,0.956201,-0.0908602,0.252414
2.148050546646118,-5.46919,2.37665,-2.24813,-3.42878,3.45976,-0.0693372,-0.224891,0.698506,0.0831609,0.128965,0.982095,0.0283897,-0.166634,-0.001493,0.556577,0.117033,0.731773,0.956202,-0.0908982,0.252424
2.169222831726074,-5.46919,2.37665,-2.24813,-3.42878,3.45976,-0.0693372,-0.224891,0.698506,0.0831609,0.128965,0.982095,0.0283897,-0.166634,-0.001493,0.556577,0.117033,0.731773,0.956202,-0.0908982,0.252424
2.197261095046997,-5.46014,2.28904,-2.26502,-3.46314,3.43246,-0.0693334,-0.224881,0.698691,0.0828887,0.12897,0.981527,0.0296278,-0.169873,-0.00149705,0.556578,0.117048,0.731697,0.956208,-0.0908209,0.252424
2.2051379680633545,-5.46014,2.28904,-2.26502,-3.46314,3.43246,-0.0693334,-0.224881,0.698691,0.0828887,0.12897,0.981527,0.0296278,-0.169873,-0.00149705,0.556578,0.117048,0.731697,0.956208,-0.0908209,0.252424
2.2311575412750244,-5.46014,2.28904,-2.26502,-3.46314,3.43246,-0.0693334,-0.224881,0.698691,0.0828887,0.12897,0.981527,0.0296278,-0.169873,-0.00149705,0.556578,0.117048,0.731697,0.956208,-0.0908209,0.252424
2.2469184398651123,-5.43802,2.37464,-2.22984,-3.47739,3.43887,-0.0693323,-0.224964,0.698601,0.0825884,0.128971,0.982075,0.0279657,-0.167108,-0.00149183,0.556574,0.117091,0.731802,0.956198,-0.0907992,0.25245
2.2629318237304688,-5.43802,2.37464,-2.22984,-3.47739,3.43887,-0.0693323,-0.224964,0.698601,0.0825884,0.128971,0.982075,0.0279657,-0.167108,-0.00149183,0.556574,0.117091,0.731802,0.956198,-0.0907992,0.25245
2.291189193725586,-5.43802,2.37464,-2.22984,-3.47739,3.43887,-0.0693323,-0.224964,0.698601,0.0825884,0.128971,0.982075,0.0279657,-0.167108,-0.00149183,0.556574,0.117091,0.731802,0.956198,-0.0907992,0.25245
2.30002498626709,-5.60945,2.35034,-2.28794,-3.55433,3.65415,-0.0693375,-0.226993,0.700671,0.0459377,0.128957,0.98096,0.0211098,-0.187516,-0.00148904,0.556581,0.11707,0.730564,0.956212,-0.0908658,0.252382
2.3212215900421143,-5.60945,2.35034,-2.28794,-3.55433,3.65415,-0.0693375,-0.226993,0.700671,0.0459377,0.128957,0.98096,0.0211098,-0.187516,-0.00148904,0.556581,0.11707,0.730564,0.956212,-0.0908658,0.252382
2.3472814559936523,-5.65463,2.30117,-2.31083,-3.56153,3.67927,-0.0693603,-0.227021,0.700743,0.0459738,0.128957,0.980918,0.0214589,-0.187685,-0.00146286,0.556541,0.116804,0.730608,0.956194,-0.0911973,0.252456
2.3551738262176514,-5.65463,2.30117,-2.31083,-3.56153,3.67927,-0.0693603,-0.227021,0.700743,0.0459738,0.128957,0.980918,0.0214589,-0.187685,-0.00146286,0.556541,0.116804,0.730608,0.956194,-0.0911973,0.252456
2.3825459480285645,-5.65463,2.30117,-2.31083,-3.56153,3.67927,-0.0693603,-0.227021,0.700743,0.0459738,0.128957,0.980918,0.0214589,-0.187685,-0.00146286,0.556541,0.116804,0.730608,0.956194,-0.0911973,0.252456
2.398031711578369,-5.59247,2.43587,-2.29856,-3.56443,3.69064,-0.0693537,-0.227016,0.700723,0.046564,0.12905,0.981168,0.0206208,-0.186321,-0.00174373,0.557041,0.116571,0.730563,0.957259,-0.084826,0.250739
2.4168996810913086,-5.59247,2.43587,-2.29856,-3.56443,3.69064,-0.0693537,-0.227016,0.700723,0.046564,0.12905,0.981168,0.0206208,-0.186321,-0.00174373,0.557041,0.116571,0.730563,0.957259,-0.084826,0.250739
2.443042755126953,-5.59247,2.43587,-2.29856,-3.56443,3.69064,-0.0693537,-0.227016,0.700723,0.046564,0.12905,0.981168,0.0206208,-0.186321,-0.00174373,0.557041,0.116571,0.730563,0.957259,-0.084826,0.250739
2.451734781265259,-5.59399,2.39738,-2.29147,-3.57293,3.68247,-0.0694051,-0.227015,0.700733,0.0465396,0.129035,0.981171,0.0206126,-0.186315,-0.00167338,0.556953,0.116078,0.730566,0.957085,-0.086318,0.251123
2.4748497009277344,-5.59399,2.39738,-2.29147,-3.57293,3.68247,-0.0694051,-0.227015,0.700733,0.0465396,0.129035,0.981171,0.0206126,-0.186315,-0.00167338,0.556953,0.116078,0.730566,0.957085,-0.086318,0.251123
2.4981119632720947,-5.62091,2.38334,-2.31487,-3.57423,3.70049,-0.0693514,-0.227001,0.700683,0.0459528,0.12906,0.980995,0.0213963,-0.187296,-0.00175546,0.557034,0.116478,0.730553,0.957285,-0.0847708,0.250704
2.5057592391967773,-5.62091,2.38334,-2.31487,-3.57423,3.70049,-0.0693514,-0.227001,0.700683,0.0459528,0.12906,0.980995,0.0213963,-0.187296,-0.00175546,0.557034,0.116478,0.730553,0.957285,-0.0847708,0.250704
2.5350468158721924,-5.62091,2.38334,-2.31487,-3.57423,3.70049,-0.0693514,-0.227001,0.700683,0.0459528,0.12906,0.980995,0.0213963,-0.187296,-0.00175546,0.557034,0.116478,0.730553,0.957285,-0.0847708,0.250704
2.546717643737793,-5.38039,2.36663,-2.25296,-3.40776,3.41751,-0.0693592,-0.224811,0.69856,0.0832162,0.129052,0.981574,0.0302064,-0.169339,-0.00174762,0.557037,0.116558,0.731678,0.957257,-0.0847753,0.250772
2.56486177444458,-5.38039,2.36663,-2.25296,-3.40776,3.41751,-0.0693592,-0.224811,0.69856,0.0832162,0.129052,0.981574,0.0302064,-0.169339,-0.00174762,0.557037,0.116558,0.731678,0.957257,-0.0847753,0.250772
2.5956737995147705,-5.38039,2.36663,-2.25296,-3.40776,3.41751,-0.0693592,-0.224811,0.69856,0.0832162,0.129052,0.981574,0.0302064,-0.169339,-0.00174762,0.557037,0.116558,0.731678,0.957257,-0.0847753,0.250772
2.603882074356079,-5.39687,2.32407,-2.21683,-3.41974,3.3896,-0.0693358,-0.224781,0.698327,0.084154,0.128961,0.981937,0.0303945,-0.166713,-0.00149072,0.556574,0.117031,0.731678,0.956211,-0.0909184,0.252384
2.6270976066589355,-5.39687,2.32407,-2.21683,-3.41974,3.3896,-0.0693358,-0.224781,0.698327,0.084154,0.128961,0.981937,0.0303945,-0.166713,-0.00149072,0.556574,0.117031,0.731678,0.956211,-0.0909184,0.252384
2.647343873977661,-5.61658,2.383,-2.28062,-3.58177,3.66486,-0.0693332,-0.227024,0.700728,0.0465141,0.128958,0.98116,0.0205572,-0.186384,-0.00149078,0.556579,0.117076,0.730572,0.956216,-0.0908647,0.252363
2.65627121925354,-5.61658,2.383,-2.28062,-3.58177,3.66486,-0.0693332,-0.227024,0.700728,0.0465141,0.128958,0.98116,0.0205572,-0.186384,-0.00149078,0.556579,0.117076,0.730572,0.956216,-0.0908647,0.252363
2.6865227222442627,-5.61658,2.383,-2.28062,-3.58177,3.66486,-0.0693332,-0.227024,0.700728,0.0465141,0.128958,0.98116,0.0205572,-0.186384,-0.00149078,0.556579,0.117076,0.730572,0.956216,-0.0908647,0.252363
2.697066068649292,-5.66894,2.39081,-2.30922,-3.58342,3.70242,-0.0693351,-0.227012,0.700715,0.0465049,0.128964,0.981143,0.0203791,-0.186493,-0.0014958,0.556565,0.117061,0.730581,0.956203,-0.0908747,0.252418
2.716294050216675,-5.66894,2.39081,-2.30922,-3.58342,3.70242,-0.0693351,-0.227012,0.700715,0.0465049,0.128964,0.981143,0.0203791,-0.186493,-0.0014958,0.556565,0.117061,0.730581,0.956203,-0.0908747,0.252418
2.747718334197998,-5.58178,2.33995,-2.26727,-3.56171,3.64246,-0.0693365,-0.227008,0.700719,0.0464836,0.128961,0.981136,0.0204042,-0.186532,-0.00149193,0.556571,0.117083,0.73058,0.956188,-0.0909307,0.252443
2.75370717048645,-5.58178,2.33995,-2.26727,-3.56171,3.64246,-0.0693365,-0.227008,0.700719,0.0464836,0.128961,0.981136,0.0204042,-0.186532,-0.00149193,0.556571,0.117083,0.73058,0.956188,-0.0909307,0.252443
2.7783732414245605,-5.58178,2.33995,-2.26727,-3.56171,3.64246,-0.0693365,-0.227008,0.700719,0.0464836,0.128961,0.981136,0.0204042,-0.186532,-0.00149193,0.556571,0.117083,0.73058,0.956188,-0.0909307,0.252443
2.797992467880249,-5.57777,2.40577,-2.29167,-3.53835,3.68237,-0.0693551,-0.226986,0.700665,0.0469099,0.129047,0.981276,0.020758,-0.18565,-0.0017474,0.557046,0.116537,0.730526,0.957282,-0.0847896,0.250682
2.8089330196380615,-5.57777,2.40577,-2.29167,-3.53835,3.68237,-0.0693551,-0.226986,0.700665,0.0469099,0.129047,0.981276,0.020758,-0.18565,-0.0017474,0.557046,0.116537,0.730526,0.957282,-0.0847896,0.250682
2.838939905166626,-5.57777,2.40577,-2.29167,-3.53835,3.68237,-0.0693551,-0.226986,0.700665,0.0469099,0.129047,0.981276,0.020758,-0.18565,-0.0017474,0.557046,0.116537,0.730526,0.957282,-0.0847896,0.250682
2.8476402759552,-5.61337,2.37188,-2.28383,-3.5639,3.66465,-0.0693371,-0.227008,0.700722,0.0464466,0.128958,0.981129,0.020373,-0.186585,-0.00149039,0.556573,0.117088,0.73058,0.956195,-0.0909061,0.252422
2.8686227798461914,-5.61337,2.37188,-2.28383,-3.5639,3.66465,-0.0693371,-0.227008,0.700722,0.0464466,0.128958,0.981129,0.020373,-0.186585,-0.00149039,0.556573,0.117088,0.73058,0.956195,-0.0909061,0.252422
2.8979971408843994,-5.60299,2.41947,-2.30565,-3.55798,3.69888,-0.0693586,-0.227017,0.700731,0.046529,0.129047,0.98117,0.0205763,-0.186326,-0.00175347,0.557041,0.116512,0.730564,0.957279,-0.0848027,0.250698
2.9056575298309326,-5.60299,2.41947,-2.30565,-3.55798,3.69888,-0.0693586,-0.227017,0.700731,0.046529,0.129047,0.98117,0.0205763,-0.186326,-0.00175347,0.557041,0.116512,0.730564,0.957279,-0.0848027,0.250698
2.9312000274658203,-5.60299,2.41947,-2.30565,-3.55798,3.69888,-0.0693586,-0.227017,0.700731,0.046529,0.129047,0.98117,0.0205763,-0.186326,-0.00175347,0.557041,0.116512,0.730564,0.957279,-0.0848027,0.250698
2.946840763092041,-5.40431,2.28092,-2.21435,-3.43617,3.38344,-0.0693532,-0.224788,0.69834,0.0840878,0.128921,0.981927,0.0303569,-0.166815,-0.00148667,0.556484,0.116503,0.731678,0.956095,-0.0927645,0.252395
2.960723400115967,-5.40431,2.28092,-2.21435,-3.43617,3.38344,-0.0693532,-0.224788,0.69834,0.0840878,0.128921,0.981927,0.0303569,-0.166815,-0.00148667,0.556484,0.116503,0.731678,0.956095,-0.0927645,0.252395
2.9909520149230957,-5.40431,2.28092,-2.21435,-3.43617,3.38344,-0.0693532,-0.224788,0.69834,0.0840878,0.128921,0.981927,0.0303569,-0.166815,-0.00148667,0.556484,0.116503,0.731678,0.956095,-0.0927645,0.252395
2.999706983566284,-5.67911,2.07912,-2.50599,-3.76141,3.52325,-0.0693381,-0.227183,0.700194,0.0458409,0.128955,0.974593,0.0245657,-0.21786,-0.00149076,0.556575,0.117101,0.7294,0.956205,-0.0908539,0.252399
3.020732879638672,-5.67911,2.07912,-2.50599,-3.76141,3.52325,-0.0693381,-0.227183,0.700194,0.0458409,0.128955,0.974593,0.0245657,-0.21786,-0.00149076,0.556575,0.117101,0.7294,0.956205,-0.0908539,0.252399
3.047372341156006,-5.66207,2.31134,-2.30663,-3.55513,3.67949,-0.0693593,-0.227001,0.70068,0.0459472,0.128917,0.981003,0.0212191,-0.187273,-0.00148123,0.556493,0.116516,0.730548,0.956103,-0.0926764,0.252392
3.0550661087036133,-5.66207,2.31134,-2.30663,-3.55513,3.67949,-0.0693593,-0.227001,0.70068,0.0459472,0.128917,0.981003,0.0212191,-0.187273,-0.00148123,0.556493,0.116516,0.730548,0.956103,-0.0926764,0.252392
3.083125352859497,-5.66207,2.31134,-2.30663,-3.55513,3.67949,-0.0693593,-0.227001,0.70068,0.0459472,0.128917,0.981003,0.0212191,-0.187273,-0.00148123,0.556493,0.116516,0.730548,0.956103,-0.0926764,0.252392
3.097931385040283,-5.63631,2.32118,-2.29951,-3.55651,3.67184,-0.0693386,-0.227004,0.70068,0.0459424,0.128961,0.981,0.0212696,-0.187288,-0.00148965,0.556578,0.117083,0.730551,0.956203,-0.0908325,0.252423
3.114084005355835,-5.63631,2.32118,-2.29951,-3.55651,3.67184,-0.0693386,-0.227004,0.70068,0.0459424,0.128961,0.981,0.0212696,-0.187288,-0.00148965,0.556578,0.117083,0.730551,0.956203,-0.0908325,0.252423
3.143197536468506,-5.63631,2.32118,-2.29951,-3.55651,3.67184,-0.0693386,-0.227004,0.70068,0.0459424,0.128961,0.981,0.0212696,-0.187288,-0.00148965,0.556578,0.117083,0.730551,0.956203,-0.0908325,0.252423
3.151628017425537,-5.60526,2.35779,-2.27886,-3.56774,3.65893,-0.0693396,-0.227015,0.700711,0.0464583,0.128953,0.981137,0.0204175,-0.186533,-0.00149281,0.556575,0.117112,0.730577,0.956214,-0.0907929,0.252383
3.175240993499756,-5.60526,2.35779,-2.27886,-3.56774,3.65893,-0.0693396,-0.227015,0.700711,0.0464583,0.128953,0.981137,0.0204175,-0.186533,-0.00149281,0.556575,0.117112,0.730577,0.956214,-0.0907929,0.252383
3.1979167461395264,-5.5797,2.33474,-2.26576,-3.55497,3.64046,-0.0693326,-0.227012,0.700731,0.0465564,0.128961,0.981184,0.0206294,-0.186238,-0.00149115,0.556578,0.117109,0.730563,0.956202,-0.090855,0.252404
3.2056760787963867,-5.5797,2.33474,-2.26576,-3.55497,3.64046,-0.0693326,-0.227012,0.700731,0.0465564,0.128961,0.981184,0.0206294,-0.186238,-0.00149115,0.556578,0.117109,0.730563,0.956202,-0.090855,0.252404
3.234984874725342,-5.5797,2.33474,-2.26576,-3.55497,3.64046,-0.0693326,-0.227012,0.700731,0.0465564,0.128961,0.981184,0.0206294,-0.186238,-0.00149115,0.556578,0.117109,0.730563,0.956202,-0.090855,0.252404
3.2478435039520264,-5.61211,2.31406,-2.28554,-3.5509,3.66382,-0.0693346,-0.227015,0.700714,0.0464507,0.128961,0.981138,0.0204696,-0.186522,-0.00149037,0.556572,0.117045,0.730578,0.956212,-0.0908923,0.252384
3.265037775039673,-5.61211,2.31406,-2.28554,-3.5509,3.66382,-0.0693346,-0.227015,0.700714,0.0464507,0.128961,0.981138,0.0204696,-0.186522,-0.00149037,0.556572,0.117045,0.730578,0.956212,-0.0908923,0.252384
3.2957139015197754,-5.61211,2.31406,-2.28554,-3.5509,3.66382,-0.0693346,-0.227015,0.700714,0.0464507,0.128961,0.981138,0.0204696,-0.186522,-0.00149037,0.556572,0.117045,0.730578,0.956212,-0.0908923,0.252384
3.304234027862549,-5.62391,2.32216,-2.28913,-3.57109,3.66819,-0.0693352,-0.227034,0.700792,0.0465116,0.128957,0.9811,0.0207115,-0.186683,-0.00149215,0.556582,0.117095,0.730619,0.95621,-0.090849,0.252384
3.3264389038085938,-5.62391,2.32216,-2.28913,-3.57109,3.66819,-0.0693352,-0.227034,0.700792,0.0465116,0.128957,0.9811,0.0207115,-0.186683,-0.00149215,0.556582,0.117095,0.730619,0.95621,-0.090849,0.252384
3.3473105430603027,-5.67303,2.32642,-2.31385,-3.59549,3.69139,-0.0693341,-0.227015,0.700745,0.0460051,0.128955,0.980924,0.0214019,-0.187654,-0.00148966,0.556585,0.117087,0.730606,0.956213,-0.0908837,0.252364
3.356105089187622,-5.67303,2.32642,-2.31385,-3.59549,3.69139,-0.0693341,-0.227015,0.700745,0.0460051,0.128955,0.980924,0.0214019,-0.187654,-0.00148966,0.556585,0.117087,0.730606,0.956213,-0.0908837,0.252364
3.387234926223755,-5.67303,2.32642,-2.31385,-3.59549,3.69139,-0.0693341,-0.227015,0.700745,0.0460051,0.128955,0.980924,0.0214019,-0.187654,-0.00148966,0.556585,0.117087,0.730606,0.956213,-0.0908837,0.252364
3.39717960357666,-5.4301,2.30464,-2.24599,-3.46239,3.40632,-0.069336,-0.224807,0.698561,0.0833088,0.128961,0.981577,0.0300943,-0.169297,-0.00149058,0.556575,0.117097,0.731673,0.956195,-0.0908738,0.252431
3.4170262813568115,-5.4301,2.30464,-2.24599,-3.46239,3.40632,-0.069336,-0.224807,0.698561,0.0833088,0.128961,0.981577,0.0300943,-0.169297,-0.00149058,0.556575,0.117097,0.731673,0.956195,-0.0908738,0.252431
3.4482016563415527,-5.64257,2.3404,-2.29183,-3.57921,3.66425,-0.0693355,-0.226996,0.700675,0.0458786,0.128921,0.980974,0.0211362,-0.187452,-0.00150481,0.556518,0.116637,0.730561,0.956109,-0.0926411,0.252327
3.454148530960083,-5.64257,2.3404,-2.29183,-3.57921,3.66425,-0.0693355,-0.226996,0.700675,0.0458786,0.128921,0.980974,0.0211362,-0.187452,-0.00150481,0.556518,0.116637,0.730561,0.956109,-0.0926411,0.252327
3.479153871536255,-5.64257,2.3404,-2.29183,-3.57921,3.66425,-0.0693355,-0.226996,0.700675,0.0458786,0.128921,0.980974,0.0211362,-0.187452,-0.00150481,0.556518,0.116637,0.730561,0.956109,-0.0926411,0.252327
3.4972774982452393,-5.41542,2.36354,-2.21988,-3.4557,3.42093,-0.0693342,-0.22489,0.69851,0.0831823,0.128961,0.982097,0.0282972,-0.166631,-0.00149134,0.556574,0.117089,0.73177,0.9562,-0.090876,0.252414
3.5081026554107666,-5.41542,2.36354,-2.21988,-3.4557,3.42093,-0.0693342,-0.22489,0.69851,0.0831823,0.128961,0.982097,0.0282972,-0.166631,-0.00149134,0.556574,0.117089,0.73177,0.9562,-0.090876,0.252414
3.539215087890625,-5.41542,2.36354,-2.21988,-3.4557,3.42093,-0.0693342,-0.22489,0.69851,0.0831823,0.128961,0.982097,0.0282972,-0.166631,-0.00149134,0.556574,0.117089,0.73177,0.9562,-0.090876,0.252414
3.548036813735962,-5.59609,2.32788,-2.27752,-3.55152,3.65305,-0.0693318,-0.227004,0.700726,0.0464853,0.128959,0.981129,0.0204497,-0.186564,-0.00148855,0.556588,0.117093,0.730576,0.956219,-0.0908222,0.252361
3.5694973468780518,-5.59609,2.32788,-2.27752,-3.55152,3.65305,-0.0693318,-0.227004,0.700726,0.0464853,0.128959,0.981129,0.0204497,-0.186564,-0.00148855,0.556588,0.117093,0.730576,0.956219,-0.0908222,0.252361
3.5980453491210938,-5.46124,2.34785,-2.22855,-3.42965,3.4666,-0.0693327,-0.22515,0.698149,0.0818155,0.128966,0.982403,0.0284639,-0.165471,-0.00149368,0.556578,0.117051,0.731758,0.956214,-0.0908438,0.252392
3.605726480484009,-5.46124,2.34785,-2.22855,-3.42965,3.4666,-0.0693327,-0.22515,0.698149,0.0818155,0.128966,0.982403,0.0284639,-0.165471,-0.00149368,0.556578,0.117051,0.731758,0.956214,-0.0908438,0.252392
3.631110429763794,-5.46124,2.34785,-2.22855,-3.42965,3.4666,-0.0693327,-0.22515,0.698149,0.0818155,0.128966,0.982403,0.0284639,-0.165471,-0.00149368,0.556578,0.117051,0.731758,0.956214,-0.0908438,0.252392
3.6473374366760254,-5.40249,2.31163,-2.23746,-3.43973,3.38648,-0.0693367,-0.224608,0.698519,0.086119,0.128954,0.981622,0.0300026,-0.167638,-0.00149469,0.556582,0.117095,0.731749,0.956223,-0.090802,0.252351
3.6611454486846924,-5.40249,2.31163,-2.23746,-3.43973,3.38648,-0.0693367,-0.224608,0.698519,0.086119,0.128954,0.981622,0.0300026,-0.167638,-0.00149469,0.556582,0.117095,0.731749,0.956223,-0.090802,0.252351
3.691234827041626,-5.40249,2.31163,-2.23746,-3.43973,3.38648,-0.0693367,-0.224608,0.698519,0.086119,0.128954,0.981622,0.0300026,-0.167638,-0.00149469,0.556582,0.117095,0.731749,0.956223,-0.090802,0.252351
3.700371026992798,-5.6313,2.36364,-2.29888,-3.55628,3.66989,-0.0693338,-0.226999,0.700672,0.0459297,0.128962,0.980969,0.0211258,-0.187468,-0.00149005,0.556584,0.117108,0.730566,0.956222,-0.0907204,0.252378
3.7210466861724854,-5.6313,2.36364,-2.29888,-3.55628,3.66989,-0.0693338,-0.226999,0.700672,0.0459297,0.128962,0.980969,0.0211258,-0.187468,-0.00149005,0.556584,0.117108,0.730566,0.956222,-0.0907204,0.252378
3.7480359077453613,-5.61386,2.36539,-2.28647,-3.54832,3.66611,-0.0693336,-0.227017,0.700723,0.0465612,0.128963,0.981172,0.0205105,-0.186314,-0.00149372,0.556574,0.117062,0.730561,0.956214,-0.090845,0.252388
3.7561466693878174,-5.61386,2.36539,-2.28647,-3.54832,3.66611,-0.0693336,-0.227017,0.700723,0.0465612,0.128963,0.981172,0.0205105,-0.186314,-0.00149372,0.556574,0.117062,0.730561,0.956214,-0.090845,0.252388
3.78312349319458,-5.61386,2.36539,-2.28647,-3.54832,3.66611,-0.0693336,-0.227017,0.700723,0.0465612,0.128963,0.981172,0.0205105,-0.186314,-0.00149372,0.556574,0.117062,0.730561,0.956214,-0.090845,0.252388
3.7971701622009277,-5.41415,2.2911,-2.23748,-3.4365,3.4161,-0.0693313,-0.224916,0.698665,0.082825,0.128963,0.981778,0.0286782,-0.16861,-0.00148791,0.556574,0.117116,0.731732,0.956194,-0.0908752,0.252427
3.813292980194092,-5.41415,2.2911,-2.23748,-3.4365,3.4161,-0.0693313,-0.224916,0.698665,0.082825,0.128963,0.981778,0.0286782,-0.16861,-0.00148791,0.556574,0.117116,0.731732,0.956194,-0.0908752,0.252427
3.843667984008789,-5.41415,2.2911,-2.23748,-3.4365,3.4161,-0.0693313,-0.224916,0.698665,0.082825,0.128963,0.981778,0.0286782,-0.16861,-0.00148791,0.556574,0.117116,0.731732,0.956194,-0.0908752,0.252427
3.852200746536255,-5.44427,2.33638,-2.23592,-3.45326,3.44543,-0.0693334,-0.224896,0.698503,0.0831367,0.128973,0.982104,0.0282209,-0.166625,-0.00149262,0.556579,0.117045,0.731768,0.956212,-0.0907808,0.252425
3.8750662803649902,-5.44427,2.33638,-2.23592,-3.45326,3.44543,-0.0693334,-0.224896,0.698503,0.0831367,0.128973,0.982104,0.0282209,-0.166625,-0.00149262,0.556579,0.117045,0.731768,0.956212,-0.0907808,0.252425
3.898674249649048,-5.51061,2.27767,-2.28288,-3.43537,3.47862,-0.0693368,-0.224846,0.698552,0.083228,0.128964,0.981791,0.0293909,-0.168216,-0.00149061,0.556573,0.117051,0.731713,0.9562,-0.0908882,0.252427
3.9070615768432617,-5.51061,2.27767,-2.28288,-3.43537,3.47862,-0.0693368,-0.224846,0.698552,0.083228,0.128964,0.981791,0.0293909,-0.168216,-0.00149061,0.556573,0.117051,0.731713,0.9562,-0.0908882,0.252427
3.9377570152282715,-5.51061,2.27767,-2.28288,-3.43537,3.47862,-0.0693368,-0.224846,0.698552,0.083228,0.128964,0.981791,0.0293909,-0.168216,-0.00149061,0.556573,0.117051,0.731713,0.9562,-0.0908882,0.252427
3.948489189147949,-5.49912,2.42031,-2.2497,-3.56485,3.62543,-0.0693536,-0.227016,0.700733,0.0465739,0.12905,0.981161,0.0206152,-0.186358,-0.00174555,0.557037,0.116524,0.730565,0.957274,-0.0848404,0.250701
3.964592695236206,-5.49912,2.42031,-2.2497,-3.56485,3.62543,-0.0693536,-0.227016,0.700733,0.0465739,0.12905,0.981161,0.0206152,-0.186358,-0.00174555,0.557037,0.116524,0.730565,0.957274,-0.0848404,0.250701
3.995220184326172,-5.49912,2.42031,-2.2497,-3.56485,3.62543,-0.0693536,-0.227016,0.700733,0.0465739,0.12905,0.981161,0.0206152,-0.186358,-0.00174555,0.557037,0.116524,0.730565,0.957274,-0.0848404,0.250701
4.003936052322388,-5.62478,2.33722,-2.28432,-3.58755,3.67013,-0.0693337,-0.227011,0.700717,0.0465098,0.128959,0.981147,0.0204688,-0.186463,-0.00149212,0.556582,0.117085,0.730579,0.956206,-0.0908843,0.252392
4.027181625366211,-5.62478,2.33722,-2.28432,-3.58755,3.67013,-0.0693337,-0.227011,0.700717,0.0465098,0.128959,0.981147,0.0204688,-0.186463,-0.00149212,0.556582,0.117085,0.730579,0.956206,-0.0908843,0.252392
4.047370195388794,-5.40178,2.3799,-2.24133,-3.40552,3.45249,-0.0693557,-0.224811,0.698353,0.0842778,0.129057,0.98217,0.0293225,-0.165467,-0.0017487,0.55703,0.116537,0.731703,0.957261,-0.0847742,0.250766
4.0561017990112305,-5.40178,2.3799,-2.24133,-3.40552,3.45249,-0.0693557,-0.224811,0.698353,0.0842778,0.129057,0.98217,0.0293225,-0.165467,-0.0017487,0.55703,0.116537,0.731703,0.957261,-0.0847742,0.250766
4.0874176025390625,-5.40178,2.3799,-2.24133,-3.40552,3.45249,-0.0693557,-0.224811,0.698353,0.0842778,0.129057,0.98217,0.0293225,-0.165467,-0.0017487,0.55703,0.116537,0.731703,0.957261,-0.0847742,0.250766
4.097406387329102,-5.56831,2.4165,-2.28917,-3.57965,3.66174,-0.0693552,-0.227017,0.700741,0.0459549,0.129049,0.980924,0.0214047,-0.187666,-0.00174829,0.557035,0.116544,0.730609,0.95726,-0.0848722,0.250736
4.1163904666900635,-5.56831,2.4165,-2.28917,-3.57965,3.66174,-0.0693552,-0.227017,0.700741,0.0459549,0.129049,0.980924,0.0214047,-0.187666,-0.00174829,0.557035,0.116544,0.730609,0.95726,-0.0848722,0.250736
4.147688627243042,-5.61286,2.42589,-2.30884,-3.57333,3.70611,-0.0693545,-0.227011,0.700718,0.04648,0.129055,0.981143,0.0204022,-0.186501,-0.00174866,0.557036,0.116517,0.73058,0.957274,-0.0847788,0.250726
4.1537511348724365,-5.61286,2.42589,-2.30884,-3.57333,3.70611,-0.0693545,-0.227011,0.700718,0.04648,0.129055,0.981143,0.0204022,-0.186501,-0.00174866,0.557036,0.116517,0.73058,0.957274,-0.0847788,0.250726
4.179203033447266,-5.61286,2.42589,-2.30884,-3.57333,3.70611,-0.0693545,-0.227011,0.700718,0.04648,0.129055,0.981143,0.0204022,-0.186501,-0.00174866,0.557036,0.116517,0.73058,0.957274,-0.0847788,0.250726
4.197187423706055,-5.61143,2.40872,-2.31347,-3.55644,3.70206,-0.0693549,-0.227035,0.700787,0.0465413,0.129057,0.981096,0.0207495,-0.186693,-0.00174636,0.557039,0.116517,0.730621,0.95727,-0.0847728,0.250741
4.208597421646118,-5.61143,2.40872,-2.31347,-3.55644,3.70206,-0.0693549,-0.227035,0.700787,0.0465413,0.129057,0.981096,0.0207495,-0.186693,-0.00174636,0.557039,0.116517,0.730621,0.95727,-0.0847728,0.250741
4.238778352737427,-5.61143,2.40872,-2.31347,-3.55644,3.70206,-0.0693549,-0.227035,0.700787,0.0465413,0.129057,0.981096,0.0207495,-0.186693,-0.00174636,0.557039,0.116517,0.730621,0.95727,-0.0847728,0.250741
4.247321844100952,-5.47955,2.33353,-2.24347,-3.43476,3.46838,-0.0693601,-0.225114,0.698148,0.0817222,0.128955,0.982203,0.0289825,-0.166611,-0.00146128,0.556542,0.116807,0.731727,0.956189,-0.091246,0.252455
4.2686285972595215,-5.47955,2.33353,-2.24347,-3.43476,3.46838,-0.0693601,-0.225114,0.698148,0.0817222,0.128955,0.982203,0.0289825,-0.166611,-0.00146128,0.556542,0.116807,0.731727,0.956189,-0.091246,0.252455
4.297591924667358,-5.42522,2.33831,-2.22559,-3.4388,3.41463,-0.0693602,-0.224851,0.698121,0.0856631,0.128957,0.982075,0.0295983,-0.165271,-0.00146354,0.556542,0.11679,0.731804,0.956202,-0.0911831,0.252434
4.305217266082764,-5.42522,2.33831,-2.22559,-3.4388,3.41463,-0.0693602,-0.224851,0.698121,0.0856631,0.128957,0.982075,0.0295983,-0.165271,-0.00146354,0.556542,0.11679,0.731804,0.956202,-0.0911831,0.252434
4.330389738082886,-5.42522,2.33831,-2.22559,-3.4388,3.41463,-0.0693602,-0.224851,0.698121,0.0856631,0.128957,0.982075,0.0295983,-0.165271,-0.00146354,0.556542,0.11679,0.731804,0.956202,-0.0911831,0.252434
4.352811098098755,-5.58802,2.33227,-2.27754,-3.54024,3.63987,-0.0693615,-0.226999,0.70067,0.0458564,0.128963,0.980985,0.0210498,-0.187409,-0.00146264,0.556537,0.116808,0.730559,0.956187,-0.0911437,0.252497
4.366645812988281,-5.58802,2.33227,-2.27754,-3.54024,3.63987,-0.0693615,-0.226999,0.70067,0.0458564,0.128963,0.980985,0.0210498,-0.187409,-0.00146264,0.556537,0.116808,0.730559,0.956187,-0.0911437,0.252497
4.391021251678467,-5.58802,2.33227,-2.27754,-3.54024,3.63987,-0.0693615,-0.226999,0.70067,0.0458564,0.128963,0.980985,0.0210498,-0.187409,-0.00146264,0.556537,0.116808,0.730559,0.956187,-0.0911437,0.252497
4.399815082550049,-5.60452,2.30936,-2.2856,-3.56018,3.64702,-0.0693329,-0.227017,0.700742,0.0459774,0.128968,0.98092,0.0214023,-0.18768,-0.00148738,0.556576,0.117056,0.730605,0.95621,-0.0908273,0.252411
4.421001434326172,-5.60452,2.30936,-2.2856,-3.56018,3.64702,-0.0693329,-0.227017,0.700742,0.0459774,0.128968,0.98092,0.0214023,-0.18768,-0.00148738,0.556576,0.117056,0.730605,0.95621,-0.0908273,0.252411
4.447947025299072,-5.6339,2.33584,-2.30029,-3.55326,3.67062,-0.0693337,-0.226995,0.700672,0.0458839,0.128975,0.980964,0.0211707,-0.187502,-0.00148858,0.556579,0.117026,0.730565,0.956195,-0.0908796,0.252462
4.455654144287109,-5.6339,2.33584,-2.30029,-3.55326,3.67062,-0.0693337,-0.226995,0.700672,0.0458839,0.128975,0.980964,0.0211707,-0.187502,-0.00148858,0.556579,0.117026,0.730565,0.956195,-0.0908796,0.252462
4.482846975326538,-5.6339,2.33584,-2.30029,-3.55326,3.67062,-0.0693337,-0.226995,0.700672,0.0458839,0.128975,0.980964,0.0211707,-0.187502,-0.00148858,0.556579,0.117026,0.730565,0.956195,-0.0908796,0.252462
4.49739933013916,-5.623,2.31557,-2.29573,-3.55047,3.66496,-0.0693386,-0.226996,0.700668,0.0458781,0.128961,0.980963,0.0210013,-0.187523,-0.001488,0.556582,0.117046,0.730566,0.956218,-0.0908146,0.252388
4.512913227081299,-5.623,2.31557,-2.29573,-3.55047,3.66496,-0.0693386,-0.226996,0.700668,0.0458781,0.128961,0.980963,0.0210013,-0.187523,-0.001488,0.556582,0.117046,0.730566,0.956218,-0.0908146,0.252388
4.543492317199707,-5.623,2.31557,-2.29573,-3.55047,3.66496,-0.0693386,-0.226996,0.700668,0.0458781,0.128961,0.980963,0.0210013,-0.187523,-0.001488,0.556582,0.117046,0.730566,0.956218,-0.0908146,0.252388
4.55187201499939,-5.47956,2.31067,-2.25904,-3.48071,3.44741,-0.0693576,-0.224844,0.698551,0.083181,0.128956,0.981792,0.0295229,-0.168207,-0.00146254,0.55654,0.116797,0.731712,0.9562,-0.0912286,0.252424
4.575242280960083,-5.47956,2.31067,-2.25904,-3.48071,3.44741,-0.0693576,-0.224844,0.698551,0.083181,0.128956,0.981792,0.0295229,-0.168207,-0.00146254,0.55654,0.116797,0.731712,0.9562,-0.0912286,0.252424
4.597485542297363,-5.46346,2.30659,-2.2459,-3.46904,3.43214,-0.069336,-0.224945,0.698586,0.082509,0.128924,0.981812,0.0290888,-0.168496,-0.00150618,0.556513,0.116607,0.731775,0.956092,-0.092751,0.252365
4.605527400970459,-5.46346,2.30659,-2.2459,-3.46904,3.43214,-0.069336,-0.224945,0.698586,0.082509,0.128924,0.981812,0.0290888,-0.168496,-0.00150618,0.556513,0.116607,0.731775,0.956092,-0.092751,0.252365
4.634655475616455,-5.46346,2.30659,-2.2459,-3.46904,3.43214,-0.069336,-0.224945,0.698586,0.082509,0.128924,0.981812,0.0290888,-0.168496,-0.00150618,0.556513,0.116607,0.731775,0.956092,-0.092751,0.252365
4.647924423217773,-5.43802,2.29619,-2.21933,-3.42695,3.42731,-0.0693353,-0.225104,0.698149,0.0816428,0.128933,0.982166,0.0291772,-0.166832,-0.00150582,0.556494,0.116547,0.731741,0.956074,-0.0928615,0.252421
4.6652445793151855,-5.43802,2.29619,-2.21933,-3.42695,3.42731,-0.0693353,-0.225104,0.698149,0.0816428,0.128933,0.982166,0.0291772,-0.166832,-0.00150582,0.556494,0.116547,0.731741,0.956074,-0.0928615,0.252421
4.694734334945679,-5.43802,2.29619,-2.21933,-3.42695,3.42731,-0.0693353,-0.225104,0.698149,0.0816428,0.128933,0.982166,0.0291772,-0.166832,-0.00150582,0.556494,0.116547,0.731741,0.956074,-0.0928615,0.252421
4.70302677154541,-5.38965,2.32028,-2.22625,-3.44439,3.38957,-0.0693316,-0.225016,0.698379,0.0840854,0.128973,0.981681,0.029144,-0.168474,-0.00149189,0.556579,0.117012,0.731861,0.956204,-0.0908968,0.252428
4.7277750968933105,-5.38965,2.32028,-2.22625,-3.44439,3.38957,-0.0693316,-0.225016,0.698379,0.0840854,0.128973,0.981681,0.029144,-0.168474,-0.00149189,0.556579,0.117012,0.731861,0.956204,-0.0908968,0.252428
4.747770071029663,-5.40265,2.31422,-2.21304,-3.41993,3.40815,-0.0693337,-0.224811,0.698358,0.0843931,0.128967,0.982193,0.0294166,-0.165258,-0.00149065,0.556573,0.117086,0.731691,0.956183,-0.0909217,0.252465
4.7568442821502686,-5.40265,2.31422,-2.21304,-3.41993,3.40815,-0.0693337,-0.224811,0.698358,0.0843931,0.128967,0.982193,0.0294166,-0.165258,-0.00149065,0.556573,0.117086,0.731691,0.956183,-0.0909217,0.252465
4.7869486808776855,-5.40265,2.31422,-2.21304,-3.41993,3.40815,-0.0693337,-0.224811,0.698358,0.0843931,0.128967,0.982193,0.0294166,-0.165258,-0.00149065,0.556573,0.117086,0.731691,0.956183,-0.0909217,0.252465
4.79821252822876,-5.35145,2.45065,-2.20928,-3.4488,3.40938,-0.0693538,-0.224811,0.698357,0.0842531,0.129069,0.98216,0.029338,-0.165535,-0.00175118,0.557033,0.116461,0.731704,0.957275,-0.0847345,0.250763
4.816357374191284,-5.35145,2.45065,-2.20928,-3.4488,3.40938,-0.0693538,-0.224811,0.698357,0.0842531,0.129069,0.98216,0.029338,-0.165535,-0.00175118,0.557033,0.116461,0.731704,0.957275,-0.0847345,0.250763
4.847262620925903,-5.3934,2.29985,-2.22274,-3.39517,3.41181,-0.0693354,-0.224941,0.698298,0.0845345,0.128957,0.982016,0.0283156,-0.166422,-0.0014901,0.556582,0.11707,0.731868,0.956208,-0.0909091,0.252381
4.85332989692688,-5.3934,2.29985,-2.22274,-3.39517,3.41181,-0.0693354,-0.224941,0.698298,0.0845345,0.128957,0.982016,0.0283156,-0.166422,-0.0014901,0.556582,0.11707,0.731868,0.956208,-0.0909091,0.252381
4.878489017486572,-5.3934,2.29985,-2.22274,-3.39517,3.41181,-0.0693354,-0.224941,0.698298,0.0845345,0.128957,0.982016,0.0283156,-0.166422,-0.0014901,0.556582,0.11707,0.731868,0.956208,-0.0909091,0.252381
