# Timestamp, Fx, Fy, Fz, Tx, Ty, Tz, FemurPosX, FemurPosY, FemurPosZ, FemurQuatW, FemurQuatX, FemurQuatY, FemurQuatZ, TibiaPosX, TibiaPosY, TibiaPosZ, TibiaQuatW, TibiaQuatX, TibiaQuatY, TibiaQuatZ
0.017136573791503906,-4.276372715675073,7.309551378125191,-2.4038330103816854,1.1499254879221297,1.758864444553725,1.766192565228247,0.0,50.0,20.0,1.0,0.0,0.0,0.0,-397.2172123618679,70.0,59.61397739743998,0.9756690591654529,0.0,0.2192484594864921,0.0
0.03385210037231445,-4.636673045298941,8.094571620798042,-3.0625994911632577,1.3469110560785478,1.8752435060267705,1.6858487515159357,0.0,50.0,20.0,1.0,0.0,0.0,0.0,-398.8184921961897,70.0,58.87325631295326,0.9775651990712608,0.0,0.21063304955482723,0.0
0.0502316951751709,-5.245940211965595,8.673026746874259,-3.236206150806062,1.2336590473781606,2.012876326595969,1.6210730207178121,0.0,50.0,20.0,1.0,0.0,0.0,0.0,-400.41165388674165,70.0,58.16992403347983,0.9793622311650582,0.0,0.20211288966169172,0.0
0.08346819877624512,-4.53997784688301,8.71468393647751,-3.93839998142942,1.3405562924539034,2.021942651336856,1.6697653969781014,0.0,50.0,20.0,1.0,0.0,0.0,0.0,-401.99471567765426,70.0,57.50352242610717,0.9810618675035047,0.0,0.19369463629779693,0.0
0.11675095558166504,-4.731768625516816,8.973618460648225,-4.14258894492785,1.2364329828281193,2.0506930034536395,1.5237407135855912,0.0,50.0,20.0,1.0,0.0,0.0,0.0,-405.1227495178927,70.0,56.27925843865539,0.9841766649371052,0.0,0.17718998897589266,0.0
0.14992117881774902,-4.570393676750088,9.072214230807438,-4.183153147109361,1.2192319633209028,2.1555724758322143,1.579658573891054,0.0,50.0,20.0,1.0,0.0,0.0,0.0,-406.6639077249968,70.0,55.72007132038934,0.9855960853199719,0.0,0.16911639956534869,0.0
0.18328261375427246,-3.781883348025164,8.811626185088418,-3.8515715910355155,1.0457863223977435,1.9722129101473371,1.3996538020716507,0.0,50.0,20.0,1.0,0.0,0.0,0.0,-408.1873461496141,70.0,55.19517388341707,0.9869266085089178,0.0,0.1611703118352923,0.0
0.20042824745178223,-3.435148340246182,9.101173468587042,-3.7504007358332565,1.09142380779185,1.8922069990935353,1.4732343327854887,0.0,50.0,20.0,1.0,0.0,0.0,0.0,-409.69125608605077,70.0,54.70372492925736,0.988170721765077,0.0,0.15335783203438544,0.0
0.23491549491882324,-3.2168165399423088,8.430656423260372,-3.2150897726234313,1.0594302388919916,1.7808228921472367,1.6293349066342802,0.0,50.0,20.0,1.0,0.0,0.0,0.0,-412.6334847957929,70.0,53.817497196330436,0.9904102756021607,0.0,0.1381574680632653,0.0
0.266751766204834,-3.9151113825683836,8.748350989693883,-3.0314619771552342,1.0618869718240243,1.5967979316345018,1.705954956378147,0.0,50.0,20.0,1.0,0.0,0.0,0.0,-414.0684234633081,70.0,53.4207406410585,0.991411265214748,0.0,0.1307811270990296,0.0
0.30016469955444336,-3.1437901299914675,9.20486219844874,-3.5032283096502255,1.217268264552354,1.789133530564603,1.7663294650277606,0.0,50.0,20.0,1.0,0.0,0.0,0.0,-415.4770781433878,70.0,53.05348740870308,0.9923369200813222,0.0,0.12356147070796547,0.0
0.3334519863128662,-2.4235414838715865,9.307374212389217,-3.1331945687262923,1.0259201565492826,1.979524055284435,1.567792452436704,0.0,50.0,20.0,1.0,0.0,0.0,0.0,-416.857891573615,70.0,52.71463204786939,0.9931902334198887,0.0,0.11650390654114127,0.0
0.35253334045410156,-2.6239840193461346,8.85813652068157,-3.8491774626489312,0.9112868306242053,2.0233704793727405,1.5626186574726086,0.0,50.0,20.0,1.0,0.0,0.0,0.0,-418.20936274211454,70.0,52.40303217878511,0.9939742648107518,0.0,0.10961368935459455,0.0
0.3836710453033447,-2.5813074451227807,8.529476575591117,-4.465378778842302,0.7208267922550671,2.11290178441054,1.4304707324678114,0.0,50.0,20.0,1.0,0.0,0.0,0.0,-420.81856275999115,70.0,51.8568776459216,0.9953469805903828,0.0,0.09635553035300076,0.0
0.41646552085876465,-2.3528928675959824,8.143141933569709,-4.120595953294631,0.6439066647450138,2.2466482408831387,1.4415432001088935,0.0,50.0,20.0,1.0,0.0,0.0,0.0,-422.0735806937406,70.0,51.61990297394411,0.9959420089193344,0.0,0.08999730479142438,0.0
0.45102405548095703,-2.692445230032961,8.26454805970459,-3.4494119989213354,0.7217055731804575,2.048126793088437,1.5140710806870024,0.0,50.0,20.0,1.0,0.0,0.0,0.0,-423.2938356024498,70.0,51.40535475431727,0.996480419390373,0.0,0.08382585383750286,0.0
0.48318028450012207,-2.014456570788628,8.8259150987459,-4.1060564568879085,0.9215021268134194,1.9558644973260324,1.343517928308826,0.0,50.0,20.0,1.0,0.0,0.0,0.0,-424.4781208117542,70.0,51.21198824520506,0.9969654250644676,0.0,0.07784562432163632,0.0
0.5164787769317627,-2.7998214364383784,8.06718713848879,-4.71331992073802,1.114349858677198,1.9393730177381718,1.2673349647150152,0.0,50.0,20.0,1.0,0.0,0.0,0.0,-426.7342528690311,70.0,50.88380579815835,0.9977880391191349,0.0,0.06647577747414245,0.0
0.5498371124267578,-2.8382203665452272,7.697654516328641,-4.699288590890435,1.2024472197109914,2.062071130443952,1.388129342942641,0.0,50.0,20.0,1.0,0.0,0.0,0.0,-427.80398254715766,70.0,50.74650052370967,0.998132003986172,0.0,0.06109421100684037,0.0
0.5675039291381836,-2.992638111925472,6.908294790005296,-4.566934083978246,1.0064603090317552,2.0460552255673274,1.3410967219017895,0.0,50.0,20.0,1.0,0.0,0.0,0.0,-428.833506868799,70.0,50.6254085233512,0.9984352544773467,0.0,0.055919966172700585,0.0
0.6002178192138672,-2.841710192872047,6.4891705473969425,-4.1248670053558305,0.883938430392409,2.131807018208895,1.179443781309388,0.0,50.0,20.0,1.0,0.0,0.0,0.0,-429.8219114244711,70.0,50.51931588017355,0.998700866425544,0.0,0.050956642362579053,0.0
0.633195161819458,-2.583586536780455,6.223056218045852,-3.5966974521824255,0.8249329478448687,2.040752476638212,1.0958850474788995,0.0,50.0,20.0,1.0,0.0,0.0,0.0,-430.7683376767646,70.0,50.427029718152156,0.9989318552380033,0.0,0.046207668094816495,0.0
0.666511058807373,-2.1611136347732973,6.964699266644888,-3.760479977785022,0.982183945327108,2.0355895165251194,0.9342679750506375,0.0,50.0,20.0,1.0,0.0,0.0,0.0,-432.5320930325506,70.0,50.27923804179231,0.9993016610568795,0.0,0.03736562871090978,0.0
0.6998705863952637,-1.6181239008002315,6.468271831394033,-3.967627272251502,1.1399468770260142,2.162372789026254,1.0060632375302858,0.0,50.0,20.0,1.0,0.0,0.0,0.0,-433.34797286954426,70.0,50.22149261962433,0.9994461150566739,0.0,0.03327856815011233,0.0
0.7332756519317627,-2.408394846336644,6.2273102293517475,-3.9639118108967506,1.1675560745456508,2.21047180719961,0.897279175286765,0.0,50.0,20.0,1.0,0.0,0.0,0.0,-434.1189729392845,70.0,50.173082183655836,0.9995672008833227,0.0,0.029417867330572816,0.0
0.7503392696380615,-3.135751681023006,6.862342871170152,-4.186371958364679,1.1357947273455007,2.11262280365228,0.7529834595996865,0.0,50.0,20.0,1.0,0.0,0.0,0.0,-434.84449376198944,70.0,50.13298464743309,0.9996674830976721,0.0,0.025786105505978634,0.0
0.7831053733825684,-3.268058064622416,7.5275374731515114,-3.8875996303909837,1.1229523988171999,1.933141112555753,0.8031941148864579,0.0,50.0,20.0,1.0,0.0,0.0,0.0,-435.52398310477076,70.0,50.100223860342794,0.9997494089512061,0.0,0.02238569413071627,0.0
0.8161511421203613,-2.5894353372339136,7.267222006429295,-3.1536329276952237,1.1437800954794592,1.975346182481677,0.9894383501975714,0.0,50.0,20.0,1.0,0.0,0.0,0.0,-436.74288510363084,70.0,50.053058063031,0.9998673460438864,0.0,0.01628773511434485,0.0
0.8495535850524902,-2.770049070874944,6.947880952949503,-2.4579713753293815,1.086549841962887,1.9364280920816896,0.9523220727200148,0.0,50.0,20.0,1.0,0.0,0.0,0.0,-437.2814152542757,70.0,50.036960345434096,0.9999075948670605,0.0,0.013594179900622288,0.0
0.8831052780151367,-3.4950146788243566,6.223421261098242,-2.433038316703963,1.048333423867941,2.0419844249021684,1.1139466129431561,0.0,50.0,20.0,1.0,0.0,0.0,0.0,-437.7721458474892,70.0,50.02481975072442,0.9999379486980069,0.0,0.011139962011701171,0.0
0.9010956287384033,-3.1952747063033873,6.411802059400413,-2.152270936106206,1.2339392369735123,1.976346733103427,1.2954848318842758,0.0,50.0,20.0,1.0,0.0,0.0,0.0,-438.2147374456175,70.0,50.0159370818933,0.9999601565015146,0.0,0.008926668441612828,0.0
0.933436393737793,-1.151800567265612,10.688854382845669,-3.4706596466008115,2.176432284897494,2.43611086728947,1.8951419356306296,0.0,50.0,20.0,1.0,0.0,0.0,0.0,-438.95433556002274,70.0,50.00546722005764,0.9999863318564468,0.0,0.005228393662321486,0.0
0.9666275978088379,-1.0051383906994495,10.620458834834839,-3.9172985971637497,2.0047834986908155,2.4306905615257297,1.8470937868083592,0.0,50.0,20.0,1.0,0.0,0.0,0.0,-439.2508491336428,70.0,50.00280617447589,0.9999929845392019,0.0,0.0037457806101629885,0.0
0.9996094703674316,-0.39423565272240846,11.197804691099854,-3.438433033485725,1.9847094273747796,2.2805984128604937,1.6627739200401443,0.0,50.0,20.0,1.0,0.0,0.0,0.0,-439.49823560707875,70.0,50.00125884545348,0.9999968528814142,0.0,0.002508829860191358,0.0
1.0330746173858643,-1.0417004299341825,10.56786576690609,-2.7146695958622455,2.1058642897237916,2.353324242936369,1.7646923092239228,0.0,50.0,20.0,1.0,0.0,0.0,0.0,-439.69633483890374,70.0,50.00046106371322,0.9999988473400526,0.0,0.0015183275555966302,0.0
1.0527455806732178,-0.6613428158933088,9.917843833038539,-2.8644813234660895,2.0152859066011595,2.4808615035131467,1.8724134927880698,0.0,50.0,20.0,1.0,0.0,0.0,0.0,-439.84501967520845,70.0,50.00012009457747,0.9999996997635112,0.0,0.0007749018566116849,0.0
1.0835294723510742,-0.7388178990319011,10.016639087372974,-3.3644583030153443,2.132708986024082,2.5,1.9359694528039495,0.0,50.0,20.0,1.0,0.0,0.0,0.0,-439.9937988262726,70.0,50.00000019227278,0.9999999995193181,0.0,3.1005868651846944e-05,0.0
1.1161606311798096,-0.9356072779259845,9.516782258470284,-2.6685695627814727,2.2428109861538195,2.476857337409878,1.7435226464467317,0.0,50.0,20.0,1.0,0.0,0.0,0.0,-439.99379882627284,70.0,50.00000019227278,0.9999999995193181,0.0,3.1005868650626186e-05,0.0
1.1496896743774414,-1.3713432626880269,9.169472739080293,-2.396494506733947,2.2349124091517565,2.30470521438895,1.8582482403858844,0.0,50.0,20.0,1.0,0.0,0.0,0.0,-439.9441953145843,70.0,50.000015570815776,0.9999999610729597,0.0,0.0002790234379400886,0.0
1.1829805374145508,-0.9394365869484489,8.745007538970297,-1.9435523068182956,2.188476013047361,2.1187657192417872,1.830802263852505,0.0,50.0,20.0,1.0,0.0,0.0,0.0,-439.84501967520964,70.0,50.00012009457747,0.9999996997635112,0.0,0.0007749018566055812,0.0
1.216090202331543,-0.1738741345291115,8.928465495232402,-2.2784539955931744,2.360701694228514,2.116351343095385,1.662276018811611,0.0,50.0,20.0,1.0,0.0,0.0,0.0,-439.4982356070809,70.0,50.001258845453464,0.9999968528814142,0.0,0.0025088298601803716,0.0
1.249483346939087,-0.17846552796931148,8.133247320137052,-2.724949000789601,2.4416841340071733,2.3150371528627236,1.6027240688398021,0.0,50.0,20.0,1.0,0.0,0.0,0.0,-439.2508491336455,70.0,50.00280617447588,0.9999929845392019,0.0,0.003745780610149691,0.0
1.2668075561523438,-0.6309033631019179,7.792166579376179,-2.199093401800842,2.4059319632506124,2.424355856307732,1.4162962552941383,0.0,50.0,20.0,1.0,0.0,0.0,0.0,-438.95433556002587,70.0,50.00546722005761,0.9999863318564469,0.0,0.0052283936623057905,0.0
1.2996296882629395,-0.4668926563683814,7.851433283373913,-2.2714401622974947,2.4839275541278405,2.348648977574218,1.3140806182479687,0.0,50.0,20.0,1.0,0.0,0.0,0.0,-438.6088887970191,70.0,50.00967642006083,0.9999758086572375,0.0,0.0069557242832147875,0.0
1.3329455852508545,-0.9381264557218558,7.801344822937121,-2.5869164781755773,2.5,2.149571333796345,1.4029888608224574,0.0,50.0,20.0,1.0,0.0,0.0,0.0,-438.21473744562167,70.0,50.01593708189323,0.9999601565015147,0.0,0.008926668441592336,0.0
1.3661916255950928,-1.432009938405506,8.408959980062367,-3.25281357125055,2.5,2.1560458085082197,1.4384203970458465,0.0,50.0,20.0,1.0,0.0,0.0,0.0,-437.2814152542808,70.0,50.036960345433954,0.9999075948670608,0.0,0.013594179900597095,0.0
1.3995656967163086,-1.5471195131175162,7.852895529458597,-3.836777929710572,2.3377907367938935,2.036080874325246,1.4197205735808787,0.0,50.0,20.0,1.0,0.0,0.0,0.0,-436.74288510363635,70.0,50.05305806303083,0.9998673460438868,0.0,0.016287735114317345,0.0
1.4329173564910889,-2.2593989396968204,7.2245617125274,-4.12011784953834,2.1940572799907163,2.018582949395978,1.5472500061873413,0.0,50.0,20.0,1.0,0.0,0.0,0.0,-436.15693438847927,70.0,50.07387305261177,0.9998153003114831,0.0,0.019218877778342858,0.0
1.449573040008545,-1.9015330882092443,6.812063997868038,-3.8475263479522024,2.3270585034250217,1.9883002435115882,1.6370707838724783,0.0,50.0,20.0,1.0,0.0,0.0,0.0,-435.5239831047772,70.0,50.10022386034251,0.9997494089512069,0.0,0.022385694130684097,0.0
1.4828734397888184,-2.418730061784658,7.460733120556631,-4.562827245667016,2.1870617639537078,1.9834331361830304,1.6280985864541404,0.0,50.0,20.0,1.0,0.0,0.0,0.0,-434.8444937619964,70.0,50.132984647432735,0.999667483097673,0.0,0.02578610550594398,0.0
1.5162148475646973,-2.033253520545747,7.734937126858769,-4.100617557831921,1.9894984500301898,2.1224382053280046,1.7414835569163511,0.0,50.0,20.0,1.0,0.0,0.0,0.0,-433.3479728695521,70.0,50.2214926196238,0.9994461150566752,0.0,0.03327856815007316,0.0
1.5495936870574951,-1.8454746566414282,7.702366961398256,-4.24365761660764,1.8484549842947775,2.0393627235784537,1.918615515860694,0.0,50.0,20.0,1.0,0.0,0.0,0.0,-432.53209303255886,70.0,50.2792380417917,0.999301661056881,0.0,0.037365628710868695,0.0
1.5830512046813965,-1.0906144584822788,7.125610434645385,-4.220431254350705,1.8892968648989992,1.9811082919297778,1.9789949139366785,0.0,50.0,20.0,1.0,0.0,0.0,0.0,-431.6719817377881,70.0,50.3473828149794,0.9991311655258798,0.0,0.04167630111822493,0.0
1.6008741855621338,-1.2449544570041438,7.513148931483544,-4.269028094455881,1.7259449332159846,2.180759361837386,1.890238121174443,0.0,50.0,20.0,1.0,0.0,0.0,0.0,-430.7683376767737,70.0,50.4270297181513,0.9989318552380054,0.0,0.046207668094771066,0.0
1.6333932876586914,-1.8876860384195782,6.830146511224816,-4.7195041545637535,1.5450238412582558,2.0745675349122243,1.780830589447017,0.0,50.0,20.0,1.0,0.0,0.0,0.0,-428.83350686880897,70.0,50.625408523350075,0.9984352544773495,0.0,0.05591996617265061,0.0
1.6661326885223389,-1.6915304526066337,7.569146723757946,-5.458366149908165,1.5381212488028866,1.9589402646271326,1.905001668484947,0.0,50.0,20.0,1.0,0.0,0.0,0.0,-427.80398254716795,70.0,50.746500523708406,0.9981320039861752,0.0,0.06109421100678872,0.0
1.6995842456817627,-1.1526896248511578,7.456943348464628,-4.742593981556311,1.665277964442097,1.7809857293425244,1.8671228081889382,0.0,50.0,20.0,1.0,0.0,0.0,0.0,-426.7342528690418,70.0,50.8838057981569,0.9977880391191385,0.0,0.06647577747408838,0.0
1.7329082489013672,-1.3871315576197634,6.828801655590752,-4.994278214594922,1.6986287184147228,1.715278970467798,1.7857844952641972,0.0,50.0,20.0,1.0,0.0,0.0,0.0,-425.62528920360614,70.0,51.03855452995829,0.9974002342842158,0.0,0.07206089542735004,0.0
1.7531139850616455,-1.4697852374489018,6.375424983031986,-4.420267368633673,1.5418998006117615,1.850780348495735,1.8728896391293641,0.0,50.0,20.0,1.0,0.0,0.0,0.0,-424.4781208117656,70.0,51.21198824520327,0.9969654250644722,0.0,0.07784562432157872,0.0
1.7839174270629883,-1.6063514424498504,5.839578180140891,-3.659081539918005,1.6148117679762892,1.6580705088275598,1.9434322181888177,0.0,50.0,20.0,1.0,0.0,0.0,0.0,-422.0735806937528,70.0,51.619902973941905,0.9959420089193399,0.0,0.08999730479136303,0.0
1.81612229347229,-2.256363304664707,5.787005354851852,-4.317602893464757,1.51939896264208,1.6441838029589837,1.7981446283038884,0.0,50.0,20.0,1.0,0.0,0.0,0.0,-420.81856276000366,70.0,51.85687764591917,0.995346980590389,0.0,0.0963555303529372,0.0
1.8498942852020264,-2.96409152458827,5.038747009687579,-5.1078974633130505,1.3532711559362602,1.7850584402648213,1.8776411044714134,0.0,50.0,20.0,1.0,0.0,0.0,0.0,-419.53004814751677,70.0,52.11751397130834,0.994692128320848,0.0,0.1028959175892887,0.0
1.8829808235168457,-2.5208403434703506,5.341596870915679,-4.529877027300186,1.3855881197268252,1.6052900452399854,1.7527837266328619,0.0,50.0,20.0,1.0,0.0,0.0,0.0,-418.2093627421276,70.0,52.4030321787822,0.9939742648107591,0.0,0.10961368935452794,0.0
1.9161949157714844,-2.225167372789318,4.690845111471739,-5.017152276289496,1.3648420234841507,1.740713032023116,1.9266079761709733,0.0,50.0,20.0,1.0,0.0,0.0,0.0,-415.47707814340146,70.0,53.053487408699624,0.992336920081331,0.0,0.12356147070789561,0.0
1.9496946334838867,-2.5598535994987444,4.209516227336361,-4.532349191975815,1.5350757668693489,1.7450283316163022,2.03703022381314,0.0,50.0,20.0,1.0,0.0,0.0,0.0,-414.068423463322,70.0,53.42074064105476,0.9914112652147574,0.0,0.13078112709895812,0.0
1.9669818878173828,-2.3474526975377197,3.747590362263807,-4.135648845303793,1.5053211547815468,1.63408319223654,2.108635482255667,0.0,50.0,20.0,1.0,0.0,0.0,0.0,-412.63348479580714,70.0,53.8174971963264,0.9904102756021709,0.0,0.13815746806319235,0.0
1.9998228549957275,-2.190267181101718,4.43680824334767,-4.11695122056945,1.6215740955839568,1.5664265961914523,2.0545797631226828,0.0,50.0,20.0,1.0,0.0,0.0,0.0,-411.17387408686284,70.0,54.24482016705329,0.9893310361879554,0.0,0.14568493688527479,0.0
2.0329127311706543,-1.3906292645777356,4.180145303362009,-4.701875089708397,1.7081864867153707,1.388805147005736,1.8870296635039394,0.0,50.0,20.0,1.0,0.0,0.0,0.0,-409.6912560860654,70.0,54.7037249292527,0.9881707217650888,0.0,0.15335783203430967,0.0
2.066533327102661,-1.0844558651973628,3.5264162526618446,-4.961498792892897,1.534221506014041,1.412686574984476,1.8132694107884275,0.0,50.0,20.0,1.0,0.0,0.0,0.0,-406.66390772501194,70.0,55.720071320383994,0.9855960853199854,0.0,0.1691163995652697,0.0
2.0999386310577393,-1.4105712470865475,4.054939791785961,-4.669259645152474,1.4333933039741193,1.2493073551656146,1.854684895148584,0.0,50.0,20.0,1.0,0.0,0.0,0.0,-405.122749517908,70.0,56.279258438649705,0.9841766649371196,0.0,0.17718998897581245,0.0
2.1328084468841553,-1.0915403970362327,4.271813767067642,-4.017550049333983,1.6326924932431581,1.4219790334427103,1.8591186095721797,0.0,50.0,20.0,1.0,0.0,0.0,0.0,-403.56572234491483,70.0,56.87350853944855,0.9826659947829463,0.0,0.1853848502365895,0.0
2.1497504711151123,-0.5670715255239736,4.84775543841382,-4.145413240230381,1.7091552374636503,1.414878344066874,1.6732581656200454,0.0,50.0,20.0,1.0,0.0,0.0,0.0,-401.9947156776698,70.0,57.50352242610077,0.981061867503521,0.0,0.19369463629771447,0.0
2.1831328868865967,-0.812770785646392,4.163424250276147,-4.423803479362317,1.650417909577629,1.4725325109123133,1.845447306492807,0.0,50.0,20.0,1.0,0.0,0.0,0.0,-400.41165388675734,70.0,58.16992403347308,0.9793622311650754,0.0,0.2021128896616082,0.0
2.2162177562713623,-0.538952759758421,4.043723805020178,-3.980486510400726,1.7233099843785942,1.3904518611903485,1.6791588927665198,0.0,50.0,20.0,1.0,0.0,0.0,0.0,-397.2172123618836,70.0,59.61397739743256,0.975669059165472,0.0,0.21924845948640737,0.0
2.249530792236328,-0.1661579490972408,4.725201280034245,-4.222817411140345,1.883495948638402,1.3439682776675552,1.673870820084684,0.0,50.0,20.0,1.0,0.0,0.0,0.0,-395.6098180895534,70.0,60.39245706996836,0.9736722829834267,0.0,0.22795237517920672,0.0
2.28287935256958,-0.16121724128656834,5.484694547568036,-3.45581523015915,2.001440405522059,1.1702308671025188,1.5113885224423793,0.0,50.0,20.0,1.0,0.0,0.0,0.0,-393.9983302107016,70.0,61.20897355815535,0.9715735341234977,0.0,0.23673797285348372,0.0
2.300725221633911,-0.5937652104789297,5.9802815041167205,-4.0413409710453365,2.1498069049678223,1.1354244601111012,1.5656133147176177,0.0,50.0,20.0,1.0,0.0,0.0,0.0,-392.38478163656043,70.0,62.063710675273725,0.9693716762024932,0.0,0.2455983578454233,0.0
2.3331432342529297,-1.3681617035105673,5.240431171902106,-4.2436749522045565,2.0119941122900595,1.287646821675962,1.5267926174410584,0.0,50.0,20.0,1.0,0.0,0.0,0.0,-389.1596628000485,70.0,63.88809540257961,0.964655131633633,0.0,0.26351561056775763,0.0
2.366192579269409,-1.9479568652630321,5.0332620942187765,-5.0205691900802645,2.03436543191316,1.1743782326288903,1.6830090299962326,0.0,50.0,20.0,1.0,0.0,0.0,0.0,-387.5521707049829,70.0,64.85761806103409,0.9621392361268869,0.0,0.2725584163168888,0.0
2.3995726108551025,-2.2542359907020604,5.14414499691181,-5.577929097387621,2.107991787097477,1.2537463721432363,1.8183122226850847,0.0,50.0,20.0,1.0,0.0,0.0,0.0,-385.95076299294277,70.0,65.86510843321332,0.9595178256988942,0.0,0.2816479046008803,0.0
2.4328291416168213,-1.9593076899826811,5.12621136163527,-6.166289095947522,1.9738954743678887,1.4100700494075948,1.9825781480303797,0.0,50.0,20.0,1.0,0.0,0.0,0.0,-384.35745120882837,70.0,66.910248742567,0.9567908634007565,0.0,0.29077696558158633,0.0
2.4527595043182373,-1.2650734233899563,4.6406373532164675,-6.022937666675239,2.0199828144740586,1.222302642229981,1.9983928109737419,0.0,50.0,20.0,1.0,0.0,0.0,0.0,-382.77422543882534,70.0,67.99261785745372,0.953958547691005,0.0,0.29993847583674327,0.0
2.483652353286743,-1.0534060525558,3.973839890047252,-6.371610946553482,1.9559103377343148,1.4134486470415881,2.055570967029755,0.0,50.0,20.0,1.0,0.0,0.0,0.0,-379.64584980027297,70.0,70.2668415672075,0.947979847973554,0.0,0.3183303438820081,0.0
2.5160629749298096,-0.9546700795708175,4.640204265097035,-6.898560586641211,1.8902326767179074,1.4020092082906441,2.2320662693649345,0.0,50.0,20.0,1.0,0.0,0.0,0.0,-378.1045200725399,70.0,71.45733920633074,0.9448350670716801,0.0,0.327546479192883,0.0
2.549436330795288,-0.32123487341455725,4.973577122406963,-6.938852501832533,1.9626976628011676,1.3867141812165016,2.060242457450469,0.0,50.0,20.0,1.0,0.0,0.0,0.0,-376.58090506530215,70.0,72.68235390505099,0.9415881427008016,0.0,0.33676663956700786,0.0
2.582796573638916,-0.04035421653688276,5.439196918714073,-7.316112099820683,1.8635888247873442,1.4330257231700319,2.255351546520795,0.0,50.0,20.0,1.0,0.0,0.0,0.0,-375.076800174208,70.0,73.94095632746698,0.9382404906859781,0.0,0.34598378811345315,0.0
2.616623878479004,0.2646393222704374,6.024632439104981,-7.601464847865438,1.9952217758104054,1.275966843850637,2.404453498302012,0.0,50.0,20.0,1.0,0.0,0.0,0.0,-372.1340173943068,70.0,76.55472510117654,0.9312498990572387,0.0,0.364381154158503,0.0
2.649808645248413,-0.009277174218247586,6.498986687903148,-7.254910627135921,2.0201256597410016,1.1650405808852453,2.3562974380292347,0.0,50.0,20.0,1.0,0.0,0.0,0.0,-370.6986295530013,70.0,77.90755896650572,0.9276110203999688,0.0,0.37354758041316316,0.0
2.6671407222747803,-0.20445430384814567,7.117476990999624,-7.823647640202983,1.8503268161488977,1.2405356730474897,2.2321447057099757,0.0,50.0,20.0,1.0,0.0,0.0,0.0,-369.28932188135394,70.0,79.28932188133653,0.9238795325113103,0.0,0.3826834323650329,0.0
2.7003564834594727,-0.06122109435720002,6.857692527051717,-8.483563254102426,1.7539228412603316,1.239409799507275,2.1020727004963713,0.0,50.0,20.0,1.0,0.0,0.0,0.0,-367.9075589665228,70.0,80.69862955298352,0.9200580700342139,0.0,0.39178201562210274,0.0
2.7331061363220215,-0.016898101321700998,7.216972719618919,-8.011388458999347,1.8188927397221468,1.1809756178054123,1.9885332971098464,0.0,50.0,20.0,1.0,0.0,0.0,0.0,-366.55472510119324,70.0,82.13401739428873,0.9161495036447689,0.0,0.4008367335604905,0.0
2.766575813293457,0.719239586843179,6.880759705262846,-8.094892891461132,1.619856468356627,1.2591246320338498,2.042981732632229,0.0,50.0,20.0,1.0,0.0,0.0,0.0,-363.94095632748287,70.0,85.0768001741894,0.9080836961035326,0.0,0.41878873059210536,0.0
2.799787759780884,0.10310217937132304,7.04507684201437,-7.51683614847388,1.624891198774528,1.1098217170979436,1.9028395632681303,0.0,50.0,20.0,1.0,0.0,0.0,0.0,-362.6823539050665,70.0,86.58090506528326,0.9039333353038728,0.0,0.42767338627323576,0.0
2.833179473876953,-0.38373821772227884,7.552681625048678,-8.001015528701407,1.6950303298542047,1.1750043746919956,2.089927038096167,0.0,50.0,20.0,1.0,0.0,0.0,0.0,-361.45733920634575,70.0,88.1045200725209,0.8997096196203503,0.0,0.43648894643805647,0.0
2.850400686264038,-0.18640105065405316,6.89990667357999,-8.314647590872042,1.7762032152169462,1.135534027222625,2.0764767558450115,0.0,50.0,20.0,1.0,0.0,0.0,0.0,-360.2668415672222,70.0,89.64584980025361,0.89541652374676,0.0,0.44522943411377025,0.0
2.8837363719940186,-0.7825797649034547,7.438900965768354,-8.350071315731967,1.627368316038981,1.3267938619937107,2.065251537237927,0.0,50.0,20.0,1.0,0.0,0.0,0.0,-359.1116912789665,70.0,91.20304844423677,0.891058223562757,0.0,0.4538890197186795,0.0
2.916491746902466,-0.8491615250392297,6.779125689933503,-8.31305344558324,1.4286527578666994,1.2098398570851405,2.051916172376333,0.0,50.0,20.0,1.0,0.0,0.0,0.0,-356.9102487425803,70.0,94.35745120880856,0.8821636718636497,0.0,0.47094294351231425,0.0
2.9503331184387207,-1.050149593552522,5.983814586102971,-8.535742961290106,1.5528611852268859,1.2128256444698644,2.062816832217584,0.0,50.0,20.0,1.0,0.0,0.0,0.0,-355.8651084332261,70.0,95.95076299292282,0.8776367044713809,0.0,0.47932641797069153,0.0
2.983180284500122,-0.9530996466309662,6.100592220884652,-7.763064827458036,1.3713106501757024,1.3278133190953456,1.976930764095869,0.0,50.0,20.0,1.0,0.0,0.0,0.0,-354.8576180610464,70.0,97.55217070496289,0.8730630827581622,0.0,0.4876072738637257,0.0
3.0003767013549805,-1.2077964286476175,6.841553089196943,-7.965734963573404,1.2567638867931141,1.2218152585742215,2.1025617271781605,0.0,50.0,20.0,1.0,0.0,0.0,0.0,-353.8880954025914,70.0,99.15966280002854,0.8684478602655759,0.0,0.495780509903468,0.0
3.0337648391723633,-1.0774978546064968,6.1615611541343265,-7.815728633553797,1.4485580577422292,1.1012530232686972,2.1237229409059757,0.0,50.0,20.0,1.0,0.0,0.0,0.0,-352.06371067528465,70.0,102.38478163654031,0.859113550013791,0.0,0.5117850214520756,0.0
3.066655158996582,-1.5626844711399057,6.083368507816296,-8.505414512484336,1.4746852869667555,0.9955281978771742,2.302331198879626,0.0,50.0,20.0,1.0,0.0,0.0,0.0,-351.2089735581658,70.0,103.9983302106815,0.8544052603692188,0.0,0.5196072084309526,0.0
3.0999016761779785,-1.5788029980875806,5.885004095836657,-8.30551351027397,1.299573596056114,0.8304308946875179,2.2393563978510436,0.0,50.0,20.0,1.0,0.0,0.0,0.0,-350.3924570699783,70.0,105.60981808953332,0.8496769442278244,0.0,0.5273036036740757,0.0
3.1331984996795654,-1.4605705501649442,5.131506440138187,-7.597061419438673,1.2252656154825625,0.7917296959879803,2.3189448093306964,0.0,50.0,20.0,1.0,0.0,0.0,0.0,-349.613977397442,70.0,107.21721236186356,0.8449342803974059,0.0,0.5348701354621679,0.0
3.152433395385742,-0.9776518288467277,5.540122354086582,-6.9816796976779365,1.17741403408034,0.7678832371274983,2.273217858394611,0.0,50.0,20.0,1.0,0.0,0.0,0.0,-348.87325631295516,70.0,108.81849219618552,0.8401830389974987,0.0,0.5423029236330259,0.0
3.1839981079101562,-0.4718441486487832,5.923654840353543,-6.275388161722949,1.1652771722372222,0.5921300246332771,2.2647384319883512,0.0,50.0,20.0,1.0,0.0,0.0,0.0,-347.5035224261089,70.0,111.9947156776501,0.830678290080913,0.0,0.5567527084696136,0.0
3.21610951423645,-0.27720707781872544,5.941712458527415,-6.740614205861676,0.9701121766260671,0.5677979497691283,2.1041986941050435,0.0,50.0,20.0,1.0,0.0,0.0,0.0,-346.87350853945617,70.0,113.56572234489535,0.8259366732840498,0.0,0.5637629038208143,0.0
3.249551773071289,0.19576924539352958,5.78184954204661,-7.355472245642835,0.8608124865419001,0.5406389016295339,1.952369667076843,0.0,50.0,20.0,1.0,0.0,0.0,0.0,-346.27925843865694,70.0,115.12274951788865,0.8212102364258234,0.0,0.5706257508993466,0.0
3.2828848361968994,0.15961957739016586,6.57517446331444,-7.3389867280323715,0.9590723993870418,0.7281479200175422,1.878907373987458,0.0,50.0,20.0,1.0,0.0,0.0,0.0,-345.72007132039073,70.0,116.66390772499281,0.8165050283831913,0.0,0.577338322498138,0.0
3.3161873817443848,-0.32357259382903797,7.187388512726532,-6.540957611784538,0.9953227297557198,0.7967111446311611,1.957817655579364,0.0,50.0,20.0,1.0,0.0,0.0,0.0,-344.70372492925867,70.0,119.69125608604674,0.8071825813096851,0.0,0.5903018553504924,0.0
3.3494551181793213,-0.1525843973953041,7.112757478555589,-7.287666117167992,1.1188717305393165,0.8828403748125716,2.020668180110032,0.0,50.0,20.0,1.0,0.0,0.0,0.0,-344.24482016705883,70.0,121.17387408684446,0.8025774913151861,0.0,0.5965478777384279,0.0
3.366717576980591,-0.4379490270197241,6.784064605578635,-7.308737658013497,1.1541687951952437,0.8261032309572212,2.0156371503647925,0.0,50.0,20.0,1.0,0.0,0.0,0.0,-343.81749719633154,70.0,122.63348479578904,0.7980179045742362,0.0,0.6026337394960103,0.0
3.399477481842041,-0.8110802229306007,7.220321827409736,-6.8351335770812405,1.073141749860434,0.9308416256824616,1.877089342413365,0.0,50.0,20.0,1.0,0.0,0.0,0.0,-343.4207406410595,70.0,124.06842346330424,0.7935098504010387,0.0,0.6085574067551238,0.0
3.4328718185424805,-0.5408459940453256,7.217144059683371,-7.225223981994085,0.9847252883633355,0.7989598533612406,1.8882729403533065,0.0,50.0,20.0,1.0,0.0,0.0,0.0,-343.05348740870403,70.0,125.47707814338405,0.7890593192422733,0.0,0.6143170115802754,0.0
3.4664981365203857,-0.7921983886687477,7.205694661661271,-6.883251619711382,1.1196634825320584,0.9284546326472565,1.7674435111574485,0.0,50.0,20.0,1.0,0.0,0.0,0.0,-342.4030321787859,70.0,128.20936274211107,0.7803545260261163,0.0,0.6253373599190722,0.0
3.4994678497314453,-1.2876038988102243,7.71466772618391,-7.254528982571343,1.2648591764852768,0.8452671731071848,1.7441756156165584,0.0,50.0,20.0,1.0,0.0,0.0,0.0,-342.1175139713117,70.0,129.5300481475005,0.7761119502124018,0.0,0.6305951480446884,0.0
3.5328242778778076,-1.6460767822255316,7.059596307627732,-6.507165103190721,1.46160083177696,0.9576181232180191,1.5638457937071086,0.0,50.0,20.0,1.0,0.0,0.0,0.0,-341.8568776459223,70.0,130.81856275998783,0.7719502485264584,0.0,0.6356829506915685,0.0
3.5496304035186768,-2.098493696153767,6.615052948122151,-5.715656733756292,1.454368884133307,0.8865977722437123,1.6849292036208665,0.0,50.0,20.0,1.0,0.0,0.0,0.0,-341.6199029739447,70.0,132.0735806937373,0.7678750526819539,0.0,0.6405996436688726,0.0
3.5828163623809814,-2.5351348050425013,6.7182905925581355,-5.91165122637803,1.3519285557806717,0.9724525307834346,1.5034639369352867,0.0,50.0,20.0,1.0,0.0,0.0,0.0,-341.40535475431784,70.0,133.29383560244656,0.7638918915578089,0.0,0.6453442321832843,0.0
3.6165010929107666,-3.3288806909470168,6.976266376662931,-5.933293728325115,1.3114317648689886,0.9761617704362531,1.483186962613654,0.0,50.0,20.0,1.0,0.0,0.0,0.0,-341.0385545299604,70.0,135.62528920359205,0.7562232170345207,0.0,0.6543137214043124,0.0
3.6495561599731445,-4.108301534464589,6.8876483212861705,-6.302665437236141,1.127881338511941,0.9378160039438854,1.3366931109247506,0.0,50.0,20.0,1.0,0.0,0.0,0.0,-340.88380579815873,70.0,136.73425286902824,0.7525481616845919,0.0,0.6585372156113436,0.0
3.683178424835205,-4.276939028460784,6.269312514598106,-6.725288461649853,1.3104432743897532,0.9270593202177089,1.5161497517205487,0.0,50.0,20.0,1.0,0.0,0.0,0.0,-340.74650052371,70.0,137.80398254715485,0.7489860394321284,0.0,0.6625857776437509,0.0
3.700796604156494,-4.237403743238709,5.900312148850099,-7.472784950902528,1.394078563450146,1.1053019242367257,1.3800759864617211,0.0,50.0,20.0,1.0,0.0,0.0,0.0,-340.6254085233515,70.0,138.83350686879635,0.7455417263010959,0.0,0.6664589517321992,0.0
3.7332406044006348,-3.871086383296337,5.838918141027359,-7.926105452949201,1.281452389130983,1.0774226349170142,1.3167132208880463,0.0,50.0,20.0,1.0,0.0,0.0,0.0,-340.42702971815237,70.0,140.76833767676212,0.7390252442347213,0.0,0.6736777333293795,0.0
3.766183614730835,-4.165037603061051,5.988136788606463,-7.467768774962372,1.3613770775676104,1.0941004551120341,1.2319870710757508,0.0,50.0,20.0,1.0,0.0,0.0,0.0,-340.3473828149803,70.0,141.6719817377771,0.7359620175736752,0.0,0.6770228273026585,0.0
3.799901247024536,-4.625692659626667,6.2696974224174715,-7.805351110102075,1.241161989925687,0.9951163079908867,1.3717030386791607,0.0,50.0,20.0,1.0,0.0,0.0,0.0,-340.2792380417925,70.0,142.53209303254837,0.7330344704290911,0.0,0.680191491539509,0.0
3.8329155445098877,-4.52098596341528,5.801010605792767,-8.10541611152485,1.2628353791190807,0.8656349459672869,1.399584463779474,0.0,50.0,20.0,1.0,0.0,0.0,0.0,-340.2214926196245,70.0,143.34797286954222,0.7302466265942548,0.0,0.6831836241799938,0.0
3.8527626991271973,-4.818327794448707,5.627284205845992,-7.71432197463826,1.0665449879276827,0.9605031672416455,1.4670358683804057,0.0,50.0,20.0,1.0,0.0,0.0,0.0,-340.173082183656,70.0,144.11897293928246,0.7276023194737546,0.0,0.6859991725187519,0.0
3.8834354877471924,-5.426782403295452,5.698492535640613,-8.145690091227637,1.2627255645142228,0.9144125416633624,1.6518238663595193,0.0,50.0,20.0,1.0,0.0,0.0,0.0,-340.1002238603429,70.0,145.52398310476906,0.7227586626780441,0.0,0.6911005104352371,0.0
3.9162228107452393,-5.430965145735612,5.578391595268058,-8.554576293578497,1.085981802369795,0.9458957740694521,1.642210574099959,0.0,50.0,20.0,1.0,0.0,0.0,0.0,-340.07387305261204,70.0,146.15693438847168,0.7205659775882023,0.0,0.6933863799804251,0.0
3.94956374168396,-6.182158762309915,5.2754899726075095,-9.280163995264596,1.0829294594806222,1.1103226120069656,1.6569473256792997,0.0,50.0,20.0,1.0,0.0,0.0,0.0,-340.0530580630311,70.0,146.74288510362936,0.7185301486241571,0.0,0.6954958127250995,0.0
3.9830265045166016,-5.971983716298494,4.532415964601579,-9.028511142440397,1.1758515012136326,0.9112695710447124,1.679994069074047,0.0,50.0,20.0,1.0,0.0,0.0,0.0,-340.0369603454341,70.0,147.28141525427432,0.7166539776828342,0.0,0.6974289040980246,0.0
4.016170263290405,-6.373522707028485,3.929147300447621,-9.354190572104846,1.0004215656581172,0.9181959244326194,1.4821925053437388,0.0,50.0,20.0,1.0,0.0,0.0,0.0,-340.0159370818933,70.0,148.2147374456164,0.7133907153670546,0.0,0.7007664997901099,0.0
4.049571752548218,-6.818399784350173,4.632917972053717,-9.619002628520375,0.9775753493397814,0.9154355352594258,1.2869283833113405,0.0,50.0,20.0,1.0,0.0,0.0,0.0,-340.0096764200609,70.0,148.6088887970145,0.7120081151327755,0.0,0.7021712355152925,0.0
4.066764831542969,-6.708480379906028,4.830186023605252,-10.388481458818148,1.1085059638571781,1.0600343157400305,1.4551461364779301,0.0,50.0,20.0,1.0,0.0,0.0,0.0,-340.00546722005765,70.0,148.95433556002186,0.7107941489628982,0.0,0.7034000837362114,0.0
4.099512815475464,-7.017731928550151,4.0878611283798385,-9.61866154634999,1.064487370870966,1.1982264987455677,1.5764307876840407,0.0,50.0,20.0,1.0,0.0,0.0,0.0,-340.0028061744759,70.0,149.25084913364205,0.70975048737693,0.0,0.7044531536363581,0.0
4.132772207260132,-7.7484132457124195,3.9488528603084188,-9.055885963758534,0.8976199282789341,1.170108096852403,1.5242925652424124,0.0,50.0,20.0,1.0,0.0,0.0,0.0,-340.0012588454535,70.0,149.49823560707813,0.708878566444641,0.0,0.7053305452306675,0.0
4.166215896606445,-7.15215442543657,3.8242412821254557,-8.843390960635677,0.7015960435677782,1.2251644037012372,1.4060240459629096,0.0,50.0,20.0,1.0,0.0,0.0,0.0,-340.0001200945775,70.0,149.8450196752081,0.7076545072448557,0.0,0.7065586305297251,0.0
4.199551582336426,-7.084299204659383,3.2998961853164293,-8.231736355768835,0.7822693893746968,1.0528574834987885,1.3785996363991133,0.0,50.0,20.0,1.0,0.0,0.0,0.0,-340.0000155708158,70.0,149.94419531458337,0.7073040530260541,0.0,0.7069094542958927,0.0
4.2328314781188965,-6.451485326750021,3.4192625519931905,-8.205693405685091,0.7263654154377481,0.9825404801302857,1.5764825125020283,0.0,50.0,20.0,1.0,0.0,0.0,0.0,-340.00000019227275,70.0,149.99379882627255,0.7071287053066346,0.0,0.7070848563866735,0.0
4.2494988441467285,-7.090545938786282,3.688490504147884,-7.62440495062139,0.6035650472468703,0.9369243162343897,1.6025968122907444,0.0,50.0,20.0,1.0,0.0,0.0,0.0,-340.00000019227275,70.0,149.99379882627292,0.7071287053066333,0.0,0.7070848563866748,0.0
4.282966375350952,-7.767100942267149,3.904082341177506,-8.014263060762188,0.4908555698861678,1.1265305931382859,1.7426474535641696,0.0,50.0,20.0,1.0,0.0,0.0,0.0,-340.0000155708158,70.0,149.9441953145845,0.70730405302605,0.0,0.7069094542958968,0.0
4.316190958023071,-8.08286895815597,3.8277576833347933,-8.305538997223044,0.556364903214841,1.1974392405116785,1.8121637194697588,0.0,50.0,20.0,1.0,0.0,0.0,0.0,-340.0004610637132,70.0,149.69633483890593,0.7081795858434995,0.0,0.7060323464222653,0.0
4.349532842636108,-8.099985497482628,3.8058247259691336,-7.5565089043210785,0.414391300834149,1.249562087625545,1.6476042939953988,0.0,50.0,20.0,1.0,0.0,0.0,0.0,-340.00125884545344,70.0,149.4982356070815,0.7088785664446291,0.0,0.7053305452306795,0.0
4.3828160762786865,-7.893958742034137,4.569023606709231,-7.021152549753012,0.6070847153336719,1.1303223569355387,1.5062420915392998,0.0,50.0,20.0,1.0,0.0,0.0,0.0,-340.00280617447584,70.0,149.2508491336462,0.7097504873769155,0.0,0.7044531536363727,0.0
4.400812387466431,-7.541158179091768,4.107528549065412,-7.388203376207849,0.6981379357935806,1.0375980393781368,1.3691451492877404,0.0,50.0,20.0,1.0,0.0,0.0,0.0,-340.0054672200576,70.0,148.95433556002672,0.7107941489628811,0.0,0.7034000837362288,0.0
4.4333202838897705,-7.3519503336609,4.040753181809522,-6.98159743388948,0.7852787698132462,1.1155993560643331,1.2966098794480971,0.0,50.0,20.0,1.0,0.0,0.0,0.0,-340.0159370818932,70.0,148.21473744562277,0.7133907153670324,0.0,0.7007664997901325,0.0
4.466256856918335,-7.319905863246745,4.632322410335115,-6.365462854173634,0.9264225609415239,0.9357911658480208,1.2347003001653762,0.0,50.0,20.0,1.0,0.0,0.0,0.0,-340.0248197507243,70.0,147.77214584749498,0.7149400469707408,0.0,0.6991857616095132,0.0
4.49952244758606,-7.742089598006748,3.9188710683205334,-5.8256897345786385,0.9458312481428641,0.9506185390859829,1.3982664288457525,0.0,50.0,20.0,1.0,0.0,0.0,0.0,-340.03696034543395,70.0,147.28141525428214,0.716653977682807,0.0,0.6974289040980527,0.0
4.5328428745269775,-7.972161422193794,3.196587988253265,-5.998348109082138,1.0620451443569334,0.7601449393210292,1.5797956728617952,0.0,50.0,20.0,1.0,0.0,0.0,0.0,-340.0530580630308,70.0,146.74288510363786,0.7185301486241275,0.0,0.6954958127251302,0.0
4.5528271198272705,-7.483733582303804,3.273452634402025,-5.804150719253959,0.8674502369478106,0.6194016550964141,1.6194973179496892,0.0,50.0,20.0,1.0,0.0,0.0,0.0,-340.0738730526117,70.0,146.15693438848092,0.7205659775881702,0.0,0.6933863799804584,0.0
4.583440542221069,-8.10180272627442,3.457361148350831,-5.264840192116888,1.019129046734326,0.7212501477418096,1.7824625104947525,0.0,50.0,20.0,1.0,0.0,0.0,0.0,-340.13298464743264,70.0,144.84449376199822,0.7251051862936914,0.0,0.6886381261664148,0.0
4.61625337600708,-7.343389085587719,2.746562128008459,-5.07108938292992,1.1320655790855891,0.5338177944734991,1.9199610634007054,0.0,50.0,20.0,1.0,0.0,0.0,0.0,-340.1730821836553,70.0,144.1189729392938,0.7276023194737157,0.0,0.6859991725187932,0.0
4.649601221084595,-6.646040360290807,2.018445413509099,-5.251602798126285,1.1008871011807158,0.6561922740521478,1.9561255140978697,0.0,50.0,20.0,1.0,0.0,0.0,0.0,-340.2214926196237,70.0,143.34797286955418,0.7302466265942138,0.0,0.6831836241800376,0.0
4.682861804962158,-6.56331242780872,1.3724521182333056,-4.519679973224822,1.0456239400212621,0.7528907945267617,1.994181590180663,0.0,50.0,20.0,1.0,0.0,0.0,0.0,-340.27923804179153,70.0,142.53209303256108,0.7330344704290478,0.0,0.6801914915395557,0.0
4.7162086963653564,-6.6448026433061536,1.5190403092507105,-3.8868917947168393,0.92243789526976,0.6293482877836095,2.1150787350551443,0.0,50.0,20.0,1.0,0.0,0.0,0.0,-340.42702971815106,70.0,140.76833767677616,0.7390252442346738,0.0,0.6736777333294317,0.0
4.749569654464722,-6.295874576674804,1.8357276506490354,-3.7181296732303224,1.0933320269013955,0.6711788083095446,2.2620847801602824,0.0,50.0,20.0,1.0,0.0,0.0,0.0,-340.5193158801723,70.0,139.82191142448323,0.7422199423874192,0.0,0.6701563676653502,0.0
4.766895771026611,-6.364026759936592,2.3894855865067033,-4.069524431832148,1.1090506027017144,0.7630332281824836,2.4409768789048543,0.0,50.0,20.0,1.0,0.0,0.0,0.0,-340.6254085233498,70.0,138.8335068688116,0.7455417263010448,0.0,0.6664589517322563,0.0
4.799591779708862,-5.667625808174195,3.077374814188384,-3.459467781531659,1.200042056960453,0.8280835257284879,2.5,0.0,50.0,20.0,1.0,0.0,0.0,0.0,-340.74650052370805,70.0,137.80398254717076,0.7489860394320752,0.0,0.6625857776438111,0.0
4.832932233810425,-6.390786249171575,2.50453208031639,-4.228531275390973,1.0022950468734402,0.8826985656103195,2.399560523768196,0.0,50.0,20.0,1.0,0.0,0.0,0.0,-340.8838057981565,70.0,136.73425286904467,0.7525481616845374,0.0,0.658537215611406,0.0
4.866339683532715,-7.159705439759594,2.6051145334170727,-4.471430714348612,1.1358877020887286,1.0471446065114631,2.2519213564316454,0.0,50.0,20.0,1.0,0.0,0.0,0.0,-341.21198824520275,70.0,134.47812081176875,0.7600061815150955,0.0,0.6499158438281403,0.0
4.899677038192749,-7.4073870991818245,2.803592364139186,-4.376166172253066,1.2184585122839082,1.1161593673981625,2.449033066470752,0.0,50.0,20.0,1.0,0.0,0.0,0.0,-341.40535475431477,70.0,133.29383560246472,0.7638918915577494,0.0,0.6453442321833547,0.0
4.93279504776001,-7.59916236095954,2.3504918289763594,-4.920699683406203,1.2233721652054483,1.299849059599091,2.2655271072958487,0.0,50.0,20.0,1.0,0.0,0.0,0.0,-341.6199029739413,70.0,132.07358069375607,0.7678750526818928,0.0,0.6405996436689458,0.0
