# Timestamp, Fx, Fy, Fz, Tx, Ty, Tz, FemurPosX, FemurPosY, FemurPosZ, FemurQuatW, FemurQuatX, FemurQuatY, FemurQuatZ, TibiaPosX, TibiaPosY, TibiaPosZ, TibiaQuatW, TibiaQuatX, TibiaQuatY, TibiaQuatZ
0.029064416885375977,8.924006048394357,-0.9747304747962489,-5.276146252589662,-1.3805237205719596,-2.2967146348612344,-1.276954154887728,0.0,50.0,20.0,1.0,0.0,0.0,0.0,-340.8838057981534,70.0,136.73425286906797,0.7525481616844599,0.0,0.6585372156114945,0.0
0.06063342094421387,9.56151717713845,-1.752802179679232,-5.341363911177289,-1.2594665831639755,-2.370356646566012,-1.2217346916087473,0.0,50.0,20.0,1.0,0.0,0.0,0.0,-340.8838057981534,70.0,136.73425286906797,0.7525481616844599,0.0,0.6585372156114945,0.0
0.0911092758178711,9.460206454000597,-1.802096395371736,-5.788388760105266,-1.1155455965453895,-2.5,-1.154770787606405,0.0,50.0,20.0,1.0,0.0,0.0,0.0,-340.8838057981534,70.0,136.73425286906797,0.7525481616844599,0.0,0.6585372156114945,0.0
0.12079691886901855,9.535666876330083,-2.411715257879169,-6.3838089995523335,-0.9165343431524196,-2.5,-1.0059418071608652,0.0,50.0,20.0,1.0,0.0,0.0,0.0,-340.8838057981534,70.0,136.73425286906797,0.7525481616844599,0.0,0.6585372156114945,0.0
0.15105986595153809,9.7806451606475,-2.7919282949026343,-6.117303669988379,-0.7199364647684681,-2.5,-0.9376061472788094,0.0,50.0,20.0,1.0,0.0,0.0,0.0,-340.8838057981534,70.0,136.73425286906797,0.7525481616844599,0.0,0.6585372156114945,0.0
0.18085360527038574,10.157956636275026,-2.9371549252857694,-5.590680570877482,-0.5772990611922297,-2.4988511278466428,-1.1233602790694899,0.0,50.0,20.0,1.0,0.0,0.0,0.0,-340.8838057981534,70.0,136.73425286906797,0.7525481616844599,0.0,0.6585372156114945,0.0
0.21315789222717285,9.753670318172233,-3.7255634899310763,-6.269985699438246,-0.7313868258412903,-2.3035736663863604,-1.154696857210203,0.0,50.0,20.0,1.0,0.0,0.0,0.0,-340.8838057981534,70.0,136.73425286906797,0.7525481616844599,0.0,0.6585372156114945,0.0
0.24225258827209473,10.015916134510132,-3.863094605960689,-6.093757141409722,-0.7074836173291947,-2.2140065686404045,-1.3535981876275651,0.0,50.0,20.0,1.0,0.0,0.0,0.0,-340.8838057981534,70.0,136.73425286906797,0.7525481616844599,0.0,0.6585372156114945,0.0
0.27263450622558594,10.799558205073499,-3.600508878940534,-5.43549930381436,-0.8007906141328152,-2.124968595722198,-1.340954499862673,0.0,50.0,20.0,1.0,0.0,0.0,0.0,-340.8838057981534,70.0,136.73425286906797,0.7525481616844599,0.0,0.6585372156114945,0.0
0.30275487899780273,10.226623764939863,-4.02055616937097,-5.134348093666339,-0.7881008332003321,-2.228506929007562,-1.4942445355907936,0.0,50.0,20.0,1.0,0.0,0.0,0.0,-340.8838057981534,70.0,136.73425286906797,0.7525481616844599,0.0,0.6585372156114945,0.0
0.3332369327545166,9.910253569036747,-4.615629260314761,-4.758005199481147,-0.9414480970768629,-2.1217140207050695,-1.3470884664512015,0.0,50.0,20.0,1.0,0.0,0.0,0.0,-340.8838057981534,70.0,136.73425286906797,0.7525481616844599,0.0,0.6585372156114945,0.0
0.36443567276000977,9.468499008055009,-4.701567647651088,-4.126110218615338,-1.0514734971682673,-2.157133648466889,-1.2382924561889355,0.0,50.0,20.0,1.0,0.0,0.0,0.0,-340.8838057981534,70.0,136.73425286906797,0.7525481616844599,0.0,0.6585372156114945,0.0
0.39430880546569824,8.797145635685323,-5.089358160167435,-3.519672418156896,-1.0012333934209698,-2.0153663769849643,-1.05980452420222,0.0,50.0,20.0,1.0,0.0,0.0,0.0,-340.8838057981534,70.0,136.73425286906797,0.7525481616844599,0.0,0.6585372156114945,0.0
0.42490649223327637,9.563516939224503,-5.254931374880538,-3.5595615659240707,-0.9849741609921704,-1.914878834685508,-1.1219722275878616,0.0,50.0,20.0,1.0,0.0,0.0,0.0,-340.8838057981534,70.0,136.73425286906797,0.7525481616844599,0.0,0.6585372156114945,0.0
0.4542405605316162,9.195261999781955,-5.020826419214998,-3.145606527705838,-1.0147988709551647,-1.8735360718830754,-1.2684363745208496,0.0,50.0,20.0,1.0,0.0,0.0,0.0,-340.8838057981534,70.0,136.73425286906797,0.7525481616844599,0.0,0.6585372156114945,0.0
0.48485517501831055,9.763103832920926,-5.579021239207747,-3.156761609744784,-0.859235492744622,-1.7433021296337292,-1.1148086528615813,0.0,50.0,20.0,1.0,0.0,0.0,0.0,-340.8838057981534,70.0,136.73425286906797,0.7525481616844599,0.0,0.6585372156114945,0.0
0.5176293849945068,9.034694956822207,-4.882993304454297,-3.339310794421401,-1.0194069452479297,-1.9358523385018578,-0.9294161903108975,0.0,50.0,20.0,1.0,0.0,0.0,0.0,-340.8838057981534,70.0,136.73425286906797,0.7525481616844599,0.0,0.6585372156114945,0.0
0.5459721088409424,9.60770734996766,-5.378244312621951,-4.078387093207777,-0.9449012309106011,-1.9246750236719652,-1.0376772235748728,0.0,50.0,20.0,1.0,0.0,0.0,0.0,-340.8838057981534,70.0,136.73425286906797,0.7525481616844599,0.0,0.6585372156114945,0.0
0.5763988494873047,9.030567440598476,-5.824474302131954,-3.888528867571703,-1.1221539505393803,-2.079353806689371,-1.102335146077097,0.0,50.0,20.0,1.0,0.0,0.0,0.0,-340.8838057981534,70.0,136.73425286906797,0.7525481616844599,0.0,0.6585372156114945,0.0
0.6091635227203369,9.64237200187983,-5.804440936116845,-3.83883118811183,-1.10247275730307,-2.0822274913584504,-1.283765511942721,0.0,50.0,20.0,1.0,0.0,0.0,0.0,-340.8838057981534,70.0,136.73425286906797,0.7525481616844599,0.0,0.6585372156114945,0.0
0.6390838623046875,10.442148251877141,-6.52114030781757,-3.978160766877603,-0.9410970373234195,-2.0620451453212754,-1.2581881711354255,0.0,50.0,20.0,1.0,0.0,0.0,0.0,-340.8838057981534,70.0,136.73425286906797,0.7525481616844599,0.0,0.6585372156114945,0.0
0.6688377857208252,10.513389979298577,-5.914547182995174,-3.3541567860581276,-1.1212710756120088,-1.9408047514169764,-1.330549196096311,0.0,50.0,20.0,1.0,0.0,0.0,0.0,-340.8838057981534,70.0,136.73425286906797,0.7525481616844599,0.0,0.6585372156114945,0.0
0.6996214389801025,10.135872332420714,-6.279588950171315,-3.7661780704908687,-1.31776347365438,-1.919549113367178,-1.5281731537386296,0.0,50.0,20.0,1.0,0.0,0.0,0.0,-340.8838057981534,70.0,136.73425286906797,0.7525481616844599,0.0,0.6585372156114945,0.0
0.7289340496063232,10.155308870534018,-6.32401586289623,-3.445009851405411,-1.3345044023563268,-1.981719588766162,-1.6053982448252726,0.0,50.0,20.0,1.0,0.0,0.0,0.0,-340.8838057981534,70.0,136.73425286906797,0.7525481616844599,0.0,0.6585372156114945,0.0
0.7608251571655273,10.800259153370755,-6.438581248027015,-4.053191305019361,-1.3715740574353668,-2.1076242243054493,-1.5088293781535305,0.0,50.0,20.0,1.0,0.0,0.0,0.0,-340.8838057981534,70.0,136.73425286906797,0.7525481616844599,0.0,0.6585372156114945,0.0
0.7908365726470947,10.006249441030604,-6.951190300351395,-4.620212993217191,-1.234212881084924,-2.3024669301801715,-1.6844885815928503,0.0,50.0,20.0,1.0,0.0,0.0,0.0,-340.8838057981534,70.0,136.73425286906797,0.7525481616844599,0.0,0.6585372156114945,0.0
0.8211956024169922,10.199255990840491,-6.339995173892315,-4.062308390575635,-1.1207228613827875,-2.1262397038992527,-1.8639959993107436,0.0,50.0,20.0,1.0,0.0,0.0,0.0,-340.8838057981534,70.0,136.73425286906797,0.7525481616844599,0.0,0.6585372156114945,0.0
0.8506014347076416,10.139952761246699,-5.566323016452752,-4.473689150407816,-1.0129831919330112,-2.2403068595755573,-1.726286303778911,0.0,50.0,20.0,1.0,0.0,0.0,0.0,-340.8838057981534,70.0,136.73425286906797,0.7525481616844599,0.0,0.6585372156114945,0.0
0.8803937435150146,10.825837806917354,-6.311374788224084,-4.254448762849625,-0.816790135290687,-2.1239351071487076,-1.6284791967888834,0.0,50.0,20.0,1.0,0.0,0.0,0.0,-340.8838057981534,70.0,136.73425286906797,0.7525481616844599,0.0,0.6585372156114945,0.0
0.9131646156311035,10.931208406097431,-6.485347755311969,-4.986133023204079,-0.7325031705100015,-2.1198562667991694,-1.5295089638786763,0.0,50.0,20.0,1.0,0.0,0.0,0.0,-340.8838057981534,70.0,136.73425286906797,0.7525481616844599,0.0,0.6585372156114945,0.0
0.9427919387817383,11.23538890661602,-6.895186493108674,-5.03922588065202,-0.585972265773796,-1.934626071533073,-1.3488641445069354,0.0,50.0,20.0,1.0,0.0,0.0,0.0,-340.8838057981534,70.0,136.73425286906797,0.7525481616844599,0.0,0.6585372156114945,0.0
0.972510814666748,11.39707509230239,-7.222307733238678,-5.215415930861717,-0.5182224216489337,-2.0623195370228657,-1.4002259241751525,0.0,50.0,20.0,1.0,0.0,0.0,0.0,-340.8838057981534,70.0,136.73425286906797,0.7525481616844599,0.0,0.6585372156114945,0.0
1.002793550491333,10.715533110255278,-7.530547974349077,-5.246749898940524,-0.5939551595974264,-2.0368810243161404,-1.3190381349045106,0.0,50.0,20.0,1.0,0.0,0.0,0.0,-340.8838057981534,70.0,136.73425286906797,0.7525481616844599,0.0,0.6585372156114945,0.0
1.0331065654754639,11.069993971960725,-7.994527251476416,-5.308059065042307,-0.7544557874832266,-2.0349466963627982,-1.3413356457141115,0.0,50.0,20.0,1.0,0.0,0.0,0.0,-340.8838057981534,70.0,136.73425286906797,0.7525481616844599,0.0,0.6585372156114945,0.0
1.064486026763916,11.558163939901199,-7.775171541451609,-5.116628142950609,-0.9158396937891373,-2.170477527682122,-1.4219944895954315,0.0,50.0,20.0,1.0,0.0,0.0,0.0,-340.8838057981534,70.0,136.73425286906797,0.7525481616844599,0.0,0.6585372156114945,0.0
1.0947134494781494,11.814002412483926,-7.5305542297237595,-5.882897961190739,-0.8938766633188959,-2.0267611817353597,-1.4676438914126801,0.0,50.0,20.0,1.0,0.0,0.0,0.0,-340.8838057981534,70.0,136.73425286906797,0.7525481616844599,0.0,0.6585372156114945,0.0
1.125469446182251,11.539732687692176,-7.026127104296727,-6.524134867717922,-0.7216557780497543,-2.145233528786326,-1.276336360102105,0.0,50.0,20.0,1.0,0.0,0.0,0.0,-340.8838057981534,70.0,136.73425286906797,0.7525481616844599,0.0,0.6585372156114945,0.0
1.1547443866729736,11.497842890685902,-7.736955851090095,-5.987514414334536,-0.6347641201597513,-2.0940343141987645,-1.2953247637248002,0.0,50.0,20.0,1.0,0.0,0.0,0.0,-340.8838057981534,70.0,136.73425286906797,0.7525481616844599,0.0,0.6585372156114945,0.0
1.1848459243774414,11.15716083254523,-8.463261724217803,-6.402959580939487,-0.6194998098834397,-1.9150737069219113,-1.4313516968679543,0.0,50.0,20.0,1.0,0.0,0.0,0.0,-340.8838057981534,70.0,136.73425286906797,0.7525481616844599,0.0,0.6585372156114945,0.0
1.217790126800537,11.27999284604351,-9.146431314171219,-6.046547278945933,-0.578479649594583,-1.840260989845305,-1.251578141835765,0.0,50.0,20.0,1.0,0.0,0.0,0.0,-340.8838057981534,70.0,136.73425286906797,0.7525481616844599,0.0,0.6585372156114945,0.0
1.2475762367248535,11.066096387727569,-9.80437950569451,-5.660109812160632,-0.4816170821842799,-1.8163353270722253,-1.2165294542929597,0.0,50.0,20.0,1.0,0.0,0.0,0.0,-340.8838057981534,70.0,136.73425286906797,0.7525481616844599,0.0,0.6585372156114945,0.0
1.2770335674285889,11.505269140405249,-10.311172646833054,-5.979660239001585,-0.5866317844833956,-1.7288637507819005,-1.3454104833678797,0.0,50.0,20.0,1.0,0.0,0.0,0.0,-340.8838057981534,70.0,136.73425286906797,0.7525481616844599,0.0,0.6585372156114945,0.0
1.308485507965088,11.699286149389849,-10.950883457404759,-6.573898366773723,-0.3965094163711355,-1.5437606394832133,-1.4986750246122515,0.0,50.0,20.0,1.0,0.0,0.0,0.0,-340.8838057981534,70.0,136.73425286906797,0.7525481616844599,0.0,0.6585372156114945,0.0
1.3387913703918457,12.247882183784276,-10.581945934464255,-6.151301954377663,-0.356543431447069,-1.5356935899166697,-1.3230176656504817,0.0,50.0,20.0,1.0,0.0,0.0,0.0,-340.8838057981534,70.0,136.73425286906797,0.7525481616844599,0.0,0.6585372156114945,0.0
1.3691041469573975,11.757162517955722,-10.541463816404615,-6.869754502781582,-0.2207199643266869,-1.5580137855587843,-1.500240812120805,0.0,50.0,20.0,1.0,0.0,0.0,0.0,-340.8838057981534,70.0,136.73425286906797,0.7525481616844599,0.0,0.6585372156114945,0.0
1.3999478816986084,12.443527418824,-10.41430864617673,-7.000763040767249,-0.34450665246174017,-1.3663490038654054,-1.4547248542361377,0.0,50.0,20.0,1.0,0.0,0.0,0.0,-340.8838057981534,70.0,136.73425286906797,0.7525481616844599,0.0,0.6585372156114945,0.0
1.4291329383850098,12.01881061472131,-10.930380832593881,-6.475156482803944,-0.4324872987591839,-1.2030602153208787,-1.5197694848157435,0.0,50.0,20.0,1.0,0.0,0.0,0.0,-340.8838057981534,70.0,136.73425286906797,0.7525481616844599,0.0,0.6585372156114945,0.0
1.460547924041748,12.524593827684237,-11.196871461237086,-6.175006493198444,-0.4422078083179962,-1.1446373190710473,-1.3855061151444183,0.0,50.0,20.0,1.0,0.0,0.0,0.0,-340.8838057981534,70.0,136.73425286906797,0.7525481616844599,0.0,0.6585372156114945,0.0
1.4910252094268799,12.381492009196572,-11.564084473185046,-6.580636808786845,-0.25523663297024485,-1.2550103107433692,-1.2638776827202542,0.0,50.0,20.0,1.0,0.0,0.0,0.0,-340.8838057981534,70.0,136.73425286906797,0.7525481616844599,0.0,0.6585372156114945,0.0
1.5209946632385254,12.935002346349947,-12.088436732344583,-7.029331367807671,-0.21387870577093437,-1.2856552264240688,-1.2876211775836888,0.0,50.0,20.0,1.0,0.0,0.0,0.0,-340.8838057981534,70.0,136.73425286906797,0.7525481616844599,0.0,0.6585372156114945,0.0
1.5512325763702393,12.967403270094321,-11.738100616765843,-7.112728092778926,-0.11726682773002273,-1.472650626304457,-1.152830855523443,0.0,50.0,20.0,1.0,0.0,0.0,0.0,-340.8838057981534,70.0,136.73425286906797,0.7525481616844599,0.0,0.6585372156114945,0.0
1.5808706283569336,13.0,-11.170521436601916,-7.18096359398708,-0.038063303030916096,-1.387829923338039,-1.2503136456509214,0.0,50.0,20.0,1.0,0.0,0.0,0.0,-340.8838057981534,70.0,136.73425286906797,0.7525481616844599,0.0,0.6585372156114945,0.0
1.6132874488830566,13.0,-10.382051021479395,-6.516293628813298,0.030992813246266515,-1.4367887717147978,-1.2879905705331505,0.0,50.0,20.0,1.0,0.0,0.0,0.0,-340.8838057981534,70.0,136.73425286906797,0.7525481616844599,0.0,0.6585372156114945,0.0
1.643033742904663,13.0,-10.229853091581436,-5.987791975121741,-0.07052626974327003,-1.255761173725001,-1.1474334363957255,0.0,50.0,20.0,1.0,0.0,0.0,0.0,-340.8838057981534,70.0,136.73425286906797,0.7525481616844599,0.0,0.6585372156114945,0.0
1.6725184917449951,12.444322537788421,-9.95887579744697,-5.757699324804157,0.04468103450554678,-1.2698258407939471,-1.123971400769584,0.0,50.0,20.0,1.0,0.0,0.0,0.0,-340.8838057981534,70.0,136.73425286906797,0.7525481616844599,0.0,0.6585372156114945,0.0
1.7026944160461426,12.22652154777929,-10.104746620653122,-5.747191063844198,0.08552186426628083,-1.4631852311663787,-0.9267878823867537,0.0,50.0,20.0,1.0,0.0,0.0,0.0,-340.8838057981534,70.0,136.73425286906797,0.7525481616844599,0.0,0.6585372156114945,0.0
1.7335410118103027,12.268076146325086,-10.397532941362991,-5.004327434737272,0.07217488859320079,-1.5308500689322735,-1.036712783790237,0.0,50.0,20.0,1.0,0.0,0.0,0.0,-340.8838057981534,70.0,136.73425286906797,0.7525481616844599,0.0,0.6585372156114945,0.0
1.7649388313293457,11.636429332789834,-10.08390369830305,-5.569248346859844,-0.04044976988227009,-1.4683357490282867,-1.0774486110276498,0.0,50.0,20.0,1.0,0.0,0.0,0.0,-340.8838057981534,70.0,136.73425286906797,0.7525481616844599,0.0,0.6585372156114945,0.0
1.794426441192627,10.891686526018805,-10.828810751443749,-5.120361966263403,0.01297442428849252,-1.5293698745034658,-0.9302987065379158,0.0,50.0,20.0,1.0,0.0,0.0,0.0,-340.8838057981534,70.0,136.73425286906797,0.7525481616844599,0.0,0.6585372156114945,0.0
1.8247320652008057,11.518716112985139,-11.233868201492472,-5.688002867842913,0.14902031049180356,-1.6109441665763005,-0.7331603962750677,0.0,50.0,20.0,1.0,0.0,0.0,0.0,-340.8838057981534,70.0,136.73425286906797,0.7525481616844599,0.0,0.6585372156114945,0.0
1.8549339771270752,10.810172312155041,-10.687232221063521,-6.150239508142792,0.17713873973628752,-1.4513797081162,-0.8885483483462813,0.0,50.0,20.0,1.0,0.0,0.0,0.0,-340.8838057981534,70.0,136.73425286906797,0.7525481616844599,0.0,0.6585372156114945,0.0
1.8838741779327393,11.04600269668319,-10.704276063903468,-5.502631455708878,0.34559116512365595,-1.5445982344510907,-0.9820503137364996,0.0,50.0,20.0,1.0,0.0,0.0,0.0,-340.8838057981534,70.0,136.73425286906797,0.7525481616844599,0.0,0.6585372156114945,0.0
1.9170646667480469,10.268479451462007,-10.976627946542997,-5.0865453614936,0.4812113766554741,-1.430440916782656,-0.9974023413551554,0.0,50.0,20.0,1.0,0.0,0.0,0.0,-340.8838057981534,70.0,136.73425286906797,0.7525481616844599,0.0,0.6585372156114945,0.0
1.949068307876587,10.100579606438398,-11.42718773063604,-4.288843413290237,0.4522849500394111,-1.4817615125393833,-0.9761332484800085,0.0,50.0,20.0,1.0,0.0,0.0,0.0,-340.8838057981534,70.0,136.73425286906797,0.7525481616844599,0.0,0.6585372156114945,0.0
1.9779858589172363,10.894733183304266,-10.751440010193148,-4.8545137171249255,0.49500826460090586,-1.5081978975667198,-0.8257407356852502,0.0,50.0,20.0,1.0,0.0,0.0,0.0,-340.8838057981534,70.0,136.73425286906797,0.7525481616844599,0.0,0.6585372156114945,0.0
2.0086605548858643,11.503546124594473,-10.250968945252868,-5.271118412815723,0.6011505786585841,-1.56475370556517,-0.7122068810243072,0.0,50.0,20.0,1.0,0.0,0.0,0.0,-340.8838057981534,70.0,136.73425286906797,0.7525481616844599,0.0,0.6585372156114945,0.0
2.0392496585845947,10.823722148493864,-10.730927056012076,-6.023014181737325,0.6942158831732433,-1.4898513803587972,-0.633597736759883,0.0,50.0,20.0,1.0,0.0,0.0,0.0,-340.8838057981534,70.0,136.73425286906797,0.7525481616844599,0.0,0.6585372156114945,0.0
2.0689144134521484,10.224538072954603,-10.497352487120152,-6.343369507870476,0.5161611680851892,-1.4336055748330772,-0.5256874175016715,0.0,50.0,20.0,1.0,0.0,0.0,0.0,-340.8838057981534,70.0,136.73425286906797,0.7525481616844599,0.0,0.6585372156114945,0.0
2.0985703468322754,10.27257746830169,-9.855930667673661,-5.626622698366779,0.6570456019018811,-1.4240353915551487,-0.3529786437640879,0.0,50.0,20.0,1.0,0.0,0.0,0.0,-340.8838057981534,70.0,136.73425286906797,0.7525481616844599,0.0,0.6585372156114945,0.0
2.128605604171753,10.831037466334966,-10.578950617019212,-5.787330603907925,0.8083904537340645,-1.392785646179812,-0.35187031899643056,0.0,50.0,20.0,1.0,0.0,0.0,0.0,-340.8838057981534,70.0,136.73425286906797,0.7525481616844599,0.0,0.6585372156114945,0.0
2.161245346069336,11.20678416465664,-10.699071936929949,-4.999101256672107,0.931269870685828,-1.3217180609283696,-0.2854323279408175,0.0,50.0,20.0,1.0,0.0,0.0,0.0,-340.8838057981534,70.0,136.73425286906797,0.7525481616844599,0.0,0.6585372156114945,0.0
2.190023899078369,11.91045450628797,-11.118742248375622,-5.731202276650308,0.9999209927029281,-1.2880869084400304,-0.4076167483516216,0.0,50.0,20.0,1.0,0.0,0.0,0.0,-340.8838057981534,70.0,136.73425286906797,0.7525481616844599,0.0,0.6585372156114945,0.0
2.220656633377075,11.52970211613989,-11.902450822988355,-5.3840874029769115,0.8432356944488435,-1.313437512543113,-0.22632647069132628,0.0,50.0,20.0,1.0,0.0,0.0,0.0,-340.8838057981534,70.0,136.73425286906797,0.7525481616844599,0.0,0.6585372156114945,0.0
2.250349521636963,11.958504844250939,-11.83675753758989,-4.929663270680009,0.8575139365265295,-1.4351885870618275,-0.23753637855834794,0.0,50.0,20.0,1.0,0.0,0.0,0.0,-340.8838057981534,70.0,136.73425286906797,0.7525481616844599,0.0,0.6585372156114945,0.0
2.280926465988159,12.184662316626225,-12.054284086492075,-5.676052465577214,0.6834690015374856,-1.5558086995777596,-0.15958292337892419,0.0,50.0,20.0,1.0,0.0,0.0,0.0,-340.8838057981534,70.0,136.73425286906797,0.7525481616844599,0.0,0.6585372156114945,0.0
2.313713788986206,8.2386559911659,7.547980726581574,0.705924400162953,-2.4867385379445333,0.18400415714408336,-1.3978448268313644,0.0,50.0,20.0,1.0,0.0,0.0,0.0,-340.8838057981534,70.0,136.73425286906797,0.7525481616844599,0.0,0.6585372156114945,0.0
2.342989683151245,8.707150468846073,7.090417475897784,1.3155618247657184,-2.314901521099023,0.29447993198794936,-1.554107473551428,0.0,50.0,20.0,1.0,0.0,0.0,0.0,-340.8838057981534,70.0,136.73425286906797,0.7525481616844599,0.0,0.6585372156114945,0.0
2.3720195293426514,8.70344870771584,7.137215543469237,0.9541982263828761,-2.2378190677946375,0.14292756553100855,-1.5141609566401224,0.0,50.0,20.0,1.0,0.0,0.0,0.0,-340.8838057981534,70.0,136.73425286906797,0.7525481616844599,0.0,0.6585372156114945,0.0
2.402322292327881,8.338452559551127,6.941179883130348,1.1104216482920828,-2.146574184652031,0.1407455688755783,-1.6119791958184009,0.0,50.0,20.0,1.0,0.0,0.0,0.0,-340.8838057981534,70.0,136.73425286906797,0.7525481616844599,0.0,0.6585372156114945,0.0
2.4324495792388916,8.516841258865984,7.533698780140002,0.8863696216594373,-2.1547821733295893,0.254321506288711,-1.7092103208693936,0.0,50.0,20.0,1.0,0.0,0.0,0.0,-340.8838057981534,70.0,136.73425286906797,0.7525481616844599,0.0,0.6585372156114945,0.0
2.4647555351257324,9.067986140239089,8.047710406957,0.9316135542387153,-2.0584623161985323,0.4335185010886101,-1.75821155344059,0.0,50.0,20.0,1.0,0.0,0.0,0.0,-340.8838057981534,70.0,136.73425286906797,0.7525481616844599,0.0,0.6585372156114945,0.0
2.4939751625061035,8.55529306108507,8.095355611571334,1.387710012335659,-2.241304866872146,0.4229984504810788,-1.8388525998131788,0.0,50.0,20.0,1.0,0.0,0.0,0.0,-340.8838057981534,70.0,136.73425286906797,0.7525481616844599,0.0,0.6585372156114945,0.0
2.5250351428985596,9.344754478537736,7.563109885656576,1.0309356139755672,-2.3663776999594024,0.27621082273626496,-1.794929427278044,0.0,50.0,20.0,1.0,0.0,0.0,0.0,-340.8838057981534,70.0,136.73425286906797,0.7525481616844599,0.0,0.6585372156114945,0.0
2.5545878410339355,9.7798524292738,7.308687547497793,0.7112691653056484,-2.2811789600805357,0.20909016351455895,-1.7439690651290323,0.0,50.0,20.0,1.0,0.0,0.0,0.0,-340.8838057981534,70.0,136.73425286906797,0.7525481616844599,0.0,0.6585372156114945,0.0
2.584529399871826,9.838208017212793,6.8736626518830795,0.5478881073930795,-2.237912651227523,0.3447409125200934,-1.6215301235058048,0.0,50.0,20.0,1.0,0.0,0.0,0.0,-340.8838057981534,70.0,136.73425286906797,0.7525481616844599,0.0,0.6585372156114945,0.0
2.616824150085449,9.260192136061498,6.347965679712504,0.5204192921683783,-2.171301226534232,0.48014030401183466,-1.600769358323149,0.0,50.0,20.0,1.0,0.0,0.0,0.0,-340.8838057981534,70.0,136.73425286906797,0.7525481616844599,0.0,0.6585372156114945,0.0
2.647829532623291,9.66776768779119,6.006699747266766,1.2846647094768067,-2.260786298635734,0.5829278740088473,-1.4489588725276077,0.0,50.0,20.0,1.0,0.0,0.0,0.0,-340.8838057981534,70.0,136.73425286906797,0.7525481616844599,0.0,0.6585372156114945,0.0
2.6772146224975586,9.179586542794686,6.331854268526869,0.6163354227330025,-2.2990685495576995,0.5129538410951697,-1.549321223803536,0.0,50.0,20.0,1.0,0.0,0.0,0.0,-340.8838057981534,70.0,136.73425286906797,0.7525481616844599,0.0,0.6585372156114945,0.0
2.7085378170013428,8.462020785852088,6.354396760858897,0.9635089475369301,-2.354110090621578,0.696613192306162,-1.565400148032808,0.0,50.0,20.0,1.0,0.0,0.0,0.0,-340.8838057981534,70.0,136.73425286906797,0.7525481616844599,0.0,0.6585372156114945,0.0
2.7381722927093506,8.583575120705392,7.104181809259359,1.4095971983915927,-2.2020800321804472,0.802146817056375,-1.4662152413070233,0.0,50.0,20.0,1.0,0.0,0.0,0.0,-340.8838057981534,70.0,136.73425286906797,0.7525481616844599,0.0,0.6585372156114945,0.0
2.768554925918579,8.879788958213002,7.101219702772074,0.7706491392628189,-2.1174748749756374,0.6210936799253064,-1.4329561014841536,0.0,50.0,20.0,1.0,0.0,0.0,0.0,-340.8838057981534,70.0,136.73425286906797,0.7525481616844599,0.0,0.6585372156114945,0.0
2.7979884147644043,8.631591390684143,7.098787175480827,0.6519172700153253,-2.0370711185534436,0.6177002083872797,-1.464268628319403,0.0,50.0,20.0,1.0,0.0,0.0,0.0,-340.8838057981534,70.0,136.73425286906797,0.7525481616844599,0.0,0.6585372156114945,0.0
2.8285248279571533,8.820272897928017,7.037145837276836,-0.006874688445314359,-2.004133264066843,0.794166827513922,-1.4910591464203693,0.0,50.0,20.0,1.0,0.0,0.0,0.0,-340.8838057981534,70.0,136.73425286906797,0.7525481616844599,0.0,0.6585372156114945,0.0
2.8816709518432617,8.678075561079822,6.4006241735396046,0.4492585129750799,-2.0682430166663597,0.6705301447728133,-1.3926647677373116,0.0,50.0,20.0,1.0,0.0,0.0,0.0,-340.8838057981534,70.0,136.73425286906797,0.7525481616844599,0.0,0.6585372156114945,0.0
2.890630006790161,8.924451571690026,6.615134462396805,0.9207290638165297,-2.214851789550322,0.5728949246614081,-1.306990556058712,0.0,50.0,20.0,1.0,0.0,0.0,0.0,-340.8838057981534,70.0,136.73425286906797,0.7525481616844599,0.0,0.6585372156114945,0.0
2.9208998680114746,9.138510162717665,6.714703014459748,0.5349118045238047,-2.314212776770719,0.6700449801871171,-1.2463934492452753,0.0,50.0,20.0,1.0,0.0,0.0,0.0,-340.8838057981534,70.0,136.73425286906797,0.7525481616844599,0.0,0.6585372156114945,0.0
2.950685501098633,9.082797895943976,6.5123073093050765,0.6536236121768803,-2.375152552746841,0.7998677964315122,-1.345053702393663,0.0,50.0,20.0,1.0,0.0,0.0,0.0,-340.8838057981534,70.0,136.73425286906797,0.7525481616844599,0.0,0.6585372156114945,0.0
2.9803597927093506,9.47715571669167,6.189848487583941,1.028457316279721,-2.4831086562635516,0.9256420644187184,-1.406048835354799,0.0,50.0,20.0,1.0,0.0,0.0,0.0,-340.8838057981534,70.0,136.73425286906797,0.7525481616844599,0.0,0.6585372156114945,0.0
3.0123815536499023,9.768649633076066,5.9515986576091136,1.314785085284409,-2.5,0.7956781030293172,-1.5789581156963044,0.0,50.0,20.0,1.0,0.0,0.0,0.0,-340.8838057981534,70.0,136.73425286906797,0.7525481616844599,0.0,0.6585372156114945,0.0
3.0421199798583984,9.872789523954783,6.4427134234021635,1.4950775965506364,-2.5,0.8096350234081484,-1.4036488878817224,0.0,50.0,20.0,1.0,0.0,0.0,0.0,-340.8838057981534,70.0,136.73425286906797,0.7525481616844599,0.0,0.6585372156114945,0.0
3.072888135910034,10.023535576338723,6.027048833093355,1.2517373414629134,-2.3338554631117607,0.7988537829614765,-1.4617528551990124,0.0,50.0,20.0,1.0,0.0,0.0,0.0,-340.8838057981534,70.0,136.73425286906797,0.7525481616844599,0.0,0.6585372156114945,0.0
3.1025397777557373,10.051715155892246,6.248352638020251,1.4127342332536121,-2.207789504233428,0.6103777716154889,-1.5876237421309312,0.0,50.0,20.0,1.0,0.0,0.0,0.0,-340.8838057981534,70.0,136.73425286906797,0.7525481616844599,0.0,0.6585372156114945,0.0
3.1328704357147217,10.419200842265733,5.711063586963783,2.012292196057089,-2.0992854031591577,0.7622351494216251,-1.660099803419504,0.0,50.0,20.0,1.0,0.0,0.0,0.0,-340.8838057981534,70.0,136.73425286906797,0.7525481616844599,0.0,0.6585372156114945,0.0
3.1650049686431885,10.69104823074515,6.178352574972757,1.2789247160213009,-2.2417571050918874,0.69773312964193,-1.51391592354338,0.0,50.0,20.0,1.0,0.0,0.0,0.0,-340.8838057981534,70.0,136.73425286906797,0.7525481616844599,0.0,0.6585372156114945,0.0
3.19484543800354,10.837462048352341,5.5254881305561145,1.3716810286340746,-2.1601246056601844,0.6112243288397342,-1.7133286616428702,0.0,50.0,20.0,1.0,0.0,0.0,0.0,-340.8838057981534,70.0,136.73425286906797,0.7525481616844599,0.0,0.6585372156114945,0.0
3.2255055904388428,11.21763741022287,5.445375737389795,1.6907154336408245,-2.027257737800778,0.6744265431224419,-1.5508008812805092,0.0,50.0,20.0,1.0,0.0,0.0,0.0,-340.8838057981534,70.0,136.73425286906797,0.7525481616844599,0.0,0.6585372156114945,0.0
3.254525899887085,10.930616706004756,5.9050001014623845,2.3209416457441137,-1.869100495976655,0.8741002300944186,-1.4980508633984542,0.0,50.0,20.0,1.0,0.0,0.0,0.0,-340.8838057981534,70.0,136.73425286906797,0.7525481616844599,0.0,0.6585372156114945,0.0
3.2850520610809326,10.170725034159666,5.471378764252051,2.131000634720542,-1.6911941772697052,0.9264812799641324,-1.5211133827060106,0.0,50.0,20.0,1.0,0.0,0.0,0.0,-340.8838057981534,70.0,136.73425286906797,0.7525481616844599,0.0,0.6585372156114945,0.0
3.3162729740142822,10.411951265472942,6.107869676455979,2.549157812529524,-1.5195473538384439,0.9690030268865896,-1.6827008298650379,0.0,50.0,20.0,1.0,0.0,0.0,0.0,-340.8838057981534,70.0,136.73425286906797,0.7525481616844599,0.0,0.6585372156114945,0.0
3.3461663722991943,10.088596262364065,5.922080092844918,2.3709247419325807,-1.460423336854311,0.9708902241514759,-1.5931931546885099,0.0,50.0,20.0,1.0,0.0,0.0,0.0,-340.8838057981534,70.0,136.73425286906797,0.7525481616844599,0.0,0.6585372156114945,0.0
3.3760712146759033,9.497145277572784,5.432119666336637,3.1647923371457765,-1.5899605755906683,1.1432351044397202,-1.466568944318386,0.0,50.0,20.0,1.0,0.0,0.0,0.0,-340.8838057981534,70.0,136.73425286906797,0.7525481616844599,0.0,0.6585372156114945,0.0
3.4082136154174805,9.38995929338679,4.914238443154611,2.473198500376774,-1.440181575842976,1.114474211384364,-1.5241561764061566,0.0,50.0,20.0,1.0,0.0,0.0,0.0,-340.8838057981534,70.0,136.73425286906797,0.7525481616844599,0.0,0.6585372156114945,0.0
3.437854290008545,9.487094736371539,4.638629502343427,1.798187216742781,-1.5054889942479384,0.9686793192891184,-1.600794827997715,0.0,50.0,20.0,1.0,0.0,0.0,0.0,-340.8838057981534,70.0,136.73425286906797,0.7525481616844599,0.0,0.6585372156114945,0.0
3.4686362743377686,9.828232499399892,3.9255536472833468,1.7558435551192786,-1.395325699499283,0.8761081909447765,-1.659627497487247,0.0,50.0,20.0,1.0,0.0,0.0,0.0,-340.8838057981534,70.0,136.73425286906797,0.7525481616844599,0.0,0.6585372156114945,0.0
3.4985573291778564,10.352007971048419,4.503709318938479,1.7187372892179076,-1.304461306739877,0.8869335612608202,-1.4744338941046338,0.0,50.0,20.0,1.0,0.0,0.0,0.0,-340.8838057981534,70.0,136.73425286906797,0.7525481616844599,0.0,0.6585372156114945,0.0
3.5285274982452393,10.397734549247225,5.235706020712973,1.2638249138959536,-1.296401572582039,1.0158467441428072,-1.3929055976809617,0.0,50.0,20.0,1.0,0.0,0.0,0.0,-340.8838057981534,70.0,136.73425286906797,0.7525481616844599,0.0,0.6585372156114945,0.0
3.5604934692382812,10.439036611707058,4.974773405245803,0.998205965437728,-1.2579986910211933,0.8392285729517005,-1.2489830323063855,0.0,50.0,20.0,1.0,0.0,0.0,0.0,-340.8838057981534,70.0,136.73425286906797,0.7525481616844599,0.0,0.6585372156114945,0.0
3.590827465057373,10.232581797019503,4.370529141067059,1.1816994907728229,-1.1971603745183563,0.7151549706016899,-1.4253633991420065,0.0,50.0,20.0,1.0,0.0,0.0,0.0,-340.8838057981534,70.0,136.73425286906797,0.7525481616844599,0.0,0.6585372156114945,0.0
3.62085223197937,10.058266370965177,5.05749622197231,1.3514239046756022,-1.0737638064898627,0.6262159243987873,-1.3926131088151725,0.0,50.0,20.0,1.0,0.0,0.0,0.0,-340.8838057981534,70.0,136.73425286906797,0.7525481616844599,0.0,0.6585372156114945,0.0
3.651657819747925,10.492400918714964,4.5711239103031005,1.8474807008223262,-1.003314939002841,0.5202246824902601,-1.3468239471069308,0.0,50.0,20.0,1.0,0.0,0.0,0.0,-340.8838057981534,70.0,136.73425286906797,0.7525481616844599,0.0,0.6585372156114945,0.0
3.681004047393799,9.985874946749764,4.199635184375911,2.114226310648137,-1.0803759853725718,0.3498147568204697,-1.4921549447087417,0.0,50.0,20.0,1.0,0.0,0.0,0.0,-340.8838057981534,70.0,136.73425286906797,0.7525481616844599,0.0,0.6585372156114945,0.0
3.712191343307495,10.732743963473336,4.359562847472415,1.6668423603177713,-1.2763697083253787,0.3733934516588372,-1.3091529993014719,0.0,50.0,20.0,1.0,0.0,0.0,0.0,-340.8838057981534,70.0,136.73425286906797,0.7525481616844599,0.0,0.6585372156114945,0.0
3.7422261238098145,10.210536609319348,5.119482492013789,2.0064904904098335,-1.3160656060668718,0.2946440798628487,-1.1410285558796687,0.0,50.0,20.0,1.0,0.0,0.0,0.0,-340.8838057981534,70.0,136.73425286906797,0.7525481616844599,0.0,0.6585372156114945,0.0
3.772810220718384,10.150101788203813,4.427149103113858,2.56279235445688,-1.4377414532239374,0.15895162746045793,-1.1650313487408963,0.0,50.0,20.0,1.0,0.0,0.0,0.0,-340.8838057981534,70.0,136.73425286906797,0.7525481616844599,0.0,0.6585372156114945,0.0
3.802856206893921,10.78077950559931,3.93932800025662,2.7378143130334776,-1.6131022999924707,0.26098170192550546,-1.0531531193018056,0.0,50.0,20.0,1.0,0.0,0.0,0.0,-340.8838057981534,70.0,136.73425286906797,0.7525481616844599,0.0,0.6585372156114945,0.0
3.833193063735962,11.072592034018093,4.564357209118679,2.9736297292184997,-1.7060094415800673,0.11942492934944723,-1.0371213940663244,0.0,50.0,20.0,1.0,0.0,0.0,0.0,-340.8838057981534,70.0,136.73425286906797,0.7525481616844599,0.0,0.6585372156114945,0.0
3.8644819259643555,11.374054147204008,3.8239979617917603,3.164130758720784,-1.6348010207143908,0.08101362593317901,-1.1436149105816213,0.0,50.0,20.0,1.0,0.0,0.0,0.0,-340.8838057981534,70.0,136.73425286906797,0.7525481616844599,0.0,0.6585372156114945,0.0
3.8948276042938232,11.668999846297206,4.589190170318963,2.9501489726283183,-1.8057011927570956,0.08699323770223069,-1.2727872453670845,0.0,50.0,20.0,1.0,0.0,0.0,0.0,-340.8838057981534,70.0,136.73425286906797,0.7525481616844599,0.0,0.6585372156114945,0.0
3.924873113632202,11.465214543883668,4.624766861958654,2.6306905009679404,-1.7980975792478084,-0.09359787338615899,-1.1162536133064376,0.0,50.0,20.0,1.0,0.0,0.0,0.0,-340.8838057981534,70.0,136.73425286906797,0.7525481616844599,0.0,0.6585372156114945,0.0
3.9547781944274902,11.594771478892975,4.209689314721974,2.4411407211244547,-1.7789738462481832,-0.08871846572478101,-1.226287945699831,0.0,50.0,20.0,1.0,0.0,0.0,0.0,-340.8838057981534,70.0,136.73425286906797,0.7525481616844599,0.0,0.6585372156114945,0.0
3.9862611293792725,11.485292329887368,4.893465834924367,2.1301758269707567,-1.6076238528635578,0.10808460049647503,-1.4008012889226236,0.0,50.0,20.0,1.0,0.0,0.0,0.0,-340.8838057981534,70.0,136.73425286906797,0.7525481616844599,0.0,0.6585372156114945,0.0
4.018743515014648,11.561225858180615,5.63293531761511,1.732297381339037,-1.681699870921023,0.181044153967119,-1.2145511145552188,0.0,50.0,20.0,1.0,0.0,0.0,0.0,-340.8838057981534,70.0,136.73425286906797,0.7525481616844599,0.0,0.6585372156114945,0.0
4.046653509140015,10.963350876685215,6.091969158324185,1.7572066942342093,-1.5815457605082712,0.10396728362607993,-1.3307513115534064,0.0,50.0,20.0,1.0,0.0,0.0,0.0,-340.8838057981534,70.0,136.73425286906797,0.7525481616844599,0.0,0.6585372156114945,0.0
4.076874256134033,10.957545759761281,5.8803011178333975,1.376430192300659,-1.623381460359379,-0.08544496566682383,-1.3925936829748469,0.0,50.0,20.0,1.0,0.0,0.0,0.0,-340.8838057981534,70.0,136.73425286906797,0.7525481616844599,0.0,0.6585372156114945,0.0
4.108560800552368,11.534701667992081,6.212915692753669,1.3516296535170393,-1.4773258274942636,-0.2230278636816321,-1.2538022060246496,0.0,50.0,20.0,1.0,0.0,0.0,0.0,-340.8838057981534,70.0,136.73425286906797,0.7525481616844599,0.0,0.6585372156114945,0.0
4.139435768127441,11.712708111937086,6.862506565331481,1.9889496864793084,-1.3390263148159676,-0.37008624668265677,-1.408598487188999,0.0,50.0,20.0,1.0,0.0,0.0,0.0,-340.8838057981534,70.0,136.73425286906797,0.7525481616844599,0.0,0.6585372156114945,0.0
4.168769359588623,11.909989006290868,6.7629932955885925,2.037606032215934,-1.244605290238549,-0.43914813499908256,-1.5568646188219402,0.0,50.0,20.0,1.0,0.0,0.0,0.0,-340.8838057981534,70.0,136.73425286906797,0.7525481616844599,0.0,0.6585372156114945,0.0
4.198763132095337,11.534476978058054,6.372370115792858,1.5192599169736296,-1.070012300981151,-0.4513280172180692,-1.6011054058024452,0.0,50.0,20.0,1.0,0.0,0.0,0.0,-340.8838057981534,70.0,136.73425286906797,0.7525481616844599,0.0,0.6585372156114945,0.0
4.229062795639038,11.41590180085012,6.409611670345136,0.7528415806463549,-1.0572695148047386,-0.5707449522786764,-1.601716881515529,0.0,50.0,20.0,1.0,0.0,0.0,0.0,-340.8838057981534,70.0,136.73425286906797,0.7525481616844599,0.0,0.6585372156114945,0.0
4.260232210159302,12.066404301510833,6.99827992092945,0.17547648528659954,-1.1896669964101263,-0.7046341163667057,-1.761610686282323,0.0,50.0,20.0,1.0,0.0,0.0,0.0,-340.8838057981534,70.0,136.73425286906797,0.7525481616844599,0.0,0.6585372156114945,0.0
4.290455102920532,11.401521787319398,7.67424694462866,0.772950573457367,-1.3510727343370506,-0.5141548894005887,-1.591454374205323,0.0,50.0,20.0,1.0,0.0,0.0,0.0,-340.8838057981534,70.0,136.73425286906797,0.7525481616844599,0.0,0.6585372156114945,0.0
4.3212668895721436,10.86524932561527,6.930661772839562,0.3619415286354176,-1.2121489027684034,-0.5413426884974157,-1.490933521432251,0.0,50.0,20.0,1.0,0.0,0.0,0.0,-340.8838057981534,70.0,136.73425286906797,0.7525481616844599,0.0,0.6585372156114945,0.0
4.350052118301392,10.614385143208972,7.69413388647758,0.9454821951065487,-1.129446434788479,-0.41792687517227645,-1.5657308317108114,0.0,50.0,20.0,1.0,0.0,0.0,0.0,-340.8838057981534,70.0,136.73425286906797,0.7525481616844599,0.0,0.6585372156114945,0.0
4.381029367446899,9.923127618749593,7.8845160442852755,0.5838747860836513,-1.2268198944755302,-0.578470667819539,-1.507859788722293,0.0,50.0,20.0,1.0,0.0,0.0,0.0,-340.8838057981534,70.0,136.73425286906797,0.7525481616844599,0.0,0.6585372156114945,0.0
4.4120519161224365,9.892699171003887,8.146499968648277,0.7022012894124463,-1.3434980914806494,-0.7051265570866584,-1.533704333725221,0.0,50.0,20.0,1.0,0.0,0.0,0.0,-340.8838057981534,70.0,136.73425286906797,0.7525481616844599,0.0,0.6585372156114945,0.0
4.442695617675781,10.47822128493764,7.740313465484574,0.05760742645571648,-1.502917217177083,-0.8135125363062028,-1.593659427886481,0.0,50.0,20.0,1.0,0.0,0.0,0.0,-340.8838057981534,70.0,136.73425286906797,0.7525481616844599,0.0,0.6585372156114945,0.0
4.472937345504761,10.685236518504091,7.463727475044159,0.7365288063435864,-1.3910415549564314,-0.9631183896519091,-1.6782509075729624,0.0,50.0,20.0,1.0,0.0,0.0,0.0,-340.8838057981534,70.0,136.73425286906797,0.7525481616844599,0.0,0.6585372156114945,0.0
4.503083229064941,10.276464455627483,7.4425904350810255,0.23224761223684176,-1.2430569073836506,-0.8728793993725282,-1.7905257397936178,0.0,50.0,20.0,1.0,0.0,0.0,0.0,-340.8838057981534,70.0,136.73425286906797,0.7525481616844599,0.0,0.6585372156114945,0.0
4.53199315071106,11.057822560151157,6.807164091959617,-0.010003532244138413,-1.3925689694288734,-1.0628417732779607,-1.7437040437215698,0.0,50.0,20.0,1.0,0.0,0.0,0.0,-340.8838057981534,70.0,136.73425286906797,0.7525481616844599,0.0,0.6585372156114945,0.0
4.563886880874634,11.627412632143674,6.195543186823073,0.7808151594371388,-1.2971820236716245,-0.9721314385792234,-1.881950529711551,0.0,50.0,20.0,1.0,0.0,0.0,0.0,-340.8838057981534,70.0,136.73425286906797,0.7525481616844599,0.0,0.6585372156114945,0.0
4.594799995422363,10.907556969384265,5.7235113671965445,0.5905829966537177,-1.465203365526022,-0.8807533037162505,-1.7083422668936314,0.0,50.0,20.0,1.0,0.0,0.0,0.0,-340.8838057981534,70.0,136.73425286906797,0.7525481616844599,0.0,0.6585372156114945,0.0
4.625107288360596,11.281318017479235,5.110748694030406,0.4219590164873055,-1.3127296273352917,-1.062121844299909,-1.752909694938287,0.0,50.0,20.0,1.0,0.0,0.0,0.0,-340.8838057981534,70.0,136.73425286906797,0.7525481616844599,0.0,0.6585372156114945,0.0
4.655301332473755,11.084966487769705,5.302721510609613,0.07972161459514887,-1.3000604749439137,-1.186306806836322,-1.566387376149529,0.0,50.0,20.0,1.0,0.0,0.0,0.0,-340.8838057981534,70.0,136.73425286906797,0.7525481616844599,0.0,0.6585372156114945,0.0
4.684753894805908,10.802284409724502,5.216119989171403,0.43581766037772435,-1.1918041107067243,-1.103811009835458,-1.4482883332916998,0.0,50.0,20.0,1.0,0.0,0.0,0.0,-340.8838057981534,70.0,136.73425286906797,0.7525481616844599,0.0,0.6585372156114945,0.0
4.7170188426971436,11.493678078900247,4.484326535297598,0.20430688520770696,-1.1709491554603324,-1.1086784020333247,-1.4731870944336323,0.0,50.0,20.0,1.0,0.0,0.0,0.0,-340.8838057981534,70.0,136.73425286906797,0.7525481616844599,0.0,0.6585372156114945,0.0
4.746152400970459,11.259703988332326,4.079275421507966,0.34267993738735586,-1.1958120720524748,-0.9774772510876186,-1.3977121420834586,0.0,50.0,20.0,1.0,0.0,0.0,0.0,-340.8838057981534,70.0,136.73425286906797,0.7525481616844599,0.0,0.6585372156114945,0.0
4.776394844055176,11.246187183099945,4.095459503414048,0.3222166582022908,-1.0964679936049053,-0.9725591138026783,-1.3522624552635427,0.0,50.0,20.0,1.0,0.0,0.0,0.0,-340.8838057981534,70.0,136.73425286906797,0.7525481616844599,0.0,0.6585372156114945,0.0
4.80888032913208,11.335306475072501,4.329659192992923,0.8102978976976767,-0.9465818889722677,-0.8205489946733924,-1.2670282954847885,0.0,50.0,20.0,1.0,0.0,0.0,0.0,-340.8838057981534,70.0,136.73425286906797,0.7525481616844599,0.0,0.6585372156114945,0.0
