# Timestamp, Fx, Fy, Fz, Tx, Ty, Tz, FemurPosX, FemurPosY, FemurPosZ, FemurQuatW, FemurQuatX, FemurQuatY, FemurQuatZ, TibiaPosX, TibiaPosY, TibiaPosZ, TibiaQuatW, TibiaQuatX, TibiaQuatY, TibiaQuatZ
0.011632442474365234,3.038773399568167,-1.1188556133437995,9.664435753460143,1.1946898503930945,1.022348550724758,-0.8693008680569189,0.0,50.0,20.0,1.0,0.0,0.0,0.0,-369.28932188134524,70.0,79.28932188134524,0.9238795325112867,0.0,0.3826834323650898,0.0
0.0413813591003418,2.3330977776639603,-0.46341206681369695,10.292621729065095,1.3750315890099511,0.9138039951115291,-0.819610516963429,0.0,50.0,20.0,1.0,0.0,0.0,0.0,-369.28932188134524,70.0,79.28932188134524,0.9238795325112867,0.0,0.3826834323650898,0.0
0.07320404052734375,2.6055334830989296,-1.0397323073544718,9.784221869178369,1.3559655522736116,0.9230720040305413,-0.8664106317126818,0.0,50.0,20.0,1.0,0.0,0.0,0.0,-369.28932188134524,70.0,79.28932188134524,0.9238795325112867,0.0,0.3826834323650898,0.0
0.10273313522338867,2.165943415042132,-1.5474917411957176,9.027903501272382,1.2172824139193161,0.9854715263074911,-0.6769322842278527,0.0,50.0,20.0,1.0,0.0,0.0,0.0,-369.28932188134524,70.0,79.28932188134524,0.9238795325112867,0.0,0.3826834323650898,0.0
0.13307428359985352,1.9915702412502458,-1.5191641126682636,8.441136064063857,1.0352561350380203,1.0726392497935873,-0.6549071834460235,0.0,50.0,20.0,1.0,0.0,0.0,0.0,-369.28932188134524,70.0,79.28932188134524,0.9238795325112867,0.0,0.3826834323650898,0.0
0.16565990447998047,1.3358641749589997,-1.776235317479855,8.156564923449888,1.233313959346893,1.0452991102679354,-0.5546981641970463,0.0,50.0,20.0,1.0,0.0,0.0,0.0,-369.28932188134524,70.0,79.28932188134524,0.9238795325112867,0.0,0.3826834323650898,0.0
0.19556522369384766,1.166965116718793,-2.484871572667898,7.906714249068989,1.059287110628005,0.9992437879302208,-0.38115387950117613,0.0,50.0,20.0,1.0,0.0,0.0,0.0,-369.28932188134524,70.0,79.28932188134524,0.9238795325112867,0.0,0.3826834323650898,0.0
0.22514915466308594,0.8723660640155921,-2.377448543562061,8.461206341739107,1.2296698661032988,0.9668997248218325,-0.329124368732623,0.0,50.0,20.0,1.0,0.0,0.0,0.0,-369.28932188134524,70.0,79.28932188134524,0.9238795325112867,0.0,0.3826834323650898,0.0
0.2556734085083008,1.3314795922126539,-2.767354281314752,8.477800350833245,1.3358089311093262,0.8827039200671398,-0.395253032135558,0.0,50.0,20.0,1.0,0.0,0.0,0.0,-369.28932188134524,70.0,79.28932188134524,0.9238795325112867,0.0,0.3826834323650898,0.0
0.2857325077056885,0.9669958249766402,-2.2873910295176003,8.722327776450076,1.330698080466919,1.0237310749771804,-0.5781665176311865,0.0,50.0,20.0,1.0,0.0,0.0,0.0,-369.28932188134524,70.0,79.28932188134524,0.9238795325112867,0.0,0.3826834323650898,0.0
0.317965030670166,1.1699202809742144,-2.64415918988192,9.369358923072586,1.2272202910051124,1.1917644401728453,-0.4886100838545184,0.0,50.0,20.0,1.0,0.0,0.0,0.0,-369.28932188134524,70.0,79.28932188134524,0.9238795325112867,0.0,0.3826834323650898,0.0
0.346907377243042,1.8993046135853935,-2.071695197836327,9.20330479270009,1.220470244755149,1.3083305682971882,-0.36256378408721496,0.0,50.0,20.0,1.0,0.0,0.0,0.0,-369.28932188134524,70.0,79.28932188134524,0.9238795325112867,0.0,0.3826834323650898,0.0
0.37662267684936523,1.3026574155460908,-2.748881448554868,9.784958246401242,1.1639645472609499,1.1430243376138527,-0.2849391959732476,0.0,50.0,20.0,1.0,0.0,0.0,0.0,-369.28932188134524,70.0,79.28932188134524,0.9238795325112867,0.0,0.3826834323650898,0.0
0.40737223625183105,0.6023016652570561,-3.000659568097518,10.251447381647324,1.1684980835765202,1.1188531408308209,-0.30642305906890777,0.0,50.0,20.0,1.0,0.0,0.0,0.0,-369.28932188134524,70.0,79.28932188134524,0.9238795325112867,0.0,0.3826834323650898,0.0
0.43721556663513184,1.3619503535589228,-3.1477640498521278,9.475971597822612,1.3042639324271053,0.935930333544118,-0.32791813410313364,0.0,50.0,20.0,1.0,0.0,0.0,0.0,-369.28932188134524,70.0,79.28932188134524,0.9238795325112867,0.0,0.3826834323650898,0.0
0.4697139263153076,1.5551265072412002,-2.670814665209604,8.689278392505484,1.2616099583061502,0.7811312695234394,-0.144941010378705,0.0,50.0,20.0,1.0,0.0,0.0,0.0,-369.28932188134524,70.0,79.28932188134524,0.9238795325112867,0.0,0.3826834323650898,0.0
0.4985690116882324,0.8573410259513615,-2.4870527115274417,8.094812282042245,1.0821082409356193,0.9139750393450752,-0.007516762825165835,0.0,50.0,20.0,1.0,0.0,0.0,0.0,-369.28932188134524,70.0,79.28932188134524,0.9238795325112867,0.0,0.3826834323650898,0.0
0.5289568901062012,1.4938823670687529,-2.9898147077355666,8.2529763704452,1.10629436598273,0.7864602950242445,-0.08198208329672757,0.0,50.0,20.0,1.0,0.0,0.0,0.0,-369.28932188134524,70.0,79.28932188134524,0.9238795325112867,0.0,0.3826834323650898,0.0
0.5590834617614746,1.5904950274259055,-2.7703597536109053,7.626528580984972,1.1592327632396113,0.6696015528998729,0.06963852347006838,0.0,50.0,20.0,1.0,0.0,0.0,0.0,-369.28932188134524,70.0,79.28932188134524,0.9238795325112867,0.0,0.3826834323650898,0.0
0.5889320373535156,2.3090386934159,-2.8676786928944296,7.643207119366558,1.1945877210913625,0.7151071019555201,0.07646005522477844,0.0,50.0,20.0,1.0,0.0,0.0,0.0,-369.28932188134524,70.0,79.28932188134524,0.9238795325112867,0.0,0.3826834323650898,0.0
0.6212396621704102,2.1451016152220497,-2.2139249614034355,7.728450349046077,1.3874256281691963,0.8787887650413155,0.23318450249641354,0.0,50.0,20.0,1.0,0.0,0.0,0.0,-369.28932188134524,70.0,79.28932188134524,0.9238795325112867,0.0,0.3826834323650898,0.0
0.6506593227386475,2.1930774458491906,-2.4572483944812413,8.490154088803827,1.463776033563228,0.8006522808110953,0.24208388656783775,0.0,50.0,20.0,1.0,0.0,0.0,0.0,-369.28932188134524,70.0,79.28932188134524,0.9238795325112867,0.0,0.3826834323650898,0.0
0.6823632717132568,-6.499127458548429,9.627704984814475,10.282459796528606,0.5146767373784926,2.2268781433393645,-2.2384524180819136,0.0,50.0,20.0,1.0,0.0,0.0,0.0,-369.28932188134524,70.0,79.28932188134524,0.9238795325112867,0.0,0.3826834323650898,0.0
0.7110440731048584,-7.014979968438101,9.757052613261797,10.147511783943985,0.6906837653636804,2.2406510213861295,-2.1279845054924245,0.0,50.0,20.0,1.0,0.0,0.0,0.0,-369.28932188134524,70.0,79.28932188134524,0.9238795325112867,0.0,0.3826834323650898,0.0
0.7410626411437988,-6.699028285037457,10.492547068158759,10.315764210647531,0.8690987609151186,2.219161043721292,-2.0322405055940758,0.0,50.0,20.0,1.0,0.0,0.0,0.0,-369.28932188134524,70.0,79.28932188134524,0.9238795325112867,0.0,0.3826834323650898,0.0
0.7737624645233154,-7.356375964820466,11.229904013374167,10.612310006117102,0.7171524271673773,2.2150073261246375,-1.9608865592670868,0.0,50.0,20.0,1.0,0.0,0.0,0.0,-369.28932188134524,70.0,79.28932188134524,0.9238795325112867,0.0,0.3826834323650898,0.0
0.8024933338165283,-7.2800049221074365,10.7926080467753,10.824668179733688,0.5821528341920368,2.132128598114557,-1.8083344258355851,0.0,50.0,20.0,1.0,0.0,0.0,0.0,-369.28932188134524,70.0,79.28932188134524,0.9238795325112867,0.0,0.3826834323650898,0.0
0.8343513011932373,-6.676391836987474,10.413951674098556,11.08822524603187,0.44206004356596007,2.1128385099636304,-1.9763471675990567,0.0,50.0,20.0,1.0,0.0,0.0,0.0,-369.28932188134524,70.0,79.28932188134524,0.9238795325112867,0.0,0.3826834323650898,0.0
0.8653109073638916,-6.96225013110499,11.17134606058535,10.617626004111193,0.3614280393013371,1.95307224912806,-2.1376092966195164,0.0,50.0,20.0,1.0,0.0,0.0,0.0,-369.28932188134524,70.0,79.28932188134524,0.9238795325112867,0.0,0.3826834323650898,0.0
0.8955655097961426,-7.732078225415317,11.07103812510556,10.220175276151663,0.4283369132905062,1.8815554826315548,-2.3326249391301572,0.0,50.0,20.0,1.0,0.0,0.0,0.0,-369.28932188134524,70.0,79.28932188134524,0.9238795325112867,0.0,0.3826834323650898,0.0
0.9275722503662109,-8.17479056305853,10.756852450765484,10.477046799914891,0.6258430199734617,2.0563719298418013,-2.2794762791240357,0.0,50.0,20.0,1.0,0.0,0.0,0.0,-369.28932188134524,70.0,79.28932188134524,0.9238795325112867,0.0,0.3826834323650898,0.0
0.9561522006988525,-7.762804659705278,11.114049377984205,11.012557467242706,0.8032378811676262,1.974728081931509,-2.444919863047615,0.0,50.0,20.0,1.0,0.0,0.0,0.0,-369.28932188134524,70.0,79.28932188134524,0.9238795325112867,0.0,0.3826834323650898,0.0
0.9859638214111328,-7.804669424462867,11.679536330264584,10.68722063804331,0.754373429501898,1.880181508342855,-2.5,0.0,50.0,20.0,1.0,0.0,0.0,0.0,-369.28932188134524,70.0,79.28932188134524,0.9238795325112867,0.0,0.3826834323650898,0.0
1.0175659656524658,-7.720541849591193,11.120356314219032,11.066477431407245,0.7823823267942497,1.8069004474068926,-2.4390867669643828,0.0,50.0,20.0,1.0,0.0,0.0,0.0,-369.28932188134524,70.0,79.28932188134524,0.9238795325112867,0.0,0.3826834323650898,0.0
1.0467851161956787,-8.315530844162252,10.705260220356909,10.813958913599796,0.621057760696185,1.9890500481546551,-2.5,0.0,50.0,20.0,1.0,0.0,0.0,0.0,-369.28932188134524,70.0,79.28932188134524,0.9238795325112867,0.0,0.3826834323650898,0.0
1.0771303176879883,-8.656649728983284,11.369706455329789,11.204714811011659,0.6124496360753378,1.932437438891164,-2.5,0.0,50.0,20.0,1.0,0.0,0.0,0.0,-369.28932188134524,70.0,79.28932188134524,0.9238795325112867,0.0,0.3826834323650898,0.0
1.1072449684143066,-8.97120824684562,11.68517399768287,10.920148544805555,0.4464152384413031,1.9626672217183931,-2.5,0.0,50.0,20.0,1.0,0.0,0.0,0.0,-369.28932188134524,70.0,79.28932188134524,0.9238795325112867,0.0,0.3826834323650898,0.0
1.1374444961547852,-9.435984981224095,12.434582042368522,11.237846534858908,0.348702135399957,1.8175864793829803,-2.3249611303475017,0.0,50.0,20.0,1.0,0.0,0.0,0.0,-369.28932188134524,70.0,79.28932188134524,0.9238795325112867,0.0,0.3826834323650898,0.0
1.1700546741485596,-9.85782554862421,12.473122060756587,11.670735674776209,0.495122948893455,1.9164504480142233,-2.407307680141498,0.0,50.0,20.0,1.0,0.0,0.0,0.0,-369.28932188134524,70.0,79.28932188134524,0.9238795325112867,0.0,0.3826834323650898,0.0
1.1988990306854248,-9.26430630675463,12.939790553784876,11.776457856509662,0.4777997478677213,1.7863167215616513,-2.5,0.0,50.0,20.0,1.0,0.0,0.0,0.0,-369.28932188134524,70.0,79.28932188134524,0.9238795325112867,0.0,0.3826834323650898,0.0
1.2290234565734863,-8.465531814160189,12.862112187297488,11.076816019094442,0.5234459656414632,1.7758935949350738,-2.4126979163632734,0.0,50.0,20.0,1.0,0.0,0.0,0.0,-369.28932188134524,70.0,79.28932188134524,0.9238795325112867,0.0,0.3826834323650898,0.0
1.258690357208252,-8.722882517704125,12.441615590251558,11.00296686913669,0.4293460170480495,1.7703487393978374,-2.431672272048687,0.0,50.0,20.0,1.0,0.0,0.0,0.0,-369.28932188134524,70.0,79.28932188134524,0.9238795325112867,0.0,0.3826834323650898,0.0
1.289473533630371,-8.727127643741435,12.70446660987664,10.48217633873489,0.26814608431594456,1.7167702724225757,-2.341601439273978,0.0,50.0,20.0,1.0,0.0,0.0,0.0,-369.28932188134524,70.0,79.28932188134524,0.9238795325112867,0.0,0.3826834323650898,0.0
1.3215725421905518,-8.259213514006865,12.184966077397691,10.098476024075994,0.29402961312791515,1.7650445866254727,-2.2918046912729766,0.0,50.0,20.0,1.0,0.0,0.0,0.0,-369.28932188134524,70.0,79.28932188134524,0.9238795325112867,0.0,0.3826834323650898,0.0
1.351999044418335,-8.154854224604811,12.673475054799122,9.478832688575647,0.25600846567634805,1.750207608032653,-2.2746725212254226,0.0,50.0,20.0,1.0,0.0,0.0,0.0,-369.28932188134524,70.0,79.28932188134524,0.9238795325112867,0.0,0.3826834323650898,0.0
1.3807342052459717,-8.387526922583683,12.312008834280988,9.729515189414576,0.3312298882397576,1.7759579909714445,-2.218756167135348,0.0,50.0,20.0,1.0,0.0,0.0,0.0,-369.28932188134524,70.0,79.28932188134524,0.9238795325112867,0.0,0.3826834323650898,0.0
1.4104053974151611,-8.331799102627977,11.520692194480418,10.290492647139839,0.21095003040769067,1.7946484805843952,-2.250194982327854,0.0,50.0,20.0,1.0,0.0,0.0,0.0,-369.28932188134524,70.0,79.28932188134524,0.9238795325112867,0.0,0.3826834323650898,0.0
1.4410889148712158,-8.465605964794017,11.222587847813742,9.937112441260503,0.3673842097948161,1.6100728322496867,-2.0883304378631027,0.0,50.0,20.0,1.0,0.0,0.0,0.0,-369.28932188134524,70.0,79.28932188134524,0.9238795325112867,0.0,0.3826834323650898,0.0
1.4727606773376465,-8.213337017858635,10.869144949713478,10.545348355057554,0.50603537486553,1.7668697225911911,-2.1011647983694433,0.0,50.0,20.0,1.0,0.0,0.0,0.0,-369.28932188134524,70.0,79.28932188134524,0.9238795325112867,0.0,0.3826834323650898,0.0
1.5034668445587158,-8.364523929081615,11.387755830603028,10.371835034155167,0.5893428665519361,1.668526955974048,-2.2128734552958025,0.0,50.0,20.0,1.0,0.0,0.0,0.0,-369.28932188134524,70.0,79.28932188134524,0.9238795325112867,0.0,0.3826834323650898,0.0
1.5332233905792236,-8.177094832876731,11.924320883915419,10.441861693364554,0.4656812384514444,1.631661427816909,-2.083212774210604,0.0,50.0,20.0,1.0,0.0,0.0,0.0,-369.28932188134524,70.0,79.28932188134524,0.9238795325112867,0.0,0.3826834323650898,0.0
1.5651419162750244,-8.945823869719002,12.216911862660062,10.390722870710352,0.580957773719065,1.6465429038984971,-1.945885817326261,0.0,50.0,20.0,1.0,0.0,0.0,0.0,-369.28932188134524,70.0,79.28932188134524,0.9238795325112867,0.0,0.3826834323650898,0.0
1.594578742980957,-8.545326350617184,12.489045716472926,10.968463554869874,0.5927658552859238,1.5183245709020492,-1.8381929772169987,0.0,50.0,20.0,1.0,0.0,0.0,0.0,-369.28932188134524,70.0,79.28932188134524,0.9238795325112867,0.0,0.3826834323650898,0.0
1.6252870559692383,-9.288281064155731,11.755308444591472,11.001219540253068,0.6010519900476412,1.5035389281200364,-1.7908162631037834,0.0,50.0,20.0,1.0,0.0,0.0,0.0,-369.28932188134524,70.0,79.28932188134524,0.9238795325112867,0.0,0.3826834323650898,0.0
1.6552531719207764,-9.037903776161812,12.088106653981194,11.27137357046192,0.41717489468440283,1.4557758070091713,-1.631366485740011,0.0,50.0,20.0,1.0,0.0,0.0,0.0,-369.28932188134524,70.0,79.28932188134524,0.9238795325112867,0.0,0.3826834323650898,0.0
1.6859257221221924,-8.47627756932677,12.239015272006096,11.627327180283292,0.560923203625006,1.6460249261625424,-1.7370603663707165,0.0,50.0,20.0,1.0,0.0,0.0,0.0,-369.28932188134524,70.0,79.28932188134524,0.9238795325112867,0.0,0.3826834323650898,0.0
1.7184808254241943,-9.027758310227131,12.7321679464172,10.87068022770337,0.6771316967466608,1.4664851013650648,-1.9267145402503187,0.0,50.0,20.0,1.0,0.0,0.0,0.0,-369.28932188134524,70.0,79.28932188134524,0.9238795325112867,0.0,0.3826834323650898,0.0
1.7477407455444336,-8.35687887910655,12.33920770132605,10.27267873967885,0.8222593668727755,1.4498434085576488,-1.9675988618810194,0.0,50.0,20.0,1.0,0.0,0.0,0.0,-369.28932188134524,70.0,79.28932188134524,0.9238795325112867,0.0,0.3826834323650898,0.0
1.777808427810669,-7.601489020780241,11.896806462652794,10.876809899784206,0.7146884249688376,1.6343311106420482,-1.8750951920615786,0.0,50.0,20.0,1.0,0.0,0.0,0.0,-369.28932188134524,70.0,79.28932188134524,0.9238795325112867,0.0,0.3826834323650898,0.0
1.8070130348205566,-7.445734836019331,12.57700494511719,11.326615701633166,0.7523985152899308,1.5188159871872546,-1.9980525922788535,0.0,50.0,20.0,1.0,0.0,0.0,0.0,-369.28932188134524,70.0,79.28932188134524,0.9238795325112867,0.0,0.3826834323650898,0.0
1.8374204635620117,-7.840733207273072,12.516674983959003,11.605650930991427,0.7098300927619036,1.6447061208309686,-1.894586223905772,0.0,50.0,20.0,1.0,0.0,0.0,0.0,-369.28932188134524,70.0,79.28932188134524,0.9238795325112867,0.0,0.3826834323650898,0.0
1.869652509689331,-8.023748271827001,12.314685255060208,10.85513882292939,0.862247440473991,1.6569405304690463,-1.809644513052502,0.0,50.0,20.0,1.0,0.0,0.0,0.0,-369.28932188134524,70.0,79.28932188134524,0.9238795325112867,0.0,0.3826834323650898,0.0
1.899418830871582,-8.199918677962536,12.96641635240915,11.334079352894747,0.6843508958983626,1.6759621920938246,-1.97060786030176,0.0,50.0,20.0,1.0,0.0,0.0,0.0,-369.28932188134524,70.0,79.28932188134524,0.9238795325112867,0.0,0.3826834323650898,0.0
1.9295434951782227,-8.98429981391781,12.898192050200784,11.475108864409492,0.7120844908587758,1.645627975598888,-2.063368958953701,0.0,50.0,20.0,1.0,0.0,0.0,0.0,-369.28932188134524,70.0,79.28932188134524,0.9238795325112867,0.0,0.3826834323650898,0.0
1.9602749347686768,-9.120827910150012,12.307178252462094,11.804460747740732,0.552467605661851,1.6584191553401522,-2.032516791982256,0.0,50.0,20.0,1.0,0.0,0.0,0.0,-369.28932188134524,70.0,79.28932188134524,0.9238795325112867,0.0,0.3826834323650898,0.0
1.9890615940093994,-8.623190046255624,12.389619435852099,11.98414234554928,0.4913681732520364,1.7236624037498287,-2.0007228948498454,0.0,50.0,20.0,1.0,0.0,0.0,0.0,-369.28932188134524,70.0,79.28932188134524,0.9238795325112867,0.0,0.3826834323650898,0.0
2.0211894512176514,-8.6322488981751,11.63424589437131,11.764362361598684,0.623863289071025,1.8685753015106936,-2.157407036816588,0.0,50.0,20.0,1.0,0.0,0.0,0.0,-369.28932188134524,70.0,79.28932188134524,0.9238795325112867,0.0,0.3826834323650898,0.0
2.051543712615967,-8.064567224943431,11.603324742050335,12.244748954306324,0.7263691926959885,1.7378719486488257,-2.348641085655245,0.0,50.0,20.0,1.0,0.0,0.0,0.0,-369.28932188134524,70.0,79.28932188134524,0.9238795325112867,0.0,0.3826834323650898,0.0
2.081986665725708,-8.20956713038162,12.19739635421331,12.8179408289286,0.6126083500135371,1.7898941575122926,-2.44263979732121,0.0,50.0,20.0,1.0,0.0,0.0,0.0,-369.28932188134524,70.0,79.28932188134524,0.9238795325112867,0.0,0.3826834323650898,0.0
2.1107289791107178,-7.822940134842227,11.88194610782039,12.111696067159338,0.6102449001766953,1.9208148970983545,-2.5,0.0,50.0,20.0,1.0,0.0,0.0,0.0,-369.28932188134524,70.0,79.28932188134524,0.9238795325112867,0.0,0.3826834323650898,0.0
2.141777992248535,-7.245991426727891,11.31212872504174,12.84418732218465,0.6402100567428426,2.005706122739819,-2.5,0.0,50.0,20.0,1.0,0.0,0.0,0.0,-369.28932188134524,70.0,79.28932188134524,0.9238795325112867,0.0,0.3826834323650898,0.0
2.1728296279907227,-6.819750553139508,10.773271315921615,13.0,0.6482224892053323,1.9118019235104267,-2.4094329677598285,0.0,50.0,20.0,1.0,0.0,0.0,0.0,-369.28932188134524,70.0,79.28932188134524,0.9238795325112867,0.0,0.3826834323650898,0.0
2.2036960124969482,-7.377600843168788,10.950986373428357,12.492004814313537,0.4540574805032018,1.8292135188539276,-2.5,0.0,50.0,20.0,1.0,0.0,0.0,0.0,-369.28932188134524,70.0,79.28932188134524,0.9238795325112867,0.0,0.3826834323650898,0.0
2.233928680419922,-6.728645872426664,11.623041575376448,11.756421881699268,0.5635023954319558,1.8714517621779105,-2.5,0.0,50.0,20.0,1.0,0.0,0.0,0.0,-369.28932188134524,70.0,79.28932188134524,0.9238795325112867,0.0,0.3826834323650898,0.0
2.265005111694336,-6.960799124516798,12.206082788700057,11.390221521512627,0.5696920709723597,1.9960243132233757,-2.5,0.0,50.0,20.0,1.0,0.0,0.0,0.0,-369.28932188134524,70.0,79.28932188134524,0.9238795325112867,0.0,0.3826834323650898,0.0
2.2946577072143555,-7.470689683780266,11.704645646816521,12.068025965091211,0.5339498709223465,2.137468239807529,-2.5,0.0,50.0,20.0,1.0,0.0,0.0,0.0,-369.28932188134524,70.0,79.28932188134524,0.9238795325112867,0.0,0.3826834323650898,0.0
2.3252837657928467,-6.867804795799463,11.022448130907492,12.377069343089476,0.6910417214160387,2.04282108751709,-2.5,0.0,50.0,20.0,1.0,0.0,0.0,0.0,-369.28932188134524,70.0,79.28932188134524,0.9238795325112867,0.0,0.3826834323650898,0.0
2.3554205894470215,-6.418560458146655,10.671810776405524,12.310613684179954,0.6388860149525769,1.9209757553523694,-2.5,0.0,50.0,20.0,1.0,0.0,0.0,0.0,-369.28932188134524,70.0,79.28932188134524,0.9238795325112867,0.0,0.3826834323650898,0.0
2.3851072788238525,-6.373755855084544,9.994771920568555,11.868618830703111,0.6927330150663952,2.0519112670058406,-2.5,0.0,50.0,20.0,1.0,0.0,0.0,0.0,-369.28932188134524,70.0,79.28932188134524,0.9238795325112867,0.0,0.3826834323650898,0.0
2.417203664779663,-6.3615080459728,9.355687080102157,11.649766368914586,0.661284118044708,2.1578438552334274,-2.5,0.0,50.0,20.0,1.0,0.0,0.0,0.0,-369.28932188134524,70.0,79.28932188134524,0.9238795325112867,0.0,0.3826834323650898,0.0
2.446852684020996,-6.347518458589525,9.71301223777042,10.984977780081376,0.579985189740947,2.2270841941246866,-2.320685156944103,0.0,50.0,20.0,1.0,0.0,0.0,0.0,-369.28932188134524,70.0,79.28932188134524,0.9238795325112867,0.0,0.3826834323650898,0.0
2.4770164489746094,-5.885240560673196,9.032619182419403,11.535502009358611,0.658163580451526,2.182524439299422,-2.2069349985036175,0.0,50.0,20.0,1.0,0.0,0.0,0.0,-369.28932188134524,70.0,79.28932188134524,0.9238795325112867,0.0,0.3826834323650898,0.0
2.5072076320648193,-5.15362371782814,9.096520752962928,11.457971439106245,0.6495365405327013,2.2271223016756565,-2.1630375846237464,0.0,50.0,20.0,1.0,0.0,0.0,0.0,-369.28932188134524,70.0,79.28932188134524,0.9238795325112867,0.0,0.3826834323650898,0.0
2.5377602577209473,-5.076655246521509,9.082330888526148,11.932212002394177,0.7477073379343238,2.124416361047382,-2.256418419259418,0.0,50.0,20.0,1.0,0.0,0.0,0.0,-369.28932188134524,70.0,79.28932188134524,0.9238795325112867,0.0,0.3826834323650898,0.0
2.569013833999634,-5.683207259136086,9.096429101422196,12.316642215815842,0.8463851002757561,2.105453182567086,-2.134216153066388,0.0,50.0,20.0,1.0,0.0,0.0,0.0,-369.28932188134524,70.0,79.28932188134524,0.9238795325112867,0.0,0.3826834323650898,0.0
2.5985991954803467,-5.388746661863291,8.538621731435557,12.450140782602688,0.6476889584989342,2.2898584867608434,-2.0794309554325046,0.0,50.0,20.0,1.0,0.0,0.0,0.0,-369.28932188134524,70.0,79.28932188134524,0.9238795325112867,0.0,0.3826834323650898,0.0
2.629319190979004,-5.819064802689474,8.755065817058242,11.856039561573208,0.4634883409442154,2.1127967342774916,-2.1418422241930704,0.0,50.0,20.0,1.0,0.0,0.0,0.0,-369.28932188134524,70.0,79.28932188134524,0.9238795325112867,0.0,0.3826834323650898,0.0
2.659240961074829,-5.469018945507013,8.949459794606039,12.161217138985755,0.4284481974008155,2.088389535833347,-2.048904722551935,0.0,50.0,20.0,1.0,0.0,0.0,0.0,-369.28932188134524,70.0,79.28932188134524,0.9238795325112867,0.0,0.3826834323650898,0.0
2.689279556274414,-4.746125524176855,9.274680301820837,12.219240974145151,0.23133664365925957,2.2330266012624915,-2.0875179900939105,0.0,50.0,20.0,1.0,0.0,0.0,0.0,-369.28932188134524,70.0,79.28932188134524,0.9238795325112867,0.0,0.3826834323650898,0.0
2.7214932441711426,-5.099473146046733,8.476128504050502,12.061912681691348,0.3281003416446644,2.119467899760872,-1.9280550239748906,0.0,50.0,20.0,1.0,0.0,0.0,0.0,-369.28932188134524,70.0,79.28932188134524,0.9238795325112867,0.0,0.3826834323650898,0.0
2.7511463165283203,-4.723676271886525,8.675638267790827,11.726690077964227,0.30839827183758534,2.3022768838053196,-1.8755646540165265,0.0,50.0,20.0,1.0,0.0,0.0,0.0,-369.28932188134524,70.0,79.28932188134524,0.9238795325112867,0.0,0.3826834323650898,0.0
2.7809970378875732,-4.724969587012344,9.335879488641467,12.273400126777315,0.36570222212526177,2.2982988101515107,-1.757516558810144,0.0,50.0,20.0,1.0,0.0,0.0,0.0,-369.28932188134524,70.0,79.28932188134524,0.9238795325112867,0.0,0.3826834323650898,0.0
2.8111445903778076,-4.226682557777297,8.66558905692362,12.437097561251555,0.40582938026473353,2.4102102123572946,-1.8006373299935146,0.0,50.0,20.0,1.0,0.0,0.0,0.0,-369.28932188134524,70.0,79.28932188134524,0.9238795325112867,0.0,0.3826834323650898,0.0
2.8414559364318848,-4.243360249062395,8.797379378320514,12.755873905700481,0.3040123863325868,2.301104357052818,-1.9888026597140487,0.0,50.0,20.0,1.0,0.0,0.0,0.0,-369.28932188134524,70.0,79.28932188134524,0.9238795325112867,0.0,0.3826834323650898,0.0
2.872905969619751,-4.415342500990513,9.314384982282789,13.0,0.4798208248848356,2.438459040093789,-1.831364136505615,0.0,50.0,20.0,1.0,0.0,0.0,0.0,-369.28932188134524,70.0,79.28932188134524,0.9238795325112867,0.0,0.3826834323650898,0.0
2.902571439743042,-4.25517478485793,9.345650014247152,13.0,0.4735559063945096,2.3428615087571534,-1.7876126592568877,0.0,50.0,20.0,1.0,0.0,0.0,0.0,-369.28932188134524,70.0,79.28932188134524,0.9238795325112867,0.0,0.3826834323650898,0.0
2.9332759380340576,-5.028085497007508,9.497279060394613,13.0,0.5006575795217777,2.5,-1.7530272062409817,0.0,50.0,20.0,1.0,0.0,0.0,0.0,-369.28932188134524,70.0,79.28932188134524,0.9238795325112867,0.0,0.3826834323650898,0.0
2.9659204483032227,-4.92794129319468,10.143081857103438,12.651774269726893,0.460469778663001,2.494600810221716,-1.6174954448500474,0.0,50.0,20.0,1.0,0.0,0.0,0.0,-369.28932188134524,70.0,79.28932188134524,0.9238795325112867,0.0,0.3826834323650898,0.0
2.9954824447631836,-5.002444955726023,9.818365531553507,12.134848623202018,0.4055578244865614,2.5,-1.5795607622933918,0.0,50.0,20.0,1.0,0.0,0.0,0.0,-369.28932188134524,70.0,79.28932188134524,0.9238795325112867,0.0,0.3826834323650898,0.0
3.025108814239502,-5.085064179257078,9.426567137839246,11.867333196292746,0.5818431413684515,2.3009748846077334,-1.7310255993918482,0.0,50.0,20.0,1.0,0.0,0.0,0.0,-369.28932188134524,70.0,79.28932188134524,0.9238795325112867,0.0,0.3826834323650898,0.0
3.055159568786621,-5.198239373819839,9.814155521346539,11.346323375054922,0.5248997914229729,2.369004312001053,-1.718035369560137,0.0,50.0,20.0,1.0,0.0,0.0,0.0,-369.28932188134524,70.0,79.28932188134524,0.9238795325112867,0.0,0.3826834323650898,0.0
3.0852952003479004,-4.856073155052953,9.357168882604274,11.55495591013328,0.5397208421272692,2.4331838871194282,-1.7016185554187568,0.0,50.0,20.0,1.0,0.0,0.0,0.0,-369.28932188134524,70.0,79.28932188134524,0.9238795325112867,0.0,0.3826834323650898,0.0
3.1169285774230957,-5.601393334714333,10.09381174793302,11.17746226299959,0.5436465318817308,2.377507992912437,-1.6198506958118435,0.0,50.0,20.0,1.0,0.0,0.0,0.0,-369.28932188134524,70.0,79.28932188134524,0.9238795325112867,0.0,0.3826834323650898,0.0
3.1479287147521973,-5.838958040223725,10.29799014397307,10.485184301813094,0.7177891796354808,2.2624292712727687,-1.8109076417395227,0.0,50.0,20.0,1.0,0.0,0.0,0.0,-369.28932188134524,70.0,79.28932188134524,0.9238795325112867,0.0,0.3826834323650898,0.0
3.1776256561279297,-5.580493434314595,10.382017859118303,9.756239413806696,0.6601098872977146,2.4577333629514166,-1.8131139095843825,0.0,50.0,20.0,1.0,0.0,0.0,0.0,-369.28932188134524,70.0,79.28932188134524,0.9238795325112867,0.0,0.3826834323650898,0.0
3.206926107406616,-4.7831007407266934,9.651118841849119,10.361515838074695,0.5743014308694144,2.5,-1.9296353642573167,0.0,50.0,20.0,1.0,0.0,0.0,0.0,-369.28932188134524,70.0,79.28932188134524,0.9238795325112867,0.0,0.3826834323650898,0.0
3.236915111541748,-4.740838920878076,10.040774943257421,9.832498589901597,0.7068368246664142,2.5,-1.8292602422633448,0.0,50.0,20.0,1.0,0.0,0.0,0.0,-369.28932188134524,70.0,79.28932188134524,0.9238795325112867,0.0,0.3826834323650898,0.0
3.2688801288604736,-5.207012909886628,9.619477619013015,10.147203734067268,0.547232946222498,2.5,-1.8156039856226907,0.0,50.0,20.0,1.0,0.0,0.0,0.0,-369.28932188134524,70.0,79.28932188134524,0.9238795325112867,0.0,0.3826834323650898,0.0
3.299187183380127,-4.9013758054975956,9.050455908496177,9.871672838100467,0.6322715370926366,2.3956459344889827,-1.6743155595875607,0.0,50.0,20.0,1.0,0.0,0.0,0.0,-369.28932188134524,70.0,79.28932188134524,0.9238795325112867,0.0,0.3826834323650898,0.0
3.3293094635009766,-5.084074495538319,9.322970245907538,9.597192605103599,0.6989838555196677,2.5,-1.7031716307570641,0.0,50.0,20.0,1.0,0.0,0.0,0.0,-369.28932188134524,70.0,79.28932188134524,0.9238795325112867,0.0,0.3826834323650898,0.0
3.3590543270111084,-5.510377110203717,9.979984205946309,9.169211054276492,0.7273459094911527,2.5,-1.5368078406218688,0.0,50.0,20.0,1.0,0.0,0.0,0.0,-369.28932188134524,70.0,79.28932188134524,0.9238795325112867,0.0,0.3826834323650898,0.0
3.388916015625,-5.603607858940414,10.399333661442283,8.93562401902943,0.619889256450478,2.3725657948373433,-1.5824560148385811,0.0,50.0,20.0,1.0,0.0,0.0,0.0,-369.28932188134524,70.0,79.28932188134524,0.9238795325112867,0.0,0.3826834323650898,0.0
3.4215545654296875,-6.230268978794217,10.09872663822875,8.200608175652153,0.47707522005766473,2.3570277963137367,-1.6486611483264246,0.0,50.0,20.0,1.0,0.0,0.0,0.0,-369.28932188134524,70.0,79.28932188134524,0.9238795325112867,0.0,0.3826834323650898,0.0
3.4518163204193115,-6.606677660202323,9.646308330939265,7.544198790533722,0.4424723730165009,2.368458357341555,-1.4791661160282445,0.0,50.0,20.0,1.0,0.0,0.0,0.0,-369.28932188134524,70.0,79.28932188134524,0.9238795325112867,0.0,0.3826834323650898,0.0
3.4812426567077637,-6.410656571299324,10.241780273005006,8.189861520178795,0.4818621374432235,2.5,-1.5290447626776835,0.0,50.0,20.0,1.0,0.0,0.0,0.0,-369.28932188134524,70.0,79.28932188134524,0.9238795325112867,0.0,0.3826834323650898,0.0
3.510647773742676,-6.235539229219628,10.299988944988224,7.935390428873563,0.2899706832647363,2.5,-1.3660665448120246,0.0,50.0,20.0,1.0,0.0,0.0,0.0,-369.28932188134524,70.0,79.28932188134524,0.9238795325112867,0.0,0.3826834323650898,0.0
3.541203022003174,-6.050808996440305,10.715402926530988,7.161577562241195,0.23457631109687732,2.456191501956977,-1.2897699786007384,0.0,50.0,20.0,1.0,0.0,0.0,0.0,-369.28932188134524,70.0,79.28932188134524,0.9238795325112867,0.0,0.3826834323650898,0.0
3.5731844902038574,-5.842833772645987,10.083654704447717,7.3576583766393355,0.05693097943984329,2.3248176126271662,-1.1946325835483615,0.0,50.0,20.0,1.0,0.0,0.0,0.0,-369.28932188134524,70.0,79.28932188134524,0.9238795325112867,0.0,0.3826834323650898,0.0
3.603074073791504,-6.106421228330446,9.82962552224074,7.557882718386606,0.13542136412526137,2.2671130272633597,-1.1003267711680067,0.0,50.0,20.0,1.0,0.0,0.0,0.0,-369.28932188134524,70.0,79.28932188134524,0.9238795325112867,0.0,0.3826834323650898,0.0
3.6338436603546143,-5.722647123635031,9.140563778827996,7.779744356289918,0.16448464393289183,2.44980191126102,-1.2143757864837,0.0,50.0,20.0,1.0,0.0,0.0,0.0,-369.28932188134524,70.0,79.28932188134524,0.9238795325112867,0.0,0.3826834323650898,0.0
3.664750337600708,-5.508434774023263,9.647565702175845,7.282172514913788,0.03473014813150879,2.4376649401501282,-1.0257612324861864,0.0,50.0,20.0,1.0,0.0,0.0,0.0,-369.28932188134524,70.0,79.28932188134524,0.9238795325112867,0.0,0.3826834323650898,0.0
3.695598840713501,-6.163989871330509,9.200325243052529,6.941938157529817,0.04707325095724005,2.4688039781788325,-0.9367186145501928,0.0,50.0,20.0,1.0,0.0,0.0,0.0,-369.28932188134524,70.0,79.28932188134524,0.9238795325112867,0.0,0.3826834323650898,0.0
3.7265098094940186,-5.575855416975807,8.656990901189907,6.668552097704326,-0.1446264525094535,2.456830987260334,-0.92442863143509,0.0,50.0,20.0,1.0,0.0,0.0,0.0,-369.28932188134524,70.0,79.28932188134524,0.9238795325112867,0.0,0.3826834323650898,0.0
3.7554397583007812,-5.388000398804075,8.216056622715518,6.139722841733883,0.05261221501088198,2.5,-1.070473055341054,0.0,50.0,20.0,1.0,0.0,0.0,0.0,-369.28932188134524,70.0,79.28932188134524,0.9238795325112867,0.0,0.3826834323650898,0.0
3.7852859497070312,-4.968137143857417,8.194813612442172,6.515365975633191,-0.14158098562649876,2.419464263398046,-1.063225524760633,0.0,50.0,20.0,1.0,0.0,0.0,0.0,-369.28932188134524,70.0,79.28932188134524,0.9238795325112867,0.0,0.3826834323650898,0.0
3.8170645236968994,-4.933116252378047,8.462482976187122,6.119698964721618,-0.08390547775488019,2.5,-1.0622999586291313,0.0,50.0,20.0,1.0,0.0,0.0,0.0,-369.28932188134524,70.0,79.28932188134524,0.9238795325112867,0.0,0.3826834323650898,0.0
3.8476738929748535,-4.167978335620328,9.206676531417333,6.657140989341448,-0.0027324286472613923,2.5,-1.1392722877487813,0.0,50.0,20.0,1.0,0.0,0.0,0.0,-369.28932188134524,70.0,79.28932188134524,0.9238795325112867,0.0,0.3826834323650898,0.0
3.8778951168060303,-4.205473214223489,8.855340443865657,6.315315056130459,-0.18200912115805362,2.3982474759478167,-1.1470678376175603,0.0,50.0,20.0,1.0,0.0,0.0,0.0,-369.28932188134524,70.0,79.28932188134524,0.9238795325112867,0.0,0.3826834323650898,0.0
3.906934976577759,-4.190475354666977,9.354056629691803,7.111778087633827,-0.2136811488085259,2.465843486972626,-1.0334325298749392,0.0,50.0,20.0,1.0,0.0,0.0,0.0,-369.28932188134524,70.0,79.28932188134524,0.9238795325112867,0.0,0.3826834323650898,0.0
3.936990261077881,-3.6806815407469777,8.833488403205335,6.9313125607187,-0.03902210619799906,2.2664432568471122,-1.0906731095784654,0.0,50.0,20.0,1.0,0.0,0.0,0.0,-369.28932188134524,70.0,79.28932188134524,0.9238795325112867,0.0,0.3826834323650898,0.0
3.9719085693359375,-3.304775277760127,8.130691448586793,7.486350721936264,-0.15352010549117917,2.073736714666224,-1.087512624071601,0.0,50.0,20.0,1.0,0.0,0.0,0.0,-369.28932188134524,70.0,79.28932188134524,0.9238795325112867,0.0,0.3826834323650898,0.0
3.9992220401763916,-2.877523825050727,7.652437548473755,7.469687125081288,-0.1369204592347469,2.1285535985879287,-1.0017371060343996,0.0,50.0,20.0,1.0,0.0,0.0,0.0,-369.28932188134524,70.0,79.28932188134524,0.9238795325112867,0.0,0.3826834323650898,0.0
4.029412508010864,-2.1023440305269356,7.741698889288898,7.851792908741187,-0.149688282694265,1.9691426214544538,-1.0864811250945463,0.0,50.0,20.0,1.0,0.0,0.0,0.0,-369.28932188134524,70.0,79.28932188134524,0.9238795325112867,0.0,0.3826834323650898,0.0
4.059474945068359,-1.4356230245433705,7.744688436206243,8.053149551927056,-0.023895538246538367,2.150573694958703,-0.9569709338869639,0.0,50.0,20.0,1.0,0.0,0.0,0.0,-369.28932188134524,70.0,79.28932188134524,0.9238795325112867,0.0,0.3826834323650898,0.0
4.088921070098877,-1.7043144361618876,7.893524454533511,8.084217090949672,-0.17649792874742232,2.3328560311998205,-1.1213644878751694,0.0,50.0,20.0,1.0,0.0,0.0,0.0,-369.28932188134524,70.0,79.28932188134524,0.9238795325112867,0.0,0.3826834323650898,0.0
4.121273517608643,-1.078836165512545,7.329860876930559,8.059375512593242,-0.3724054372964231,2.3569904777919035,-1.082702074055474,0.0,50.0,20.0,1.0,0.0,0.0,0.0,-369.28932188134524,70.0,79.28932188134524,0.9238795325112867,0.0,0.3826834323650898,0.0
4.151010274887085,-0.9617522192202751,6.603245892526726,8.10250945561514,-0.42842985019868796,2.3288258584897803,-1.1915436362936576,0.0,50.0,20.0,1.0,0.0,0.0,0.0,-369.28932188134524,70.0,79.28932188134524,0.9238795325112867,0.0,0.3826834323650898,0.0
4.181106328964233,-1.480526127436868,6.7883434049946345,8.11049291331347,-0.30935577783774576,2.3225096381485466,-1.280757788902427,0.0,50.0,20.0,1.0,0.0,0.0,0.0,-369.28932188134524,70.0,79.28932188134524,0.9238795325112867,0.0,0.3826834323650898,0.0
4.21141791343689,-1.2988291400512872,7.395483737128521,8.793101902133387,-0.5029488511668823,2.424102471042704,-1.1235490582927057,0.0,50.0,20.0,1.0,0.0,0.0,0.0,-369.28932188134524,70.0,79.28932188134524,0.9238795325112867,0.0,0.3826834323650898,0.0
4.24111533164978,-1.8917850302250219,6.754823379757162,8.111499259143882,-0.3164604278837104,2.4694632377734704,-1.1285565440864165,0.0,50.0,20.0,1.0,0.0,0.0,0.0,-369.28932188134524,70.0,79.28932188134524,0.9238795325112867,0.0,0.3826834323650898,0.0
4.27359414100647,-2.209059311498655,6.4276089170992625,8.876310215188502,-0.28639043032319506,2.5,-1.1557735687539963,0.0,50.0,20.0,1.0,0.0,0.0,0.0,-369.28932188134524,70.0,79.28932188134524,0.9238795325112867,0.0,0.3826834323650898,0.0
4.303325891494751,-2.588567299484691,6.914744756374158,9.020988037050484,-0.1862549078656624,2.440952122760385,-1.1894109048929358,0.0,50.0,20.0,1.0,0.0,0.0,0.0,-369.28932188134524,70.0,79.28932188134524,0.9238795325112867,0.0,0.3826834323650898,0.0
4.333371877670288,-3.379736381161851,7.213204725940605,9.22724357392055,-0.3518283148496038,2.5,-1.36337877627024,0.0,50.0,20.0,1.0,0.0,0.0,0.0,-369.28932188134524,70.0,79.28932188134524,0.9238795325112867,0.0,0.3826834323650898,0.0
4.365143060684204,-3.0833720347409117,6.745902561349978,9.791184179663338,-0.20963691584519528,2.44917379088324,-1.4693841552988345,0.0,50.0,20.0,1.0,0.0,0.0,0.0,-369.28932188134524,70.0,79.28932188134524,0.9238795325112867,0.0,0.3826834323650898,0.0
4.395196437835693,-2.3339340425178134,7.185658729531006,9.400888078842149,-0.3253869832426556,2.327824583114215,-1.6379582224901492,0.0,50.0,20.0,1.0,0.0,0.0,0.0,-369.28932188134524,70.0,79.28932188134524,0.9238795325112867,0.0,0.3826834323650898,0.0
4.424868822097778,-2.709263172548985,6.904581879160695,8.645672099780887,-0.3854177478821338,2.420018503163433,-1.5228144918358624,0.0,50.0,20.0,1.0,0.0,0.0,0.0,-369.28932188134524,70.0,79.28932188134524,0.9238795325112867,0.0,0.3826834323650898,0.0
4.455061912536621,-3.4531183944584494,6.388153263351798,8.796210202196377,-0.3141939280500421,2.330782734370779,-1.5069104473983095,0.0,50.0,20.0,1.0,0.0,0.0,0.0,-369.28932188134524,70.0,79.28932188134524,0.9238795325112867,0.0,0.3826834323650898,0.0
4.484895944595337,-3.3457979831543483,6.417957984778516,8.916048282608793,-0.28894280703443614,2.4726948164746445,-1.652047037077542,0.0,50.0,20.0,1.0,0.0,0.0,0.0,-369.28932188134524,70.0,79.28932188134524,0.9238795325112867,0.0,0.3826834323650898,0.0
4.516812562942505,-2.7221775402421704,6.154342460676547,8.582677175843846,-0.39379721292314884,2.339742605889389,-1.832409884918968,0.0,50.0,20.0,1.0,0.0,0.0,0.0,-369.28932188134524,70.0,79.28932188134524,0.9238795325112867,0.0,0.3826834323650898,0.0
4.5468995571136475,-3.018976216605567,6.390727281005718,9.26411944466662,-0.2125527182572014,2.143487143723319,-1.86747537591697,0.0,50.0,20.0,1.0,0.0,0.0,0.0,-369.28932188134524,70.0,79.28932188134524,0.9238795325112867,0.0,0.3826834323650898,0.0
4.577157258987427,-3.1008115916991983,5.833460606098301,9.63947390040061,-0.1336871484886586,2.0418964566412505,-2.0614271365908112,0.0,50.0,20.0,1.0,0.0,0.0,0.0,-369.28932188134524,70.0,79.28932188134524,0.9238795325112867,0.0,0.3826834323650898,0.0
4.606874942779541,-2.4843535293698844,6.205826145032228,10.227165552860747,0.019701189490319515,1.9009465090182176,-1.8685982356697495,0.0,50.0,20.0,1.0,0.0,0.0,0.0,-369.28932188134524,70.0,79.28932188134524,0.9238795325112867,0.0,0.3826834323650898,0.0
4.637998819351196,-1.7564126792815282,5.475900910920749,10.680893716958032,0.08052867221557514,2.059507943547497,-2.0199717709766882,0.0,50.0,20.0,1.0,0.0,0.0,0.0,-369.28932188134524,70.0,79.28932188134524,0.9238795325112867,0.0,0.3826834323650898,0.0
4.669164180755615,-2.3959117580834226,5.074986611379932,9.940607604478686,0.26591200226695855,1.9415604818931307,-1.9102122663525187,0.0,50.0,20.0,1.0,0.0,0.0,0.0,-369.28932188134524,70.0,79.28932188134524,0.9238795325112867,0.0,0.3826834323650898,0.0
4.69904637336731,-3.0443313902560214,4.686472109552096,10.139573155753894,0.07980428087853986,2.012928243509967,-1.8033554878461835,0.0,50.0,20.0,1.0,0.0,0.0,0.0,-369.28932188134524,70.0,79.28932188134524,0.9238795325112867,0.0,0.3826834323650898,0.0
4.729000091552734,-2.488636732882214,4.364339275305399,9.36135051148006,-0.052491585915341143,1.9828124468003059,-1.658204135521646,0.0,50.0,20.0,1.0,0.0,0.0,0.0,-369.28932188134524,70.0,79.28932188134524,0.9238795325112867,0.0,0.3826834323650898,0.0
4.75845193862915,-1.8776603095319033,3.824977513467558,8.707970986716322,-0.24505450082238905,1.916408302775983,-1.5278684747426492,0.0,50.0,20.0,1.0,0.0,0.0,0.0,-369.28932188134524,70.0,79.28932188134524,0.9238795325112867,0.0,0.3826834323650898,0.0
4.789372444152832,-1.7960241025307517,3.2371263957811283,9.329868250170435,-0.34745752951893005,1.9019813086072748,-1.4946737081396453,0.0,50.0,20.0,1.0,0.0,0.0,0.0,-369.28932188134524,70.0,79.28932188134524,0.9238795325112867,0.0,0.3826834323650898,0.0
4.821505308151245,-1.3199482679070118,2.509712273856916,8.99589796493025,-0.2433381839798418,1.8436026767275515,-1.4217742547879157,0.0,50.0,20.0,1.0,0.0,0.0,0.0,-369.28932188134524,70.0,79.28932188134524,0.9238795325112867,0.0,0.3826834323650898,0.0
4.851345539093018,-1.7388776777459494,2.8160921984335943,8.952547737616568,-0.1573669310917672,1.6545068749112455,-1.4863517285528751,0.0,50.0,20.0,1.0,0.0,0.0,0.0,-369.28932188134524,70.0,79.28932188134524,0.9238795325112867,0.0,0.3826834323650898,0.0
4.881286382675171,-2.1130677315661948,2.463144227947821,9.63744294253099,-0.0792577825194749,1.5752058100352286,-1.4051797582814027,0.0,50.0,20.0,1.0,0.0,0.0,0.0,-369.28932188134524,70.0,79.28932188134524,0.9238795325112867,0.0,0.3826834323650898,0.0
4.911298513412476,-2.62337810559609,2.0094023556385867,9.942364469066153,-0.273493313361837,1.4498676096137775,-1.3059639063788109,0.0,50.0,20.0,1.0,0.0,0.0,0.0,-369.28932188134524,70.0,79.28932188134524,0.9238795325112867,0.0,0.3826834323650898,0.0
4.941365957260132,-3.2380745966433113,2.7941981196737817,10.359003916249229,-0.120798337129569,1.5385612797613581,-1.4882346769618544,0.0,50.0,20.0,1.0,0.0,0.0,0.0,-369.28932188134524,70.0,79.28932188134524,0.9238795325112867,0.0,0.3826834323650898,0.0
4.97411584854126,-2.452060823368365,2.9609125769450286,10.646349795045143,-0.2743392000339884,1.541943971969784,-1.466036298441679,0.0,50.0,20.0,1.0,0.0,0.0,0.0,-369.28932188134524,70.0,79.28932188134524,0.9238795325112867,0.0,0.3826834323650898,0.0
