# Timestamp, Fx, Fy, Fz, Tx, Ty, Tz, FemurPosX, FemurPosY, FemurPosZ, FemurQuatW, FemurQuatX, FemurQuatY, FemurQuatZ, TibiaPosX, TibiaPosY, TibiaPosZ, TibiaQuatW, TibiaQuatX, TibiaQuatY, TibiaQuatZ
0.025541305541992188,0.09539759259531255,3.8241874628247805,-3.548049864982728,1.767542857371275,1.7670435957151396,0.02403039024761502,0.0,50.0,20.0,1.0,0.0,0.0,0.0,-437.2814152542784,70.0,50.036960345434025,0.9999075948670606,0.0,0.013594179900608861,0.0
0.05548739433288574,0.12489692008485662,3.8655212252355526,-3.59970677933728,1.7672362669303605,1.7666870740368588,0.0313319583322964,0.0,50.0,20.0,1.0,0.0,0.0,0.0,-436.45581204531504,70.0,50.06282607687035,0.9998429224711491,0.0,0.017723723772157,0.0
0.08506155014038086,0.1585914846642481,3.9127559410173083,-3.6570788147896156,1.7667564993054008,1.7662079627259764,0.0395774572803009,0.0,50.0,20.0,1.0,0.0,0.0,0.0,-435.5239831047742,70.0,50.10022386034264,0.9997494089512066,0.0,0.022385694130699223,0.0
0.1147465705871582,0.1965926087304387,3.9656978147972497,-3.7200958799160415,1.766091961462293,1.765543265330722,0.04875583938644182,0.0,50.0,20.0,1.0,0.0,0.0,0.0,-434.4874538597572,70.0,50.15205643053187,0.9996197866425718,0.0,0.027573214405638414,0.0
0.1469869613647461,0.2390165941291129,4.0241321697129635,-3.788673861447667,1.7652299809170118,1.7646241388416253,0.05885452308869488,0.0,50.0,20.0,1.0,0.0,0.0,0.0,-433.34797286954836,70.0,50.22149261962406,0.9994461150566746,0.0,0.033278568150092024,0.0
0.17711353302001953,0.28598000009528574,4.087822848440212,-3.862714624690045,1.7641568956656384,1.7633764032047032,0.06985928323459845,0.0,50.0,20.0,1.0,0.0,0.0,0.0,-432.1075238478941,70.0,50.31194243948556,0.9992198395761426,0.0,0.039493191785772645,0.0
0.20713090896606445,0.33759474924443905,4.156511750922667,-3.942106122304421,1.7628581420950618,1.7617210995479717,0.08175413830990935,0.0,50.0,20.0,1.0,0.0,0.0,0.0,-430.7683376767692,70.0,50.427029718151715,0.9989318552380044,0.0,0.04620766809479341,0.0
0.23891234397888184,0.39396312608570583,4.229918558901702,-4.0267226339057665,1.7613183381031328,1.7595750952098128,0.09452123642528215,0.0,50.0,20.0,1.0,0.0,0.0,0.0,-429.3329040717571,70.0,50.57056238488691,0.9985725752670986,0.0,0.05341172085258628,0.0
0.26893067359924316,0.45517274077622677,4.3077406923433585,-4.116425154523836,1.7595213588600582,1.7568517332442908,0.10814074170166026,0.0,50.0,20.0,1.0,0.0,0.0,0.0,-427.80398254716283,70.0,50.74650052370903,0.9981320039861735,0.0,0.06109421100681452,0.0
0.29935193061828613,0.5212915382613906,4.389653536212771,-4.211061944553849,1.7574504029312696,1.7534615236526885,0.12259072249809033,0.0,50.0,20.0,1.0,0.0,0.0,0.0,-426.1846123225325,70.0,50.95892234369984,0.9975998136935976,0.0,0.06924313481132421,0.0
0.32889676094055176,0.5923629389561258,4.475310967912402,-4.310469247569924,1.7550880468484056,1.7493128731669285,0.13784704269938333,0.0,50.0,20.0,1.0,0.0,0.0,0.0,-424.4781208117598,70.0,51.21198824520418,0.9969654250644698,0.0,0.07784562432160788,0.0
0.3591578006744385,0.6684012011621017,4.564346206327326,-4.414472175523854,1.7524162866504531,1.7443128500036935,0.15388325703964914,0.0,50.0,20.0,1.0,0.0,0.0,0.0,-422.6881303417571,70.0,51.509903193590034,0.9962180905966573,0.0,0.08688795064881062,0.0
0.39151573181152344,0.74938709700841,4.656372993142303,-4.522885753693586,1.7494165654119085,1.7383679796318814,0.1706705111966395,0.0,50.0,20.0,1.0,0.0,0.0,0.0,-420.8185627599972,70.0,51.856877645920434,0.9953469805903858,0.0,0.09635553035297005,0.0
0.42099785804748535,0.8352639924909947,4.750987106318364,-4.6355161106080205,1.7460697863194445,1.7313850672629232,0.18817744716716037,0.0,50.0,20.0,1.0,0.0,0.0,0.0,-418.87364160925597,70.0,52.25708730989321,0.9943412711189926,0.0,0.10623293533300314,0.0
0.45113134384155273,0.9259344179616665,4.847768194800297,-4.752161791405732,1.7423563114437874,1.7232720424934642,0.2063701142419996,0.0,50.0,20.0,1.0,0.0,0.0,0.0,-416.8578915736213,70.0,52.714632047867894,0.9931902334198924,0.0,0.11650390654110906,0.0
0.48105597496032715,1.021257208146738,4.946281913154436,-4.872615167030214,1.7382559469712533,1.7139388213101552,0.22521188575622605,0.0,50.0,20.0,1.0,0.0,0.0,0.0,-414.77613493221037,70.0,53.23349427078632,0.9918833241092766,0.0,0.12715137181301525,0.0
0.5127689838409424,1.1210452806062732,5.046082325384244,-4.996663906641573,1.733747916302848,1.7032981805102043,0.24466338171334837,0.0,50.0,20.0,1.0,0.0,0.0,0.0,-412.6334847957995,70.0,53.81749719632856,0.9904102756021654,0.0,0.13815746806323137,0.0
0.5434126853942871,1.2250641088024177,5.146714539073312,-5.124092476901772,1.7288108230926365,1.6912666394982867,0.264682397385041,0.0,50.0,20.0,1.0,0.0,0.0,0.0,-410.43533494634585,70.0,54.470263371737275,0.9887611861017369,0.0,0.14950356804667378,0.0
0.5735573768615723,1.3330309311104918,5.247717524621941,-5.2546836295639805,1.723422606977236,1.6777653443848106,0.28522383808642665,0.0,50.0,20.0,1.0,0.0,0.0,0.0,-408.18734614962085,70.0,55.195173883414796,0.9869266085089236,0.0,0.161170311835257,0.0
0.6032850742340088,1.44461472078397,5.348627069934636,-5.388219838176589,1.7175604954416634,1.6627209493217094,0.3062396605335993,0.0,50.0,20.0,1.0,0.0,0.0,0.0,-405.89542886619,70.0,55.99532869171398,0.9848976375956184,0.0,0.17313764310100174,0.0
0.6340107917785645,1.5594369247583377,5.448978818623794,-5.524484645716248,1.711200955970278,1.6460664900532334,0.3276788215170081,0.0,50.0,20.0,1.0,0.0,0.0,0.0,-403.5657223449063,70.0,56.873508539451876,0.9826659947829377,0.0,0.18538485023663448,0.0
0.6637437343597412,1.677072961964317,5.548311339635388,-5.66326388751536,1.7043196533412508,1.6277422447079466,0.34948723508134644,0.0,50.0,20.0,1.0,0.0,0.0,0.0,-401.20457014495764,70.0,57.832138885821564,0.9802241098702338,0.0,0.19789061228140103,0.0
0.6954512596130371,1.7970544552144916,5.646169178067892,-5.804346757787543,1.6968914176323142,1.6076965768850693,0.37160773999677427,0.0,50.0,20.0,1.0,0.0,0.0,0.0,-398.81849219619664,70.0,58.87325631295013,0.9775651990712688,0.0,0.2106330495547901,0.0
0.7256267070770264,1.9188721553607522,5.74210584062776,-5.94752669314945,1.6888902292037427,1.5858867560578092,0.39398008004086243,0.0,50.0,20.0,1.0,0.0,0.0,0.0,-396.4141535717745,70.0,59.99847783989904,0.9746833387313568,0.0,0.22358977883502468,0.0
0.755202054977417,2.04197950282306,5.835686674336376,-6.092602052510725,1.6802892275944732,1.5622797501867576,0.4165409004834486,0.0,50.0,20.0,1.0,0.0,0.0,0.0,-393.9983302106926,70.0,61.20897355816004,0.9715735341234856,0.0,0.2367379728535331,0.0
0.7851204872131348,2.1657967601638246,5.926491603405131,-6.239376579251677,1.6710607518832366,1.5368529851611579,0.43922376516812894,0.0,50.0,20.0,1.0,0.0,0.0,0.0,-391.5778718894408,70.0,62.50544297360783,0.9682317827524363,0.0,0.25005442381217563,0.0
0.8151504993438721,2.289715640385185,6.014117696226118,-6.387659638424723,1.6611764205919346,1.5095950652153858,0.4619591996950501,0.0,50.0,20.0,1.0,0.0,0.0,0.0,-389.15966280003937,70.0,63.888095402584995,0.964655131633619,0.0,0.2635156105678087,0.0
0.8482208251953125,2.4131043491728863,6.098181541782249,-6.537266228514426,1.6506072595936057,1.480506447752858,0.48467476739787446,0.0,50.0,20.0,1.0,0.0,0.0,0.0,-386.7505801452133,70.0,65.35663472469537,0.9608417280575001,0.0,0.2770977690698301,0.0
0.8779959678649902,2.5353129553795757,6.178321422082288,-6.688016773822674,1.6393238866680286,1.4496000650051537,0.5072951860250875,0.0,50.0,20.0,1.0,0.0,0.0,0.0,-384.35745120881916,70.0,66.91024874257319,0.9567908634007403,0.0,0.2907769655816394,0.0
0.9075288772583008,2.655679002495149,6.254199274138511,-6.8397367096099675,1.6272967612449725,1.4169018836267238,0.529742494214681,0.0,50.0,20.0,1.0,0.0,0.0,0.0,-381.98700939984565,70.0,68.54760334019383,0.9525030096010357,0.0,0.3045291721674119,0.0
0.9400472640991211,2.7735332744624284,6.325502441251147,-6.99225587757565,1.6144965073948803,1.3824513916605938,0.5519362779019134,0.0,50.0,20.0,1.0,0.0,0.0,0.0,-379.6458498002639,70.0,70.2668415672144,0.9479798479735357,0.0,0.3183303438820622,0.0
0.9693989753723145,2.8882056316670335,6.391945218735519,-7.145407754009705,1.6008943171646586,1.3463020003220418,0.5737939676084742,0.0,50.0,20.0,1.0,0.0,0.0,0.0,-377.3403847698549,70.0,72.06558770857276,0.9432242901119204,0.0,0.33215649706556066,0.0
0.9991810321807861,2.999030836925525,6.453270203583741,-7.29902853695766,1.5864624398026346,1.3085213457894156,0.5952312179901159,0.0,50.0,20.0,1.0,0.0,0.0,0.0,-375.07680017419915,70.0,73.94095632747457,0.9382404906859579,0.0,0.34598378811350794,0.0
1.0300531387329102,3.1053542964649563,6.509249460815513,-7.452956122010865,1.5711747601660608,1.2691914737691161,0.6161623809097042,0.0,50.0,20.0,1.0,0.0,0.0,0.0,-372.86101280483774,70.0,75.88956619741161,0.9330338520187474,0.0,0.3597885920746488,0.0
1.0606224536895752,3.206537646884544,6.55968552142119,-7.607028998900208,1.5550074665690632,1.2284088871818903,0.6365010824806885,0.0,50.0,20.0,1.0,0.0,0.0,0.0,-370.6986295529926,70.0,77.90755896651406,0.9276110203999464,0.0,0.37354758041321895,0.0
1.0911095142364502,3.301964125591839,6.604412227858885,-7.76108510298168,1.5379398044556984,1.1862844351352186,0.6561609128171386,0.0,50.0,20.0,1.0,0.0,0.0,0.0,-368.59490888021213,70.0,79.99062232689971,0.9219798741651042,0.0,0.3872377972699702,0.0
1.1216402053833008,3.391043668920296,6.643295443095926,-7.91496065701078,1.5199549075742667,1.1429430197068464,0.6750562344714731,0.0,50.0,20.0,1.0,0.0,0.0,0.0,-366.554725101185,70.0,82.13401739429764,0.9161495036447446,0.0,0.4008367335605461,0.0
1.1512024402618408,3.473217688811241,6.676233638267216,-8.06848903935406,1.501040692865203,1.09852309633517,0.6931031116200187,0.0,50.0,20.0,1.0,0.0,0.0,0.0,-364.58253595629503,70.0,84.33260994057655,0.9101301831590453,0.0,0.4143223982635777,0.0
1.181974172592163,3.5479634853747557,6.703158372259812,-8.221499715006024,1.4811907992342959,1.0531759442041364,0.7102203569178586,0.0,50.0,20.0,1.0,0.0,0.0,0.0,-362.68235390505873,70.0,86.58090506529271,0.9039333353038467,0.0,0.427673386273291,0.0
1.211620807647705,3.614798258671315,6.7240346740348995,-8.373817265467167,1.4604055440589079,1.0070646853443939,0.7263306866353904,0.0,50.0,20.0,1.0,0.0,0.0,0.0,-360.8577215173992,70.0,88.87308484323401,0.897571487840289,0.0,0.440868942222255,0.0
1.2437849044799805,3.673282688567764,6.738861335382645,-8.525260552662793,1.4386928650815127,0.960363035630884,0.7413619673858007,0.0,50.0,20.0,1.0,0.0,0.0,0.0,-359.11169127895926,70.0,91.20304844424663,0.8910582235627293,0.0,0.4538890197187338,0.0
1.2733867168426514,3.7230240564537436,6.747671118195714,-8.67564205057935,1.416069209808871,0.9132537777226428,0.7552485297827041,0.0,50.0,20.0,1.0,0.0,0.0,0.0,-357.44681006068924,70.0,93.56445419025279,0.8844081235768564,0.0,0.4667143354893483,0.0
1.3032612800598145,3.7636788869429005,6.750530876373698,-8.824767376074853,1.3925603302672638,0.8659269553768152,0.7679325162181535,0.0,50.0,20.0,1.0,0.0,0.0,0.0,-355.8651084332195,70.0,95.95076299293311,0.8776367044713516,0.0,0.4793264179707452,0.0
1.3337085247039795,3.794955091460251,6.747541588273608,-8.97243504727136,1.3682019386093043,0.8185778003527553,0.7793652222592744,0.0,50.0,20.0,1.0,0.0,0.0,0.0,-354.36809493458134,70.0,98.35528260444133,0.8707603499113825,0.0,0.49170764995290306,0.0
1.36319899559021,3.816613598914097,6.738838291354258,-9.118436493940699,1.343040179233369,0.7714044168889831,0.7895083846742281,0.0,50.0,20.0,1.0,0.0,0.0,0.0,-352.95675532722777,70.0,100.7712121128713,0.8637962372201233,0.0,0.503841304940709,0.0
1.395561695098877,3.8284694615957244,6.724589906493858,-9.262556339236163,1.3171318762460402,0.7246052637532401,0.798335364608341,0.0,50.0,20.0,1.0,0.0,0.0,0.0,-351.6315568085817,70.0,103.1916861238831,0.8567622595449594,0.0,0.5157115769685761,0.0
1.4246158599853516,3.830392427214144,6.704998935576936,-9.404572965913795,1.290544521538417,0.6783764890981998,0.8058321726882217,0.0,50.0,20.0,1.0,0.0,0.0,0.0,-350.3924570699731,70.0,105.60981808954394,0.8496769442277932,0.0,0.5273036036741259,0.0
1.4552273750305176,3.822306970765416,6.680301012551573,-9.544259372783381,1.263355978428833,0.6329091875287728,0.811998284435153,0.0,50.0,20.0,1.0,0.0,0.0,0.0,-349.2389180332183,70.0,108.01874227444898,0.842559368013765,0.0,0.5386034825103203,0.0
1.486856460571289,3.804191782993507,6.650764285464739,-9.681384318552846,1.2356538883661585,0.5883866605069143,0.8168471996626807,0.0,50.0,20.0,1.0,0.0,0.0,0.0,-348.16992403347706,70.0,110.41165388674807,0.8354290697397713,0.0,0.5495982800498381,0.0
1.5150666236877441,3.7760787157734215,6.6166886052097915,-9.815713740588107,1.2075347828469196,0.5449817691311105,0.820406708517241,0.0,50.0,20.0,1.0,0.0,0.0,0.0,-347.18400416248153,70.0,112.78184694682233,0.8283059611435187,0.0,0.5602760344099251,0.0
1.5472919940948486,3.7380511890843104,6.578404496073637,-9.947012425611897,1.17910291841557,0.5028544712966019,0.8227188391011513,0.0,50.0,20.0,1.0,0.0,0.0,0.0,-346.27925843865296,70.0,115.12274951789917,0.8212102364257914,0.0,0.5706257508993928,0.0
1.578218936920166,3.6902420695605005,6.53627188383338,-10.075045898329664,1.1504688681116593,0.46214963253302693,0.8238394764103703,0.0,50.0,20.0,1.0,0.0,0.0,0.0,-345.4533874306768,70.0,117.42795597960895,0.8141622811835213,0.0,0.5806373910609313,0.0
1.607818603515625,3.632831037079993,6.490678559260589,-10.199582482831179,1.1217479166467628,0.4229951912267656,0.823837658513611,0.0,50.0,20.0,1.0,0.0,0.0,0.0,-344.7037249292554,70.0,119.69125608605701,0.8071825813096533,0.0,0.5903018553505359,0.0
1.6391491889953613,3.566041463562685,6.4420383585169585,-10.320395480907608,1.0930583176781015,0.38550074486732655,0.8227945721745031,0.0,50.0,20.0,1.0,0.0,0.0,0.0,-344.0272732382288,70.0,121.9066606130491,0.8002916324283008,0.0,0.5996109597607815,0.0
1.6698369979858398,3.490136837091199,6.390789047055863,-10.437265401762339,1.064519478792809,0.3497566053975731,0.820802285102557,0.0,50.0,20.0,1.0,0.0,0.0,0.0,-343.4207406410569,70.0,124.0684234633141,0.7935098504010076,0.0,0.6085574067551643,0.0
1.699378252029419,3.4054167745009054,6.337389900167902,-10.549982169642028,1.0362501426142692,0.31583335016338815,0.8179622644582957,0.0,50.0,20.0,1.0,0.0,0.0,0.0,-342.8805805915956,70.0,126.17106016259955,0.7868574834028093,0.0,0.6171347509361288,0.0
1.7295150756835938,3.3122126764435253,6.282318981005628,-10.65834723033583,1.0083666306416805,0.28378187211900013,0.8143837401525639,0.0,50.0,20.0,1.0,0.0,0.0,0.0,-342.4030321787838,70.0,128.2093627421204,0.7803545260260865,0.0,0.6253373599191097,0.0
1.758958101272583,3.2108830902093817,6.226070125466197,-10.762175474896223,0.9809812103578418,0.2536339107013663,0.8101819762740392,0.0,50.0,20.0,1.0,0.0,0.0,0.0,-341.98416142271924,70.0,130.17841106287287,0.7740206358267431,0.0,0.6331603709285384,0.0
1.7910120487213135,3.1018088567753,6.169149652278915,-10.861296899824788,0.954200636518183,0.22540302485118968,0.8054765144938493,0.0,50.0,20.0,1.0,0.0,0.0,0.0,-341.6199029739431,70.0,132.07358069374615,0.7678750526819251,0.0,0.6405996436689071,0.0
1.8211700916290283,2.9853881290147735,6.112072825543409,-10.955557927676049,0.9281249053887147,0.19908595340713475,0.8003894497980876,0.0,50.0,20.0,1.0,0.0,0.0,0.0,-341.30610180773647,70.0,133.89054750728258,0.7619365212821781,0.0,0.6476517100544188,0.0
1.8510277271270752,2.8620313570983686,6.055360105262098,-11.044822320686995,0.9028462472007989,0.17466429644892958,0.795043792008628,0.0,50.0,20.0,1.0,0.0,0.0,0.0,-341.03855452995913,70.0,135.6252892036002,0.7562232170344937,0.0,0.6543137214043436,0.0
1.8809149265289307,2.7321563441569627,5.99953322858098,-11.128971632521528,0.8784483684019844,0.15210644451246108,0.7895619571351162,0.0,50.0,20.0,1.0,0.0,0.0,0.0,-340.813049939458,70.0,137.274084013811,0.750752675606917,0.0,0.6605833937278889,0.0
1.9112427234649658,2.596183479662078,5.94511117002174,-11.20790515915878,0.8550059424370958,0.13136968084650155,0.7840644216379591,0.0,50.0,20.0,1.0,0.0,0.0,0.0,-340.62540852335064,70.0,138.8335068688037,0.7455417263010713,0.0,0.6664589517322268,0.0
1.943887710571289,2.454531259185566,5.8926060325801375,-11.281539368741733,0.8325843365986927,0.11240238450986863,0.7786685611476984,0.0,50.0,20.0,1.0,0.0,0.0,0.0,-340.47152059457045,70.0,140.30042334722853,0.7406064293967866,0.0,0.671939072190435,0.0
1.973341941833496,2.3076121968764634,5.842518922945868,-11.349806811022708,0.8112395534727309,0.09514626830471959,0.7734876839453222,0.0,50.0,20.0,1.0,0.0,0.0,0.0,-340.34738281497977,70.0,141.67198173778363,0.735962017573653,0.0,0.6770228273026827,0.0
2.0033462047576904,2.1558292309620337,5.79533586320129,-11.412654528928515,0.7910183589252471,0.07953859432587285,0.7686302592468395,0.0,50.0,20.0,1.0,0.0,0.0,0.0,-340.2491328812414,70.0,142.94560356545188,0.731622841478272,0.0,0.6817096286743054,0.0
2.0335378646850586,1.9995727128698235,5.751523788299464,-11.47004201667103,0.7719585644296225,0.06551432025765491,0.7641993315269762,0.0,50.0,20.0,1.0,0.0,0.0,0.0,-340.17308218365565,70.0,144.11897293928808,0.7276023194737353,0.0,0.6859991725187723,0.0
2.062922716140747,1.8392180574021981,5.711526673704991,-11.521938789690173,0.7540894296231913,0.05300814051255179,0.7602921050192858,0.0,50.0,20.0,1.0,0.0,0.0,0.0,-340.1157462796168,70.0,145.19002508092638,0.7239128915797591,0.0,0.6898913866723021,0.0
2.094947099685669,1.6751241151748917,5.675761831262826,-11.568321650540557,0.7374321509724266,0.041956397059595196,0.7569996772092619,0.0,50.0,20.0,1.0,0.0,0.0,0.0,-340.07387305261193,70.0,146.15693438847626,0.7205659775881863,0.0,0.6933863799804416,0.0
2.1249895095825195,1.507632309796147,5.64461640422274,-11.609171750747487,0.7220004039103673,0.03229884469030289,0.754406896505445,0.0,50.0,20.0,1.0,0.0,0.0,0.0,-340.04446845428976,70.0,147.0181023802743,0.7175719393194165,0.0,0.6964843945856731,0.0
2.1552517414093018,1.3370665616463535,5.618444085043875,-11.644471560959051,0.7078009083626321,0.023980264057648953,0.7525923171346517,0.0,50.0,20.0,1.0,0.0,0.0,0.0,-340.02481975072436,70.0,147.77214584749152,0.714940046970753,0.0,0.6991857616095007,0.0
2.1852447986602783,1.1637339982973254,5.597562072803733,-11.6742018698953,0.6948339907977045,0.016951922814826437,0.7516282234011057,0.0,50.0,20.0,1.0,0.0,0.0,0.0,-340.01251621434864,70.0,148.41788552433624,0.7126784494976109,0.0,0.7014908606829323,0.0
2.215343713760376,0.9879264292625927,5.58224828136315,-11.698338936326046,0.6830941194747558,0.011172890439146337,0.7515806954910059,0.0,50.0,20.0,1.0,0.0,0.0,0.0,-340.00546722005765,70.0,148.95433556002433,0.7107941489628894,0.0,0.7034000837362203,0.0
2.247227907180786,0.8099225405369956,5.572738805415192,-11.716851917459605,0.6725703931387508,0.0066112158291281465,0.7525096897166058,0.0,50.0,20.0,1.0,0.0,0.0,0.0,-340.0019177176971,70.0,149.38069404833212,0.7092929787882716,0.0,0.7049138034126304,0.0
2.2773029804229736,0.6299907428499383,5.569225649543008,-11.729700691715568,0.6632469668239773,0.003244978564361379,0.7544691072303997,0.0,50.0,20.0,1.0,0.0,0.0,0.0,-340.0004610637132,70.0,149.69633483890462,0.708179585843504,0.0,0.7060323464222606,0.0
2.3075954914093018,0.4483925872439681,5.571854725613328,-11.736834184028993,0.6551034015430137,0.0010632249171004659,0.7575068265993583,0.0,50.0,20.0,1.0,0.0,0.0,0.0,-340.0000492023986,70.0,149.900800820077,0.7074574163153674,0.0,0.7067559721009685,0.0
2.3386964797973633,0.26538664296675113,5.58072412621037,-11.738189287830597,0.6481149273957144,6.679841806444814e-05,0.7616646770652502,0.0,50.0,20.0,1.0,0.0,0.0,0.0,-340.00000019227275,70.0,149.99379882627275,0.7071287053066339,0.0,0.7070848563866742,0.0
2.3688323497772217,0.08123271616359397,5.595882686122078,-11.733690459981085,0.6422526120288763,0.0002690721192770549,0.7669783307439334,0.0,50.0,20.0,1.0,0.0,0.0,0.0,-340.0000030761215,70.0,149.97519628456658,0.7071944701262639,0.0,0.707019081371099,0.0
2.398878335952759,-0.10380372609642435,5.617328849667995,-11.723250043588905,0.6374834284601272,0.0016965857605535759,0.7734770934112727,0.0,50.0,20.0,1.0,0.0,0.0,0.0,-340.0001200945775,70.0,149.845019675209,0.7076545072448526,0.0,0.7065586305297281,0.0
2.429015636444092,-0.2894470728966025,5.645009868258898,-11.706769349266096,0.6337702181418353,0.00438958590847694,0.7811835749283725,0.0,50.0,20.0,1.0,0.0,0.0,0.0,-340.0007862434094,70.0,149.60345484028207,0.7085073929032707,0.0,0.7057033896768602,0.0
2.4591758251190186,-0.475407181603379,5.6788213592082855,-11.684140498529079,0.6310715469142284,0.008402460854052534,0.7901132218848042,0.0,50.0,20.0,1.0,0.0,0.0,0.0,-340.0028061744759,70.0,149.25084913364398,0.7097504873769233,0.0,0.704453153636365,0.0
2.4936492443084717,-0.6613752425716056,5.718607262586276,-11.655249004410758,0.6293414533483231,0.01380405467680967,0.8002736968680378,0.0,50.0,20.0,1.0,0.0,0.0,0.0,-340.0073484401866,70.0,148.78771536438524,0.7113799429124171,0.0,0.7028076385625914,0.0
2.5210206508636475,-0.8470200530573823,5.764160236902071,-11.619977034755166,0.6285290911082551,0.02067783647073609,0.8116640911597961,0.0,50.0,20.0,1.0,0.0,0.0,0.0,-340.0159370818933,70.0,148.2147374456193,0.7133907153670445,0.0,0.7007664997901202,0.0
2.5511982440948486,-1.0319848511570309,5.815222535757345,-11.57820727413836,0.6285782695982788,0.029121891385630837,0.8242739609561247,0.0,50.0,20.0,1.0,0.0,0.0,0.0,-340.03044056447635,70.0,147.53277762102672,0.715776579593707,0.0,0.6983293550360987,0.0
2.5813684463500977,-1.21588484946916,5.871487405598221,-11.52982727210777,0.6294269005556747,0.039248690055023606,0.8380821818310396,0.0,50.0,20.0,1.0,0.0,0.0,0.0,-340.0530580630309,70.0,146.7428851036332,0.7185301486241437,0.0,0.6954958127251134,0.0
2.612064838409424,-1.3983055915383065,5.932601038792817,-11.474734139832195,0.6310063626750753,0.05118458248529856,0.8530556226147986,0.0,50.0,20.0,1.0,0.0,0.0,0.0,-340.08630311346724,70.0,145.84630592531724,0.7216428967109797,0.0,0.6922655051543347,0.0
2.643843650817871,-1.5788022320245059,5.998165106251532,-11.412839435789227,0.6332408020667543,0.06506895210060354,0.8691476486989381,0.0,50.0,20.0,1.0,0.0,0.0,0.0,-340.132984647433,70.0,144.84449376199237,0.7251051862937116,0.0,0.6886381261663936,0.0
2.6732656955718994,-1.7568998143193613,6.067739879812205,-11.344074065284113,0.6360463935909823,0.08105295618389795,0.8862964765954852,0.0,50.0,20.0,1.0,0.0,0.0,0.0,-340.1961854435531,70.0,143.73912146880713,0.7289062989547863,0.0,0.6846134729495438,0.0
2.7034029960632324,-1.9320945877392646,6.140847937136737,-11.26839300978281,0.6393305970205778,0.09929777159304685,0.9044234169071991,0.0,50.0,20.0,1.0,0.0,0.0,0.0,-340.27923804179204,70.0,142.53209303255397,0.733034470429072,0.0,0.6801914915395295,0.0
2.7334673404693604,-2.103856371609247,6.216978421786937,-11.185779701381133,0.6429914525614353,0.1199722609536472,0.9234310620966273,0.0,50.0,20.0,1.0,0.0,0.0,0.0,-340.3856981858771,70.0,141.22555562529288,0.7374769297229138,0.0,0.6753723255556631,0.0
2.763705253601074,-2.2716319370132445,6.295591809673876,-11.096249865943099,0.6469169722616195,0.14324997658820499,0.9432014986521269,0.0,50.0,20.0,1.0,0.0,0.0,0.0,-340.51931588017317,70.0,139.8219114244749,0.7422199423874472,0.0,0.6701563676653193,0.0
2.7947072982788086,-2.4348493405257203,6.3761251116562185,-10.999854675701576,0.6509846966658048,0.1693054297120575,0.9635946499962219,0.0,50.0,20.0,1.0,0.0,0.0,0.0,-340.68400417202963,70.0,138.32382885109277,0.7472488579747286,0.0,0.6645443132368705,0.0
2.82527756690979,-2.5929231098175847,6.457997422270666,-10.896683077962754,0.6550614986529018,0.1983095736724668,0.9844468855471624,0.0,50.0,20.0,1.0,0.0,0.0,0.0,-340.88380579815777,70.0,136.7342528690353,0.7525481616845686,0.0,0.6585372156113704,0.0
2.855586051940918,-2.745260150611077,6.540615707955348,-10.786863199861282,0.6590037270807196,0.23042448497074033,1.0055700604601578,0.0,50.0,20.0,1.0,0.0,0.0,0.0,-341.1228578636527,70.0,135.05641398630914,0.7581015301847467,0.0,0.6521365423985576,0.0
2.884626626968384,-2.8912662198292494,6.623380716038235,-10.670562768111898,0.6626577893713284,0.265797276699587,1.0267511761904486,0.0,50.0,20.0,1.0,0.0,0.0,0.0,-341.40535475431653,70.0,133.29383560245427,0.7638918915577837,0.0,0.6453442321833142,0.0
2.916215181350708,-3.0303527923755706,6.705692879243218,-10.547988525119006,0.6658612716464527,0.30455334679088036,1.0477528692052973,0.0,50.0,20.0,1.0,0.0,0.0,0.0,-341.73550951632996,70.0,131.45033935661573,0.7699014892938715,0.0,0.6381627510150358,0.0
2.9475491046905518,-3.1619441397127015,6.786958090116465,-10.419384666029657,0.6684446842587254,0.346789146846808,1.0683149377781807,0.0,50.0,20.0,1.0,0.0,0.0,0.0,-342.11751397131,70.0,129.53004814750875,0.7761119502123751,0.0,0.6305951480447212,0.0
2.9775164127349854,-3.285484437610178,6.866593225688198,-10.285030362642662,0.6702338964705898,0.39256475187431755,1.088157098026719,0.0,50.0,20.0,1.0,0.0,0.0,0.0,-342.55549786853453,70.0,127.53738652002362,0.7825043561539334,0.0,0.622645109673334,0.0
3.006852388381958,-3.4004447277877,6.9440313144428805,-10.145236476961509,0.6710532843509921,0.4418966085188035,1.106983113839695,0.0,50.0,20.0,1.0,0.0,0.0,0.0,-343.0534874087018,70.0,125.47707814339276,0.7890593192422457,0.0,0.6143170115803109,0.0
3.039487600326538,-3.506329572789421,7.018726254390559,-10.000341597434568,0.6707295601982578,0.4947509267060735,1.1244863667567688,0.0,50.0,20.0,1.0,0.0,0.0,0.0,-343.6153635040559,70.0,123.35414014251522,0.7957570604697289,0.0,0.6056159680132089,0.0
3.0688538551330566,-3.602683263889417,7.090157011467567,-9.85070755297079,0.6690961822127841,0.551038240724355,1.140356820917563,0.0,50.0,20.0,1.0,0.0,0.0,0.0,-344.2448201670561,70.0,121.17387408685346,0.8025774913151581,0.0,0.5965478777384656,0.0
3.0987977981567383,-3.689095466417907,7.157831250169614,-9.69671457276034,0.6659981654985445,0.6106096829763445,1.1542892005297687,0.0,50.0,20.0,1.0,0.0,0.0,0.0,-344.94532344302235,70.0,118.94185348981102,0.8095002980548833,0.0,0.5871194660791406,0.0
3.128772020339966,-3.7652062137240767,7.221288371682621,-9.538756263609791,0.6612970391957254,0.6732554710757729,1.1659920457297552,0.0,50.0,20.0,1.0,0.0,0.0,0.0,-345.7200713203875,70.0,116.66390772500206,0.816505028383163,0.0,0.5773383224981781,0.0
3.159158706665039,-3.8307101881964134,7.280101957344372,-9.377234571461623,0.6548756319341369,0.7387059970981745,1.175197166962025,0.0,50.0,20.0,1.0,0.0,0.0,0.0,-346.5719550644552,70.0,114.34610232356323,0.8235711799123279,0.0,0.567212933225095,0.0
3.191201686859131,-3.885360253677566,7.333881635760751,-9.212554881128765,0.6466423320902945,0.8066357276737164,1.1816689024656055,0.0,50.0,20.0,1.0,0.0,0.0,0.0,-347.503522426105,70.0,111.99471567765954,0.8306782900808847,0.0,0.556752708469656,0.0
3.2212064266204834,-3.928970226888856,7.38227440931882,-9.045121389586445,0.6365344718478934,0.8766698897357079,1.1852125227420587,0.0,50.0,20.0,1.0,0.0,0.0,0.0,-348.51694317503996,70.0,109.6162122385588,0.837806026958034,0.0,0.5459680038178008,0.0
3.2511801719665527,-3.9614168951619404,7.424965489530332,-8.875332865210689,0.6245205310029334,0.948393656979355,1.185681139038228,0.0,50.0,20.0,1.0,0.0,0.0,0.0,-349.61397739743757,70.0,107.21721236187301,0.844934280397378,0.0,0.5348701354622121,0.0
3.281073808670044,-3.9826413033255075,7.4616787002947484,-8.703578879981333,0.6106009463539438,1.0213633038036083,1.1829805676915113,0.0,50.0,20.0,1.0,0.0,0.0,0.0,-350.7959469798991,70.0,104.80445901654652,0.8520432529615309,0.0,0.5234713889819888,0.0
3.311070680618286,-3.992649343873296,7.4921765138019945,-8.530236575615254,0.5948074353327172,1.0951185962954546,1.1770717715071968,0.0,50.0,20.0,1.0,0.0,0.0,0.0,-352.0637106752796,70.0,102.38478163654959,0.8591135500137639,0.0,0.511785021452121,0.0
3.343136787414551,-3.9915116917517337,7.516259785677884,-8.355667999374228,0.5772008809919743,1.1691955765500457,1.1679707210203354,0.0,50.0,20.0,1.0,0.0,0.0,0.0,-353.41764311139343,70.0,99.96505745367583,0.8661262683533048,0.0,0.4998252567331698,0.0
3.3729116916656494,-3.9793631287188154,7.533767254581889,-8.180218022099632,0.5578679585492062,1.243138885516867,1.155745759450128,0.0,50.0,20.0,1.0,0.0,0.0,0.0,-354.8576180610408,70.0,97.55217070497201,0.873063082758136,0.0,0.4876072738637725,0.0
3.402893304824829,-3.956401302886225,7.544574867389731,-8.004212830716074,0.5369167912844713,1.316512859781625,1.1405127785752749,0.0,50.0,20.0,1.0,0.0,0.0,0.0,-356.38299624181286,70.0,95.15297015787161,0.8799063297934854,0.0,0.47514718855251376,0.0
3.4327003955841064,-3.9228849674977764,7.548594984976385,-7.827958970522487,0.5144719909732327,1.3889108099694012,1.12242868636206,0.0,50.0,20.0,1.0,0.0,0.0,0.0,-357.99261785746125,70.0,92.77422543881453,0.8866390882461292,0.0,0.46246202784020296,0.0
3.464073896408081,-3.8791317399684,7.545775516092235,-7.651742899245512,0.4906694587384426,1.459962110427049,1.1016837499517176,0.0,50.0,20.0,1.0,0.0,0.0,0.0,-359.6848000302043,70.0,90.42258268595612,0.8932452555542735,0.0,0.44956969807781816,0.0
3.496731996536255,-3.825515418410243,7.536099018477643,-7.475831004994843,0.4656512986032859,1.5293369642080987,1.078493423168002,0.0,50.0,20.0,1.0,0.0,0.0,0.0,-361.45733920633916,70.0,88.10452007252931,0.899709619620327,0.0,0.4364889464381046,0.0
3.5253162384033203,-3.762462888922321,7.519581797686831,-7.300470033667668,0.439561137672039,1.5967489202002538,1.0530902236330086,0.0,50.0,20.0,1.0,0.0,0.0,0.0,-363.3075185472131,70.0,85.82630376381667,0.9060179254192031,0.0,0.42323931624919175,0.0
3.5555810928344727,-3.6904506533182033,7.4962730254908525,-7.1258878675957105,0.41254006740369986,1.6619553860762644,1.0257161286127356,0.0,50.0,20.0,1.0,0.0,0.0,0.0,-365.2321202454245,70.0,83.59394487695162,0.9121569358477969,0.0,0.4098410965054117,0.0
3.5847954750061035,-3.6100010040968114,7.466253891503839,-6.952294595840963,0.3847233341728313,1.7247564894505176,0.996615833312942,0.0,50.0,20.0,1.0,0.0,0.0,0.0,-367.227442633553,70.0,81.4131580086444,0.9181144863015603,0.0,0.39631526597296507,0.0
3.6151187419891357,-3.521677871586201,7.429636794036812,-6.779883817027852,0.35623782639475426,1.7849926897115918,0.966031082461346,0.0,50.0,20.0,1.0,0.0,0.0,0.0,-369.2893218813465,70.0,79.28932188134398,0.9238795325112902,0.0,0.3826834323650815,0.0
3.6481738090515137,-3.426082367468667,7.386564569264179,-6.608834117475911,0.32720033831416295,1.8425415427761818,0.9341961632957549,0.0,50.0,20.0,1.0,0.0,0.0,0.0,-371.4131580086469,70.0,77.22744263355064,0.929442191226677,0.0,0.36896776711218715,0.0
3.677626132965088,-3.323848049390905,7.337209751666235,-6.439310670241237,0.2977165413247838,1.897313983678132,0.9013345470313667,0.0,50.0,20.0,1.0,0.0,0.0,0.0,-373.5939448769543,70.0,75.23212024542212,0.9347937733922329,0.0,0.3551909362963963,0.0
3.706570863723755,-3.215635933067134,7.28177385342466,-6.271466904131758,0.26788056296967694,1.9492504319285928,0.8676565917774497,0.0,50.0,20.0,1.0,0.0,0.0,0.0,-375.8263037638193,70.0,73.30751854721086,0.9399268095250533,0.0,0.3413760283559089,0.0
3.7386276721954346,-3.1021292811239753,7.220486646015032,-6.105446195551664,0.23777505954311035,1.9983169549883593,0.8333581728756302,0.0,50.0,20.0,1.0,0.0,0.0,0.0,-378.10452007253207,70.0,71.45733920633694,0.9448350670716638,0.0,0.3275464791929303,0.0
3.7686777114868164,-2.9840282017969075,7.153605423673299,-5.941383539959247,0.20747166701936492,2.0445016560718696,0.7986200834501653,0.0,50.0,20.0,1.0,0.0,0.0,0.0,-380.4225826859588,70.0,69.68480003020234,0.9495135595919567,0.0,0.3137259953383075,0.0
3.7986037731170654,-2.862044095310042,7.081414225731589,-5.7794071636689495,0.1770317229762414,2.0878113905557067,0.7636080435167587,0.0,50.0,20.0,1.0,0.0,0.0,0.0,-382.7742254388174,70.0,67.9926178574593,0.9539585476909904,0.0,0.2999384758367896,0.0
3.8294119834899902,-2.7368939911640258,7.004222993055728,-5.619640040643134,0.14650716562468505,2.128268864081089,0.7284731647673103,0.0,50.0,20.0,1.0,0.0,0.0,0.0,-385.1529701578744,70.0,66.38299624181107,0.9581675316931505,0.0,0.28620793351871887,0.0
3.8596675395965576,-2.6092948253952883,6.922366633020813,-5.462201282806239,0.11594153201296603,2.1659101261613585,0.6933527350627403,0.0,50.0,20.0,1.0,0.0,0.0,0.0,-387.5521707049749,70.0,64.85761806103902,0.9621392361268741,0.0,0.27255841631693395,0.0
3.891293525695801,-2.479957712900313,6.83620396769406,-5.307207376322781,0.08537099374429323,2.2007824451985565,0.6583712075859207,0.0,50.0,20.0,1.0,0.0,0.0,0.0,-389.96505745367864,70.0,63.41764311139181,0.9658735861607568,0.0,0.2590139292720742,0.0
3.9214649200439453,-2.349582275851041,6.7461165412207835,-5.154773240283628,0.05482538368762719,2.2329425327771477,0.6236413014748267,0.0,50.0,20.0,1.0,0.0,0.0,0.0,-392.38478163655253,70.0,62.063710675278,0.9693716762024822,0.0,0.24559835784546696,0.0
3.9505507946014404,-2.21885109474585,6.652507264889453,-5.005013088427848,0.024329180364118654,2.262455075018488,0.589265141538123,0.0,50.0,20.0,1.0,0.0,0.0,0.0,-394.80445901654934,70.0,60.79594697989765,0.9726357309396523,0.0,0.23233539312702287,0.0
3.9813060760498047,-2.0884243533970874,6.555798882019648,-4.858041078965433,-0.006097572375133446,2.2893915246896093,0.5553353831671877,0.0,50.0,20.0,1.0,0.0,0.0,0.0,-397.2172123618759,70.0,59.61397739743617,0.9756690591654626,0.0,0.21924845948644864,0.0
4.011679649353027,-1.9589347527898764,6.4564322396703835,-4.713971742316392,-0.036438424105634463,2.3138291078923614,0.5219362842592684,0.0,50.0,20.0,1.0,0.0,0.0,0.0,-399.6162122385616,70.0,58.516943175038705,0.9784760007914381,0.0,0.20636064517052066,0.0
4.042885065078735,-1.830982770888602,6.354864360144494,-4.572920181661113,-0.0666797621687668,2.3358500020369455,0.4891446987580628,0.0,50.0,20.0,1.0,0.0,0.0,0.0,-401.9947156776624,70.0,57.50352242610383,0.9810618675035132,0.0,0.19369463629775377,0.0
4.073160171508789,-1.7051323457681884,6.251566312239499,-4.435002046580478,-0.09681014395213992,2.3555406462719826,0.4570309764803081,0.0,50.0,20.0,1.0,0.0,0.0,0.0,-404.3461023235659,70.0,56.57195506445419,0.9834328775659928,0.0,0.18127265464562187,0.0
4.1030144691467285,-1.581907057595087,6.147020889955953,-4.300333285669944,-0.12681971613779786,2.372991150750348,0.42565976155857027,0.0,50.0,20.0,1.0,0.0,0.0,0.0,-406.66390772500483,70.0,55.720071320386495,0.9855960853199791,0.0,0.16911639956530677,0.0
4.133635997772217,-1.4617868807396803,6.041720114630762,-4.1690296897073225,-0.15669971775193006,2.388294776464134,0.39509068748086734,0.0,50.0,20.0,1.0,0.0,0.0,0.0,-408.9418534898135,70.0,54.945323443021536,0.9875593059583269,0.0,0.1572469942959409,0.0
4.162580966949463,-1.3452055705239498,5.936162584845449,-4.041206242553622,-0.18644206250729095,2.401547462501614,0.3653789707376776,0.0,50.0,20.0,1.0,0.0,0.0,0.0,-411.1738740868559,70.0,54.24482016705538,0.9893310361879502,0.0,0.1456849368853105,0.0
4.194623231887817,-1.2325487397823063,5.830850706540282,-3.9169763022478414,-0.21603899519323866,2.412847382241116,0.3365759078557165,0.0,50.0,20.0,1.0,0.0,0.0,0.0,-413.3541401425175,70.0,53.61536350405525,0.9909203714122158,0.0,0.13445005585821188,0.0
4.224478483200073,-1.124152668666899,5.726287843074479,-3.7964506394704407,-0.24548281653993156,2.422294514095165,0.30872928241485736,0.0,50.0,20.0,1.0,0.0,0.0,0.0,-415.47707814339503,70.0,53.05348740870126,0.9923369200813269,0.0,0.12356147070792863,0.0
4.255410194396973,-1.0203038772499418,5.622975431038824,-3.67973636444604,-0.27476567090803405,2.429990215926814,0.2818836897649117,0.0,50.0,20.0,1.0,0.0,0.0,0.0,-417.5373865200257,70.0,52.55549786853403,0.9935907158671169,0.0,0.11303755722179298,0.0
4.28544282913208,-0.9212394749022585,5.521410112004482,-3.5669357761984672,-0.3038793912181078,2.436036795204925,0.25608078778310267,0.0,50.0,20.0,1.0,0.0,0.0,0.0,-419.53004814751074,70.0,52.117513971309606,0.9946921283208449,0.0,0.10289591758931942,0.0
4.316363096237183,-0.8271482837360221,5.422080932706272,-3.4581451696687586,-0.33281539565334767,2.440537069403542,0.23135948229290285,0.0,50.0,20.0,1.0,0.0,0.0,0.0,-421.4503393566176,70.0,51.735509516329614,0.9956517726687137,0.0,0.09315335518191521,0.0
4.347210645675659,-0.7381727162698137,5.325466666137257,-3.3534536364274907,-0.36156463079206635,2.443593913154864,0.207756055809961,0.0,50.0,20.0,1.0,0.0,0.0,0.0,-423.29383560245594,70.0,51.40535475431625,0.9964804193903756,0.0,0.08382585383747199,0.0
4.377537965774536,-0.6544113706452557,5.232033303533649,-3.2529418935030305,-0.39011755592236014,2.445309790312848,0.18530424816583285,0.0,50.0,20.0,1.0,0.0,0.0,0.0,-425.05641398631064,70.0,51.1228578636525,0.9971889042111016,0.0,0.0749285614319564,0.0
4.4065845012664795,-0.5759222909425898,5.1422317622629965,-3.1566811722397152,-0.4184641633486884,2.4457862704486497,0.1640352973324371,0.0,50.0,20.0,1.0,0.0,0.0,0.0,-426.7342528690367,70.0,50.883805798157596,0.9977880391191368,0.0,0.06647577747411414,0.0
4.440955877304077,-0.5027268261025388,5.05649584735587,-3.0647321952146425,-0.44659402952083777,2.445123530445178,0.14397794845598885,0.0,50.0,20.0,1.0,0.0,0.0,0.0,-428.32382885109405,70.0,50.68400417202949,0.9982885249965826,0.0,0.058480944419079306,0.0
4.469131708145142,-0.43481400925424213,4.975240495148683,-2.9771442642800805,-0.47449639181245945,2.443419842839584,0.12515843872079838,0.0,50.0,20.0,1.0,0.0,0.0,0.0,-429.8219114244761,70.0,50.51931588017304,0.9987008664255452,0.0,0.05095664236255402,0.0
4.499597549438477,-0.37214537031144745,4.898860316660779,-2.8939544770278625,-0.5021602457679648,2.4407710534199745,0.10760046520352111,0.0,50.0,20.0,1.0,0.0,0.0,0.0,-431.22555562529396,70.0,50.38569818587699,0.9990352892018455,0.0,0.0439145867495639,0.0
4.529772758483887,-0.3146600887845464,4.827728446431359,-2.815187082706199,-0.529574457645896,2.437270051343115,0.09132514234580424,0.0,50.0,20.0,1.0,0.0,0.0,0.0,-432.53209303255494,70.0,50.279238041791984,0.9993016610568803,0.0,0.037365628710888124,0.0
4.559045314788818,-0.26228039091430344,4.762195690159992,-2.740852982194422,-0.5567278871370012,2.433006235717846,0.07635095506561418,0.0,50.0,20.0,1.0,0.0,0.0,0.0,-433.739121468808,70.0,50.19618544355302,0.9995094160548138,0.0,0.03131975762621873,0.0
4.5916478633880615,-0.21491709531231074,4.702589952207241,-2.6709493703918037,-0.5836095152472722,2.428064983197789,0.06269371284505601,0.0,50.0,20.0,1.0,0.0,0.0,0.0,-434.8444937619931,70.0,50.132984647432906,0.9996674830976726,0.0,0.025786105505960503,0.0
4.620999574661255,-0.17247521395702028,4.649215912369057,-2.605459513612381,-0.6102085725271057,2.422527121641459,0.05036650937979591,0.0,50.0,20.0,1.0,0.0,0.0,0.0,-435.84630592531784,70.0,50.086303113467224,0.9997842189355981,0.0,0.020772952783273044,0.0
4.651084899902344,-0.13485952015433178,4.602354910829,-2.5443526495658926,-0.6365146631081461,2.4164684153168685,0.0393796915623973,0.0,50.0,20.0,1.0,0.0,0.0,0.0,-436.74288510363374,70.0,50.05305806303092,0.9998673460438867,0.0,0.016287735114330334,0.0
4.681238889694214,-0.10198000133030065,4.562264991221044,-2.4875839934555994,-0.6625178803831486,2.409959067436989,0.029740840714820846,0.0,50.0,20.0,1.0,0.0,0.0,0.0,-437.5327776210272,70.0,50.03044056447635,0.9999238956928763,0.0,0.012337050797566963,0.0
4.711097002029419,-0.07375712162282183,4.529181044613181,-2.435094830784721,-0.6882089106272861,2.4030632459976253,0.02145476810518364,0.0,50.0,20.0,1.0,0.0,0.0,0.0,-438.2147374456197,70.0,50.015937081893256,0.9999601565015147,0.0,0.008926668441602016,0.0
4.7429587841033936,-0.05012682651082074,4.503314992161991,-2.3868126757175916,-0.7135791214004363,2.395838638938891,0.014523525905597577,0.0,50.0,20.0,1.0,0.0,0.0,0.0,-438.7877153643855,70.0,50.007348440186604,0.9999816287307818,0.0,0.006061534536155309,0.0
4.772735118865967,-0.031045228533606972,4.484855941318992,-2.34265147331336,-0.7386206321714222,2.388336044558487,0.008946433898788353,0.0,50.0,20.0,1.0,0.0,0.0,0.0,-439.25084913364424,70.0,50.00280617447589,0.9999929845392019,0.0,0.003745780610155969,0.0
4.8027613162994385,-0.016492918959742486,4.473970249848516,-2.302511824611652,-0.7633263652438997,2.380599002868907,0.004720121448574167,0.0,50.0,20.0,1.0,0.0,0.0,0.0,-439.6034548402822,70.0,50.000786243409365,0.9999980343895447,0.0,0.0019827296958631405,0.0
4.83234977722168,-0.006478854629866048,4.470801433554355,-2.266281215332869,-0.7876900757137855,2.3726634732179184,0.0018385835385428743,0.0,50.0,20.0,1.0,0.0,0.0,0.0,-439.8450196752091,70.0,50.00012009457747,0.9999996997635112,0.0,0.0007749018566085023,0.0
4.863435745239258,-0.0010437718301340641,4.4754698574927945,-2.2338342317629634,-0.8117063598225138,2.3645575629955706,0.00029324907586802425,0.0,50.0,20.0,1.0,0.0,0.0,0.0,-439.9751962845666,70.0,50.000003076121544,0.9999999923096962,0.0,0.0001240185781207288,0.0
4.895403861999512,-0.0002630798238861643,4.488072156553269,-2.205032751106266,-0.8353706416629905,2.3563013116512628,7.305916911237113e-05,0.0,50.0,20.0,1.0,0.0,0.0,0.0,-439.9937988262727,70.0,50.00000019227278,0.9999999995193181,0.0,3.1005868651280164e-05,0.0
4.925382375717163,-0.004249185626940503,4.508680339606991,-2.1797260980811455,-0.858679138722819,2.3479065335655562,0.001164552729563409,0.0,50.0,20.0,1.0,0.0,0.0,0.0,-439.90080082007694,70.0,50.000049202398586,0.999999876993996,0.0,0.0004959959606258396,0.0
4.956883192062378,-0.013153198989026582,4.537340541970531,-2.1577511646655854,-0.8816288071935195,2.339376722591034,0.0035519565176045293,0.0,50.0,20.0,1.0,0.0,0.0,0.0,-439.69633483890453,70.0,50.00046106371322,0.9999988473400526,0.0,0.0015183275555926193,0.0
