# Timestamp, Fx, Fy, Fz, Tx, Ty, Tz, FemurPosX, FemurPosY, FemurPosZ, FemurQuatW, FemurQuatX, FemurQuatY, FemurQuatZ, TibiaPosX, TibiaPosY, TibiaPosZ, TibiaQuatW, TibiaQuatX, TibiaQuatY, TibiaQuatZ
0.04359698295593262,-8.013902311246119,3.4436727124509168,-7.016496535641206,-0.6138234475574342,0.7200816693619557,0.7686756362841285,0.0,50.0,20.0,1.0,0.0,0.0,0.0,-352.06371067526675,70.0,102.38478163657338,0.8591135500136947,0.0,0.5117850214522371,0.0
0.08985185623168945,-8.3925293690422,2.8065729836456628,-7.731962552947532,-0.5461199868767911,0.6667554361601374,0.7905251968463023,0.0,50.0,20.0,1.0,0.0,0.0,0.0,-352.06371067526675,70.0,102.38478163657338,0.8591135500136947,0.0,0.5117850214522371,0.0
0.13625073432922363,-8.328225813346409,3.21083646571701,-8.370904187902052,-0.46443607805187614,0.48004856185314915,0.5946714532479933,0.0,50.0,20.0,1.0,0.0,0.0,0.0,-352.06371067526675,70.0,102.38478163657338,0.8591135500136947,0.0,0.5117850214522371,0.0
0.18182373046875,-7.762400045930024,3.6043059070832406,-7.809909428936905,-0.2748998099972625,0.5587608211772361,0.4888333868532639,0.0,50.0,20.0,1.0,0.0,0.0,0.0,-352.06371067526675,70.0,102.38478163657338,0.8591135500136947,0.0,0.5117850214522371,0.0
0.22737836837768555,-7.897218086764472,3.4591938988386666,-7.11340346268502,-0.10663995067612903,0.374761755112354,0.6220225155700941,0.0,50.0,20.0,1.0,0.0,0.0,0.0,-352.06371067526675,70.0,102.38478163657338,0.8591135500136947,0.0,0.5117850214522371,0.0
0.272810697555542,-8.44454017087005,3.538187955520091,-7.791104401119457,-0.24962397823909993,0.47944336057926723,0.622091276546205,0.0,50.0,20.0,1.0,0.0,0.0,0.0,-352.06371067526675,70.0,102.38478163657338,0.8591135500136947,0.0,0.5117850214522371,0.0
0.31823253631591797,-9.081199672140457,3.495109382475264,-7.445950455346329,-0.26819818662022366,0.5681561406767959,0.7334893393594972,0.0,50.0,20.0,1.0,0.0,0.0,0.0,-352.06371067526675,70.0,102.38478163657338,0.8591135500136947,0.0,0.5117850214522371,0.0
0.37217187881469727,-8.289381818239136,3.3426379254901626,-7.03912392262486,-0.18745013294138663,0.5270033704032439,0.646188453412901,0.0,50.0,20.0,1.0,0.0,0.0,0.0,-352.06371067526675,70.0,102.38478163657338,0.8591135500136947,0.0,0.5117850214522371,0.0
0.4175107479095459,-8.49600892436812,2.6775813304196663,-6.389389593849084,-0.20573950184525105,0.5289870282593823,0.7579186945965226,0.0,50.0,20.0,1.0,0.0,0.0,0.0,-352.06371067526675,70.0,102.38478163657338,0.8591135500136947,0.0,0.5117850214522371,0.0
0.46311163902282715,-8.820772148095216,3.4593530900227956,-6.0714423132723505,-0.10850788783307971,0.4515178489781476,0.6570168954227616,0.0,50.0,20.0,1.0,0.0,0.0,0.0,-352.06371067526675,70.0,102.38478163657338,0.8591135500136947,0.0,0.5117850214522371,0.0
0.5080833435058594,-8.758330689712544,4.173625961936615,-6.363570302312006,-0.24988117281985708,0.36414915980466744,0.7069214926066192,0.0,50.0,20.0,1.0,0.0,0.0,0.0,-352.06371067526675,70.0,102.38478163657338,0.8591135500136947,0.0,0.5117850214522371,0.0
0.553987979888916,-8.793479714710193,3.4086353449737428,-6.01873393766868,-0.4169408330031271,0.521564005241429,0.7852724611679835,0.0,50.0,20.0,1.0,0.0,0.0,0.0,-352.06371067526675,70.0,102.38478163657338,0.8591135500136947,0.0,0.5117850214522371,0.0
0.600722074508667,-9.375795926553836,3.3428560306901196,-6.379111890173001,-0.45311712033707097,0.6452520018052788,0.7127723843256967,0.0,50.0,20.0,1.0,0.0,0.0,0.0,-352.06371067526675,70.0,102.38478163657338,0.8591135500136947,0.0,0.5117850214522371,0.0
0.6467738151550293,-9.181412697179962,3.560741293097788,-7.026049946043599,-0.5780531555363324,0.8350074925348178,0.8925369271087878,0.0,50.0,20.0,1.0,0.0,0.0,0.0,-352.06371067526675,70.0,102.38478163657338,0.8591135500136947,0.0,0.5117850214522371,0.0
0.6928675174713135,-8.87383589410773,3.1112980227097036,-7.3667081287672165,-0.5852046535335746,1.0066140994052162,0.8722883818029454,0.0,50.0,20.0,1.0,0.0,0.0,0.0,-352.06371067526675,70.0,102.38478163657338,0.8591135500136947,0.0,0.5117850214522371,0.0
0.7388036251068115,-8.563298390566807,3.4749574921961903,-7.096768319632879,-0.47137135755635706,1.0049121183041705,0.9531816061995837,0.0,50.0,20.0,1.0,0.0,0.0,0.0,-352.06371067526675,70.0,102.38478163657338,0.8591135500136947,0.0,0.5117850214522371,0.0
0.7845990657806396,-8.175439277000352,2.724988629190954,-6.876421869800805,-0.47768011059366694,0.8297130929192185,1.0662616835981333,0.0,50.0,20.0,1.0,0.0,0.0,0.0,-352.06371067526675,70.0,102.38478163657338,0.8591135500136947,0.0,0.5117850214522371,0.0
0.8306608200073242,-8.854912179710968,2.3857848320826074,-6.234734933298115,-0.4109239993385711,0.7376271183479355,0.9145017131533578,0.0,50.0,20.0,1.0,0.0,0.0,0.0,-352.06371067526675,70.0,102.38478163657338,0.8591135500136947,0.0,0.5117850214522371,0.0
0.8762400150299072,-9.013514829719329,1.8968098877392747,-5.6850215264502575,-0.46317360978217126,0.6249271591455235,0.9775284222066862,0.0,50.0,20.0,1.0,0.0,0.0,0.0,-352.06371067526675,70.0,102.38478163657338,0.8591135500136947,0.0,0.5117850214522371,0.0
0.921985387802124,-8.733039040196342,1.8409041112193485,-5.080216614678404,-0.5957644453964412,0.6601931015492875,0.9714682959515974,0.0,50.0,20.0,1.0,0.0,0.0,0.0,-352.06371067526675,70.0,102.38478163657338,0.8591135500136947,0.0,0.5117850214522371,0.0
0.9675424098968506,-9.441055857864853,1.9427219052859224,-4.84631106691519,-0.6008087469291366,0.5672311173213709,1.1615659264390217,0.0,50.0,20.0,1.0,0.0,0.0,0.0,-352.06371067526675,70.0,102.38478163657338,0.8591135500136947,0.0,0.5117850214522371,0.0
1.0135362148284912,-9.394584937513244,1.7088279670838875,-4.952513028691942,-0.7947170735196527,0.6989426089597739,1.1091380640467836,0.0,50.0,20.0,1.0,0.0,0.0,0.0,-352.06371067526675,70.0,102.38478163657338,0.8591135500136947,0.0,0.5117850214522371,0.0
1.0592067241668701,-9.130415243565807,1.2783097638111651,-4.89997051942506,-0.9732110862348242,0.7185441397417632,1.143989376118684,0.0,50.0,20.0,1.0,0.0,0.0,0.0,-352.06371067526675,70.0,102.38478163657338,0.8591135500136947,0.0,0.5117850214522371,0.0
1.1054463386535645,-9.389557014900962,1.1921789620865435,-4.6132172227656305,-1.1552511805761743,0.7350750298728358,1.0742056532683812,0.0,50.0,20.0,1.0,0.0,0.0,0.0,-352.06371067526675,70.0,102.38478163657338,0.8591135500136947,0.0,0.5117850214522371,0.0
1.1510438919067383,-9.070447016094821,1.1798080776550721,-5.11090947556716,-1.3003749379691416,0.7315756580820433,1.222575254560705,0.0,50.0,20.0,1.0,0.0,0.0,0.0,-352.06371067526675,70.0,102.38478163657338,0.8591135500136947,0.0,0.5117850214522371,0.0
1.1972694396972656,-8.49184417460722,1.185123113201551,-5.042134368891959,-1.1840596605614118,0.7707409993142114,1.1217735044991395,0.0,50.0,20.0,1.0,0.0,0.0,0.0,-352.06371067526675,70.0,102.38478163657338,0.8591135500136947,0.0,0.5117850214522371,0.0
1.243393898010254,-8.23462413774921,1.3914971105887306,-4.715588001708102,-1.2359904251800742,0.6303766732206044,1.117127047684362,0.0,50.0,20.0,1.0,0.0,0.0,0.0,-352.06371067526675,70.0,102.38478163657338,0.8591135500136947,0.0,0.5117850214522371,0.0
1.2893409729003906,-8.885698469697953,0.9962432656723541,-4.186707943397938,-1.0567682200698192,0.4394346346311605,1.2515983204634518,0.0,50.0,20.0,1.0,0.0,0.0,0.0,-352.06371067526675,70.0,102.38478163657338,0.8591135500136947,0.0,0.5117850214522371,0.0
1.3351621627807617,-9.069874534914923,0.8165996165073629,-3.639276722737196,-0.8871024294460961,0.6113448354100506,1.1640870470447646,0.0,50.0,20.0,1.0,0.0,0.0,0.0,-352.06371067526675,70.0,102.38478163657338,0.8591135500136947,0.0,0.5117850214522371,0.0
1.3872404098510742,-9.641449043048883,0.19732624747425964,-4.3445267219425014,-1.0494314049891669,0.7933687378922558,1.0475691979011157,0.0,50.0,20.0,1.0,0.0,0.0,0.0,-352.06371067526675,70.0,102.38478163657338,0.8591135500136947,0.0,0.5117850214522371,0.0
1.4328136444091797,-10.163952746771264,-0.28546397651571287,-4.613862129183779,-0.9333138552144573,0.6641138637045239,1.0536255134742185,0.0,50.0,20.0,1.0,0.0,0.0,0.0,-352.06371067526675,70.0,102.38478163657338,0.8591135500136947,0.0,0.5117850214522371,0.0
1.477771282196045,-10.26071988900379,-0.12078499093896367,-4.044165693101058,-0.7835838631453745,0.6601442344917018,0.9727273235812784,0.0,50.0,20.0,1.0,0.0,0.0,0.0,-352.06371067526675,70.0,102.38478163657338,0.8591135500136947,0.0,0.5117850214522371,0.0
1.522890567779541,-10.59321067640906,-0.21211591796671225,-3.4358439446586813,-0.9347588310239361,0.516990410861219,1.11848387627574,0.0,50.0,20.0,1.0,0.0,0.0,0.0,-352.06371067526675,70.0,102.38478163657338,0.8591135500136947,0.0,0.5117850214522371,0.0
1.5673434734344482,-11.107998828076585,-0.12013472793934188,-3.3600280993795586,-1.0289720929838941,0.5192255402396698,0.9890315824137357,0.0,50.0,20.0,1.0,0.0,0.0,0.0,-352.06371067526675,70.0,102.38478163657338,0.8591135500136947,0.0,0.5117850214522371,0.0
1.611901044845581,-11.187028741191753,0.5751114686780925,-3.4470456874300233,-1.0153575824927348,0.4420014802951592,1.037165941586843,0.0,50.0,20.0,1.0,0.0,0.0,0.0,-352.06371067526675,70.0,102.38478163657338,0.8591135500136947,0.0,0.5117850214522371,0.0
1.6570289134979248,-11.975395651888501,0.25347571422238885,-2.81174277716868,-1.019202603125394,0.5834251849192469,0.9801319678150926,0.0,50.0,20.0,1.0,0.0,0.0,0.0,-352.06371067526675,70.0,102.38478163657338,0.8591135500136947,0.0,0.5117850214522371,0.0
1.7019872665405273,-12.411107012360414,-0.5002327011625245,-3.146838214972052,-0.8971778805319603,0.48992695896638944,0.7925463841413802,0.0,50.0,20.0,1.0,0.0,0.0,0.0,-352.06371067526675,70.0,102.38478163657338,0.8591135500136947,0.0,0.5117850214522371,0.0
1.7467103004455566,-12.694405017840815,-0.910148068473027,-2.4147740770371975,-1.0060336458061634,0.33514120709193707,0.6950674218424553,0.0,50.0,20.0,1.0,0.0,0.0,0.0,-352.06371067526675,70.0,102.38478163657338,0.8591135500136947,0.0,0.5117850214522371,0.0
1.7924790382385254,-12.114453660343303,-0.41887873054193503,-3.1510264099265317,-0.8070060270205919,0.38181784924139334,0.8613796885021268,0.0,50.0,20.0,1.0,0.0,0.0,0.0,-352.06371067526675,70.0,102.38478163657338,0.8591135500136947,0.0,0.5117850214522371,0.0
1.8372900485992432,-12.479236944802063,-0.02301435354001935,-2.633490676400706,-0.8770684425362925,0.2527695476045543,0.8079261078866106,0.0,50.0,20.0,1.0,0.0,0.0,0.0,-352.06371067526675,70.0,102.38478163657338,0.8591135500136947,0.0,0.5117850214522371,0.0
1.8822879791259766,-12.750075177474326,0.5970607409206679,-2.5753500855650326,-1.0102220172703127,0.08405947037880546,0.7941840501158055,0.0,50.0,20.0,1.0,0.0,0.0,0.0,-352.06371067526675,70.0,102.38478163657338,0.8591135500136947,0.0,0.5117850214522371,0.0
1.9317171573638916,-12.304301025082824,1.1862608912307995,-2.716028246619854,-1.0458664961259934,0.23130392053340215,0.8268350940137448,0.0,50.0,20.0,1.0,0.0,0.0,0.0,-352.06371067526675,70.0,102.38478163657338,0.8591135500136947,0.0,0.5117850214522371,0.0
1.9808471202850342,-12.40506752628316,1.0794510995065614,-3.3220909065306126,-1.1647092797054504,0.28347597800503305,0.7323246930148265,0.0,50.0,20.0,1.0,0.0,0.0,0.0,-352.06371067526675,70.0,102.38478163657338,0.8591135500136947,0.0,0.5117850214522371,0.0
2.0259807109832764,-12.365050090607559,0.9508539673801848,-3.71967285762888,-0.9751464282614914,0.43123495201309714,0.6454281597211916,0.0,50.0,20.0,1.0,0.0,0.0,0.0,-352.06371067526675,70.0,102.38478163657338,0.8591135500136947,0.0,0.5117850214522371,0.0
2.071584939956665,-12.795437718381883,0.46409578162066284,-4.216223519129724,-0.8506681859264806,0.44793021747545547,0.5077585105712354,0.0,50.0,20.0,1.0,0.0,0.0,0.0,-352.06371067526675,70.0,102.38478163657338,0.8591135500136947,0.0,0.5117850214522371,0.0
2.1162960529327393,-12.39517389716621,0.14728093924934194,-3.7279857514888812,-0.7983998217358942,0.3140060612302684,0.6536453103317343,0.0,50.0,20.0,1.0,0.0,0.0,0.0,-352.06371067526675,70.0,102.38478163657338,0.8591135500136947,0.0,0.5117850214522371,0.0
2.1613147258758545,-11.610939195332726,-0.6312000400619544,-3.921588439158889,-0.9181183226916935,0.5066177812053394,0.7816013854034023,0.0,50.0,20.0,1.0,0.0,0.0,0.0,-352.06371067526675,70.0,102.38478163657338,0.8591135500136947,0.0,0.5117850214522371,0.0
2.2055952548980713,-11.593613063666716,-0.19375365973445846,-3.166254320743805,-1.0875667501819615,0.6149041037184675,0.6407031747618308,0.0,50.0,20.0,1.0,0.0,0.0,0.0,-352.06371067526675,70.0,102.38478163657338,0.8591135500136947,0.0,0.5117850214522371,0.0
2.2501940727233887,-12.130059769800427,-0.596379385012382,-3.19137019252861,-0.960255422570906,0.6059266273277362,0.698752029858619,0.0,50.0,20.0,1.0,0.0,0.0,0.0,-352.06371067526675,70.0,102.38478163657338,0.8591135500136947,0.0,0.5117850214522371,0.0
2.29754376411438,-12.25706574287583,-1.1676676471081253,-3.30428759484593,-0.9587416058421399,0.5996965755207372,0.622440755730057,0.0,50.0,20.0,1.0,0.0,0.0,0.0,-352.06371067526675,70.0,102.38478163657338,0.8591135500136947,0.0,0.5117850214522371,0.0
2.3425135612487793,-12.737654546013923,-0.8152731983474268,-3.241624283137628,-0.8830525420609117,0.5932268442772592,0.47723517241542734,0.0,50.0,20.0,1.0,0.0,0.0,0.0,-352.06371067526675,70.0,102.38478163657338,0.8591135500136947,0.0,0.5117850214522371,0.0
2.3920016288757324,-13.0,-0.3873809001297348,-3.3882274093721296,-0.6922835242446981,0.5419918215292158,0.5032313834747756,0.0,50.0,20.0,1.0,0.0,0.0,0.0,-352.06371067526675,70.0,102.38478163657338,0.8591135500136947,0.0,0.5117850214522371,0.0
2.437178373336792,-13.0,0.218104340222657,-2.7037209522234646,-0.8510325855847312,0.49963169136635344,0.46328096980827294,0.0,50.0,20.0,1.0,0.0,0.0,0.0,-352.06371067526675,70.0,102.38478163657338,0.8591135500136947,0.0,0.5117850214522371,0.0
2.482358932495117,-13.0,0.6984885401474468,-2.8968262118551804,-0.865307600172488,0.6075664136719647,0.2636482072443117,0.0,50.0,20.0,1.0,0.0,0.0,0.0,-352.06371067526675,70.0,102.38478163657338,0.8591135500136947,0.0,0.5117850214522371,0.0
2.526791572570801,-13.0,0.8876890908162824,-2.370388973103598,-0.731065998552939,0.7090026234705872,0.39810596088852557,0.0,50.0,20.0,1.0,0.0,0.0,0.0,-352.06371067526675,70.0,102.38478163657338,0.8591135500136947,0.0,0.5117850214522371,0.0
2.571739673614502,-13.0,1.0709492141972916,-3.0551478666156573,-0.8685081585508694,0.6571388305979863,0.45735595762121706,0.0,50.0,20.0,1.0,0.0,0.0,0.0,-352.06371067526675,70.0,102.38478163657338,0.8591135500136947,0.0,0.5117850214522371,0.0
2.616818428039551,-13.0,0.759143778154165,-2.925864028298915,-0.7480311129911317,0.571930667080268,0.501415008378032,0.0,50.0,20.0,1.0,0.0,0.0,0.0,-352.06371067526675,70.0,102.38478163657338,0.8591135500136947,0.0,0.5117850214522371,0.0
2.6607446670532227,-13.0,1.077127304741349,-2.1875764145628525,-0.7753533360983353,0.39800416873196154,0.6148728319876433,0.0,50.0,20.0,1.0,0.0,0.0,0.0,-352.06371067526675,70.0,102.38478163657338,0.8591135500136947,0.0,0.5117850214522371,0.0
2.7055606842041016,-12.273938873511705,0.31244280419093373,-2.1099815373385464,-0.7978309929307257,0.46672872001830523,0.6653131469188795,0.0,50.0,20.0,1.0,0.0,0.0,0.0,-352.06371067526675,70.0,102.38478163657338,0.8591135500136947,0.0,0.5117850214522371,0.0
2.7506215572357178,-12.89366836563516,0.16078936758601625,-1.854514015231395,-0.6929105107846114,0.3608413940703336,0.8522699611972562,0.0,50.0,20.0,1.0,0.0,0.0,0.0,-352.06371067526675,70.0,102.38478163657338,0.8591135500136947,0.0,0.5117850214522371,0.0
2.796386957168579,-13.0,0.37445826529646775,-1.3385425926518397,-0.5722632416284634,0.35980816884111005,0.9347084872648703,0.0,50.0,20.0,1.0,0.0,0.0,0.0,-352.06371067526675,70.0,102.38478163657338,0.8591135500136947,0.0,0.5117850214522371,0.0
2.8413214683532715,-13.0,0.20716147224849202,-0.640193680936334,-0.40320444543632794,0.331762111424878,1.1224462457507847,0.0,50.0,20.0,1.0,0.0,0.0,0.0,-352.06371067526675,70.0,102.38478163657338,0.8591135500136947,0.0,0.5117850214522371,0.0
2.885674476623535,-12.395202997460078,0.3329392404232431,-0.8532496536263728,-0.4668416315618471,0.264553193212437,1.010715771312801,0.0,50.0,20.0,1.0,0.0,0.0,0.0,-352.06371067526675,70.0,102.38478163657338,0.8591135500136947,0.0,0.5117850214522371,0.0
2.9304323196411133,-12.281471917757147,0.6598684602939818,-0.10324273303709341,-0.5174007808449119,0.33378621533576586,0.8611276840505038,0.0,50.0,20.0,1.0,0.0,0.0,0.0,-352.06371067526675,70.0,102.38478163657338,0.8591135500136947,0.0,0.5117850214522371,0.0
2.9767298698425293,-12.944375103452186,0.48470223303592896,0.07102260494621326,-0.3853269657837435,0.2513687229658751,1.0433350247701236,0.0,50.0,20.0,1.0,0.0,0.0,0.0,-352.06371067526675,70.0,102.38478163657338,0.8591135500136947,0.0,0.5117850214522371,0.0
3.021790027618408,-13.0,0.6491494744934112,-0.5248844720660151,-0.364663099805759,0.2711877839352378,1.0708730433349523,0.0,50.0,20.0,1.0,0.0,0.0,0.0,-352.06371067526675,70.0,102.38478163657338,0.8591135500136947,0.0,0.5117850214522371,0.0
3.0661613941192627,-13.0,1.2796938876219444,-1.077312021539397,-0.5094462076605559,0.25749410236919823,1.099055810585168,0.0,50.0,20.0,1.0,0.0,0.0,0.0,-352.06371067526675,70.0,102.38478163657338,0.8591135500136947,0.0,0.5117850214522371,0.0
3.1108765602111816,-12.944938861757567,0.7592911388078292,-1.157672418594137,-0.6456465476713213,0.30873186930930785,1.1604860395128602,0.0,50.0,20.0,1.0,0.0,0.0,0.0,-352.06371067526675,70.0,102.38478163657338,0.8591135500136947,0.0,0.5117850214522371,0.0
3.1558051109313965,-13.0,1.5549373565042948,-1.039660538706236,-0.7148092830826226,0.46985938400274146,1.3333206534237756,0.0,50.0,20.0,1.0,0.0,0.0,0.0,-352.06371067526675,70.0,102.38478163657338,0.8591135500136947,0.0,0.5117850214522371,0.0
3.20055890083313,-13.0,2.036664160768166,-1.5755805343841578,-0.8898789173266324,0.6573530509238548,1.2847086000606964,0.0,50.0,20.0,1.0,0.0,0.0,0.0,-352.06371067526675,70.0,102.38478163657338,0.8591135500136947,0.0,0.5117850214522371,0.0
3.24483323097229,-13.0,1.6531656059314281,-0.9660710825690473,-0.92078783971059,0.6700237456877061,1.1220226408538563,0.0,50.0,20.0,1.0,0.0,0.0,0.0,-352.06371067526675,70.0,102.38478163657338,0.8591135500136947,0.0,0.5117850214522371,0.0
3.2897114753723145,-13.0,1.7140476886881166,-1.511114599150026,-1.0141843294742405,0.572153504197709,1.1704946849597329,0.0,50.0,20.0,1.0,0.0,0.0,0.0,-352.06371067526675,70.0,102.38478163657338,0.8591135500136947,0.0,0.5117850214522371,0.0
3.3360695838928223,-12.554361209319946,2.2125748879890104,-0.8358538302529877,-0.8574596740465616,0.4511292522422754,1.1317301342086297,0.0,50.0,20.0,1.0,0.0,0.0,0.0,-352.06371067526675,70.0,102.38478163657338,0.8591135500136947,0.0,0.5117850214522371,0.0
3.383286476135254,-12.198158795012212,2.352666783302497,-1.1122711513046042,-0.7044614692069604,0.6299440299339977,1.2213331910142373,0.0,50.0,20.0,1.0,0.0,0.0,0.0,-352.06371067526675,70.0,102.38478163657338,0.8591135500136947,0.0,0.5117850214522371,0.0
3.4291951656341553,-11.94074984800437,2.5816423165771702,-1.182409640037008,-0.6592672390892403,0.6251543490339504,1.0289333291350249,0.0,50.0,20.0,1.0,0.0,0.0,0.0,-352.06371067526675,70.0,102.38478163657338,0.8591135500136947,0.0,0.5117850214522371,0.0
3.4745707511901855,-12.44973647949072,3.1100158728603247,-1.3682296632869335,-0.5125681940574934,0.7963003231063337,0.8588351812573916,0.0,50.0,20.0,1.0,0.0,0.0,0.0,-352.06371067526675,70.0,102.38478163657338,0.8591135500136947,0.0,0.5117850214522371,0.0
3.5194308757781982,-11.933540105064877,2.8593619725229473,-1.4194711860204192,-0.3418889892349621,0.8062667026071305,0.7587303118105971,0.0,50.0,20.0,1.0,0.0,0.0,0.0,-352.06371067526675,70.0,102.38478163657338,0.8591135500136947,0.0,0.5117850214522371,0.0
3.564190149307251,-12.73183126630757,2.206004657387523,-1.4580073060262373,-0.40865719798964595,0.9839257430162702,0.8780674913846769,0.0,50.0,20.0,1.0,0.0,0.0,0.0,-352.06371067526675,70.0,102.38478163657338,0.8591135500136947,0.0,0.5117850214522371,0.0
3.609563112258911,-13.0,2.2282952371184064,-1.7802143329239288,-0.28638140641334037,0.9279467715691258,0.8737853853437347,0.0,50.0,20.0,1.0,0.0,0.0,0.0,-352.06371067526675,70.0,102.38478163657338,0.8591135500136947,0.0,0.5117850214522371,0.0
3.653956890106201,-13.0,1.6099426109443231,-1.6700942032060708,-0.28538327584869494,0.8964963287535543,1.0644541946627861,0.0,50.0,20.0,1.0,0.0,0.0,0.0,-352.06371067526675,70.0,102.38478163657338,0.8591135500136947,0.0,0.5117850214522371,0.0
3.6988067626953125,-12.65136205524974,1.978968837036897,-1.2057849046249338,-0.24326683120368958,0.9199116941030165,1.1119079993187517,0.0,50.0,20.0,1.0,0.0,0.0,0.0,-352.06371067526675,70.0,102.38478163657338,0.8591135500136947,0.0,0.5117850214522371,0.0
3.7431373596191406,-12.980723437475213,1.2883355942930828,-1.8741331425652532,-0.3713618097833319,0.9461597092441089,0.9184117234224656,0.0,50.0,20.0,1.0,0.0,0.0,0.0,-352.06371067526675,70.0,102.38478163657338,0.8591135500136947,0.0,0.5117850214522371,0.0
3.7872836589813232,-12.676306601030316,1.5030269869953428,-1.922110923724229,-0.3636479049653492,0.8950551612621606,1.015495504395754,0.0,50.0,20.0,1.0,0.0,0.0,0.0,-352.06371067526675,70.0,102.38478163657338,0.8591135500136947,0.0,0.5117850214522371,0.0
3.8313100337982178,-13.0,0.8270100296536385,-1.2691006985526616,-0.5314053912559937,0.7552428222118572,0.8922726418842772,0.0,50.0,20.0,1.0,0.0,0.0,0.0,-352.06371067526675,70.0,102.38478163657338,0.8591135500136947,0.0,0.5117850214522371,0.0
3.88000226020813,-12.621776334704998,0.9346463859156042,-1.1220662481807406,-0.4233898593304635,0.8089398005265884,0.9030622274118665,0.0,50.0,20.0,1.0,0.0,0.0,0.0,-352.06371067526675,70.0,102.38478163657338,0.8591135500136947,0.0,0.5117850214522371,0.0
3.9316675662994385,-11.84471668030777,1.3302309873048943,-1.0882005638017411,-0.570880200674384,1.0067206183342927,1.017150326266374,0.0,50.0,20.0,1.0,0.0,0.0,0.0,-352.06371067526675,70.0,102.38478163657338,0.8591135500136947,0.0,0.5117850214522371,0.0
3.983372688293457,-11.730955408214504,1.246065859008207,-1.218838231691651,-0.44409197086219676,1.0913249125226603,1.1732127270106507,0.0,50.0,20.0,1.0,0.0,0.0,0.0,-352.06371067526675,70.0,102.38478163657338,0.8591135500136947,0.0,0.5117850214522371,0.0
4.02880859375,-11.043513234203349,1.2201388059330496,-0.4737901423817139,-0.3402631984437367,0.8932908774444462,1.0191797332449009,0.0,50.0,20.0,1.0,0.0,0.0,0.0,-352.06371067526675,70.0,102.38478163657338,0.8591135500136947,0.0,0.5117850214522371,0.0
4.074018239974976,-11.570212411473788,0.9196807025409826,-0.4926954240394157,-0.4201675692276008,0.7862817152847215,0.8205631598598199,0.0,50.0,20.0,1.0,0.0,0.0,0.0,-352.06371067526675,70.0,102.38478163657338,0.8591135500136947,0.0,0.5117850214522371,0.0
4.119170188903809,-11.84497910038176,1.148991674816944,-1.162751648978383,-0.27014828985833866,0.8661799175437296,0.8912024045667282,0.0,50.0,20.0,1.0,0.0,0.0,0.0,-352.06371067526675,70.0,102.38478163657338,0.8591135500136947,0.0,0.5117850214522371,0.0
4.163865566253662,-11.364913846906553,0.8641218413886468,-1.781117367972911,-0.3332797634658444,1.0595555952609723,0.8538021527906445,0.0,50.0,20.0,1.0,0.0,0.0,0.0,-352.06371067526675,70.0,102.38478163657338,0.8591135500136947,0.0,0.5117850214522371,0.0
4.208279609680176,-11.10739707342995,1.3001781381291493,-1.8015008433837174,-0.41411629729819965,0.8651671045949645,0.6652570993963559,0.0,50.0,20.0,1.0,0.0,0.0,0.0,-352.06371067526675,70.0,102.38478163657338,0.8591135500136947,0.0,0.5117850214522371,0.0
4.254239082336426,-11.51344903753437,1.4369499325284847,-1.951920719446082,-0.28069380176119396,1.0301722903663766,0.807118379231045,0.0,50.0,20.0,1.0,0.0,0.0,0.0,-352.06371067526675,70.0,102.38478163657338,0.8591135500136947,0.0,0.5117850214522371,0.0
4.298607110977173,-10.771798420204627,1.5168055658179511,-2.358437592603363,-0.25329143762132933,0.9945288414216255,0.6755343321135463,0.0,50.0,20.0,1.0,0.0,0.0,0.0,-352.06371067526675,70.0,102.38478163657338,0.8591135500136947,0.0,0.5117850214522371,0.0
4.343329191207886,-10.16065378187735,1.9649118570919237,-2.2223923541344837,-0.4269196105112576,0.9208101882719991,0.7393274110370481,0.0,50.0,20.0,1.0,0.0,0.0,0.0,-352.06371067526675,70.0,102.38478163657338,0.8591135500136947,0.0,0.5117850214522371,0.0
4.391186237335205,-9.586393892707283,1.9708404558067496,-1.8607304698772578,-0.3499153389950592,0.9882413214785251,0.7812685893376052,0.0,50.0,20.0,1.0,0.0,0.0,0.0,-352.06371067526675,70.0,102.38478163657338,0.8591135500136947,0.0,0.5117850214522371,0.0
4.440579652786255,-8.896424366520138,2.6437587560727707,-1.1058305032497222,-0.27883383817051133,0.9909784208949224,0.7956247318249728,0.0,50.0,20.0,1.0,0.0,0.0,0.0,-352.06371067526675,70.0,102.38478163657338,0.8591135500136947,0.0,0.5117850214522371,0.0
4.485771179199219,-9.471742863663899,1.9830764338437308,-0.43958201330487623,-0.24982093087086005,1.0503891481862973,0.8055306206618309,0.0,50.0,20.0,1.0,0.0,0.0,0.0,-352.06371067526675,70.0,102.38478163657338,0.8591135500136947,0.0,0.5117850214522371,0.0
4.5313026905059814,-9.859726499732467,2.1357658176326098,-0.7558323232007904,-0.23930214038938014,1.2487376258282392,0.7652574826097756,0.0,50.0,20.0,1.0,0.0,0.0,0.0,-352.06371067526675,70.0,102.38478163657338,0.8591135500136947,0.0,0.5117850214522371,0.0
4.577790975570679,-10.41083875792294,2.5656108178850285,-1.3934174172072045,-0.43771983551765653,1.3201461268437713,0.7550141899419516,0.0,50.0,20.0,1.0,0.0,0.0,0.0,-352.06371067526675,70.0,102.38478163657338,0.8591135500136947,0.0,0.5117850214522371,0.0
4.622441291809082,-10.253024102217061,2.160230405004412,-1.7186118033243691,-0.513631313833028,1.2656613857432721,0.6532695502270434,0.0,50.0,20.0,1.0,0.0,0.0,0.0,-352.06371067526675,70.0,102.38478163657338,0.8591135500136947,0.0,0.5117850214522371,0.0
4.6680214405059814,-10.868987279613489,2.408298288824533,-1.505070877475453,-0.6941635719877951,1.081725605692029,0.5619560364550295,0.0,50.0,20.0,1.0,0.0,0.0,0.0,-352.06371067526675,70.0,102.38478163657338,0.8591135500136947,0.0,0.5117850214522371,0.0
4.712747097015381,-11.272802606724579,1.6919261854892356,-1.6093408646505734,-0.6069728742123368,1.0022846422187384,0.6305670516173721,0.0,50.0,20.0,1.0,0.0,0.0,0.0,-352.06371067526675,70.0,102.38478163657338,0.8591135500136947,0.0,0.5117850214522371,0.0
4.757788419723511,-11.284402642861664,1.905621886533891,-0.9222048040235464,-0.4941246168060927,1.124161055111831,0.7975826775974038,0.0,50.0,20.0,1.0,0.0,0.0,0.0,-352.06371067526675,70.0,102.38478163657338,0.8591135500136947,0.0,0.5117850214522371,0.0
4.803338050842285,-11.47451729615687,1.226830724463418,-1.5976349145673405,-0.585857071652138,1.0438242316553572,0.97646608377126,0.0,50.0,20.0,1.0,0.0,0.0,0.0,-352.06371067526675,70.0,102.38478163657338,0.8591135500136947,0.0,0.5117850214522371,0.0
4.8481125831604,-12.178411135874432,1.8401681312948983,-2.1164263390145326,-0.4457929014624795,1.1478506532099362,0.8496967031076914,0.0,50.0,20.0,1.0,0.0,0.0,0.0,-352.06371067526675,70.0,102.38478163657338,0.8591135500136947,0.0,0.5117850214522371,0.0
4.89266300201416,-12.57048863126111,1.4537179532780644,-1.6117426753848771,-0.49153619773600277,1.0419681657561606,0.8429424782633592,0.0,50.0,20.0,1.0,0.0,0.0,0.0,-352.06371067526675,70.0,102.38478163657338,0.8591135500136947,0.0,0.5117850214522371,0.0
4.937748432159424,-12.735106389895114,2.163919421642867,-1.6599399933451122,-0.39748014882659066,0.9874278426117423,1.0386306052328362,0.0,50.0,20.0,1.0,0.0,0.0,0.0,-352.06371067526675,70.0,102.38478163657338,0.8591135500136947,0.0,0.5117850214522371,0.0
