# Timestamp, Fx, Fy, Fz, Tx, Ty, Tz, FemurPosX, FemurPosY, FemurPosZ, FemurQuatW, FemurQuatX, FemurQuatY, FemurQuatZ, TibiaPosX, TibiaPosY, TibiaPosZ, TibiaQuatW, TibiaQuatX, TibiaQuatY, TibiaQuatZ
0.025554180145263672,-10.92614809971663,6.733285474541281,6.187133345135241,0.436717486588729,-0.5695809105927654,-0.10035630434926696,0.0,50.0,20.0,1.0,0.0,0.0,0.0,-369.28932188134524,70.0,79.28932188134524,0.9238795325112867,0.0,0.3826834323650898,0.0
0.05359530448913574,-11.227856164015204,6.943167580953244,5.997684065646721,0.49716213438483403,-0.5966125165347707,-0.08991540024568212,0.0,50.0,20.0,1.0,0.0,0.0,0.0,-369.28932188134524,70.0,79.28932188134524,0.9238795325112867,0.0,0.3826834323650898,0.0
0.08343315124511719,-10.68064203330324,6.587957638408759,5.979242818281932,0.3039201610899133,-0.6103727382167204,-0.07585055090225787,0.0,50.0,20.0,1.0,0.0,0.0,0.0,-369.28932188134524,70.0,79.28932188134524,0.9238795325112867,0.0,0.3826834323650898,0.0
0.1158592700958252,-10.809651003574405,6.0636387112745105,5.828657368642931,0.4532405991575291,-0.485727482154479,-0.17604883706524327,0.0,50.0,20.0,1.0,0.0,0.0,0.0,-369.28932188134524,70.0,79.28932188134524,0.9238795325112867,0.0,0.3826834323650898,0.0
0.14576959609985352,-11.151098700844214,5.438723727590679,5.925063384256562,0.43584970402794493,-0.5818910815600937,-0.3014793667466382,0.0,50.0,20.0,1.0,0.0,0.0,0.0,-369.28932188134524,70.0,79.28932188134524,0.9238795325112867,0.0,0.3826834323650898,0.0
0.17646479606628418,-10.385038323391267,4.8588159613530895,5.880421950481234,0.3075123220155469,-0.47448214228961294,-0.1720115081834136,0.0,50.0,20.0,1.0,0.0,0.0,0.0,-369.28932188134524,70.0,79.28932188134524,0.9238795325112867,0.0,0.3826834323650898,0.0
0.20540356636047363,-10.857472866043581,5.458878293392632,6.114995849219991,0.39214839410479885,-0.3206297887296386,-0.2408557042595999,0.0,50.0,20.0,1.0,0.0,0.0,0.0,-369.28932188134524,70.0,79.28932188134524,0.9238795325112867,0.0,0.3826834323650898,0.0
0.23540544509887695,-10.396326943359187,4.948104572799539,6.022174006317934,0.20674120160546947,-0.48302172899880147,-0.2505649105729011,0.0,50.0,20.0,1.0,0.0,0.0,0.0,-369.28932188134524,70.0,79.28932188134524,0.9238795325112867,0.0,0.3826834323650898,0.0
0.2676818370819092,-10.549506732601625,5.024567879501673,5.250790414768897,0.37409146814787764,-0.49410942225413323,-0.23784621096095462,0.0,50.0,20.0,1.0,0.0,0.0,0.0,-369.28932188134524,70.0,79.28932188134524,0.9238795325112867,0.0,0.3826834323650898,0.0
0.2979257106781006,-10.26625221408233,5.760749597978014,5.489818962390164,0.47627529744101055,-0.437069355948163,-0.06013281480464047,0.0,50.0,20.0,1.0,0.0,0.0,0.0,-369.28932188134524,70.0,79.28932188134524,0.9238795325112867,0.0,0.3826834323650898,0.0
0.3280816078186035,-10.79020703288653,6.298457216782515,4.805862579245183,0.4029033853462536,-0.36044035178269546,0.13689063689479683,0.0,50.0,20.0,1.0,0.0,0.0,0.0,-369.28932188134524,70.0,79.28932188134524,0.9238795325112867,0.0,0.3826834323650898,0.0
0.3578958511352539,-10.035772131394317,6.1172898036550025,4.3441073067529725,0.5062068038998866,-0.4708837350734766,-0.045157980328172975,0.0,50.0,20.0,1.0,0.0,0.0,0.0,-369.28932188134524,70.0,79.28932188134524,0.9238795325112867,0.0,0.3826834323650898,0.0
0.38729119300842285,-10.624191189150345,5.899868610397924,4.7959051087566476,0.487017298153268,-0.5067956136745553,-0.03784430478947268,0.0,50.0,20.0,1.0,0.0,0.0,0.0,-369.28932188134524,70.0,79.28932188134524,0.9238795325112867,0.0,0.3826834323650898,0.0
0.4193718433380127,-10.289996853509098,6.258321761792958,4.174494385773813,0.2892388626839343,-0.5916252852075291,-0.029113182144989563,0.0,50.0,20.0,1.0,0.0,0.0,0.0,-369.28932188134524,70.0,79.28932188134524,0.9238795325112867,0.0,0.3826834323650898,0.0
0.45034337043762207,-9.53325161187442,6.635358940883742,4.237884687032118,0.15449969685097797,-0.47850201873130566,-0.029393067546860108,0.0,50.0,20.0,1.0,0.0,0.0,0.0,-369.28932188134524,70.0,79.28932188134524,0.9238795325112867,0.0,0.3826834323650898,0.0
0.47956132888793945,-9.873706303364566,6.683254499761234,4.464859777895316,0.247337952580025,-0.6527386272829043,0.11859393972509352,0.0,50.0,20.0,1.0,0.0,0.0,0.0,-369.28932188134524,70.0,79.28932188134524,0.9238795325112867,0.0,0.3826834323650898,0.0
0.5117480754852295,-10.5040861607291,7.345975083958559,4.48245636621597,0.3544023505973846,-0.6577417144902391,0.12463761796371695,0.0,50.0,20.0,1.0,0.0,0.0,0.0,-369.28932188134524,70.0,79.28932188134524,0.9238795325112867,0.0,0.3826834323650898,0.0
0.5399305820465088,-10.521715891547451,6.877638164685465,4.508871891690034,0.19383096011365658,-0.47160225907377235,-0.06697272805562848,0.0,50.0,20.0,1.0,0.0,0.0,0.0,-369.28932188134524,70.0,79.28932188134524,0.9238795325112867,0.0,0.3826834323650898,0.0
0.5718348026275635,-10.511027536549655,6.423461969342453,4.582813566196167,0.3935468111951989,-0.6317242468004411,-0.26302284460013553,0.0,50.0,20.0,1.0,0.0,0.0,0.0,-369.28932188134524,70.0,79.28932188134524,0.9238795325112867,0.0,0.3826834323650898,0.0
0.6025576591491699,-10.195748710645034,6.557700735029721,3.809322819358509,0.30311218005993357,-0.5949533964508014,-0.20661509663101196,0.0,50.0,20.0,1.0,0.0,0.0,0.0,-369.28932188134524,70.0,79.28932188134524,0.9238795325112867,0.0,0.3826834323650898,0.0
0.6325664520263672,-9.530067958255177,7.186998061859938,4.438116860928046,0.34633240923260805,-0.5389377447672428,-0.3093268036137012,0.0,50.0,20.0,1.0,0.0,0.0,0.0,-369.28932188134524,70.0,79.28932188134524,0.9238795325112867,0.0,0.3826834323650898,0.0
0.6649322509765625,-9.42742946530251,6.512668176989761,4.225816020807619,0.45330493645496905,-0.4828187623370856,-0.25165498745861375,0.0,50.0,20.0,1.0,0.0,0.0,0.0,-369.28932188134524,70.0,79.28932188134524,0.9238795325112867,0.0,0.3826834323650898,0.0
0.6946578025817871,-9.799962306323915,6.895546460826089,3.6262473002932945,0.5451012643444273,-0.6803399282373052,-0.2733822537790538,0.0,50.0,20.0,1.0,0.0,0.0,0.0,-369.28932188134524,70.0,79.28932188134524,0.9238795325112867,0.0,0.3826834323650898,0.0
0.7241039276123047,-10.407744888679577,7.258688622557967,4.234926255365188,0.5298797301637211,-0.8144366016244764,-0.4279688381523119,0.0,50.0,20.0,1.0,0.0,0.0,0.0,-369.28932188134524,70.0,79.28932188134524,0.9238795325112867,0.0,0.3826834323650898,0.0
0.7548682689666748,-9.691578587638721,6.906725148103695,4.6227523018679,0.3339127124985926,-0.9876381397628692,-0.32603930944605586,0.0,50.0,20.0,1.0,0.0,0.0,0.0,-369.28932188134524,70.0,79.28932188134524,0.9238795325112867,0.0,0.3826834323650898,0.0
0.7841823101043701,-9.739834353990604,6.691240217169485,4.542814813320516,0.2816190309686446,-0.9019931082191122,-0.5007808821848297,0.0,50.0,20.0,1.0,0.0,0.0,0.0,-369.28932188134524,70.0,79.28932188134524,0.9238795325112867,0.0,0.3826834323650898,0.0
0.8162684440612793,-10.446509981294875,7.016857646674374,3.8388901458279068,0.23388983990350667,-0.9983321241633836,-0.4504304375505616,0.0,50.0,20.0,1.0,0.0,0.0,0.0,-369.28932188134524,70.0,79.28932188134524,0.9238795325112867,0.0,0.3826834323650898,0.0
0.8467638492584229,-10.169286859584147,7.584033865733103,4.609081347654813,0.0977748421468203,-0.8989666158299459,-0.2976576132880177,0.0,50.0,20.0,1.0,0.0,0.0,0.0,-369.28932188134524,70.0,79.28932188134524,0.9238795325112867,0.0,0.3826834323650898,0.0
0.87619948387146,-9.596378901724966,7.207503450366659,5.071880488806352,0.2893974107531765,-1.0669814857357796,-0.2996117451154421,0.0,50.0,20.0,1.0,0.0,0.0,0.0,-369.28932188134524,70.0,79.28932188134524,0.9238795325112867,0.0,0.3826834323650898,0.0
0.9068381786346436,-9.711816732280173,6.87733198225182,5.629299096212709,0.15679031382239356,-0.8949995161683265,-0.2229640344844267,0.0,50.0,20.0,1.0,0.0,0.0,0.0,-369.28932188134524,70.0,79.28932188134524,0.9238795325112867,0.0,0.3826834323650898,0.0
0.9365935325622559,-9.186374438556005,6.70067519270517,6.249916666983962,0.2058529802433049,-0.7128343244275928,-0.35297503197442714,0.0,50.0,20.0,1.0,0.0,0.0,0.0,-369.28932188134524,70.0,79.28932188134524,0.9238795325112867,0.0,0.3826834323650898,0.0
0.9681110382080078,-9.00437218602093,7.356712692942936,6.087905874236069,0.29645742227016714,-0.7250910960197979,-0.27788529915478033,0.0,50.0,20.0,1.0,0.0,0.0,0.0,-369.28932188134524,70.0,79.28932188134524,0.9238795325112867,0.0,0.3826834323650898,0.0
0.9977774620056152,-9.735924102170022,7.777775584347338,5.9351348928864445,0.1312824686312454,-0.7129425083041337,-0.18339749870477673,0.0,50.0,20.0,1.0,0.0,0.0,0.0,-369.28932188134524,70.0,79.28932188134524,0.9238795325112867,0.0,0.3826834323650898,0.0
1.0279197692871094,-9.914011183319385,7.786259199566089,5.663341392210545,-0.02234734230044988,-0.6548572612782391,-0.2946493162641323,0.0,50.0,20.0,1.0,0.0,0.0,0.0,-369.28932188134524,70.0,79.28932188134524,0.9238795325112867,0.0,0.3826834323650898,0.0
1.057830810546875,-9.635978305803217,7.957588417285205,5.26285736229872,-0.007798329447466029,-0.7614788150406389,-0.1948649950049104,0.0,50.0,20.0,1.0,0.0,0.0,0.0,-369.28932188134524,70.0,79.28932188134524,0.9238795325112867,0.0,0.3826834323650898,0.0
1.0878968238830566,-10.123865257181444,8.488537016825305,4.773424034283832,0.1385776626208389,-0.6511343415524873,-0.3784506163118122,0.0,50.0,20.0,1.0,0.0,0.0,0.0,-369.28932188134524,70.0,79.28932188134524,0.9238795325112867,0.0,0.3826834323650898,0.0
1.119889497756958,-9.761310987338442,8.306734452596336,4.656683276972358,0.3361178050070618,-0.4800906096421155,-0.23618208309234362,0.0,50.0,20.0,1.0,0.0,0.0,0.0,-369.28932188134524,70.0,79.28932188134524,0.9238795325112867,0.0,0.3826834323650898,0.0
1.1502814292907715,-9.567398897777563,8.546482880644783,4.9526354953144756,0.41037653695080334,-0.6197888745734046,-0.3924787592012542,0.0,50.0,20.0,1.0,0.0,0.0,0.0,-369.28932188134524,70.0,79.28932188134524,0.9238795325112867,0.0,0.3826834323650898,0.0
1.1804344654083252,-9.359132182331512,8.581748302146725,4.432704625745842,0.41139058662097877,-0.5222156721047672,-0.38420534402357553,0.0,50.0,20.0,1.0,0.0,0.0,0.0,-369.28932188134524,70.0,79.28932188134524,0.9238795325112867,0.0,0.3826834323650898,0.0
1.2099223136901855,-9.266963897387066,9.178079327380981,4.1138615426969904,0.5256822930397984,-0.714067388989051,-0.36368710344312455,0.0,50.0,20.0,1.0,0.0,0.0,0.0,-369.28932188134524,70.0,79.28932188134524,0.9238795325112867,0.0,0.3826834323650898,0.0
1.2403442859649658,-9.22154372030736,9.5232686953616,3.8793534755913863,0.35119269622933674,-0.7159210056644948,-0.31137733911307547,0.0,50.0,20.0,1.0,0.0,0.0,0.0,-369.28932188134524,70.0,79.28932188134524,0.9238795325112867,0.0,0.3826834323650898,0.0
1.2726988792419434,-9.725659737498138,8.907269712225503,4.322809881753663,0.48342452709832645,-0.7057813529990771,-0.30595414749513594,0.0,50.0,20.0,1.0,0.0,0.0,0.0,-369.28932188134524,70.0,79.28932188134524,0.9238795325112867,0.0,0.3826834323650898,0.0
1.3021564483642578,-10.502214746708617,8.36430070418404,4.924972902753491,0.6331124872782506,-0.7534993282911832,-0.45930400653669984,0.0,50.0,20.0,1.0,0.0,0.0,0.0,-369.28932188134524,70.0,79.28932188134524,0.9238795325112867,0.0,0.3826834323650898,0.0
1.3326499462127686,-11.164652875106434,7.780363576971865,5.322643469512499,0.81670742386178,-0.7886523270235895,-0.615725289072134,0.0,50.0,20.0,1.0,0.0,0.0,0.0,-369.28932188134524,70.0,79.28932188134524,0.9238795325112867,0.0,0.3826834323650898,0.0
1.3637514114379883,-11.41118895324746,8.450624567786331,5.252151930140513,1.0035196656748129,-0.8835764709726022,-0.739036416998941,0.0,50.0,20.0,1.0,0.0,0.0,0.0,-369.28932188134524,70.0,79.28932188134524,0.9238795325112867,0.0,0.3826834323650898,0.0
1.3943099975585938,-11.16133544742352,9.063857111247538,4.8207488642653376,0.8299575884374851,-0.7144558346081868,-0.5416685066616939,0.0,50.0,20.0,1.0,0.0,0.0,0.0,-369.28932188134524,70.0,79.28932188134524,0.9238795325112867,0.0,0.3826834323650898,0.0
1.4244844913482666,-11.56292357061117,8.59513878024985,4.21251822097657,0.6828940929685355,-0.5803124156934406,-0.37429073207219565,0.0,50.0,20.0,1.0,0.0,0.0,0.0,-369.28932188134524,70.0,79.28932188134524,0.9238795325112867,0.0,0.3826834323650898,0.0
1.4535338878631592,-11.120108922458073,8.52526463894748,4.651257758814223,0.5531810623102957,-0.6457789345765214,-0.31507757883687654,0.0,50.0,20.0,1.0,0.0,0.0,0.0,-369.28932188134524,70.0,79.28932188134524,0.9238795325112867,0.0,0.3826834323650898,0.0
1.4838454723358154,-11.741170907686033,8.450890119808067,5.345482234296323,0.7131365577040344,-0.5155418846652169,-0.2224547625569716,0.0,50.0,20.0,1.0,0.0,0.0,0.0,-369.28932188134524,70.0,79.28932188134524,0.9238795325112867,0.0,0.3826834323650898,0.0
1.5176379680633545,-11.113933536190792,7.678860548487789,5.146521389230333,0.67811057783121,-0.42782131946863783,-0.3953346656845541,0.0,50.0,20.0,1.0,0.0,0.0,0.0,-369.28932188134524,70.0,79.28932188134524,0.9238795325112867,0.0,0.3826834323650898,0.0
1.5457367897033691,-10.989428205789602,7.038465104185247,4.739607604246847,0.8728211589279751,-0.3855755044602779,-0.5395394245101885,0.0,50.0,20.0,1.0,0.0,0.0,0.0,-369.28932188134524,70.0,79.28932188134524,0.9238795325112867,0.0,0.3826834323650898,0.0
1.5764203071594238,-10.857247523508246,6.420598397712558,4.351541028995144,0.7555984773042699,-0.36481908307931077,-0.5379719377125318,0.0,50.0,20.0,1.0,0.0,0.0,0.0,-369.28932188134524,70.0,79.28932188134524,0.9238795325112867,0.0,0.3826834323650898,0.0
1.605595350265503,-11.450446812948915,7.080295941487543,5.013286151435406,0.754418229626431,-0.2068688887764431,-0.632528009912984,0.0,50.0,20.0,1.0,0.0,0.0,0.0,-369.28932188134524,70.0,79.28932188134524,0.9238795325112867,0.0,0.3826834323650898,0.0
1.6362133026123047,-11.862512463482123,7.808419462271958,5.75177839313853,0.7734879886537259,-0.1360136715707273,-0.7586913399635203,0.0,50.0,20.0,1.0,0.0,0.0,0.0,-369.28932188134524,70.0,79.28932188134524,0.9238795325112867,0.0,0.3826834323650898,0.0
1.6689796447753906,-12.3278376897274,8.568960260244037,5.2313966198655315,0.850030932063208,-0.15507980537551228,-0.8640105973121404,0.0,50.0,20.0,1.0,0.0,0.0,0.0,-369.28932188134524,70.0,79.28932188134524,0.9238795325112867,0.0,0.3826834323650898,0.0
1.6986260414123535,-12.182480762581818,8.264958499431069,4.469386737345966,1.0257799594036399,-0.2475615370921384,-0.8381069863136725,0.0,50.0,20.0,1.0,0.0,0.0,0.0,-369.28932188134524,70.0,79.28932188134524,0.9238795325112867,0.0,0.3826834323650898,0.0
1.7278437614440918,-12.000967526144132,7.836056137567629,4.413558962519509,0.8367964590458715,-0.4421474315061175,-1.0266865883556004,0.0,50.0,20.0,1.0,0.0,0.0,0.0,-369.28932188134524,70.0,79.28932188134524,0.9238795325112867,0.0,0.3826834323650898,0.0
1.7579772472381592,-12.760325333945795,7.820252155955854,5.155363612722058,0.961389797027683,-0.32068536398538017,-1.22165201731335,0.0,50.0,20.0,1.0,0.0,0.0,0.0,-369.28932188134524,70.0,79.28932188134524,0.9238795325112867,0.0,0.3826834323650898,0.0
1.7878997325897217,-13.0,7.7626020924817025,4.91394535218661,1.1213846570874466,-0.2574639970220066,-1.2101698154658531,0.0,50.0,20.0,1.0,0.0,0.0,0.0,-369.28932188134524,70.0,79.28932188134524,0.9238795325112867,0.0,0.3826834323650898,0.0
1.8204097747802734,-13.0,7.274475564469369,5.575285515103064,1.2810846338717727,-0.44951454687169645,-1.18392852025455,0.0,50.0,20.0,1.0,0.0,0.0,0.0,-369.28932188134524,70.0,79.28932188134524,0.9238795325112867,0.0,0.3826834323650898,0.0
1.849144458770752,-13.0,7.402911460455892,6.053284605199113,1.4176090760702507,-0.5656491796047747,-1.242811045683874,0.0,50.0,20.0,1.0,0.0,0.0,0.0,-369.28932188134524,70.0,79.28932188134524,0.9238795325112867,0.0,0.3826834323650898,0.0
1.8804340362548828,-12.865057768375582,7.161361087277264,6.11937198541782,1.5021449445921211,-0.47423618564432996,-1.1101512322585654,0.0,50.0,20.0,1.0,0.0,0.0,0.0,-369.28932188134524,70.0,79.28932188134524,0.9238795325112867,0.0,0.3826834323650898,0.0
1.9104983806610107,-12.434188891789358,6.797677521754295,5.446567531910937,1.3133129568554116,-0.5929797487047545,-1.0406681545826637,0.0,50.0,20.0,1.0,0.0,0.0,0.0,-369.28932188134524,70.0,79.28932188134524,0.9238795325112867,0.0,0.3826834323650898,0.0
1.9408416748046875,-12.161831508135423,6.5802993224322615,6.054676868479426,1.2252721386057548,-0.5701303713715287,-1.0049096061760239,0.0,50.0,20.0,1.0,0.0,0.0,0.0,-369.28932188134524,70.0,79.28932188134524,0.9238795325112867,0.0,0.3826834323650898,0.0
1.9720914363861084,-12.461164357874173,6.428953413531747,6.49548961140604,1.152359995717806,-0.3760622659656934,-1.12826103730734,0.0,50.0,20.0,1.0,0.0,0.0,0.0,-369.28932188134524,70.0,79.28932188134524,0.9238795325112867,0.0,0.3826834323650898,0.0
2.002519130706787,-13.0,6.140041210596216,7.03315245270596,1.32778835234082,-0.3763620611461445,-1.142218805256626,0.0,50.0,20.0,1.0,0.0,0.0,0.0,-369.28932188134524,70.0,79.28932188134524,0.9238795325112867,0.0,0.3826834323650898,0.0
2.032195806503296,-12.329335869565057,6.568762976569393,7.4807458832796065,1.2413799048866507,-0.4279832569202674,-0.9713665335074118,0.0,50.0,20.0,1.0,0.0,0.0,0.0,-369.28932188134524,70.0,79.28932188134524,0.9238795325112867,0.0,0.3826834323650898,0.0
2.064704656600952,-12.326972142190534,5.805210075538467,7.5685000690275315,1.3272891071673363,-0.32346871304489605,-0.9916790382253828,0.0,50.0,20.0,1.0,0.0,0.0,0.0,-369.28932188134524,70.0,79.28932188134524,0.9238795325112867,0.0,0.3826834323650898,0.0
2.0939178466796875,-12.173777144925301,5.778786997221304,7.352350953273671,1.4058759674111139,-0.21480939176614866,-1.0735090180889035,0.0,50.0,20.0,1.0,0.0,0.0,0.0,-369.28932188134524,70.0,79.28932188134524,0.9238795325112867,0.0,0.3826834323650898,0.0
2.125516653060913,-12.81108926774084,5.064376195107997,7.814544590225987,1.4358073896444583,-0.2185069437006736,-1.1413520736381322,0.0,50.0,20.0,1.0,0.0,0.0,0.0,-369.28932188134524,70.0,79.28932188134524,0.9238795325112867,0.0,0.3826834323650898,0.0
2.154953956604004,-13.0,4.772647373541689,7.421359521133621,1.3162354812236157,-0.2727940208998885,-1.1944047776434341,0.0,50.0,20.0,1.0,0.0,0.0,0.0,-369.28932188134524,70.0,79.28932188134524,0.9238795325112867,0.0,0.3826834323650898,0.0
2.1849398612976074,-13.0,4.288500920714303,7.5697713204536194,1.3814896648865216,-0.465840053221316,-1.0156973468927437,0.0,50.0,20.0,1.0,0.0,0.0,0.0,-369.28932188134524,70.0,79.28932188134524,0.9238795325112867,0.0,0.3826834323650898,0.0
2.2168116569519043,-12.929487179792158,4.550643443271471,7.578805133990233,1.537859292538723,-0.5045103990610882,-0.8433296790429634,0.0,50.0,20.0,1.0,0.0,0.0,0.0,-369.28932188134524,70.0,79.28932188134524,0.9238795325112867,0.0,0.3826834323650898,0.0
2.2460858821868896,-12.859252248422408,4.927227740989595,7.315993188438077,1.7290574677265877,-0.4585681961004907,-1.000968646110523,0.0,50.0,20.0,1.0,0.0,0.0,0.0,-369.28932188134524,70.0,79.28932188134524,0.9238795325112867,0.0,0.3826834323650898,0.0
2.2763803005218506,-12.624731642027752,4.7232895607303504,7.0284927170437,1.717603692145625,-0.29756865992204834,-1.0565073600411587,0.0,50.0,20.0,1.0,0.0,0.0,0.0,-369.28932188134524,70.0,79.28932188134524,0.9238795325112867,0.0,0.3826834323650898,0.0
2.306986093521118,-12.2776464338254,4.488120906179667,7.125610033037581,1.9026274229024769,-0.2454595097895254,-0.9267230407681382,0.0,50.0,20.0,1.0,0.0,0.0,0.0,-369.28932188134524,70.0,79.28932188134524,0.9238795325112867,0.0,0.3826834323650898,0.0
2.3366565704345703,-11.70523600818362,3.8235810997728246,7.497727092759602,1.8971015971883503,-0.2282984263883246,-1.086369610099044,0.0,50.0,20.0,1.0,0.0,0.0,0.0,-369.28932188134524,70.0,79.28932188134524,0.9238795325112867,0.0,0.3826834323650898,0.0
2.3682544231414795,-12.043440018881189,3.2901080544114194,7.401629583928791,1.750286191455509,-0.1574156644635884,-1.113887793322553,0.0,50.0,20.0,1.0,0.0,0.0,0.0,-369.28932188134524,70.0,79.28932188134524,0.9238795325112867,0.0,0.3826834323650898,0.0
2.397754192352295,-11.967857449677647,3.478254687510471,6.67841226327735,1.8566834373073096,-0.21338898923847224,-0.9776845566507664,0.0,50.0,20.0,1.0,0.0,0.0,0.0,-369.28932188134524,70.0,79.28932188134524,0.9238795325112867,0.0,0.3826834323650898,0.0
2.4278903007507324,-11.739066537715184,2.7354423642805976,6.73600174328439,1.8079058685389373,-0.08478425131123349,-1.0271171172151137,0.0,50.0,20.0,1.0,0.0,0.0,0.0,-369.28932188134524,70.0,79.28932188134524,0.9238795325112867,0.0,0.3826834323650898,0.0
2.4582273960113525,-11.879353340003043,2.5874634439075512,6.647397438722307,1.689588357696875,0.024292359569920124,-0.83223552215633,0.0,50.0,20.0,1.0,0.0,0.0,0.0,-369.28932188134524,70.0,79.28932188134524,0.9238795325112867,0.0,0.3826834323650898,0.0
2.488569736480713,-12.336092140729201,3.264894562786645,6.193240518660508,1.6063542369892683,-0.16602319373071245,-0.9372708215891271,0.0,50.0,20.0,1.0,0.0,0.0,0.0,-369.28932188134524,70.0,79.28932188134524,0.9238795325112867,0.0,0.3826834323650898,0.0
2.5214335918426514,-12.129326588654667,3.854742868770506,6.740982084019619,1.4115766119074384,-0.20609923875535371,-0.9759954355882132,0.0,50.0,20.0,1.0,0.0,0.0,0.0,-369.28932188134524,70.0,79.28932188134524,0.9238795325112867,0.0,0.3826834323650898,0.0
2.549870014190674,-11.41186600585132,3.6801866716196874,6.794559610222201,1.4865128340897311,-0.33902254597815507,-0.906931018504273,0.0,50.0,20.0,1.0,0.0,0.0,0.0,-369.28932188134524,70.0,79.28932188134524,0.9238795325112867,0.0,0.3826834323650898,0.0
2.5807442665100098,-11.430337961852468,3.648238881956039,6.078049841876566,1.4149658445367694,-0.1668271727394518,-0.7774320469915348,0.0,50.0,20.0,1.0,0.0,0.0,0.0,-369.28932188134524,70.0,79.28932188134524,0.9238795325112867,0.0,0.3826834323650898,0.0
2.6102986335754395,-11.25622400030036,3.929058926263884,5.958634303061717,1.2564339336248516,-0.35444093128168574,-0.6370687297101987,0.0,50.0,20.0,1.0,0.0,0.0,0.0,-369.28932188134524,70.0,79.28932188134524,0.9238795325112867,0.0,0.3826834323650898,0.0
2.640873908996582,-11.882183855530764,4.123377308603522,6.396550013676546,1.0923978644348782,-0.22489326756655043,-0.43927893612316404,0.0,50.0,20.0,1.0,0.0,0.0,0.0,-369.28932188134524,70.0,79.28932188134524,0.9238795325112867,0.0,0.3826834323650898,0.0
2.6743242740631104,-11.743893833785444,4.4071411337995965,5.950643997471686,1.2415696503960363,-0.4063578140985038,-0.25408065217561265,0.0,50.0,20.0,1.0,0.0,0.0,0.0,-369.28932188134524,70.0,79.28932188134524,0.9238795325112867,0.0,0.3826834323650898,0.0
2.7021820545196533,-11.02958135888753,4.341283265499813,6.536960701436332,1.4389708309398348,-0.6056460280280882,-0.12876225932183205,0.0,50.0,20.0,1.0,0.0,0.0,0.0,-369.28932188134524,70.0,79.28932188134524,0.9238795325112867,0.0,0.3826834323650898,0.0
2.73197865486145,-10.670188392779504,3.5482888321874353,7.002216645315072,1.3303934696472997,-0.47472020185721997,-0.021063145179335052,0.0,50.0,20.0,1.0,0.0,0.0,0.0,-369.28932188134524,70.0,79.28932188134524,0.9238795325112867,0.0,0.3826834323650898,0.0
2.7639527320861816,-11.08163944767638,3.8387939132234505,6.541956747105015,1.3458956250158858,-0.3079701897880388,-0.11003322534737103,0.0,50.0,20.0,1.0,0.0,0.0,0.0,-369.28932188134524,70.0,79.28932188134524,0.9238795325112867,0.0,0.3826834323650898,0.0
2.7941160202026367,-11.629388544118399,4.293462410574936,5.846024135627476,1.3069299207392637,-0.483583843101383,0.05938616035389227,0.0,50.0,20.0,1.0,0.0,0.0,0.0,-369.28932188134524,70.0,79.28932188134524,0.9238795325112867,0.0,0.3826834323650898,0.0
2.82463002204895,-11.405212001966992,4.016698541909359,6.463319440595058,1.2034101265359731,-0.6393749122256709,0.14438510329810073,0.0,50.0,20.0,1.0,0.0,0.0,0.0,-369.28932188134524,70.0,79.28932188134524,0.9238795325112867,0.0,0.3826834323650898,0.0
2.8555502891540527,-11.896981904942386,3.5848379574731934,7.223201713428519,1.1747859959129283,-0.6187339091452267,0.11657834661276456,0.0,50.0,20.0,1.0,0.0,0.0,0.0,-369.28932188134524,70.0,79.28932188134524,0.9238795325112867,0.0,0.3826834323650898,0.0
2.884748935699463,-12.135572456330696,3.579267305392591,7.86339074726377,1.2642450088419606,-0.7636104263639143,0.1724258900710668,0.0,50.0,20.0,1.0,0.0,0.0,0.0,-369.28932188134524,70.0,79.28932188134524,0.9238795325112867,0.0,0.3826834323650898,0.0
2.915982484817505,-12.382804751438625,4.233829070827877,7.250793116928311,1.065406254450013,-0.8036182431687072,0.3368539000994373,0.0,50.0,20.0,1.0,0.0,0.0,0.0,-369.28932188134524,70.0,79.28932188134524,0.9238795325112867,0.0,0.3826834323650898,0.0
2.945589065551758,-12.768031167963809,4.589465930499571,7.737039133675632,1.1223291795093302,-0.7806804092220555,0.3185081662543009,0.0,50.0,20.0,1.0,0.0,0.0,0.0,-369.28932188134524,70.0,79.28932188134524,0.9238795325112867,0.0,0.3826834323650898,0.0
2.975825548171997,-12.923384210802308,5.089812971723648,7.1953120016703815,1.218799528379027,-0.8234220309529736,0.4018597913662715,0.0,50.0,20.0,1.0,0.0,0.0,0.0,-369.28932188134524,70.0,79.28932188134524,0.9238795325112867,0.0,0.3826834323650898,0.0
3.006493091583252,-13.0,4.370447144249881,6.482895193306506,1.1461690636882786,-0.6536986387112029,0.37064656161184567,0.0,50.0,20.0,1.0,0.0,0.0,0.0,-369.28932188134524,70.0,79.28932188134524,0.9238795325112867,0.0,0.3826834323650898,0.0
3.035337209701538,-13.0,5.035765110562611,7.164626067023484,0.9561256545762318,-0.5043026428471299,0.25057122098988893,0.0,50.0,20.0,1.0,0.0,0.0,0.0,-369.28932188134524,70.0,79.28932188134524,0.9238795325112867,0.0,0.3826834323650898,0.0
3.068666934967041,-13.0,4.863427042867473,6.496162929518506,0.8789471254920912,-0.6396630287586775,0.06630246176867594,0.0,50.0,20.0,1.0,0.0,0.0,0.0,-369.28932188134524,70.0,79.28932188134524,0.9238795325112867,0.0,0.3826834323650898,0.0
3.097651720046997,-13.0,4.775032023768482,6.926511507256286,1.0767387801631283,-0.795907222307957,-0.08179142802528094,0.0,50.0,20.0,1.0,0.0,0.0,0.0,-369.28932188134524,70.0,79.28932188134524,0.9238795325112867,0.0,0.3826834323650898,0.0
3.1276233196258545,-12.794297264849941,5.496279004148256,6.318775164114494,1.1374815584850424,-0.8031700603394325,-0.17359970963486987,0.0,50.0,20.0,1.0,0.0,0.0,0.0,-369.28932188134524,70.0,79.28932188134524,0.9238795325112867,0.0,0.3826834323650898,0.0
3.158304452896118,-12.969457633786455,5.255538132937842,6.872744336249888,1.195223748550811,-0.7397721036271164,-0.2032865713422527,0.0,50.0,20.0,1.0,0.0,0.0,0.0,-369.28932188134524,70.0,79.28932188134524,0.9238795325112867,0.0,0.3826834323650898,0.0
3.1884727478027344,-13.0,5.916791328514879,6.451861305544814,1.1861569952577073,-0.8397279173642085,-0.23638728216597463,0.0,50.0,20.0,1.0,0.0,0.0,0.0,-369.28932188134524,70.0,79.28932188134524,0.9238795325112867,0.0,0.3826834323650898,0.0
3.219796895980835,-13.0,6.395131083437806,6.89606075563065,1.0067636441045358,-0.655628901550296,-0.31134624791087423,0.0,50.0,20.0,1.0,0.0,0.0,0.0,-369.28932188134524,70.0,79.28932188134524,0.9238795325112867,0.0,0.3826834323650898,0.0
3.250030517578125,-12.694873674417096,7.115774288550003,6.6648235745183815,1.1507273678774539,-0.8342612175393816,-0.33744340512439674,0.0,50.0,20.0,1.0,0.0,0.0,0.0,-369.28932188134524,70.0,79.28932188134524,0.9238795325112867,0.0,0.3826834323650898,0.0
3.2801389694213867,-11.960596939532753,6.337309917031853,6.557028251915738,1.1290599373469845,-0.8475596923976785,-0.29512501681344105,0.0,50.0,20.0,1.0,0.0,0.0,0.0,-369.28932188134524,70.0,79.28932188134524,0.9238795325112867,0.0,0.3826834323650898,0.0
3.3104162216186523,-12.148581846758706,6.22011561887604,6.6003364070841775,1.2249868165355489,-0.8991772890371866,-0.32775280890033454,0.0,50.0,20.0,1.0,0.0,0.0,0.0,-369.28932188134524,70.0,79.28932188134524,0.9238795325112867,0.0,0.3826834323650898,0.0
3.3401286602020264,-11.907955599994633,6.948534205184679,7.294310326478169,1.3890980090496905,-0.899006741831617,-0.45373856217436404,0.0,50.0,20.0,1.0,0.0,0.0,0.0,-369.28932188134524,70.0,79.28932188134524,0.9238795325112867,0.0,0.3826834323650898,0.0
3.372149705886841,-11.996548795085033,6.989458780365017,6.728287066949504,1.356264528128081,-1.0752177668649874,-0.43273703741711134,0.0,50.0,20.0,1.0,0.0,0.0,0.0,-369.28932188134524,70.0,79.28932188134524,0.9238795325112867,0.0,0.3826834323650898,0.0
3.4021685123443604,-11.573324030866416,6.723283422960251,7.126862516237185,1.1814210181327294,-0.9755166804488492,-0.5324864146615631,0.0,50.0,20.0,1.0,0.0,0.0,0.0,-369.28932188134524,70.0,79.28932188134524,0.9238795325112867,0.0,0.3826834323650898,0.0
3.4326112270355225,-12.32328023429117,7.328619250405004,7.8685825556282785,1.228724167622895,-0.9711254032662331,-0.5021161057674116,0.0,50.0,20.0,1.0,0.0,0.0,0.0,-369.28932188134524,70.0,79.28932188134524,0.9238795325112867,0.0,0.3826834323650898,0.0
3.463618755340576,-11.899008611555162,7.324805472331393,7.984786082004046,1.4227419004907158,-1.1251196217164277,-0.46741732720023266,0.0,50.0,20.0,1.0,0.0,0.0,0.0,-369.28932188134524,70.0,79.28932188134524,0.9238795325112867,0.0,0.3826834323650898,0.0
3.4938435554504395,-12.48760680802485,6.873548864755379,7.404242732508747,1.3452315514877682,-1.3011800206944726,-0.36269635017005947,0.0,50.0,20.0,1.0,0.0,0.0,0.0,-369.28932188134524,70.0,79.28932188134524,0.9238795325112867,0.0,0.3826834323650898,0.0
3.525956392288208,-13.0,7.593718239138561,7.586257769512991,1.2607397079482767,-1.1409345660628885,-0.21245400290015437,0.0,50.0,20.0,1.0,0.0,0.0,0.0,-369.28932188134524,70.0,79.28932188134524,0.9238795325112867,0.0,0.3826834323650898,0.0
3.5542895793914795,-12.744624248837045,7.055143172096406,6.9070795434487104,1.383216371340551,-1.2504613294529878,-0.3630068561286614,0.0,50.0,20.0,1.0,0.0,0.0,0.0,-369.28932188134524,70.0,79.28932188134524,0.9238795325112867,0.0,0.3826834323650898,0.0
3.5843636989593506,-12.96617963058301,6.27095345526328,7.203392517967451,1.2862371720909012,-1.238261299434199,-0.19250063826989283,0.0,50.0,20.0,1.0,0.0,0.0,0.0,-369.28932188134524,70.0,79.28932188134524,0.9238795325112867,0.0,0.3826834323650898,0.0
3.6156363487243652,-13.0,5.701309193656144,6.944253859342175,1.3244061882105431,-1.2890250465934618,-0.2655075760014689,0.0,50.0,20.0,1.0,0.0,0.0,0.0,-369.28932188134524,70.0,79.28932188134524,0.9238795325112867,0.0,0.3826834323650898,0.0
3.6459715366363525,-12.88182764775403,6.266174365077495,6.749953878566612,1.3469479220589995,-1.419195660209873,-0.24153810939762024,0.0,50.0,20.0,1.0,0.0,0.0,0.0,-369.28932188134524,70.0,79.28932188134524,0.9238795325112867,0.0,0.3826834323650898,0.0
3.676239013671875,-12.538021581744214,6.331911854091362,7.485416378422812,1.42430809441848,-1.2969392168033393,-0.17400763970928365,0.0,50.0,20.0,1.0,0.0,0.0,0.0,-369.28932188134524,70.0,79.28932188134524,0.9238795325112867,0.0,0.3826834323650898,0.0
3.706718921661377,-11.956531507720946,6.22283565667092,8.207233816870044,1.4915023879734604,-1.1290182342873154,-0.11647322619783776,0.0,50.0,20.0,1.0,0.0,0.0,0.0,-369.28932188134524,70.0,79.28932188134524,0.9238795325112867,0.0,0.3826834323650898,0.0
3.7369556427001953,-12.481771035117745,5.705429970015969,8.809988938417803,1.4147019967444092,-1.2775464713367555,-0.31288627926023804,0.0,50.0,20.0,1.0,0.0,0.0,0.0,-369.28932188134524,70.0,79.28932188134524,0.9238795325112867,0.0,0.3826834323650898,0.0
3.7681736946105957,-12.250715142425474,5.919792775163208,8.98455759684495,1.2897230159057513,-1.3559591188541087,-0.5098790685289474,0.0,50.0,20.0,1.0,0.0,0.0,0.0,-369.28932188134524,70.0,79.28932188134524,0.9238795325112867,0.0,0.3826834323650898,0.0
3.798593759536743,-12.672047934899977,5.823127919189055,8.51286933913604,1.2301304033344405,-1.4871709072756532,-0.6263872104761734,0.0,50.0,20.0,1.0,0.0,0.0,0.0,-369.28932188134524,70.0,79.28932188134524,0.9238795325112867,0.0,0.3826834323650898,0.0
3.828077554702759,-13.0,6.20397195610355,8.84230783050975,1.4241510249361715,-1.6171319742303987,-0.4522963481251682,0.0,50.0,20.0,1.0,0.0,0.0,0.0,-369.28932188134524,70.0,79.28932188134524,0.9238795325112867,0.0,0.3826834323650898,0.0
3.8587839603424072,-13.0,5.519597481073804,8.636472712524489,1.4499842069273399,-1.6832100664112422,-0.5236545238848526,0.0,50.0,20.0,1.0,0.0,0.0,0.0,-369.28932188134524,70.0,79.28932188134524,0.9238795325112867,0.0,0.3826834323650898,0.0
3.8883585929870605,-13.0,5.752075055206258,8.815874925878374,1.553238098010153,-1.6653717881587509,-0.3936293933148991,0.0,50.0,20.0,1.0,0.0,0.0,0.0,-369.28932188134524,70.0,79.28932188134524,0.9238795325112867,0.0,0.3826834323650898,0.0
3.9210758209228516,-13.0,5.152081896494329,9.164015235024422,1.3828525235099638,-1.616771248278443,-0.5676333156700052,0.0,50.0,20.0,1.0,0.0,0.0,0.0,-369.28932188134524,70.0,79.28932188134524,0.9238795325112867,0.0,0.3826834323650898,0.0
3.950998306274414,-13.0,4.378222541226381,9.43229747718367,1.2652595358120744,-1.560126226470695,-0.6831961166606116,0.0,50.0,20.0,1.0,0.0,0.0,0.0,-369.28932188134524,70.0,79.28932188134524,0.9238795325112867,0.0,0.3826834323650898,0.0
3.9802019596099854,-12.829026859385706,5.035765951595829,9.814701759728095,1.231886587657024,-1.670204452834732,-0.6898530736011275,0.0,50.0,20.0,1.0,0.0,0.0,0.0,-369.28932188134524,70.0,79.28932188134524,0.9238795325112867,0.0,0.3826834323650898,0.0
4.010485887527466,-12.644873412806279,4.898064766124267,9.214494944831879,1.4231246096893677,-1.649824766622069,-0.7482276286817194,0.0,50.0,20.0,1.0,0.0,0.0,0.0,-369.28932188134524,70.0,79.28932188134524,0.9238795325112867,0.0,0.3826834323650898,0.0
4.039480209350586,-13.0,4.501389920337287,9.009388091522286,1.227885065886284,-1.8022695450017616,-0.7944530517361776,0.0,50.0,20.0,1.0,0.0,0.0,0.0,-369.28932188134524,70.0,79.28932188134524,0.9238795325112867,0.0,0.3826834323650898,0.0
4.07193398475647,-12.453977894558658,3.7089845344586188,8.937381547209013,1.330723415217832,-1.6260955597560312,-0.6496268176695048,0.0,50.0,20.0,1.0,0.0,0.0,0.0,-369.28932188134524,70.0,79.28932188134524,0.9238795325112867,0.0,0.3826834323650898,0.0
4.1019675731658936,-12.634548243025018,4.397043608467599,8.416528908529399,1.250576846122014,-1.6844683568787415,-0.5483774319278928,0.0,50.0,20.0,1.0,0.0,0.0,0.0,-369.28932188134524,70.0,79.28932188134524,0.9238795325112867,0.0,0.3826834323650898,0.0
4.131993770599365,-12.824537068863531,4.878703934204221,7.90973897836365,1.3435213205953214,-1.7797250717768247,-0.6351948843129592,0.0,50.0,20.0,1.0,0.0,0.0,0.0,-369.28932188134524,70.0,79.28932188134524,0.9238795325112867,0.0,0.3826834323650898,0.0
4.164126396179199,-12.807830898183683,4.774112811927598,7.843817265694968,1.2925723580803905,-1.7971988182998413,-0.4787418162225597,0.0,50.0,20.0,1.0,0.0,0.0,0.0,-369.28932188134524,70.0,79.28932188134524,0.9238795325112867,0.0,0.3826834323650898,0.0
4.193384408950806,-13.0,5.2872881727461145,7.275814462511421,1.4298646041472276,-1.6150119283748527,-0.5937457497218842,0.0,50.0,20.0,1.0,0.0,0.0,0.0,-369.28932188134524,70.0,79.28932188134524,0.9238795325112867,0.0,0.3826834323650898,0.0
4.2243852615356445,-13.0,5.536722008930217,6.714282875747916,1.2740920112158005,-1.6477622369668559,-0.6318208771238577,0.0,50.0,20.0,1.0,0.0,0.0,0.0,-369.28932188134524,70.0,79.28932188134524,0.9238795325112867,0.0,0.3826834323650898,0.0
4.2549378871917725,-10.666008446117313,10.663670617563234,6.099247753598963,0.39126991861416327,0.5126703231247158,0.3591442403568239,0.0,50.0,20.0,1.0,0.0,0.0,0.0,-369.28932188134524,70.0,79.28932188134524,0.9238795325112867,0.0,0.3826834323650898,0.0
4.2846105098724365,-10.694256368577895,11.180961403805052,6.714359009728169,0.5643510702414516,0.601837221269795,0.23899391224727168,0.0,50.0,20.0,1.0,0.0,0.0,0.0,-369.28932188134524,70.0,79.28932188134524,0.9238795325112867,0.0,0.3826834323650898,0.0
4.31558895111084,-11.361744694391833,11.046997273403342,6.612283100936118,0.46391360322205855,0.7950110838042499,0.36742346873195353,0.0,50.0,20.0,1.0,0.0,0.0,0.0,-369.28932188134524,70.0,79.28932188134524,0.9238795325112867,0.0,0.3826834323650898,0.0
4.345428466796875,-10.754831513640289,10.805984984156714,7.2592189901538235,0.577702035069914,0.7578236159511951,0.41935940758821977,0.0,50.0,20.0,1.0,0.0,0.0,0.0,-369.28932188134524,70.0,79.28932188134524,0.9238795325112867,0.0,0.3826834323650898,0.0
4.375921964645386,-10.144888442522586,10.81397095169621,6.629696480483833,0.502853675388906,0.5810062207859195,0.2263072880770861,0.0,50.0,20.0,1.0,0.0,0.0,0.0,-369.28932188134524,70.0,79.28932188134524,0.9238795325112867,0.0,0.3826834323650898,0.0
4.407040119171143,-10.134780199090184,10.312688781605235,7.0282854136294715,0.4447523010761214,0.4715325092406183,0.23662151080736138,0.0,50.0,20.0,1.0,0.0,0.0,0.0,-369.28932188134524,70.0,79.28932188134524,0.9238795325112867,0.0,0.3826834323650898,0.0
4.436413288116455,-9.440322106874941,10.679799331800952,6.394370165733618,0.49672669696308497,0.562107958149262,0.39094795296593066,0.0,50.0,20.0,1.0,0.0,0.0,0.0,-369.28932188134524,70.0,79.28932188134524,0.9238795325112867,0.0,0.3826834323650898,0.0
4.468977212905884,-9.732717487578968,10.460081186013046,5.820557100946787,0.4647752345351176,0.7035547513813583,0.1985558733867619,0.0,50.0,20.0,1.0,0.0,0.0,0.0,-369.28932188134524,70.0,79.28932188134524,0.9238795325112867,0.0,0.3826834323650898,0.0
4.498488187789917,-9.351849578345833,11.041969999672421,6.526652422575808,0.36826833123587877,0.553959955642954,0.13553998323627722,0.0,50.0,20.0,1.0,0.0,0.0,0.0,-369.28932188134524,70.0,79.28932188134524,0.9238795325112867,0.0,0.3826834323650898,0.0
4.528282165527344,-9.464216167910754,11.677039447939288,7.229030794115757,0.5233557895401413,0.4926064752635646,0.11054623670841787,0.0,50.0,20.0,1.0,0.0,0.0,0.0,-369.28932188134524,70.0,79.28932188134524,0.9238795325112867,0.0,0.3826834323650898,0.0
4.558337688446045,-9.125139953667176,11.363752535487126,6.551205789775509,0.7018716100113425,0.3347623876748077,0.14808845202538903,0.0,50.0,20.0,1.0,0.0,0.0,0.0,-369.28932188134524,70.0,79.28932188134524,0.9238795325112867,0.0,0.3826834323650898,0.0
4.588688850402832,-9.823770994606999,10.74719516750488,6.678725578535104,0.5337983685731312,0.3760819585162841,0.2302433415069061,0.0,50.0,20.0,1.0,0.0,0.0,0.0,-369.28932188134524,70.0,79.28932188134524,0.9238795325112867,0.0,0.3826834323650898,0.0
4.619914531707764,-9.878113301013936,10.079341470809497,7.2948923517605255,0.6749332662837277,0.23563171427779728,0.1828391208306281,0.0,50.0,20.0,1.0,0.0,0.0,0.0,-369.28932188134524,70.0,79.28932188134524,0.9238795325112867,0.0,0.3826834323650898,0.0
4.6503987312316895,-10.035165581451208,10.17369990842598,6.758784227096224,0.8424050215744461,0.3494190125975455,0.19128538945087134,0.0,50.0,20.0,1.0,0.0,0.0,0.0,-369.28932188134524,70.0,79.28932188134524,0.9238795325112867,0.0,0.3826834323650898,0.0
4.680459260940552,-9.994326427253833,10.14485424263237,7.257523104017628,1.001282034175424,0.3659007462481512,0.3383147857798401,0.0,50.0,20.0,1.0,0.0,0.0,0.0,-369.28932188134524,70.0,79.28932188134524,0.9238795325112867,0.0,0.3826834323650898,0.0
4.727848768234253,-10.068587051439259,9.474051652704341,6.620087499785071,0.8471383942598384,0.5238051724313988,0.32019297352455023,0.0,50.0,20.0,1.0,0.0,0.0,0.0,-369.28932188134524,70.0,79.28932188134524,0.9238795325112867,0.0,0.3826834323650898,0.0
4.740455150604248,-9.797967860921315,8.967318356997387,6.101341564014694,0.6664832883214652,0.48057120589964086,0.27452806499239896,0.0,50.0,20.0,1.0,0.0,0.0,0.0,-369.28932188134524,70.0,79.28932188134524,0.9238795325112867,0.0,0.3826834323650898,0.0
4.771753787994385,-9.63799837418433,9.392298909025495,6.538040397224325,0.7501831171357831,0.31208563258850314,0.42007089192651265,0.0,50.0,20.0,1.0,0.0,0.0,0.0,-369.28932188134524,70.0,79.28932188134524,0.9238795325112867,0.0,0.3826834323650898,0.0
4.801806211471558,-10.031311000201233,10.160543605170377,6.688748155823316,0.8216747563139182,0.3763923674070286,0.23690862212420044,0.0,50.0,20.0,1.0,0.0,0.0,0.0,-369.28932188134524,70.0,79.28932188134524,0.9238795325112867,0.0,0.3826834323650898,0.0
4.831751108169556,-10.305281573251378,10.30612589424383,6.0263910037830035,0.917980834708898,0.2395822986251126,0.23366345141065756,0.0,50.0,20.0,1.0,0.0,0.0,0.0,-369.28932188134524,70.0,79.28932188134524,0.9238795325112867,0.0,0.3826834323650898,0.0
4.864289999008179,-10.1765944207914,9.712496341509116,6.042938028952951,0.908894621675999,0.17774708840624354,0.31982233026854656,0.0,50.0,20.0,1.0,0.0,0.0,0.0,-369.28932188134524,70.0,79.28932188134524,0.9238795325112867,0.0,0.3826834323650898,0.0
4.8955183029174805,-10.210933727961686,10.352523348754774,6.70889800984313,0.7316309507504434,-0.013916405182157865,0.3272687976529482,0.0,50.0,20.0,1.0,0.0,0.0,0.0,-369.28932188134524,70.0,79.28932188134524,0.9238795325112867,0.0,0.3826834323650898,0.0
4.9241814613342285,-10.808517157057421,10.460747604880131,7.040925633609574,0.678501567390842,-0.11620117413375892,0.18732816236972438,0.0,50.0,20.0,1.0,0.0,0.0,0.0,-369.28932188134524,70.0,79.28932188134524,0.9238795325112867,0.0,0.3826834323650898,0.0
4.954458236694336,-10.934663867076178,11.088636085343293,7.1642257312793065,0.7219692784704564,0.0483068667829558,0.15537844429157285,0.0,50.0,20.0,1.0,0.0,0.0,0.0,-369.28932188134524,70.0,79.28932188134524,0.9238795325112867,0.0,0.3826834323650898,0.0
4.983821630477905,-10.869620594381457,10.398445035044283,7.7566760962002865,0.7771443411005714,-0.06822013861143372,0.10635984417686387,0.0,50.0,20.0,1.0,0.0,0.0,0.0,-369.28932188134524,70.0,79.28932188134524,0.9238795325112867,0.0,0.3826834323650898,0.0
5.01647162437439,-10.819123219689256,10.39634709135202,7.9918086192401745,0.8470848820469364,0.012357478890007989,0.14805467605035125,0.0,50.0,20.0,1.0,0.0,0.0,0.0,-369.28932188134524,70.0,79.28932188134524,0.9238795325112867,0.0,0.3826834323650898,0.0
5.04552435874939,-10.9042421644798,10.185675286540615,8.046026504866234,0.7163348822103199,0.04368432138613859,0.15469129672735757,0.0,50.0,20.0,1.0,0.0,0.0,0.0,-369.28932188134524,70.0,79.28932188134524,0.9238795325112867,0.0,0.3826834323650898,0.0
5.076457262039185,-11.091892147619069,9.49817953864066,7.735758125305361,0.6879436568347258,0.18357538500963988,0.16587030031952293,0.0,50.0,20.0,1.0,0.0,0.0,0.0,-369.28932188134524,70.0,79.28932188134524,0.9238795325112867,0.0,0.3826834323650898,0.0
5.105315923690796,-10.480555650913619,10.150718816868853,7.3512974636319575,0.6414562010427494,0.37807677509350485,0.21524786220567788,0.0,50.0,20.0,1.0,0.0,0.0,0.0,-369.28932188134524,70.0,79.28932188134524,0.9238795325112867,0.0,0.3826834323650898,0.0
5.136376142501831,-9.938738771220958,10.336290217139489,6.915847401495068,0.4786280514179454,0.18796236188942048,0.17561250233882272,0.0,50.0,20.0,1.0,0.0,0.0,0.0,-369.28932188134524,70.0,79.28932188134524,0.9238795325112867,0.0,0.3826834323650898,0.0
5.168059587478638,-10.197688258553763,10.962861594269953,6.565061069283048,0.33213322156118946,0.25517704817343967,0.2973896549037759,0.0,50.0,20.0,1.0,0.0,0.0,0.0,-369.28932188134524,70.0,79.28932188134524,0.9238795325112867,0.0,0.3826834323650898,0.0
5.197584629058838,-9.97000140425248,11.363369539651378,7.239102383879827,0.38137108492813654,0.189628983675071,0.4901595870402059,0.0,50.0,20.0,1.0,0.0,0.0,0.0,-369.28932188134524,70.0,79.28932188134524,0.9238795325112867,0.0,0.3826834323650898,0.0
5.2278831005096436,-9.729460953277043,11.070850490981961,7.039960886316952,0.45519453578963076,0.2488317000886727,0.45450980372560856,0.0,50.0,20.0,1.0,0.0,0.0,0.0,-369.28932188134524,70.0,79.28932188134524,0.9238795325112867,0.0,0.3826834323650898,0.0
5.257642507553101,-10.195852102645873,10.444847334013136,7.124455133742651,0.308019375937905,0.22069790834189446,0.412089344051118,0.0,50.0,20.0,1.0,0.0,0.0,0.0,-369.28932188134524,70.0,79.28932188134524,0.9238795325112867,0.0,0.3826834323650898,0.0
5.288128137588501,-10.667471791573378,10.484084582434273,7.447893494565857,0.19835284715657686,0.3361157328730885,0.28670894816511433,0.0,50.0,20.0,1.0,0.0,0.0,0.0,-369.28932188134524,70.0,79.28932188134524,0.9238795325112867,0.0,0.3826834323650898,0.0
5.320191144943237,-10.632696369509016,10.75603975974128,7.338710923834917,0.27896002068389425,0.5080826100176195,0.2100540894078027,0.0,50.0,20.0,1.0,0.0,0.0,0.0,-369.28932188134524,70.0,79.28932188134524,0.9238795325112867,0.0,0.3826834323650898,0.0
5.350167751312256,-11.249549564700857,10.392323871210708,7.001912908884885,0.16939784795680218,0.4178854546284406,0.30143592688393994,0.0,50.0,20.0,1.0,0.0,0.0,0.0,-369.28932188134524,70.0,79.28932188134524,0.9238795325112867,0.0,0.3826834323650898,0.0
5.379618167877197,-10.615404394510213,9.808212986887469,6.832945157485732,0.036126178435729794,0.32350222314225696,0.25653849044498933,0.0,50.0,20.0,1.0,0.0,0.0,0.0,-369.28932188134524,70.0,79.28932188134524,0.9238795325112867,0.0,0.3826834323650898,0.0
5.410311222076416,-10.653543813036478,9.332040717868463,6.235200304672099,0.23447747762235477,0.24780716467890593,0.23673498540668148,0.0,50.0,20.0,1.0,0.0,0.0,0.0,-369.28932188134524,70.0,79.28932188134524,0.9238795325112867,0.0,0.3826834323650898,0.0
5.440376281738281,-11.204328463613969,9.295752392726756,5.670115720004279,0.15040767775389952,0.16791365162427363,0.3973546158349154,0.0,50.0,20.0,1.0,0.0,0.0,0.0,-369.28932188134524,70.0,79.28932188134524,0.9238795325112867,0.0,0.3826834323650898,0.0
5.471474647521973,-11.082140138986977,8.648337628637968,6.3518217735257405,0.1495947345743198,-0.02284286488836129,0.4241722948073983,0.0,50.0,20.0,1.0,0.0,0.0,0.0,-369.28932188134524,70.0,79.28932188134524,0.9238795325112867,0.0,0.3826834323650898,0.0
5.501795053482056,-10.315136039346193,9.392460644065812,6.5264935315534185,0.2881415606850366,-0.20484345961851516,0.29520720498535774,0.0,50.0,20.0,1.0,0.0,0.0,0.0,-369.28932188134524,70.0,79.28932188134524,0.9238795325112867,0.0,0.3826834323650898,0.0
5.531487941741943,-9.977523811990618,9.215458265537379,6.19763232209101,0.3774271538494066,-0.1886603232885493,0.2870489062531403,0.0,50.0,20.0,1.0,0.0,0.0,0.0,-369.28932188134524,70.0,79.28932188134524,0.9238795325112867,0.0,0.3826834323650898,0.0
5.564383029937744,-10.522602226269683,9.583877148367765,5.851080734725095,0.25729905765782884,-0.33763035620212645,0.2184097265776325,0.0,50.0,20.0,1.0,0.0,0.0,0.0,-369.28932188134524,70.0,79.28932188134524,0.9238795325112867,0.0,0.3826834323650898,0.0
5.593549728393555,-10.80815527399325,9.087457060941237,6.377603910703661,0.2593833728085875,-0.16513447957995603,0.23270254177704525,0.0,50.0,20.0,1.0,0.0,0.0,0.0,-369.28932188134524,70.0,79.28932188134524,0.9238795325112867,0.0,0.3826834323650898,0.0
5.623833179473877,-10.196356690239911,9.805910153010693,7.054064476585594,0.44905114157535236,0.025160796750286596,0.18002185434729445,0.0,50.0,20.0,1.0,0.0,0.0,0.0,-369.28932188134524,70.0,79.28932188134524,0.9238795325112867,0.0,0.3826834323650898,0.0
5.6544599533081055,-9.841580075823353,10.088299983031577,7.825314701287715,0.6463531188902346,-0.17225672130714653,0.15587331172872196,0.0,50.0,20.0,1.0,0.0,0.0,0.0,-369.28932188134524,70.0,79.28932188134524,0.9238795325112867,0.0,0.3826834323650898,0.0
5.68365216255188,-9.748217750263272,9.688843773812597,8.038337541651353,0.5151615871065542,-0.2627603159460503,0.10299589720960345,0.0,50.0,20.0,1.0,0.0,0.0,0.0,-369.28932188134524,70.0,79.28932188134524,0.9238795325112867,0.0,0.3826834323650898,0.0
5.716249704360962,-9.509243044663618,9.09945674496583,8.401729621879038,0.5823378466001066,-0.12260499891187476,0.1523318028544939,0.0,50.0,20.0,1.0,0.0,0.0,0.0,-369.28932188134524,70.0,79.28932188134524,0.9238795325112867,0.0,0.3826834323650898,0.0
5.746383190155029,-8.927536759322127,9.2536475032843,8.940449264250127,0.4087855134052558,-0.3011404594448081,-0.020754839562604238,0.0,50.0,20.0,1.0,0.0,0.0,0.0,-369.28932188134524,70.0,79.28932188134524,0.9238795325112867,0.0,0.3826834323650898,0.0
5.776620626449585,-9.509948108940065,8.803441004460405,8.538041971540675,0.5237271233601686,-0.2790177990761199,0.11324505199354948,0.0,50.0,20.0,1.0,0.0,0.0,0.0,-369.28932188134524,70.0,79.28932188134524,0.9238795325112867,0.0,0.3826834323650898,0.0
5.8055760860443115,-10.047124489512445,9.090887880838372,9.012027532307817,0.5102064963485727,-0.36175598097182127,0.13308143538173225,0.0,50.0,20.0,1.0,0.0,0.0,0.0,-369.28932188134524,70.0,79.28932188134524,0.9238795325112867,0.0,0.3826834323650898,0.0
5.835900783538818,-10.178741902502923,9.548850748492322,8.522713116577307,0.6656926498691051,-0.47389652427256324,0.22938978292160886,0.0,50.0,20.0,1.0,0.0,0.0,0.0,-369.28932188134524,70.0,79.28932188134524,0.9238795325112867,0.0,0.3826834323650898,0.0
5.867320775985718,-9.909421745985435,8.894604347784124,7.986236757494009,0.8571567468308925,-0.6212781669644775,0.3811572411731743,0.0,50.0,20.0,1.0,0.0,0.0,0.0,-369.28932188134524,70.0,79.28932188134524,0.9238795325112867,0.0,0.3826834323650898,0.0
5.8979456424713135,-9.790160769177556,8.319951448075829,8.23223838559759,0.7314298753038764,-0.5153594344116266,0.39678792328163376,0.0,50.0,20.0,1.0,0.0,0.0,0.0,-369.28932188134524,70.0,79.28932188134524,0.9238795325112867,0.0,0.3826834323650898,0.0
5.9277496337890625,-10.194568437724051,8.159107737173569,7.715416817206857,0.7614590841875182,-0.4986763099391826,0.22310320755373303,0.0,50.0,20.0,1.0,0.0,0.0,0.0,-369.28932188134524,70.0,79.28932188134524,0.9238795325112867,0.0,0.3826834323650898,0.0
5.958006858825684,-10.558285615106723,8.069139444347877,7.595410390849165,0.6122459017073317,-0.5855381477804488,0.17861939740825938,0.0,50.0,20.0,1.0,0.0,0.0,0.0,-369.28932188134524,70.0,79.28932188134524,0.9238795325112867,0.0,0.3826834323650898,0.0
5.987651586532593,-11.26446426138115,7.668643484550169,6.981247774127877,0.46614921242983015,-0.397695298619383,0.13936997758512673,0.0,50.0,20.0,1.0,0.0,0.0,0.0,-369.28932188134524,70.0,79.28932188134524,0.9238795325112867,0.0,0.3826834323650898,0.0
6.0196568965911865,-11.911433096567,8.077712448740362,6.694787071372843,0.5545461324254766,-0.41521346949255933,-0.020156486076663982,0.0,50.0,20.0,1.0,0.0,0.0,0.0,-369.28932188134524,70.0,79.28932188134524,0.9238795325112867,0.0,0.3826834323650898,0.0
6.049692153930664,-11.135111079614427,7.727781455333919,7.176396476674152,0.378247072953973,-0.3956115872059044,-0.048317923585247446,0.0,50.0,20.0,1.0,0.0,0.0,0.0,-369.28932188134524,70.0,79.28932188134524,0.9238795325112867,0.0,0.3826834323650898,0.0
6.080439329147339,-10.81386745174157,7.036807244902898,6.886499607887315,0.2508919969132377,-0.5682493631905237,-0.2168864744560871,0.0,50.0,20.0,1.0,0.0,0.0,0.0,-369.28932188134524,70.0,79.28932188134524,0.9238795325112867,0.0,0.3826834323650898,0.0
6.110136985778809,-10.92614809971663,6.733285474541281,6.187133345135241,0.436717486588729,-0.5695809105927654,-0.10035630434926696,0.0,50.0,20.0,1.0,0.0,0.0,0.0,-369.28932188134524,70.0,79.28932188134524,0.9238795325112867,0.0,0.3826834323650898,0.0
6.140005826950073,-11.227856164015204,6.943167580953244,5.997684065646721,0.49716213438483403,-0.5966125165347707,-0.08991540024568212,0.0,50.0,20.0,1.0,0.0,0.0,0.0,-369.28932188134524,70.0,79.28932188134524,0.9238795325112867,0.0,0.3826834323650898,0.0
6.172075271606445,-10.68064203330324,6.587957638408759,5.979242818281932,0.3039201610899133,-0.6103727382167204,-0.07585055090225787,0.0,50.0,20.0,1.0,0.0,0.0,0.0,-369.28932188134524,70.0,79.28932188134524,0.9238795325112867,0.0,0.3826834323650898,0.0
6.201888561248779,-10.809651003574405,6.0636387112745105,5.828657368642931,0.4532405991575291,-0.485727482154479,-0.17604883706524327,0.0,50.0,20.0,1.0,0.0,0.0,0.0,-369.28932188134524,70.0,79.28932188134524,0.9238795325112867,0.0,0.3826834323650898,0.0
6.232316255569458,-11.151098700844214,5.438723727590679,5.925063384256562,0.43584970402794493,-0.5818910815600937,-0.3014793667466382,0.0,50.0,20.0,1.0,0.0,0.0,0.0,-369.28932188134524,70.0,79.28932188134524,0.9238795325112867,0.0,0.3826834323650898,0.0
6.264966011047363,-10.385038323391267,4.8588159613530895,5.880421950481234,0.3075123220155469,-0.47448214228961294,-0.1720115081834136,0.0,50.0,20.0,1.0,0.0,0.0,0.0,-369.28932188134524,70.0,79.28932188134524,0.9238795325112867,0.0,0.3826834323650898,0.0
6.294504165649414,-10.857472866043581,5.458878293392632,6.114995849219991,0.39214839410479885,-0.3206297887296386,-0.2408557042595999,0.0,50.0,20.0,1.0,0.0,0.0,0.0,-369.28932188134524,70.0,79.28932188134524,0.9238795325112867,0.0,0.3826834323650898,0.0
6.324380874633789,-10.396326943359187,4.948104572799539,6.022174006317934,0.20674120160546947,-0.48302172899880147,-0.2505649105729011,0.0,50.0,20.0,1.0,0.0,0.0,0.0,-369.28932188134524,70.0,79.28932188134524,0.9238795325112867,0.0,0.3826834323650898,0.0
6.3547728061676025,-10.549506732601625,5.024567879501673,5.250790414768897,0.37409146814787764,-0.49410942225413323,-0.23784621096095462,0.0,50.0,20.0,1.0,0.0,0.0,0.0,-369.28932188134524,70.0,79.28932188134524,0.9238795325112867,0.0,0.3826834323650898,0.0
6.384307861328125,-10.26625221408233,5.760749597978014,5.489818962390164,0.47627529744101055,-0.437069355948163,-0.06013281480464047,0.0,50.0,20.0,1.0,0.0,0.0,0.0,-369.28932188134524,70.0,79.28932188134524,0.9238795325112867,0.0,0.3826834323650898,0.0
6.416698217391968,-10.79020703288653,6.298457216782515,4.805862579245183,0.4029033853462536,-0.36044035178269546,0.13689063689479683,0.0,50.0,20.0,1.0,0.0,0.0,0.0,-369.28932188134524,70.0,79.28932188134524,0.9238795325112867,0.0,0.3826834323650898,0.0
6.4460670948028564,-10.035772131394317,6.1172898036550025,4.3441073067529725,0.5062068038998866,-0.4708837350734766,-0.045157980328172975,0.0,50.0,20.0,1.0,0.0,0.0,0.0,-369.28932188134524,70.0,79.28932188134524,0.9238795325112867,0.0,0.3826834323650898,0.0
6.476030111312866,-10.624191189150345,5.899868610397924,4.7959051087566476,0.487017298153268,-0.5067956136745553,-0.03784430478947268,0.0,50.0,20.0,1.0,0.0,0.0,0.0,-369.28932188134524,70.0,79.28932188134524,0.9238795325112867,0.0,0.3826834323650898,0.0
6.506094455718994,-10.289996853509098,6.258321761792958,4.174494385773813,0.2892388626839343,-0.5916252852075291,-0.029113182144989563,0.0,50.0,20.0,1.0,0.0,0.0,0.0,-369.28932188134524,70.0,79.28932188134524,0.9238795325112867,0.0,0.3826834323650898,0.0
6.536708354949951,-9.53325161187442,6.635358940883742,4.237884687032118,0.15449969685097797,-0.47850201873130566,-0.029393067546860108,0.0,50.0,20.0,1.0,0.0,0.0,0.0,-369.28932188134524,70.0,79.28932188134524,0.9238795325112867,0.0,0.3826834323650898,0.0
6.568163871765137,-9.873706303364566,6.683254499761234,4.464859777895316,0.247337952580025,-0.6527386272829043,0.11859393972509352,0.0,50.0,20.0,1.0,0.0,0.0,0.0,-369.28932188134524,70.0,79.28932188134524,0.9238795325112867,0.0,0.3826834323650898,0.0
6.5986552238464355,-10.5040861607291,7.345975083958559,4.48245636621597,0.3544023505973846,-0.6577417144902391,0.12463761796371695,0.0,50.0,20.0,1.0,0.0,0.0,0.0,-369.28932188134524,70.0,79.28932188134524,0.9238795325112867,0.0,0.3826834323650898,0.0
6.628097057342529,-10.521715891547451,6.877638164685465,4.508871891690034,0.19383096011365658,-0.47160225907377235,-0.06697272805562848,0.0,50.0,20.0,1.0,0.0,0.0,0.0,-369.28932188134524,70.0,79.28932188134524,0.9238795325112867,0.0,0.3826834323650898,0.0
6.658503770828247,-10.511027536549655,6.423461969342453,4.582813566196167,0.3935468111951989,-0.6317242468004411,-0.26302284460013553,0.0,50.0,20.0,1.0,0.0,0.0,0.0,-369.28932188134524,70.0,79.28932188134524,0.9238795325112867,0.0,0.3826834323650898,0.0
6.687657594680786,-10.195748710645034,6.557700735029721,3.809322819358509,0.30311218005993357,-0.5949533964508014,-0.20661509663101196,0.0,50.0,20.0,1.0,0.0,0.0,0.0,-369.28932188134524,70.0,79.28932188134524,0.9238795325112867,0.0,0.3826834323650898,0.0
6.720105409622192,-9.530067958255177,7.186998061859938,4.438116860928046,0.34633240923260805,-0.5389377447672428,-0.3093268036137012,0.0,50.0,20.0,1.0,0.0,0.0,0.0,-369.28932188134524,70.0,79.28932188134524,0.9238795325112867,0.0,0.3826834323650898,0.0
6.74985671043396,-9.42742946530251,6.512668176989761,4.225816020807619,0.45330493645496905,-0.4828187623370856,-0.25165498745861375,0.0,50.0,20.0,1.0,0.0,0.0,0.0,-369.28932188134524,70.0,79.28932188134524,0.9238795325112867,0.0,0.3826834323650898,0.0
6.780243635177612,-9.799962306323915,6.895546460826089,3.6262473002932945,0.5451012643444273,-0.6803399282373052,-0.2733822537790538,0.0,50.0,20.0,1.0,0.0,0.0,0.0,-369.28932188134524,70.0,79.28932188134524,0.9238795325112867,0.0,0.3826834323650898,0.0
6.8103272914886475,-10.407744888679577,7.258688622557967,4.234926255365188,0.5298797301637211,-0.8144366016244764,-0.4279688381523119,0.0,50.0,20.0,1.0,0.0,0.0,0.0,-369.28932188134524,70.0,79.28932188134524,0.9238795325112867,0.0,0.3826834323650898,0.0
6.839808225631714,-9.691578587638721,6.906725148103695,4.6227523018679,0.3339127124985926,-0.9876381397628692,-0.32603930944605586,0.0,50.0,20.0,1.0,0.0,0.0,0.0,-369.28932188134524,70.0,79.28932188134524,0.9238795325112867,0.0,0.3826834323650898,0.0
6.872149705886841,-9.739834353990604,6.691240217169485,4.542814813320516,0.2816190309686446,-0.9019931082191122,-0.5007808821848297,0.0,50.0,20.0,1.0,0.0,0.0,0.0,-369.28932188134524,70.0,79.28932188134524,0.9238795325112867,0.0,0.3826834323650898,0.0
6.902423143386841,-10.446509981294875,7.016857646674374,3.8388901458279068,0.23388983990350667,-0.9983321241633836,-0.4504304375505616,0.0,50.0,20.0,1.0,0.0,0.0,0.0,-369.28932188134524,70.0,79.28932188134524,0.9238795325112867,0.0,0.3826834323650898,0.0
6.933201789855957,-10.169286859584147,7.584033865733103,4.609081347654813,0.0977748421468203,-0.8989666158299459,-0.2976576132880177,0.0,50.0,20.0,1.0,0.0,0.0,0.0,-369.28932188134524,70.0,79.28932188134524,0.9238795325112867,0.0,0.3826834323650898,0.0
6.964245319366455,-9.596378901724966,7.207503450366659,5.071880488806352,0.2893974107531765,-1.0669814857357796,-0.2996117451154421,0.0,50.0,20.0,1.0,0.0,0.0,0.0,-369.28932188134524,70.0,79.28932188134524,0.9238795325112867,0.0,0.3826834323650898,0.0
6.994960069656372,-9.711816732280173,6.87733198225182,5.629299096212709,0.15679031382239356,-0.8949995161683265,-0.2229640344844267,0.0,50.0,20.0,1.0,0.0,0.0,0.0,-369.28932188134524,70.0,79.28932188134524,0.9238795325112867,0.0,0.3826834323650898,0.0
7.024707794189453,-9.186374438556005,6.70067519270517,6.249916666983962,0.2058529802433049,-0.7128343244275928,-0.35297503197442714,0.0,50.0,20.0,1.0,0.0,0.0,0.0,-369.28932188134524,70.0,79.28932188134524,0.9238795325112867,0.0,0.3826834323650898,0.0
7.054046630859375,-9.00437218602093,7.356712692942936,6.087905874236069,0.29645742227016714,-0.7250910960197979,-0.27788529915478033,0.0,50.0,20.0,1.0,0.0,0.0,0.0,-369.28932188134524,70.0,79.28932188134524,0.9238795325112867,0.0,0.3826834323650898,0.0
7.084635019302368,-9.735924102170022,7.777775584347338,5.9351348928864445,0.1312824686312454,-0.7129425083041337,-0.18339749870477673,0.0,50.0,20.0,1.0,0.0,0.0,0.0,-369.28932188134524,70.0,79.28932188134524,0.9238795325112867,0.0,0.3826834323650898,0.0
7.115643739700317,-9.914011183319385,7.786259199566089,5.663341392210545,-0.02234734230044988,-0.6548572612782391,-0.2946493162641323,0.0,50.0,20.0,1.0,0.0,0.0,0.0,-369.28932188134524,70.0,79.28932188134524,0.9238795325112867,0.0,0.3826834323650898,0.0
7.145622253417969,-9.635978305803217,7.957588417285205,5.26285736229872,-0.007798329447466029,-0.7614788150406389,-0.1948649950049104,0.0,50.0,20.0,1.0,0.0,0.0,0.0,-369.28932188134524,70.0,79.28932188134524,0.9238795325112867,0.0,0.3826834323650898,0.0
7.1755335330963135,-10.123865257181444,8.488537016825305,4.773424034283832,0.1385776626208389,-0.6511343415524873,-0.3784506163118122,0.0,50.0,20.0,1.0,0.0,0.0,0.0,-369.28932188134524,70.0,79.28932188134524,0.9238795325112867,0.0,0.3826834323650898,0.0
7.205969572067261,-9.761310987338442,8.306734452596336,4.656683276972358,0.3361178050070618,-0.4800906096421155,-0.23618208309234362,0.0,50.0,20.0,1.0,0.0,0.0,0.0,-369.28932188134524,70.0,79.28932188134524,0.9238795325112867,0.0,0.3826834323650898,0.0
7.235795021057129,-9.567398897777563,8.546482880644783,4.9526354953144756,0.41037653695080334,-0.6197888745734046,-0.3924787592012542,0.0,50.0,20.0,1.0,0.0,0.0,0.0,-369.28932188134524,70.0,79.28932188134524,0.9238795325112867,0.0,0.3826834323650898,0.0
7.268291234970093,-9.359132182331512,8.581748302146725,4.432704625745842,0.41139058662097877,-0.5222156721047672,-0.38420534402357553,0.0,50.0,20.0,1.0,0.0,0.0,0.0,-369.28932188134524,70.0,79.28932188134524,0.9238795325112867,0.0,0.3826834323650898,0.0
7.297582387924194,-9.266963897387066,9.178079327380981,4.1138615426969904,0.5256822930397984,-0.714067388989051,-0.36368710344312455,0.0,50.0,20.0,1.0,0.0,0.0,0.0,-369.28932188134524,70.0,79.28932188134524,0.9238795325112867,0.0,0.3826834323650898,0.0
7.327944993972778,-9.22154372030736,9.5232686953616,3.8793534755913863,0.35119269622933674,-0.7159210056644948,-0.31137733911307547,0.0,50.0,20.0,1.0,0.0,0.0,0.0,-369.28932188134524,70.0,79.28932188134524,0.9238795325112867,0.0,0.3826834323650898,0.0
7.3581907749176025,-9.725659737498138,8.907269712225503,4.322809881753663,0.48342452709832645,-0.7057813529990771,-0.30595414749513594,0.0,50.0,20.0,1.0,0.0,0.0,0.0,-369.28932188134524,70.0,79.28932188134524,0.9238795325112867,0.0,0.3826834323650898,0.0
7.388686656951904,-10.502214746708617,8.36430070418404,4.924972902753491,0.6331124872782506,-0.7534993282911832,-0.45930400653669984,0.0,50.0,20.0,1.0,0.0,0.0,0.0,-369.28932188134524,70.0,79.28932188134524,0.9238795325112867,0.0,0.3826834323650898,0.0
7.420283794403076,-11.164652875106434,7.780363576971865,5.322643469512499,0.81670742386178,-0.7886523270235895,-0.615725289072134,0.0,50.0,20.0,1.0,0.0,0.0,0.0,-369.28932188134524,70.0,79.28932188134524,0.9238795325112867,0.0,0.3826834323650898,0.0
7.450585842132568,-11.41118895324746,8.450624567786331,5.252151930140513,1.0035196656748129,-0.8835764709726022,-0.739036416998941,0.0,50.0,20.0,1.0,0.0,0.0,0.0,-369.28932188134524,70.0,79.28932188134524,0.9238795325112867,0.0,0.3826834323650898,0.0
7.479853630065918,-11.16133544742352,9.063857111247538,4.8207488642653376,0.8299575884374851,-0.7144558346081868,-0.5416685066616939,0.0,50.0,20.0,1.0,0.0,0.0,0.0,-369.28932188134524,70.0,79.28932188134524,0.9238795325112867,0.0,0.3826834323650898,0.0
7.5102503299713135,-11.56292357061117,8.59513878024985,4.21251822097657,0.6828940929685355,-0.5803124156934406,-0.37429073207219565,0.0,50.0,20.0,1.0,0.0,0.0,0.0,-369.28932188134524,70.0,79.28932188134524,0.9238795325112867,0.0,0.3826834323650898,0.0
7.540313243865967,-11.120108922458073,8.52526463894748,4.651257758814223,0.5531810623102957,-0.6457789345765214,-0.31507757883687654,0.0,50.0,20.0,1.0,0.0,0.0,0.0,-369.28932188134524,70.0,79.28932188134524,0.9238795325112867,0.0,0.3826834323650898,0.0
7.572876214981079,-11.741170907686033,8.450890119808067,5.345482234296323,0.7131365577040344,-0.5155418846652169,-0.2224547625569716,0.0,50.0,20.0,1.0,0.0,0.0,0.0,-369.28932188134524,70.0,79.28932188134524,0.9238795325112867,0.0,0.3826834323650898,0.0
7.602648019790649,-11.113933536190792,7.678860548487789,5.146521389230333,0.67811057783121,-0.42782131946863783,-0.3953346656845541,0.0,50.0,20.0,1.0,0.0,0.0,0.0,-369.28932188134524,70.0,79.28932188134524,0.9238795325112867,0.0,0.3826834323650898,0.0
7.632501840591431,-10.989428205789602,7.038465104185247,4.739607604246847,0.8728211589279751,-0.3855755044602779,-0.5395394245101885,0.0,50.0,20.0,1.0,0.0,0.0,0.0,-369.28932188134524,70.0,79.28932188134524,0.9238795325112867,0.0,0.3826834323650898,0.0
7.664137601852417,-10.857247523508246,6.420598397712558,4.351541028995144,0.7555984773042699,-0.36481908307931077,-0.5379719377125318,0.0,50.0,20.0,1.0,0.0,0.0,0.0,-369.28932188134524,70.0,79.28932188134524,0.9238795325112867,0.0,0.3826834323650898,0.0
7.694202423095703,-11.450446812948915,7.080295941487543,5.013286151435406,0.754418229626431,-0.2068688887764431,-0.632528009912984,0.0,50.0,20.0,1.0,0.0,0.0,0.0,-369.28932188134524,70.0,79.28932188134524,0.9238795325112867,0.0,0.3826834323650898,0.0
7.724626779556274,-11.862512463482123,7.808419462271958,5.75177839313853,0.7734879886537259,-0.1360136715707273,-0.7586913399635203,0.0,50.0,20.0,1.0,0.0,0.0,0.0,-369.28932188134524,70.0,79.28932188134524,0.9238795325112867,0.0,0.3826834323650898,0.0
7.754223823547363,-12.3278376897274,8.568960260244037,5.2313966198655315,0.850030932063208,-0.15507980537551228,-0.8640105973121404,0.0,50.0,20.0,1.0,0.0,0.0,0.0,-369.28932188134524,70.0,79.28932188134524,0.9238795325112867,0.0,0.3826834323650898,0.0
7.7843711376190186,-12.182480762581818,8.264958499431069,4.469386737345966,1.0257799594036399,-0.2475615370921384,-0.8381069863136725,0.0,50.0,20.0,1.0,0.0,0.0,0.0,-369.28932188134524,70.0,79.28932188134524,0.9238795325112867,0.0,0.3826834323650898,0.0
7.815576791763306,-12.000967526144132,7.836056137567629,4.413558962519509,0.8367964590458715,-0.4421474315061175,-1.0266865883556004,0.0,50.0,20.0,1.0,0.0,0.0,0.0,-369.28932188134524,70.0,79.28932188134524,0.9238795325112867,0.0,0.3826834323650898,0.0
7.84588098526001,-12.760325333945795,7.820252155955854,5.155363612722058,0.961389797027683,-0.32068536398538017,-1.22165201731335,0.0,50.0,20.0,1.0,0.0,0.0,0.0,-369.28932188134524,70.0,79.28932188134524,0.9238795325112867,0.0,0.3826834323650898,0.0
7.875657558441162,-13.0,7.7626020924817025,4.91394535218661,1.1213846570874466,-0.2574639970220066,-1.2101698154658531,0.0,50.0,20.0,1.0,0.0,0.0,0.0,-369.28932188134524,70.0,79.28932188134524,0.9238795325112867,0.0,0.3826834323650898,0.0
7.9059898853302,-13.0,7.274475564469369,5.575285515103064,1.2810846338717727,-0.44951454687169645,-1.18392852025455,0.0,50.0,20.0,1.0,0.0,0.0,0.0,-369.28932188134524,70.0,79.28932188134524,0.9238795325112867,0.0,0.3826834323650898,0.0
7.935550689697266,-13.0,7.402911460455892,6.053284605199113,1.4176090760702507,-0.5656491796047747,-1.242811045683874,0.0,50.0,20.0,1.0,0.0,0.0,0.0,-369.28932188134524,70.0,79.28932188134524,0.9238795325112867,0.0,0.3826834323650898,0.0
7.9682652950286865,-12.865057768375582,7.161361087277264,6.11937198541782,1.5021449445921211,-0.47423618564432996,-1.1101512322585654,0.0,50.0,20.0,1.0,0.0,0.0,0.0,-369.28932188134524,70.0,79.28932188134524,0.9238795325112867,0.0,0.3826834323650898,0.0
7.99872612953186,-12.434188891789358,6.797677521754295,5.446567531910937,1.3133129568554116,-0.5929797487047545,-1.0406681545826637,0.0,50.0,20.0,1.0,0.0,0.0,0.0,-369.28932188134524,70.0,79.28932188134524,0.9238795325112867,0.0,0.3826834323650898,0.0
8.027718782424927,-12.161831508135423,6.5802993224322615,6.054676868479426,1.2252721386057548,-0.5701303713715287,-1.0049096061760239,0.0,50.0,20.0,1.0,0.0,0.0,0.0,-369.28932188134524,70.0,79.28932188134524,0.9238795325112867,0.0,0.3826834323650898,0.0
8.057985544204712,-12.461164357874173,6.428953413531747,6.49548961140604,1.152359995717806,-0.3760622659656934,-1.12826103730734,0.0,50.0,20.0,1.0,0.0,0.0,0.0,-369.28932188134524,70.0,79.28932188134524,0.9238795325112867,0.0,0.3826834323650898,0.0
8.088116884231567,-13.0,6.140041210596216,7.03315245270596,1.32778835234082,-0.3763620611461445,-1.142218805256626,0.0,50.0,20.0,1.0,0.0,0.0,0.0,-369.28932188134524,70.0,79.28932188134524,0.9238795325112867,0.0,0.3826834323650898,0.0
8.120081663131714,-12.329335869565057,6.568762976569393,7.4807458832796065,1.2413799048866507,-0.4279832569202674,-0.9713665335074118,0.0,50.0,20.0,1.0,0.0,0.0,0.0,-369.28932188134524,70.0,79.28932188134524,0.9238795325112867,0.0,0.3826834323650898,0.0
8.150442123413086,-12.326972142190534,5.805210075538467,7.5685000690275315,1.3272891071673363,-0.32346871304489605,-0.9916790382253828,0.0,50.0,20.0,1.0,0.0,0.0,0.0,-369.28932188134524,70.0,79.28932188134524,0.9238795325112867,0.0,0.3826834323650898,0.0
8.17975926399231,-12.173777144925301,5.778786997221304,7.352350953273671,1.4058759674111139,-0.21480939176614866,-1.0735090180889035,0.0,50.0,20.0,1.0,0.0,0.0,0.0,-369.28932188134524,70.0,79.28932188134524,0.9238795325112867,0.0,0.3826834323650898,0.0
