# Timestamp, Fx, Fy, Fz, Tx, Ty, Tz, FemurPosX, FemurPosY, FemurPosZ, FemurQuatW, FemurQuatX, FemurQuatY, FemurQuatZ, TibiaPosX, TibiaPosY, TibiaPosZ, TibiaQuatW, TibiaQuatX, TibiaQuatY, TibiaQuatZ
0.011482000350952148,-3.78446,-5.58178,2.33995,-2.26727,-3.56171,3.64246,0.73058,-0.227008,0.700719,-0.186532,0.0464836,0.981136,0.0204042,-0.0693365,-0.00149193,0.556571,0.252443,0.117083,0.956188,-0.0909307
0.03183174133300781,-3.78446,-5.58178,2.33995,-2.26727,-3.56171,3.64246,0.73058,-0.227008,0.700719,-0.186532,0.0464836,0.981136,0.0204042,-0.0693365,-0.00149193,0.556571,0.252443,0.117083,0.956188,-0.0909307
0.05063056945800781,-3.78446,-5.58178,2.33995,-2.26727,-3.56171,3.64246,0.73058,-0.227008,0.700719,-0.186532,0.0464836,0.981136,0.0204042,-0.0693365,-0.00149193,0.556571,0.252443,0.117083,0.956188,-0.0909307
0.07158970832824707,-3.78446,-5.58178,2.33995,-2.26727,-3.56171,3.64246,0.73058,-0.227008,0.700719,-0.186532,0.0464836,0.981136,0.0204042,-0.0693365,-0.00149193,0.556571,0.252443,0.117083,0.956188,-0.0909307
0.09103965759277344,-3.78446,-5.58178,2.33995,-2.26727,-3.56171,3.64246,0.73058,-0.227008,0.700719,-0.186532,0.0464836,0.981136,0.0204042,-0.0693365,-0.00149193,0.556571,0.252443,0.117083,0.956188,-0.0909307
0.11043190956115723,-3.78446,-5.58178,2.33995,-2.26727,-3.56171,3.64246,0.73058,-0.227008,0.700719,-0.186532,0.0464836,0.981136,0.0204042,-0.0693365,-0.00149193,0.556571,0.252443,0.117083,0.956188,-0.0909307
0.13111114501953125,-3.78446,-5.58178,2.33995,-2.26727,-3.56171,3.64246,0.73058,-0.227008,0.700719,-0.186532,0.0464836,0.981136,0.0204042,-0.0693365,-0.00149193,0.556571,0.252443,0.117083,0.956188,-0.0909307
0.1503746509552002,-3.78446,-5.58178,2.33995,-2.26727,-3.56171,3.64246,0.73058,-0.227008,0.700719,-0.186532,0.0464836,0.981136,0.0204042,-0.0693365,-0.00149193,0.556571,0.252443,0.117083,0.956188,-0.0909307
0.1706552505493164,-3.78446,-5.58178,2.33995,-2.26727,-3.56171,3.64246,0.73058,-0.227008,0.700719,-0.186532,0.0464836,0.981136,0.0204042,-0.0693365,-0.00149193,0.556571,0.252443,0.117083,0.956188,-0.0909307
0.19459223747253418,-3.78446,-5.58178,2.33995,-2.26727,-3.56171,3.64246,0.73058,-0.227008,0.700719,-0.186532,0.0464836,0.981136,0.0204042,-0.0693365,-0.00149193,0.556571,0.252443,0.117083,0.956188,-0.0909307
0.2113640308380127,-3.78446,-5.58178,2.33995,-2.26727,-3.56171,3.64246,0.73058,-0.227008,0.700719,-0.186532,0.0464836,0.981136,0.0204042,-0.0693365,-0.00149193,0.556571,0.252443,0.117083,0.956188,-0.0909307
0.23135900497436523,-3.78446,-5.58178,2.33995,-2.26727,-3.56171,3.64246,0.73058,-0.227008,0.700719,-0.186532,0.0464836,0.981136,0.0204042,-0.0693365,-0.00149193,0.556571,0.252443,0.117083,0.956188,-0.0909307
0.2511711120605469,-3.78446,-5.58178,2.33995,-2.26727,-3.56171,3.64246,0.73058,-0.227008,0.700719,-0.186532,0.0464836,0.981136,0.0204042,-0.0693365,-0.00149193,0.556571,0.252443,0.117083,0.956188,-0.0909307
0.27093005180358887,-3.78446,-5.58178,2.33995,-2.26727,-3.56171,3.64246,0.73058,-0.227008,0.700719,-0.186532,0.0464836,0.981136,0.0204042,-0.0693365,-0.00149193,0.556571,0.252443,0.117083,0.956188,-0.0909307
0.2906832695007324,-3.78446,-5.58178,2.33995,-2.26727,-3.56171,3.64246,0.73058,-0.227008,0.700719,-0.186532,0.0464836,0.981136,0.0204042,-0.0693365,-0.00149193,0.556571,0.252443,0.117083,0.956188,-0.0909307
0.31209254264831543,-3.78446,-5.58178,2.33995,-2.26727,-3.56171,3.64246,0.73058,-0.227008,0.700719,-0.186532,0.0464836,0.981136,0.0204042,-0.0693365,-0.00149193,0.556571,0.252443,0.117083,0.956188,-0.0909307
0.3309030532836914,-3.78446,-5.58178,2.33995,-2.26727,-3.56171,3.64246,0.73058,-0.227008,0.700719,-0.186532,0.0464836,0.981136,0.0204042,-0.0693365,-0.00149193,0.556571,0.252443,0.117083,0.956188,-0.0909307
0.35085010528564453,-3.78446,-5.58178,2.33995,-2.26727,-3.56171,3.64246,0.73058,-0.227008,0.700719,-0.186532,0.0464836,0.981136,0.0204042,-0.0693365,-0.00149193,0.556571,0.252443,0.117083,0.956188,-0.0909307
0.3716261386871338,-3.78446,-5.58178,2.33995,-2.26727,-3.56171,3.64246,0.73058,-0.227008,0.700719,-0.186532,0.0464836,0.981136,0.0204042,-0.0693365,-0.00149193,0.556571,0.252443,0.117083,0.956188,-0.0909307
0.39128589630126953,-3.78446,-5.58178,2.33995,-2.26727,-3.56171,3.64246,0.73058,-0.227008,0.700719,-0.186532,0.0464836,0.981136,0.0204042,-0.0693365,-0.00149193,0.556571,0.252443,0.117083,0.956188,-0.0909307
0.41074705123901367,-3.78446,-5.58178,2.33995,-2.26727,-3.56171,3.64246,0.73058,-0.227008,0.700719,-0.186532,0.0464836,0.981136,0.0204042,-0.0693365,-0.00149193,0.556571,0.252443,0.117083,0.956188,-0.0909307
0.4314606189727783,-3.78446,-5.58178,2.33995,-2.26727,-3.56171,3.64246,0.73058,-0.227008,0.700719,-0.186532,0.0464836,0.981136,0.0204042,-0.0693365,-0.00149193,0.556571,0.252443,0.117083,0.956188,-0.0909307
0.4508852958679199,-3.78446,-5.58178,2.33995,-2.26727,-3.56171,3.64246,0.73058,-0.227008,0.700719,-0.186532,0.0464836,0.981136,0.0204042,-0.0693365,-0.00149193,0.556571,0.252443,0.117083,0.956188,-0.0909307
0.47140932083129883,-3.78446,-5.58178,2.33995,-2.26727,-3.56171,3.64246,0.73058,-0.227008,0.700719,-0.186532,0.0464836,0.981136,0.0204042,-0.0693365,-0.00149193,0.556571,0.252443,0.117083,0.956188,-0.0909307
0.4909632205963135,-3.78446,-5.58178,2.33995,-2.26727,-3.56171,3.64246,0.73058,-0.227008,0.700719,-0.186532,0.0464836,0.981136,0.0204042,-0.0693365,-0.00149193,0.556571,0.252443,0.117083,0.956188,-0.0909307
0.5112147331237793,-3.78446,-5.58178,2.33995,-2.26727,-3.56171,3.64246,0.73058,-0.227008,0.700719,-0.186532,0.0464836,0.981136,0.0204042,-0.0693365,-0.00149193,0.556571,0.252443,0.117083,0.956188,-0.0909307
0.5315937995910645,-3.78446,-5.58178,2.33995,-2.26727,-3.56171,3.64246,0.73058,-0.227008,0.700719,-0.186532,0.0464836,0.981136,0.0204042,-0.0693365,-0.00149193,0.556571,0.252443,0.117083,0.956188,-0.0909307
0.552034854888916,-3.78446,-5.58178,2.33995,-2.26727,-3.56171,3.64246,0.73058,-0.227008,0.700719,-0.186532,0.0464836,0.981136,0.0204042,-0.0693365,-0.00149193,0.556571,0.252443,0.117083,0.956188,-0.0909307
0.5709998607635498,-3.78446,-5.58178,2.33995,-2.26727,-3.56171,3.64246,0.73058,-0.227008,0.700719,-0.186532,0.0464836,0.981136,0.0204042,-0.0693365,-0.00149193,0.556571,0.252443,0.117083,0.956188,-0.0909307
0.5915100574493408,-3.78446,-5.58178,2.33995,-2.26727,-3.56171,3.64246,0.73058,-0.227008,0.700719,-0.186532,0.0464836,0.981136,0.0204042,-0.0693365,-0.00149193,0.556571,0.252443,0.117083,0.956188,-0.0909307
0.6113255023956299,-3.78446,-5.58178,2.33995,-2.26727,-3.56171,3.64246,0.73058,-0.227008,0.700719,-0.186532,0.0464836,0.981136,0.0204042,-0.0693365,-0.00149193,0.556571,0.252443,0.117083,0.956188,-0.0909307
0.6313176155090332,-3.78446,-5.58178,2.33995,-2.26727,-3.56171,3.64246,0.73058,-0.227008,0.700719,-0.186532,0.0464836,0.981136,0.0204042,-0.0693365,-0.00149193,0.556571,0.252443,0.117083,0.956188,-0.0909307
0.6509866714477539,-3.78446,-5.58178,2.33995,-2.26727,-3.56171,3.64246,0.73058,-0.227008,0.700719,-0.186532,0.0464836,0.981136,0.0204042,-0.0693365,-0.00149193,0.556571,0.252443,0.117083,0.956188,-0.0909307
0.6710052490234375,-3.78446,-5.58178,2.33995,-2.26727,-3.56171,3.64246,0.73058,-0.227008,0.700719,-0.186532,0.0464836,0.981136,0.0204042,-0.0693365,-0.00149193,0.556571,0.252443,0.117083,0.956188,-0.0909307
0.6909427642822266,-3.78446,-5.58178,2.33995,-2.26727,-3.56171,3.64246,0.73058,-0.227008,0.700719,-0.186532,0.0464836,0.981136,0.0204042,-0.0693365,-0.00149193,0.556571,0.252443,0.117083,0.956188,-0.0909307
0.7123286724090576,-3.78446,-5.58178,2.33995,-2.26727,-3.56171,3.64246,0.73058,-0.227008,0.700719,-0.186532,0.0464836,0.981136,0.0204042,-0.0693365,-0.00149193,0.556571,0.252443,0.117083,0.956188,-0.0909307
0.7328500747680664,-3.78446,-5.58178,2.33995,-2.26727,-3.56171,3.64246,0.73058,-0.227008,0.700719,-0.186532,0.0464836,0.981136,0.0204042,-0.0693365,-0.00149193,0.556571,0.252443,0.117083,0.956188,-0.0909307
0.7511179447174072,-3.78446,-5.58178,2.33995,-2.26727,-3.56171,3.64246,0.73058,-0.227008,0.700719,-0.186532,0.0464836,0.981136,0.0204042,-0.0693365,-0.00149193,0.556571,0.252443,0.117083,0.956188,-0.0909307
0.7723090648651123,-3.78446,-5.58178,2.33995,-2.26727,-3.56171,3.64246,0.73058,-0.227008,0.700719,-0.186532,0.0464836,0.981136,0.0204042,-0.0693365,-0.00149193,0.556571,0.252443,0.117083,0.956188,-0.0909307
0.7920713424682617,-3.78446,-5.58178,2.33995,-2.26727,-3.56171,3.64246,0.73058,-0.227008,0.700719,-0.186532,0.0464836,0.981136,0.0204042,-0.0693365,-0.00149193,0.556571,0.252443,0.117083,0.956188,-0.0909307
0.811903715133667,-3.78446,-5.58178,2.33995,-2.26727,-3.56171,3.64246,0.73058,-0.227008,0.700719,-0.186532,0.0464836,0.981136,0.0204042,-0.0693365,-0.00149193,0.556571,0.252443,0.117083,0.956188,-0.0909307
0.8312973976135254,-3.78446,-5.58178,2.33995,-2.26727,-3.56171,3.64246,0.73058,-0.227008,0.700719,-0.186532,0.0464836,0.981136,0.0204042,-0.0693365,-0.00149193,0.556571,0.252443,0.117083,0.956188,-0.0909307
0.8517062664031982,-3.78446,-5.58178,2.33995,-2.26727,-3.56171,3.64246,0.73058,-0.227008,0.700719,-0.186532,0.0464836,0.981136,0.0204042,-0.0693365,-0.00149193,0.556571,0.252443,0.117083,0.956188,-0.0909307
0.8735044002532959,-3.78446,-5.58178,2.33995,-2.26727,-3.56171,3.64246,0.73058,-0.227008,0.700719,-0.186532,0.0464836,0.981136,0.0204042,-0.0693365,-0.00149193,0.556571,0.252443,0.117083,0.956188,-0.0909307
0.8915627002716064,-3.78446,-5.58178,2.33995,-2.26727,-3.56171,3.64246,0.73058,-0.227008,0.700719,-0.186532,0.0464836,0.981136,0.0204042,-0.0693365,-0.00149193,0.556571,0.252443,0.117083,0.956188,-0.0909307
0.9116706848144531,-3.78446,-5.58178,2.33995,-2.26727,-3.56171,3.64246,0.73058,-0.227008,0.700719,-0.186532,0.0464836,0.981136,0.0204042,-0.0693365,-0.00149193,0.556571,0.252443,0.117083,0.956188,-0.0909307
0.931530237197876,-3.78446,-5.58178,2.33995,-2.26727,-3.56171,3.64246,0.73058,-0.227008,0.700719,-0.186532,0.0464836,0.981136,0.0204042,-0.0693365,-0.00149193,0.556571,0.252443,0.117083,0.956188,-0.0909307
0.9518740177154541,-3.78446,-5.58178,2.33995,-2.26727,-3.56171,3.64246,0.73058,-0.227008,0.700719,-0.186532,0.0464836,0.981136,0.0204042,-0.0693365,-0.00149193,0.556571,0.252443,0.117083,0.956188,-0.0909307
0.9716877937316895,-3.78446,-5.58178,2.33995,-2.26727,-3.56171,3.64246,0.73058,-0.227008,0.700719,-0.186532,0.0464836,0.981136,0.0204042,-0.0693365,-0.00149193,0.556571,0.252443,0.117083,0.956188,-0.0909307
0.9916839599609375,-3.78446,-5.58178,2.33995,-2.26727,-3.56171,3.64246,0.73058,-0.227008,0.700719,-0.186532,0.0464836,0.981136,0.0204042,-0.0693365,-0.00149193,0.556571,0.252443,0.117083,0.956188,-0.0909307
1.010507345199585,-3.78446,-5.58178,2.33995,-2.26727,-3.56171,3.64246,0.73058,-0.227008,0.700719,-0.186532,0.0464836,0.981136,0.0204042,-0.0693365,-0.00149193,0.556571,0.252443,0.117083,0.956188,-0.0909307
1.0315730571746826,-3.78446,-5.58178,2.33995,-2.26727,-3.56171,3.64246,0.73058,-0.227008,0.700719,-0.186532,0.0464836,0.981136,0.0204042,-0.0693365,-0.00149193,0.556571,0.252443,0.117083,0.956188,-0.0909307
1.0512611865997314,-3.78446,-5.58178,2.33995,-2.26727,-3.56171,3.64246,0.73058,-0.227008,0.700719,-0.186532,0.0464836,0.981136,0.0204042,-0.0693365,-0.00149193,0.556571,0.252443,0.117083,0.956188,-0.0909307
1.0715994834899902,-3.78446,-5.58178,2.33995,-2.26727,-3.56171,3.64246,0.73058,-0.227008,0.700719,-0.186532,0.0464836,0.981136,0.0204042,-0.0693365,-0.00149193,0.556571,0.252443,0.117083,0.956188,-0.0909307
1.091703176498413,-3.78446,-5.58178,2.33995,-2.26727,-3.56171,3.64246,0.73058,-0.227008,0.700719,-0.186532,0.0464836,0.981136,0.0204042,-0.0693365,-0.00149193,0.556571,0.252443,0.117083,0.956188,-0.0909307
1.1117150783538818,-3.78446,-5.58178,2.33995,-2.26727,-3.56171,3.64246,0.73058,-0.227008,0.700719,-0.186532,0.0464836,0.981136,0.0204042,-0.0693365,-0.00149193,0.556571,0.252443,0.117083,0.956188,-0.0909307
1.13157057762146,-3.78446,-5.58178,2.33995,-2.26727,-3.56171,3.64246,0.73058,-0.227008,0.700719,-0.186532,0.0464836,0.981136,0.0204042,-0.0693365,-0.00149193,0.556571,0.252443,0.117083,0.956188,-0.0909307
1.1517274379730225,-3.78446,-5.58178,2.33995,-2.26727,-3.56171,3.64246,0.73058,-0.227008,0.700719,-0.186532,0.0464836,0.981136,0.0204042,-0.0693365,-0.00149193,0.556571,0.252443,0.117083,0.956188,-0.0909307
1.171476125717163,-3.78446,-5.58178,2.33995,-2.26727,-3.56171,3.64246,0.73058,-0.227008,0.700719,-0.186532,0.0464836,0.981136,0.0204042,-0.0693365,-0.00149193,0.556571,0.252443,0.117083,0.956188,-0.0909307
1.1918854713439941,-3.78446,-5.58178,2.33995,-2.26727,-3.56171,3.64246,0.73058,-0.227008,0.700719,-0.186532,0.0464836,0.981136,0.0204042,-0.0693365,-0.00149193,0.556571,0.252443,0.117083,0.956188,-0.0909307
1.211792230606079,-3.78446,-5.58178,2.33995,-2.26727,-3.56171,3.64246,0.73058,-0.227008,0.700719,-0.186532,0.0464836,0.981136,0.0204042,-0.0693365,-0.00149193,0.556571,0.252443,0.117083,0.956188,-0.0909307
1.2309072017669678,-3.78446,-5.58178,2.33995,-2.26727,-3.56171,3.64246,0.73058,-0.227008,0.700719,-0.186532,0.0464836,0.981136,0.0204042,-0.0693365,-0.00149193,0.556571,0.252443,0.117083,0.956188,-0.0909307
1.2517244815826416,-3.78446,-5.58178,2.33995,-2.26727,-3.56171,3.64246,0.73058,-0.227008,0.700719,-0.186532,0.0464836,0.981136,0.0204042,-0.0693365,-0.00149193,0.556571,0.252443,0.117083,0.956188,-0.0909307
1.271817922592163,-3.78446,-5.58178,2.33995,-2.26727,-3.56171,3.64246,0.73058,-0.227008,0.700719,-0.186532,0.0464836,0.981136,0.0204042,-0.0693365,-0.00149193,0.556571,0.252443,0.117083,0.956188,-0.0909307
1.291841745376587,-3.78446,-5.58178,2.33995,-2.26727,-3.56171,3.64246,0.73058,-0.227008,0.700719,-0.186532,0.0464836,0.981136,0.0204042,-0.0693365,-0.00149193,0.556571,0.252443,0.117083,0.956188,-0.0909307
1.3109052181243896,-3.78446,-5.58178,2.33995,-2.26727,-3.56171,3.64246,0.73058,-0.227008,0.700719,-0.186532,0.0464836,0.981136,0.0204042,-0.0693365,-0.00149193,0.556571,0.252443,0.117083,0.956188,-0.0909307
1.3318562507629395,-3.78446,-5.58178,2.33995,-2.26727,-3.56171,3.64246,0.73058,-0.227008,0.700719,-0.186532,0.0464836,0.981136,0.0204042,-0.0693365,-0.00149193,0.556571,0.252443,0.117083,0.956188,-0.0909307
1.350827693939209,-3.78446,-5.58178,2.33995,-2.26727,-3.56171,3.64246,0.73058,-0.227008,0.700719,-0.186532,0.0464836,0.981136,0.0204042,-0.0693365,-0.00149193,0.556571,0.252443,0.117083,0.956188,-0.0909307
1.3715059757232666,-3.78446,-5.58178,2.33995,-2.26727,-3.56171,3.64246,0.73058,-0.227008,0.700719,-0.186532,0.0464836,0.981136,0.0204042,-0.0693365,-0.00149193,0.556571,0.252443,0.117083,0.956188,-0.0909307
1.3912677764892578,-3.78446,-5.58178,2.33995,-2.26727,-3.56171,3.64246,0.73058,-0.227008,0.700719,-0.186532,0.0464836,0.981136,0.0204042,-0.0693365,-0.00149193,0.556571,0.252443,0.117083,0.956188,-0.0909307
1.410881757736206,-3.78446,-5.58178,2.33995,-2.26727,-3.56171,3.64246,0.73058,-0.227008,0.700719,-0.186532,0.0464836,0.981136,0.0204042,-0.0693365,-0.00149193,0.556571,0.252443,0.117083,0.956188,-0.0909307
1.4304611682891846,-3.78446,-5.58178,2.33995,-2.26727,-3.56171,3.64246,0.73058,-0.227008,0.700719,-0.186532,0.0464836,0.981136,0.0204042,-0.0693365,-0.00149193,0.556571,0.252443,0.117083,0.956188,-0.0909307
1.4514901638031006,-3.78446,-5.58178,2.33995,-2.26727,-3.56171,3.64246,0.73058,-0.227008,0.700719,-0.186532,0.0464836,0.981136,0.0204042,-0.0693365,-0.00149193,0.556571,0.252443,0.117083,0.956188,-0.0909307
1.471017837524414,-3.78446,-5.58178,2.33995,-2.26727,-3.56171,3.64246,0.73058,-0.227008,0.700719,-0.186532,0.0464836,0.981136,0.0204042,-0.0693365,-0.00149193,0.556571,0.252443,0.117083,0.956188,-0.0909307
1.4904789924621582,-3.78446,-5.58178,2.33995,-2.26727,-3.56171,3.64246,0.73058,-0.227008,0.700719,-0.186532,0.0464836,0.981136,0.0204042,-0.0693365,-0.00149193,0.556571,0.252443,0.117083,0.956188,-0.0909307
1.5109915733337402,-3.78446,-5.58178,2.33995,-2.26727,-3.56171,3.64246,0.73058,-0.227008,0.700719,-0.186532,0.0464836,0.981136,0.0204042,-0.0693365,-0.00149193,0.556571,0.252443,0.117083,0.956188,-0.0909307
1.5304851531982422,-3.78446,-5.58178,2.33995,-2.26727,-3.56171,3.64246,0.73058,-0.227008,0.700719,-0.186532,0.0464836,0.981136,0.0204042,-0.0693365,-0.00149193,0.556571,0.252443,0.117083,0.956188,-0.0909307
1.5508553981781006,-3.78446,-5.58178,2.33995,-2.26727,-3.56171,3.64246,0.73058,-0.227008,0.700719,-0.186532,0.0464836,0.981136,0.0204042,-0.0693365,-0.00149193,0.556571,0.252443,0.117083,0.956188,-0.0909307
1.5713074207305908,-3.78446,-5.58178,2.33995,-2.26727,-3.56171,3.64246,0.73058,-0.227008,0.700719,-0.186532,0.0464836,0.981136,0.0204042,-0.0693365,-0.00149193,0.556571,0.252443,0.117083,0.956188,-0.0909307
1.5908164978027344,-3.78446,-5.58178,2.33995,-2.26727,-3.56171,3.64246,0.73058,-0.227008,0.700719,-0.186532,0.0464836,0.981136,0.0204042,-0.0693365,-0.00149193,0.556571,0.252443,0.117083,0.956188,-0.0909307
1.610966682434082,-3.78446,-5.58178,2.33995,-2.26727,-3.56171,3.64246,0.73058,-0.227008,0.700719,-0.186532,0.0464836,0.981136,0.0204042,-0.0693365,-0.00149193,0.556571,0.252443,0.117083,0.956188,-0.0909307
1.6305601596832275,-3.78446,-5.58178,2.33995,-2.26727,-3.56171,3.64246,0.73058,-0.227008,0.700719,-0.186532,0.0464836,0.981136,0.0204042,-0.0693365,-0.00149193,0.556571,0.252443,0.117083,0.956188,-0.0909307
1.650801420211792,-3.78446,-5.58178,2.33995,-2.26727,-3.56171,3.64246,0.73058,-0.227008,0.700719,-0.186532,0.0464836,0.981136,0.0204042,-0.0693365,-0.00149193,0.556571,0.252443,0.117083,0.956188,-0.0909307
1.6716763973236084,-3.78446,-5.58178,2.33995,-2.26727,-3.56171,3.64246,0.73058,-0.227008,0.700719,-0.186532,0.0464836,0.981136,0.0204042,-0.0693365,-0.00149193,0.556571,0.252443,0.117083,0.956188,-0.0909307
1.6912074089050293,-3.78446,-5.58178,2.33995,-2.26727,-3.56171,3.64246,0.73058,-0.227008,0.700719,-0.186532,0.0464836,0.981136,0.0204042,-0.0693365,-0.00149193,0.556571,0.252443,0.117083,0.956188,-0.0909307
1.710789442062378,-3.78446,-5.58178,2.33995,-2.26727,-3.56171,3.64246,0.73058,-0.227008,0.700719,-0.186532,0.0464836,0.981136,0.0204042,-0.0693365,-0.00149193,0.556571,0.252443,0.117083,0.956188,-0.0909307
1.7313151359558105,-3.78446,-5.58178,2.33995,-2.26727,-3.56171,3.64246,0.73058,-0.227008,0.700719,-0.186532,0.0464836,0.981136,0.0204042,-0.0693365,-0.00149193,0.556571,0.252443,0.117083,0.956188,-0.0909307
1.7509469985961914,-3.78446,-5.58178,2.33995,-2.26727,-3.56171,3.64246,0.73058,-0.227008,0.700719,-0.186532,0.0464836,0.981136,0.0204042,-0.0693365,-0.00149193,0.556571,0.252443,0.117083,0.956188,-0.0909307
1.7712054252624512,-3.78446,-5.58178,2.33995,-2.26727,-3.56171,3.64246,0.73058,-0.227008,0.700719,-0.186532,0.0464836,0.981136,0.0204042,-0.0693365,-0.00149193,0.556571,0.252443,0.117083,0.956188,-0.0909307
1.790311574935913,-3.78446,-5.58178,2.33995,-2.26727,-3.56171,3.64246,0.73058,-0.227008,0.700719,-0.186532,0.0464836,0.981136,0.0204042,-0.0693365,-0.00149193,0.556571,0.252443,0.117083,0.956188,-0.0909307
1.8106160163879395,-3.78446,-5.58178,2.33995,-2.26727,-3.56171,3.64246,0.73058,-0.227008,0.700719,-0.186532,0.0464836,0.981136,0.0204042,-0.0693365,-0.00149193,0.556571,0.252443,0.117083,0.956188,-0.0909307
1.8309731483459473,-3.78446,-5.58178,2.33995,-2.26727,-3.56171,3.64246,0.73058,-0.227008,0.700719,-0.186532,0.0464836,0.981136,0.0204042,-0.0693365,-0.00149193,0.556571,0.252443,0.117083,0.956188,-0.0909307
1.8502728939056396,-3.78446,-5.58178,2.33995,-2.26727,-3.56171,3.64246,0.73058,-0.227008,0.700719,-0.186532,0.0464836,0.981136,0.0204042,-0.0693365,-0.00149193,0.556571,0.252443,0.117083,0.956188,-0.0909307
1.870652437210083,-3.78446,-5.58178,2.33995,-2.26727,-3.56171,3.64246,0.73058,-0.227008,0.700719,-0.186532,0.0464836,0.981136,0.0204042,-0.0693365,-0.00149193,0.556571,0.252443,0.117083,0.956188,-0.0909307
1.890864372253418,-3.78446,-5.58178,2.33995,-2.26727,-3.56171,3.64246,0.73058,-0.227008,0.700719,-0.186532,0.0464836,0.981136,0.0204042,-0.0693365,-0.00149193,0.556571,0.252443,0.117083,0.956188,-0.0909307
1.9111950397491455,-3.78446,-5.58178,2.33995,-2.26727,-3.56171,3.64246,0.73058,-0.227008,0.700719,-0.186532,0.0464836,0.981136,0.0204042,-0.0693365,-0.00149193,0.556571,0.252443,0.117083,0.956188,-0.0909307
1.930701732635498,-3.78446,-5.58178,2.33995,-2.26727,-3.56171,3.64246,0.73058,-0.227008,0.700719,-0.186532,0.0464836,0.981136,0.0204042,-0.0693365,-0.00149193,0.556571,0.252443,0.117083,0.956188,-0.0909307
1.9511001110076904,-3.78446,-5.58178,2.33995,-2.26727,-3.56171,3.64246,0.73058,-0.227008,0.700719,-0.186532,0.0464836,0.981136,0.0204042,-0.0693365,-0.00149193,0.556571,0.252443,0.117083,0.956188,-0.0909307
1.970397710800171,-3.78446,-5.58178,2.33995,-2.26727,-3.56171,3.64246,0.73058,-0.227008,0.700719,-0.186532,0.0464836,0.981136,0.0204042,-0.0693365,-0.00149193,0.556571,0.252443,0.117083,0.956188,-0.0909307
1.9907407760620117,-3.78446,-5.58178,2.33995,-2.26727,-3.56171,3.64246,0.73058,-0.227008,0.700719,-0.186532,0.0464836,0.981136,0.0204042,-0.0693365,-0.00149193,0.556571,0.252443,0.117083,0.956188,-0.0909307
2.0110576152801514,-3.78446,-5.58178,2.33995,-2.26727,-3.56171,3.64246,0.73058,-0.227008,0.700719,-0.186532,0.0464836,0.981136,0.0204042,-0.0693365,-0.00149193,0.556571,0.252443,0.117083,0.956188,-0.0909307
2.0303962230682373,-3.78446,-5.58178,2.33995,-2.26727,-3.56171,3.64246,0.73058,-0.227008,0.700719,-0.186532,0.0464836,0.981136,0.0204042,-0.0693365,-0.00149193,0.556571,0.252443,0.117083,0.956188,-0.0909307
2.050755023956299,-3.78446,-5.58178,2.33995,-2.26727,-3.56171,3.64246,0.73058,-0.227008,0.700719,-0.186532,0.0464836,0.981136,0.0204042,-0.0693365,-0.00149193,0.556571,0.252443,0.117083,0.956188,-0.0909307
2.0705008506774902,-3.78446,-5.58178,2.33995,-2.26727,-3.56171,3.64246,0.73058,-0.227008,0.700719,-0.186532,0.0464836,0.981136,0.0204042,-0.0693365,-0.00149193,0.556571,0.252443,0.117083,0.956188,-0.0909307
2.0911576747894287,-3.78446,-5.58178,2.33995,-2.26727,-3.56171,3.64246,0.73058,-0.227008,0.700719,-0.186532,0.0464836,0.981136,0.0204042,-0.0693365,-0.00149193,0.556571,0.252443,0.117083,0.956188,-0.0909307
2.1109180450439453,-3.78446,-5.58178,2.33995,-2.26727,-3.56171,3.64246,0.73058,-0.227008,0.700719,-0.186532,0.0464836,0.981136,0.0204042,-0.0693365,-0.00149193,0.556571,0.252443,0.117083,0.956188,-0.0909307
2.130319118499756,-3.78446,-5.58178,2.33995,-2.26727,-3.56171,3.64246,0.73058,-0.227008,0.700719,-0.186532,0.0464836,0.981136,0.0204042,-0.0693365,-0.00149193,0.556571,0.252443,0.117083,0.956188,-0.0909307
2.1507046222686768,-3.78446,-5.58178,2.33995,-2.26727,-3.56171,3.64246,0.73058,-0.227008,0.700719,-0.186532,0.0464836,0.981136,0.0204042,-0.0693365,-0.00149193,0.556571,0.252443,0.117083,0.956188,-0.0909307
2.1712634563446045,-3.78446,-5.58178,2.33995,-2.26727,-3.56171,3.64246,0.73058,-0.227008,0.700719,-0.186532,0.0464836,0.981136,0.0204042,-0.0693365,-0.00149193,0.556571,0.252443,0.117083,0.956188,-0.0909307
2.1905677318573,-3.78446,-5.58178,2.33995,-2.26727,-3.56171,3.64246,0.73058,-0.227008,0.700719,-0.186532,0.0464836,0.981136,0.0204042,-0.0693365,-0.00149193,0.556571,0.252443,0.117083,0.956188,-0.0909307
2.213569402694702,-3.78446,-5.58178,2.33995,-2.26727,-3.56171,3.64246,0.73058,-0.227008,0.700719,-0.186532,0.0464836,0.981136,0.0204042,-0.0693365,-0.00149193,0.556571,0.252443,0.117083,0.956188,-0.0909307
2.231633186340332,-3.78446,-5.58178,2.33995,-2.26727,-3.56171,3.64246,0.73058,-0.227008,0.700719,-0.186532,0.0464836,0.981136,0.0204042,-0.0693365,-0.00149193,0.556571,0.252443,0.117083,0.956188,-0.0909307
2.2510879039764404,-3.78446,-5.58178,2.33995,-2.26727,-3.56171,3.64246,0.73058,-0.227008,0.700719,-0.186532,0.0464836,0.981136,0.0204042,-0.0693365,-0.00149193,0.556571,0.252443,0.117083,0.956188,-0.0909307
2.2706003189086914,-3.78446,-5.58178,2.33995,-2.26727,-3.56171,3.64246,0.73058,-0.227008,0.700719,-0.186532,0.0464836,0.981136,0.0204042,-0.0693365,-0.00149193,0.556571,0.252443,0.117083,0.956188,-0.0909307
2.2910327911376953,-3.78446,-5.58178,2.33995,-2.26727,-3.56171,3.64246,0.73058,-0.227008,0.700719,-0.186532,0.0464836,0.981136,0.0204042,-0.0693365,-0.00149193,0.556571,0.252443,0.117083,0.956188,-0.0909307
2.310559034347534,-3.78446,-5.58178,2.33995,-2.26727,-3.56171,3.64246,0.73058,-0.227008,0.700719,-0.186532,0.0464836,0.981136,0.0204042,-0.0693365,-0.00149193,0.556571,0.252443,0.117083,0.956188,-0.0909307
2.3312737941741943,-3.78446,-5.58178,2.33995,-2.26727,-3.56171,3.64246,0.73058,-0.227008,0.700719,-0.186532,0.0464836,0.981136,0.0204042,-0.0693365,-0.00149193,0.556571,0.252443,0.117083,0.956188,-0.0909307
2.351052761077881,-3.78446,-5.58178,2.33995,-2.26727,-3.56171,3.64246,0.73058,-0.227008,0.700719,-0.186532,0.0464836,0.981136,0.0204042,-0.0693365,-0.00149193,0.556571,0.252443,0.117083,0.956188,-0.0909307
2.37070631980896,-3.78446,-5.58178,2.33995,-2.26727,-3.56171,3.64246,0.73058,-0.227008,0.700719,-0.186532,0.0464836,0.981136,0.0204042,-0.0693365,-0.00149193,0.556571,0.252443,0.117083,0.956188,-0.0909307
2.3912765979766846,-3.78446,-5.58178,2.33995,-2.26727,-3.56171,3.64246,0.73058,-0.227008,0.700719,-0.186532,0.0464836,0.981136,0.0204042,-0.0693365,-0.00149193,0.556571,0.252443,0.117083,0.956188,-0.0909307
2.4107871055603027,-3.78446,-5.58178,2.33995,-2.26727,-3.56171,3.64246,0.73058,-0.227008,0.700719,-0.186532,0.0464836,0.981136,0.0204042,-0.0693365,-0.00149193,0.556571,0.252443,0.117083,0.956188,-0.0909307
2.431276321411133,-3.78446,-5.58178,2.33995,-2.26727,-3.56171,3.64246,0.73058,-0.227008,0.700719,-0.186532,0.0464836,0.981136,0.0204042,-0.0693365,-0.00149193,0.556571,0.252443,0.117083,0.956188,-0.0909307
2.4504809379577637,-3.78446,-5.58178,2.33995,-2.26727,-3.56171,3.64246,0.73058,-0.227008,0.700719,-0.186532,0.0464836,0.981136,0.0204042,-0.0693365,-0.00149193,0.556571,0.252443,0.117083,0.956188,-0.0909307
2.470916986465454,-3.78446,-5.58178,2.33995,-2.26727,-3.56171,3.64246,0.73058,-0.227008,0.700719,-0.186532,0.0464836,0.981136,0.0204042,-0.0693365,-0.00149193,0.556571,0.252443,0.117083,0.956188,-0.0909307
2.490145683288574,-3.78446,-5.58178,2.33995,-2.26727,-3.56171,3.64246,0.73058,-0.227008,0.700719,-0.186532,0.0464836,0.981136,0.0204042,-0.0693365,-0.00149193,0.556571,0.252443,0.117083,0.956188,-0.0909307
2.510486125946045,-3.78446,-5.58178,2.33995,-2.26727,-3.56171,3.64246,0.73058,-0.227008,0.700719,-0.186532,0.0464836,0.981136,0.0204042,-0.0693365,-0.00149193,0.556571,0.252443,0.117083,0.956188,-0.0909307
2.530726194381714,-3.78446,-5.58178,2.33995,-2.26727,-3.56171,3.64246,0.73058,-0.227008,0.700719,-0.186532,0.0464836,0.981136,0.0204042,-0.0693365,-0.00149193,0.556571,0.252443,0.117083,0.956188,-0.0909307
2.5511586666107178,-3.78446,-5.58178,2.33995,-2.26727,-3.56171,3.64246,0.73058,-0.227008,0.700719,-0.186532,0.0464836,0.981136,0.0204042,-0.0693365,-0.00149193,0.556571,0.252443,0.117083,0.956188,-0.0909307
2.5707380771636963,-3.78446,-5.58178,2.33995,-2.26727,-3.56171,3.64246,0.73058,-0.227008,0.700719,-0.186532,0.0464836,0.981136,0.0204042,-0.0693365,-0.00149193,0.556571,0.252443,0.117083,0.956188,-0.0909307
2.590796709060669,-3.78446,-5.58178,2.33995,-2.26727,-3.56171,3.64246,0.73058,-0.227008,0.700719,-0.186532,0.0464836,0.981136,0.0204042,-0.0693365,-0.00149193,0.556571,0.252443,0.117083,0.956188,-0.0909307
2.6110575199127197,-3.78446,-5.58178,2.33995,-2.26727,-3.56171,3.64246,0.73058,-0.227008,0.700719,-0.186532,0.0464836,0.981136,0.0204042,-0.0693365,-0.00149193,0.556571,0.252443,0.117083,0.956188,-0.0909307
2.6304056644439697,-3.78446,-5.58178,2.33995,-2.26727,-3.56171,3.64246,0.73058,-0.227008,0.700719,-0.186532,0.0464836,0.981136,0.0204042,-0.0693365,-0.00149193,0.556571,0.252443,0.117083,0.956188,-0.0909307
2.6510605812072754,-3.78446,-5.58178,2.33995,-2.26727,-3.56171,3.64246,0.73058,-0.227008,0.700719,-0.186532,0.0464836,0.981136,0.0204042,-0.0693365,-0.00149193,0.556571,0.252443,0.117083,0.956188,-0.0909307
2.6704013347625732,-3.78446,-5.58178,2.33995,-2.26727,-3.56171,3.64246,0.73058,-0.227008,0.700719,-0.186532,0.0464836,0.981136,0.0204042,-0.0693365,-0.00149193,0.556571,0.252443,0.117083,0.956188,-0.0909307
2.6906518936157227,-3.78446,-5.58178,2.33995,-2.26727,-3.56171,3.64246,0.73058,-0.227008,0.700719,-0.186532,0.0464836,0.981136,0.0204042,-0.0693365,-0.00149193,0.556571,0.252443,0.117083,0.956188,-0.0909307
2.710991621017456,-3.78446,-5.58178,2.33995,-2.26727,-3.56171,3.64246,0.73058,-0.227008,0.700719,-0.186532,0.0464836,0.981136,0.0204042,-0.0693365,-0.00149193,0.556571,0.252443,0.117083,0.956188,-0.0909307
2.730607271194458,-3.78446,-5.58178,2.33995,-2.26727,-3.56171,3.64246,0.73058,-0.227008,0.700719,-0.186532,0.0464836,0.981136,0.0204042,-0.0693365,-0.00149193,0.556571,0.252443,0.117083,0.956188,-0.0909307
2.7519543170928955,-3.78446,-5.58178,2.33995,-2.26727,-3.56171,3.64246,0.73058,-0.227008,0.700719,-0.186532,0.0464836,0.981136,0.0204042,-0.0693365,-0.00149193,0.556571,0.252443,0.117083,0.956188,-0.0909307
2.7730000019073486,-3.78446,-5.58178,2.33995,-2.26727,-3.56171,3.64246,0.73058,-0.227008,0.700719,-0.186532,0.0464836,0.981136,0.0204042,-0.0693365,-0.00149193,0.556571,0.252443,0.117083,0.956188,-0.0909307
2.791515588760376,-3.78446,-5.58178,2.33995,-2.26727,-3.56171,3.64246,0.73058,-0.227008,0.700719,-0.186532,0.0464836,0.981136,0.0204042,-0.0693365,-0.00149193,0.556571,0.252443,0.117083,0.956188,-0.0909307
2.8111982345581055,-3.78446,-5.58178,2.33995,-2.26727,-3.56171,3.64246,0.73058,-0.227008,0.700719,-0.186532,0.0464836,0.981136,0.0204042,-0.0693365,-0.00149193,0.556571,0.252443,0.117083,0.956188,-0.0909307
2.83121657371521,-3.78446,-5.58178,2.33995,-2.26727,-3.56171,3.64246,0.73058,-0.227008,0.700719,-0.186532,0.0464836,0.981136,0.0204042,-0.0693365,-0.00149193,0.556571,0.252443,0.117083,0.956188,-0.0909307
2.8511104583740234,-3.78446,-5.58178,2.33995,-2.26727,-3.56171,3.64246,0.73058,-0.227008,0.700719,-0.186532,0.0464836,0.981136,0.0204042,-0.0693365,-0.00149193,0.556571,0.252443,0.117083,0.956188,-0.0909307
2.8709418773651123,-3.78446,-5.58178,2.33995,-2.26727,-3.56171,3.64246,0.73058,-0.227008,0.700719,-0.186532,0.0464836,0.981136,0.0204042,-0.0693365,-0.00149193,0.556571,0.252443,0.117083,0.956188,-0.0909307
2.8909897804260254,-3.78446,-5.58178,2.33995,-2.26727,-3.56171,3.64246,0.73058,-0.227008,0.700719,-0.186532,0.0464836,0.981136,0.0204042,-0.0693365,-0.00149193,0.556571,0.252443,0.117083,0.956188,-0.0909307
2.9106433391571045,-3.78446,-5.58178,2.33995,-2.26727,-3.56171,3.64246,0.73058,-0.227008,0.700719,-0.186532,0.0464836,0.981136,0.0204042,-0.0693365,-0.00149193,0.556571,0.252443,0.117083,0.956188,-0.0909307
2.931162118911743,-3.78446,-5.58178,2.33995,-2.26727,-3.56171,3.64246,0.73058,-0.227008,0.700719,-0.186532,0.0464836,0.981136,0.0204042,-0.0693365,-0.00149193,0.556571,0.252443,0.117083,0.956188,-0.0909307
2.9508373737335205,-3.78446,-5.58178,2.33995,-2.26727,-3.56171,3.64246,0.73058,-0.227008,0.700719,-0.186532,0.0464836,0.981136,0.0204042,-0.0693365,-0.00149193,0.556571,0.252443,0.117083,0.956188,-0.0909307
2.9713187217712402,-3.78446,-5.58178,2.33995,-2.26727,-3.56171,3.64246,0.73058,-0.227008,0.700719,-0.186532,0.0464836,0.981136,0.0204042,-0.0693365,-0.00149193,0.556571,0.252443,0.117083,0.956188,-0.0909307
2.990656614303589,-3.78446,-5.58178,2.33995,-2.26727,-3.56171,3.64246,0.73058,-0.227008,0.700719,-0.186532,0.0464836,0.981136,0.0204042,-0.0693365,-0.00149193,0.556571,0.252443,0.117083,0.956188,-0.0909307
3.0110514163970947,-3.78446,-5.58178,2.33995,-2.26727,-3.56171,3.64246,0.73058,-0.227008,0.700719,-0.186532,0.0464836,0.981136,0.0204042,-0.0693365,-0.00149193,0.556571,0.252443,0.117083,0.956188,-0.0909307
3.0307061672210693,-3.78446,-5.58178,2.33995,-2.26727,-3.56171,3.64246,0.73058,-0.227008,0.700719,-0.186532,0.0464836,0.981136,0.0204042,-0.0693365,-0.00149193,0.556571,0.252443,0.117083,0.956188,-0.0909307
3.0503878593444824,-3.78446,-5.58178,2.33995,-2.26727,-3.56171,3.64246,0.73058,-0.227008,0.700719,-0.186532,0.0464836,0.981136,0.0204042,-0.0693365,-0.00149193,0.556571,0.252443,0.117083,0.956188,-0.0909307
3.0713424682617188,-3.78446,-5.58178,2.33995,-2.26727,-3.56171,3.64246,0.73058,-0.227008,0.700719,-0.186532,0.0464836,0.981136,0.0204042,-0.0693365,-0.00149193,0.556571,0.252443,0.117083,0.956188,-0.0909307
3.091041088104248,-3.78446,-5.58178,2.33995,-2.26727,-3.56171,3.64246,0.73058,-0.227008,0.700719,-0.186532,0.0464836,0.981136,0.0204042,-0.0693365,-0.00149193,0.556571,0.252443,0.117083,0.956188,-0.0909307
3.1104965209960938,-3.78446,-5.58178,2.33995,-2.26727,-3.56171,3.64246,0.73058,-0.227008,0.700719,-0.186532,0.0464836,0.981136,0.0204042,-0.0693365,-0.00149193,0.556571,0.252443,0.117083,0.956188,-0.0909307
3.131267547607422,-3.78446,-5.58178,2.33995,-2.26727,-3.56171,3.64246,0.73058,-0.227008,0.700719,-0.186532,0.0464836,0.981136,0.0204042,-0.0693365,-0.00149193,0.556571,0.252443,0.117083,0.956188,-0.0909307
3.150658130645752,-3.78446,-5.58178,2.33995,-2.26727,-3.56171,3.64246,0.73058,-0.227008,0.700719,-0.186532,0.0464836,0.981136,0.0204042,-0.0693365,-0.00149193,0.556571,0.252443,0.117083,0.956188,-0.0909307
3.171562910079956,-3.78446,-5.58178,2.33995,-2.26727,-3.56171,3.64246,0.73058,-0.227008,0.700719,-0.186532,0.0464836,0.981136,0.0204042,-0.0693365,-0.00149193,0.556571,0.252443,0.117083,0.956188,-0.0909307
3.1915552616119385,-3.78446,-5.58178,2.33995,-2.26727,-3.56171,3.64246,0.73058,-0.227008,0.700719,-0.186532,0.0464836,0.981136,0.0204042,-0.0693365,-0.00149193,0.556571,0.252443,0.117083,0.956188,-0.0909307
3.2114737033843994,-3.78446,-5.58178,2.33995,-2.26727,-3.56171,3.64246,0.73058,-0.227008,0.700719,-0.186532,0.0464836,0.981136,0.0204042,-0.0693365,-0.00149193,0.556571,0.252443,0.117083,0.956188,-0.0909307
3.231855630874634,-3.78446,-5.58178,2.33995,-2.26727,-3.56171,3.64246,0.73058,-0.227008,0.700719,-0.186532,0.0464836,0.981136,0.0204042,-0.0693365,-0.00149193,0.556571,0.252443,0.117083,0.956188,-0.0909307
3.25069260597229,-3.78446,-5.58178,2.33995,-2.26727,-3.56171,3.64246,0.73058,-0.227008,0.700719,-0.186532,0.0464836,0.981136,0.0204042,-0.0693365,-0.00149193,0.556571,0.252443,0.117083,0.956188,-0.0909307
3.2715680599212646,-3.78446,-5.58178,2.33995,-2.26727,-3.56171,3.64246,0.73058,-0.227008,0.700719,-0.186532,0.0464836,0.981136,0.0204042,-0.0693365,-0.00149193,0.556571,0.252443,0.117083,0.956188,-0.0909307
3.291123151779175,-3.78446,-5.58178,2.33995,-2.26727,-3.56171,3.64246,0.73058,-0.227008,0.700719,-0.186532,0.0464836,0.981136,0.0204042,-0.0693365,-0.00149193,0.556571,0.252443,0.117083,0.956188,-0.0909307
3.311171770095825,-3.78446,-5.58178,2.33995,-2.26727,-3.56171,3.64246,0.73058,-0.227008,0.700719,-0.186532,0.0464836,0.981136,0.0204042,-0.0693365,-0.00149193,0.556571,0.252443,0.117083,0.956188,-0.0909307
3.3309051990509033,-3.78446,-5.58178,2.33995,-2.26727,-3.56171,3.64246,0.73058,-0.227008,0.700719,-0.186532,0.0464836,0.981136,0.0204042,-0.0693365,-0.00149193,0.556571,0.252443,0.117083,0.956188,-0.0909307
3.350648880004883,-3.78446,-5.58178,2.33995,-2.26727,-3.56171,3.64246,0.73058,-0.227008,0.700719,-0.186532,0.0464836,0.981136,0.0204042,-0.0693365,-0.00149193,0.556571,0.252443,0.117083,0.956188,-0.0909307
3.3714261054992676,-3.78446,-5.58178,2.33995,-2.26727,-3.56171,3.64246,0.73058,-0.227008,0.700719,-0.186532,0.0464836,0.981136,0.0204042,-0.0693365,-0.00149193,0.556571,0.252443,0.117083,0.956188,-0.0909307
3.391144037246704,-3.78446,-5.58178,2.33995,-2.26727,-3.56171,3.64246,0.73058,-0.227008,0.700719,-0.186532,0.0464836,0.981136,0.0204042,-0.0693365,-0.00149193,0.556571,0.252443,0.117083,0.956188,-0.0909307
3.410756826400757,-3.78446,-5.58178,2.33995,-2.26727,-3.56171,3.64246,0.73058,-0.227008,0.700719,-0.186532,0.0464836,0.981136,0.0204042,-0.0693365,-0.00149193,0.556571,0.252443,0.117083,0.956188,-0.0909307
3.4314935207366943,-3.78446,-5.58178,2.33995,-2.26727,-3.56171,3.64246,0.73058,-0.227008,0.700719,-0.186532,0.0464836,0.981136,0.0204042,-0.0693365,-0.00149193,0.556571,0.252443,0.117083,0.956188,-0.0909307
3.4510154724121094,-3.78446,-5.58178,2.33995,-2.26727,-3.56171,3.64246,0.73058,-0.227008,0.700719,-0.186532,0.0464836,0.981136,0.0204042,-0.0693365,-0.00149193,0.556571,0.252443,0.117083,0.956188,-0.0909307
3.47052264213562,-3.78446,-5.58178,2.33995,-2.26727,-3.56171,3.64246,0.73058,-0.227008,0.700719,-0.186532,0.0464836,0.981136,0.0204042,-0.0693365,-0.00149193,0.556571,0.252443,0.117083,0.956188,-0.0909307
3.4909818172454834,-3.78446,-5.58178,2.33995,-2.26727,-3.56171,3.64246,0.73058,-0.227008,0.700719,-0.186532,0.0464836,0.981136,0.0204042,-0.0693365,-0.00149193,0.556571,0.252443,0.117083,0.956188,-0.0909307
3.5104284286499023,-3.78446,-5.58178,2.33995,-2.26727,-3.56171,3.64246,0.73058,-0.227008,0.700719,-0.186532,0.0464836,0.981136,0.0204042,-0.0693365,-0.00149193,0.556571,0.252443,0.117083,0.956188,-0.0909307
3.530874252319336,-3.78446,-5.58178,2.33995,-2.26727,-3.56171,3.64246,0.73058,-0.227008,0.700719,-0.186532,0.0464836,0.981136,0.0204042,-0.0693365,-0.00149193,0.556571,0.252443,0.117083,0.956188,-0.0909307
3.551743268966675,-3.78446,-5.58178,2.33995,-2.26727,-3.56171,3.64246,0.73058,-0.227008,0.700719,-0.186532,0.0464836,0.981136,0.0204042,-0.0693365,-0.00149193,0.556571,0.252443,0.117083,0.956188,-0.0909307
3.5713462829589844,-3.78446,-5.58178,2.33995,-2.26727,-3.56171,3.64246,0.73058,-0.227008,0.700719,-0.186532,0.0464836,0.981136,0.0204042,-0.0693365,-0.00149193,0.556571,0.252443,0.117083,0.956188,-0.0909307
3.590930938720703,-3.78446,-5.58178,2.33995,-2.26727,-3.56171,3.64246,0.73058,-0.227008,0.700719,-0.186532,0.0464836,0.981136,0.0204042,-0.0693365,-0.00149193,0.556571,0.252443,0.117083,0.956188,-0.0909307
3.611501932144165,-3.78446,-5.58178,2.33995,-2.26727,-3.56171,3.64246,0.73058,-0.227008,0.700719,-0.186532,0.0464836,0.981136,0.0204042,-0.0693365,-0.00149193,0.556571,0.252443,0.117083,0.956188,-0.0909307
3.630995512008667,-3.78446,-5.58178,2.33995,-2.26727,-3.56171,3.64246,0.73058,-0.227008,0.700719,-0.186532,0.0464836,0.981136,0.0204042,-0.0693365,-0.00149193,0.556571,0.252443,0.117083,0.956188,-0.0909307
3.6503570079803467,-3.78446,-5.58178,2.33995,-2.26727,-3.56171,3.64246,0.73058,-0.227008,0.700719,-0.186532,0.0464836,0.981136,0.0204042,-0.0693365,-0.00149193,0.556571,0.252443,0.117083,0.956188,-0.0909307
3.670811653137207,-3.78446,-5.58178,2.33995,-2.26727,-3.56171,3.64246,0.73058,-0.227008,0.700719,-0.186532,0.0464836,0.981136,0.0204042,-0.0693365,-0.00149193,0.556571,0.252443,0.117083,0.956188,-0.0909307
3.6912519931793213,-3.78446,-5.58178,2.33995,-2.26727,-3.56171,3.64246,0.73058,-0.227008,0.700719,-0.186532,0.0464836,0.981136,0.0204042,-0.0693365,-0.00149193,0.556571,0.252443,0.117083,0.956188,-0.0909307
3.7106399536132812,-3.78446,-5.58178,2.33995,-2.26727,-3.56171,3.64246,0.73058,-0.227008,0.700719,-0.186532,0.0464836,0.981136,0.0204042,-0.0693365,-0.00149193,0.556571,0.252443,0.117083,0.956188,-0.0909307
3.7311902046203613,-3.78446,-5.58178,2.33995,-2.26727,-3.56171,3.64246,0.73058,-0.227008,0.700719,-0.186532,0.0464836,0.981136,0.0204042,-0.0693365,-0.00149193,0.556571,0.252443,0.117083,0.956188,-0.0909307
3.750863790512085,-3.78446,-5.58178,2.33995,-2.26727,-3.56171,3.64246,0.73058,-0.227008,0.700719,-0.186532,0.0464836,0.981136,0.0204042,-0.0693365,-0.00149193,0.556571,0.252443,0.117083,0.956188,-0.0909307
3.770350217819214,-3.78446,-5.58178,2.33995,-2.26727,-3.56171,3.64246,0.73058,-0.227008,0.700719,-0.186532,0.0464836,0.981136,0.0204042,-0.0693365,-0.00149193,0.556571,0.252443,0.117083,0.956188,-0.0909307
3.7907397747039795,-3.78446,-5.58178,2.33995,-2.26727,-3.56171,3.64246,0.73058,-0.227008,0.700719,-0.186532,0.0464836,0.981136,0.0204042,-0.0693365,-0.00149193,0.556571,0.252443,0.117083,0.956188,-0.0909307
3.8111844062805176,-3.78446,-5.58178,2.33995,-2.26727,-3.56171,3.64246,0.73058,-0.227008,0.700719,-0.186532,0.0464836,0.981136,0.0204042,-0.0693365,-0.00149193,0.556571,0.252443,0.117083,0.956188,-0.0909307
3.8307888507843018,-3.78446,-5.58178,2.33995,-2.26727,-3.56171,3.64246,0.73058,-0.227008,0.700719,-0.186532,0.0464836,0.981136,0.0204042,-0.0693365,-0.00149193,0.556571,0.252443,0.117083,0.956188,-0.0909307
3.851289987564087,-3.78446,-5.58178,2.33995,-2.26727,-3.56171,3.64246,0.73058,-0.227008,0.700719,-0.186532,0.0464836,0.981136,0.0204042,-0.0693365,-0.00149193,0.556571,0.252443,0.117083,0.956188,-0.0909307
3.870778799057007,-3.78446,-5.58178,2.33995,-2.26727,-3.56171,3.64246,0.73058,-0.227008,0.700719,-0.186532,0.0464836,0.981136,0.0204042,-0.0693365,-0.00149193,0.556571,0.252443,0.117083,0.956188,-0.0909307
3.8912971019744873,-3.78446,-5.58178,2.33995,-2.26727,-3.56171,3.64246,0.73058,-0.227008,0.700719,-0.186532,0.0464836,0.981136,0.0204042,-0.0693365,-0.00149193,0.556571,0.252443,0.117083,0.956188,-0.0909307
3.9110422134399414,-3.78446,-5.58178,2.33995,-2.26727,-3.56171,3.64246,0.73058,-0.227008,0.700719,-0.186532,0.0464836,0.981136,0.0204042,-0.0693365,-0.00149193,0.556571,0.252443,0.117083,0.956188,-0.0909307
3.930530071258545,-3.78446,-5.58178,2.33995,-2.26727,-3.56171,3.64246,0.73058,-0.227008,0.700719,-0.186532,0.0464836,0.981136,0.0204042,-0.0693365,-0.00149193,0.556571,0.252443,0.117083,0.956188,-0.0909307
3.9510180950164795,-3.78446,-5.58178,2.33995,-2.26727,-3.56171,3.64246,0.73058,-0.227008,0.700719,-0.186532,0.0464836,0.981136,0.0204042,-0.0693365,-0.00149193,0.556571,0.252443,0.117083,0.956188,-0.0909307
3.9704058170318604,-3.78446,-5.58178,2.33995,-2.26727,-3.56171,3.64246,0.73058,-0.227008,0.700719,-0.186532,0.0464836,0.981136,0.0204042,-0.0693365,-0.00149193,0.556571,0.252443,0.117083,0.956188,-0.0909307
3.9905431270599365,-3.78446,-5.58178,2.33995,-2.26727,-3.56171,3.64246,0.73058,-0.227008,0.700719,-0.186532,0.0464836,0.981136,0.0204042,-0.0693365,-0.00149193,0.556571,0.252443,0.117083,0.956188,-0.0909307
4.010683059692383,-3.78446,-5.58178,2.33995,-2.26727,-3.56171,3.64246,0.73058,-0.227008,0.700719,-0.186532,0.0464836,0.981136,0.0204042,-0.0693365,-0.00149193,0.556571,0.252443,0.117083,0.956188,-0.0909307
4.031322240829468,-3.78446,-5.58178,2.33995,-2.26727,-3.56171,3.64246,0.73058,-0.227008,0.700719,-0.186532,0.0464836,0.981136,0.0204042,-0.0693365,-0.00149193,0.556571,0.252443,0.117083,0.956188,-0.0909307
4.050589084625244,-3.78446,-5.58178,2.33995,-2.26727,-3.56171,3.64246,0.73058,-0.227008,0.700719,-0.186532,0.0464836,0.981136,0.0204042,-0.0693365,-0.00149193,0.556571,0.252443,0.117083,0.956188,-0.0909307
4.0713372230529785,-3.78446,-5.58178,2.33995,-2.26727,-3.56171,3.64246,0.73058,-0.227008,0.700719,-0.186532,0.0464836,0.981136,0.0204042,-0.0693365,-0.00149193,0.556571,0.252443,0.117083,0.956188,-0.0909307
4.090805768966675,-3.78446,-5.58178,2.33995,-2.26727,-3.56171,3.64246,0.73058,-0.227008,0.700719,-0.186532,0.0464836,0.981136,0.0204042,-0.0693365,-0.00149193,0.556571,0.252443,0.117083,0.956188,-0.0909307
4.111263990402222,-3.78446,-5.58178,2.33995,-2.26727,-3.56171,3.64246,0.73058,-0.227008,0.700719,-0.186532,0.0464836,0.981136,0.0204042,-0.0693365,-0.00149193,0.556571,0.252443,0.117083,0.956188,-0.0909307
4.130950212478638,-3.78446,-5.58178,2.33995,-2.26727,-3.56171,3.64246,0.73058,-0.227008,0.700719,-0.186532,0.0464836,0.981136,0.0204042,-0.0693365,-0.00149193,0.556571,0.252443,0.117083,0.956188,-0.0909307
4.150498867034912,-3.78446,-5.58178,2.33995,-2.26727,-3.56171,3.64246,0.73058,-0.227008,0.700719,-0.186532,0.0464836,0.981136,0.0204042,-0.0693365,-0.00149193,0.556571,0.252443,0.117083,0.956188,-0.0909307
4.170730829238892,-3.78446,-5.58178,2.33995,-2.26727,-3.56171,3.64246,0.73058,-0.227008,0.700719,-0.186532,0.0464836,0.981136,0.0204042,-0.0693365,-0.00149193,0.556571,0.252443,0.117083,0.956188,-0.0909307
4.191091537475586,-3.78446,-5.58178,2.33995,-2.26727,-3.56171,3.64246,0.73058,-0.227008,0.700719,-0.186532,0.0464836,0.981136,0.0204042,-0.0693365,-0.00149193,0.556571,0.252443,0.117083,0.956188,-0.0909307
4.210739374160767,-3.78446,-5.58178,2.33995,-2.26727,-3.56171,3.64246,0.73058,-0.227008,0.700719,-0.186532,0.0464836,0.981136,0.0204042,-0.0693365,-0.00149193,0.556571,0.252443,0.117083,0.956188,-0.0909307
4.2326884269714355,-3.78446,-5.58178,2.33995,-2.26727,-3.56171,3.64246,0.73058,-0.227008,0.700719,-0.186532,0.0464836,0.981136,0.0204042,-0.0693365,-0.00149193,0.556571,0.252443,0.117083,0.956188,-0.0909307
4.251514673233032,-3.78446,-5.58178,2.33995,-2.26727,-3.56171,3.64246,0.73058,-0.227008,0.700719,-0.186532,0.0464836,0.981136,0.0204042,-0.0693365,-0.00149193,0.556571,0.252443,0.117083,0.956188,-0.0909307
4.271275281906128,-3.78446,-5.58178,2.33995,-2.26727,-3.56171,3.64246,0.73058,-0.227008,0.700719,-0.186532,0.0464836,0.981136,0.0204042,-0.0693365,-0.00149193,0.556571,0.252443,0.117083,0.956188,-0.0909307
4.2910192012786865,-3.78446,-5.58178,2.33995,-2.26727,-3.56171,3.64246,0.73058,-0.227008,0.700719,-0.186532,0.0464836,0.981136,0.0204042,-0.0693365,-0.00149193,0.556571,0.252443,0.117083,0.956188,-0.0909307
4.310730457305908,-3.78446,-5.58178,2.33995,-2.26727,-3.56171,3.64246,0.73058,-0.227008,0.700719,-0.186532,0.0464836,0.981136,0.0204042,-0.0693365,-0.00149193,0.556571,0.252443,0.117083,0.956188,-0.0909307
4.331953287124634,-3.78446,-5.58178,2.33995,-2.26727,-3.56171,3.64246,0.73058,-0.227008,0.700719,-0.186532,0.0464836,0.981136,0.0204042,-0.0693365,-0.00149193,0.556571,0.252443,0.117083,0.956188,-0.0909307
4.350978374481201,-3.78446,-5.58178,2.33995,-2.26727,-3.56171,3.64246,0.73058,-0.227008,0.700719,-0.186532,0.0464836,0.981136,0.0204042,-0.0693365,-0.00149193,0.556571,0.252443,0.117083,0.956188,-0.0909307
4.370801687240601,-3.78446,-5.58178,2.33995,-2.26727,-3.56171,3.64246,0.73058,-0.227008,0.700719,-0.186532,0.0464836,0.981136,0.0204042,-0.0693365,-0.00149193,0.556571,0.252443,0.117083,0.956188,-0.0909307
4.391541242599487,-3.78446,-5.58178,2.33995,-2.26727,-3.56171,3.64246,0.73058,-0.227008,0.700719,-0.186532,0.0464836,0.981136,0.0204042,-0.0693365,-0.00149193,0.556571,0.252443,0.117083,0.956188,-0.0909307
4.411127805709839,-3.78446,-5.58178,2.33995,-2.26727,-3.56171,3.64246,0.73058,-0.227008,0.700719,-0.186532,0.0464836,0.981136,0.0204042,-0.0693365,-0.00149193,0.556571,0.252443,0.117083,0.956188,-0.0909307
4.430657863616943,-3.78446,-5.58178,2.33995,-2.26727,-3.56171,3.64246,0.73058,-0.227008,0.700719,-0.186532,0.0464836,0.981136,0.0204042,-0.0693365,-0.00149193,0.556571,0.252443,0.117083,0.956188,-0.0909307
4.4512481689453125,-3.78446,-5.58178,2.33995,-2.26727,-3.56171,3.64246,0.73058,-0.227008,0.700719,-0.186532,0.0464836,0.981136,0.0204042,-0.0693365,-0.00149193,0.556571,0.252443,0.117083,0.956188,-0.0909307
4.470873594284058,-3.78446,-5.58178,2.33995,-2.26727,-3.56171,3.64246,0.73058,-0.227008,0.700719,-0.186532,0.0464836,0.981136,0.0204042,-0.0693365,-0.00149193,0.556571,0.252443,0.117083,0.956188,-0.0909307
4.491246461868286,-3.78446,-5.58178,2.33995,-2.26727,-3.56171,3.64246,0.73058,-0.227008,0.700719,-0.186532,0.0464836,0.981136,0.0204042,-0.0693365,-0.00149193,0.556571,0.252443,0.117083,0.956188,-0.0909307
4.510772943496704,-3.78446,-5.58178,2.33995,-2.26727,-3.56171,3.64246,0.73058,-0.227008,0.700719,-0.186532,0.0464836,0.981136,0.0204042,-0.0693365,-0.00149193,0.556571,0.252443,0.117083,0.956188,-0.0909307
4.531346797943115,-3.78446,-5.58178,2.33995,-2.26727,-3.56171,3.64246,0.73058,-0.227008,0.700719,-0.186532,0.0464836,0.981136,0.0204042,-0.0693365,-0.00149193,0.556571,0.252443,0.117083,0.956188,-0.0909307
4.554116725921631,-3.78446,-5.58178,2.33995,-2.26727,-3.56171,3.64246,0.73058,-0.227008,0.700719,-0.186532,0.0464836,0.981136,0.0204042,-0.0693365,-0.00149193,0.556571,0.252443,0.117083,0.956188,-0.0909307
4.570635795593262,-3.78446,-5.58178,2.33995,-2.26727,-3.56171,3.64246,0.73058,-0.227008,0.700719,-0.186532,0.0464836,0.981136,0.0204042,-0.0693365,-0.00149193,0.556571,0.252443,0.117083,0.956188,-0.0909307
4.591293573379517,-3.78446,-5.58178,2.33995,-2.26727,-3.56171,3.64246,0.73058,-0.227008,0.700719,-0.186532,0.0464836,0.981136,0.0204042,-0.0693365,-0.00149193,0.556571,0.252443,0.117083,0.956188,-0.0909307
4.610830545425415,-3.78446,-5.58178,2.33995,-2.26727,-3.56171,3.64246,0.73058,-0.227008,0.700719,-0.186532,0.0464836,0.981136,0.0204042,-0.0693365,-0.00149193,0.556571,0.252443,0.117083,0.956188,-0.0909307
4.631208896636963,-3.78446,-5.58178,2.33995,-2.26727,-3.56171,3.64246,0.73058,-0.227008,0.700719,-0.186532,0.0464836,0.981136,0.0204042,-0.0693365,-0.00149193,0.556571,0.252443,0.117083,0.956188,-0.0909307
4.650763273239136,-3.78446,-5.58178,2.33995,-2.26727,-3.56171,3.64246,0.73058,-0.227008,0.700719,-0.186532,0.0464836,0.981136,0.0204042,-0.0693365,-0.00149193,0.556571,0.252443,0.117083,0.956188,-0.0909307
4.671358585357666,-3.78446,-5.58178,2.33995,-2.26727,-3.56171,3.64246,0.73058,-0.227008,0.700719,-0.186532,0.0464836,0.981136,0.0204042,-0.0693365,-0.00149193,0.556571,0.252443,0.117083,0.956188,-0.0909307
4.6909568309783936,-3.78446,-5.58178,2.33995,-2.26727,-3.56171,3.64246,0.73058,-0.227008,0.700719,-0.186532,0.0464836,0.981136,0.0204042,-0.0693365,-0.00149193,0.556571,0.252443,0.117083,0.956188,-0.0909307
4.711016654968262,-3.78446,-5.58178,2.33995,-2.26727,-3.56171,3.64246,0.73058,-0.227008,0.700719,-0.186532,0.0464836,0.981136,0.0204042,-0.0693365,-0.00149193,0.556571,0.252443,0.117083,0.956188,-0.0909307
4.731294631958008,-3.78446,-5.58178,2.33995,-2.26727,-3.56171,3.64246,0.73058,-0.227008,0.700719,-0.186532,0.0464836,0.981136,0.0204042,-0.0693365,-0.00149193,0.556571,0.252443,0.117083,0.956188,-0.0909307
4.751379013061523,-3.78446,-5.58178,2.33995,-2.26727,-3.56171,3.64246,0.73058,-0.227008,0.700719,-0.186532,0.0464836,0.981136,0.0204042,-0.0693365,-0.00149193,0.556571,0.252443,0.117083,0.956188,-0.0909307
4.7714619636535645,-3.78446,-5.58178,2.33995,-2.26727,-3.56171,3.64246,0.73058,-0.227008,0.700719,-0.186532,0.0464836,0.981136,0.0204042,-0.0693365,-0.00149193,0.556571,0.252443,0.117083,0.956188,-0.0909307
4.790790796279907,-3.78446,-5.58178,2.33995,-2.26727,-3.56171,3.64246,0.73058,-0.227008,0.700719,-0.186532,0.0464836,0.981136,0.0204042,-0.0693365,-0.00149193,0.556571,0.252443,0.117083,0.956188,-0.0909307
4.812559127807617,-3.78446,-5.58178,2.33995,-2.26727,-3.56171,3.64246,0.73058,-0.227008,0.700719,-0.186532,0.0464836,0.981136,0.0204042,-0.0693365,-0.00149193,0.556571,0.252443,0.117083,0.956188,-0.0909307
4.832149028778076,-3.78446,-5.58178,2.33995,-2.26727,-3.56171,3.64246,0.73058,-0.227008,0.700719,-0.186532,0.0464836,0.981136,0.0204042,-0.0693365,-0.00149193,0.556571,0.252443,0.117083,0.956188,-0.0909307
4.851542949676514,-3.78446,-5.58178,2.33995,-2.26727,-3.56171,3.64246,0.73058,-0.227008,0.700719,-0.186532,0.0464836,0.981136,0.0204042,-0.0693365,-0.00149193,0.556571,0.252443,0.117083,0.956188,-0.0909307
4.8707756996154785,-3.78446,-5.58178,2.33995,-2.26727,-3.56171,3.64246,0.73058,-0.227008,0.700719,-0.186532,0.0464836,0.981136,0.0204042,-0.0693365,-0.00149193,0.556571,0.252443,0.117083,0.956188,-0.0909307
4.891211271286011,-3.78446,-5.58178,2.33995,-2.26727,-3.56171,3.64246,0.73058,-0.227008,0.700719,-0.186532,0.0464836,0.981136,0.0204042,-0.0693365,-0.00149193,0.556571,0.252443,0.117083,0.956188,-0.0909307
4.9112632274627686,-3.78446,-5.58178,2.33995,-2.26727,-3.56171,3.64246,0.73058,-0.227008,0.700719,-0.186532,0.0464836,0.981136,0.0204042,-0.0693365,-0.00149193,0.556571,0.252443,0.117083,0.956188,-0.0909307
4.931590557098389,-3.78446,-5.58178,2.33995,-2.26727,-3.56171,3.64246,0.73058,-0.227008,0.700719,-0.186532,0.0464836,0.981136,0.0204042,-0.0693365,-0.00149193,0.556571,0.252443,0.117083,0.956188,-0.0909307
4.9512035846710205,-3.78446,-5.58178,2.33995,-2.26727,-3.56171,3.64246,0.73058,-0.227008,0.700719,-0.186532,0.0464836,0.981136,0.0204042,-0.0693365,-0.00149193,0.556571,0.252443,0.117083,0.956188,-0.0909307
4.971534490585327,-3.78446,-5.58178,2.33995,-2.26727,-3.56171,3.64246,0.73058,-0.227008,0.700719,-0.186532,0.0464836,0.981136,0.0204042,-0.0693365,-0.00149193,0.556571,0.252443,0.117083,0.956188,-0.0909307
4.991218566894531,-3.78446,-5.58178,2.33995,-2.26727,-3.56171,3.64246,0.73058,-0.227008,0.700719,-0.186532,0.0464836,0.981136,0.0204042,-0.0693365,-0.00149193,0.556571,0.252443,0.117083,0.956188,-0.0909307
5.010704517364502,-3.78446,-5.58178,2.33995,-2.26727,-3.56171,3.64246,0.73058,-0.227008,0.700719,-0.186532,0.0464836,0.981136,0.0204042,-0.0693365,-0.00149193,0.556571,0.252443,0.117083,0.956188,-0.0909307
5.031092405319214,-3.78446,-5.58178,2.33995,-2.26727,-3.56171,3.64246,0.73058,-0.227008,0.700719,-0.186532,0.0464836,0.981136,0.0204042,-0.0693365,-0.00149193,0.556571,0.252443,0.117083,0.956188,-0.0909307
5.05072283744812,-3.78446,-5.58178,2.33995,-2.26727,-3.56171,3.64246,0.73058,-0.227008,0.700719,-0.186532,0.0464836,0.981136,0.0204042,-0.0693365,-0.00149193,0.556571,0.252443,0.117083,0.956188,-0.0909307
