# Timestamp, Fx, Fy, Fz, Tx, Ty, Tz, FemurPosX, FemurPosY, FemurPosZ, FemurQuatW, FemurQuatX, FemurQuatY, FemurQuatZ, TibiaPosX, TibiaPosY, TibiaPosZ, TibiaQuatW, TibiaQuatX, TibiaQuatY, TibiaQuatZ
0.029575824737548828,6.638903003780556,-5.132234362172621,3.019137281746847,-0.20011130455986748,-0.562734888578133,-0.6971953981653142,0.0,50.0,20.0,1.0,0.0,0.0,0.0,-369.28932188134524,70.0,79.28932188134524,0.9238795325112867,0.0,0.3826834323650898,0.0
0.06086897850036621,7.216706669826103,-4.800486617928385,2.9487568221152456,-0.37622118994509407,-0.6457202000537376,-0.5690256665639408,0.0,50.0,20.0,1.0,0.0,0.0,0.0,-369.28932188134524,70.0,79.28932188134524,0.9238795325112867,0.0,0.3826834323650898,0.0
0.09116268157958984,7.618810489135148,-5.227677452108961,3.5947438468566766,-0.26282445084878714,-0.45257645590868695,-0.5620109117501849,0.0,50.0,20.0,1.0,0.0,0.0,0.0,-369.28932188134524,70.0,79.28932188134524,0.9238795325112867,0.0,0.3826834323650898,0.0
0.12041783332824707,6.861333345609232,-5.388162869952642,4.114711873383571,-0.34201258145895425,-0.6209231590439586,-0.49785741927527144,0.0,50.0,20.0,1.0,0.0,0.0,0.0,-369.28932188134524,70.0,79.28932188134524,0.9238795325112867,0.0,0.3826834323650898,0.0
0.15094566345214844,6.665769025555681,-5.984823408024663,4.069771009395491,-0.3120063786704237,-0.6147718261052305,-0.5958066914904838,0.0,50.0,20.0,1.0,0.0,0.0,0.0,-369.28932188134524,70.0,79.28932188134524,0.9238795325112867,0.0,0.3826834323650898,0.0
0.18247556686401367,6.316608802073816,-6.614199659053641,4.236886352605967,-0.40677218366503265,-0.6823632862549721,-0.7011832558463901,0.0,50.0,20.0,1.0,0.0,0.0,0.0,-369.28932188134524,70.0,79.28932188134524,0.9238795325112867,0.0,0.3826834323650898,0.0
0.2126154899597168,6.953149454386012,-6.08543747703274,4.609737481069683,-0.2537789884040034,-0.562933493671312,-0.6568579154901086,0.0,50.0,20.0,1.0,0.0,0.0,0.0,-369.28932188134524,70.0,79.28932188134524,0.9238795325112867,0.0,0.3826834323650898,0.0
0.24295496940612793,7.410017053124687,-6.421735132094634,4.364199001929451,-0.26025685483806027,-0.4785941989979746,-0.5084148401985181,0.0,50.0,20.0,1.0,0.0,0.0,0.0,-369.28932188134524,70.0,79.28932188134524,0.9238795325112867,0.0,0.3826834323650898,0.0
0.2729809284210205,7.85663475560002,-6.869931706176631,4.266949707473757,-0.3991886660800593,-0.5946992076312171,-0.3240272826183844,0.0,50.0,20.0,1.0,0.0,0.0,0.0,-369.28932188134524,70.0,79.28932188134524,0.9238795325112867,0.0,0.3826834323650898,0.0
0.302567720413208,7.344433874162809,-6.779423120654506,3.9030913447003783,-0.44634010409658764,-0.7839976572200962,-0.5186494863539427,0.0,50.0,20.0,1.0,0.0,0.0,0.0,-369.28932188134524,70.0,79.28932188134524,0.9238795325112867,0.0,0.3826834323650898,0.0
0.3329310417175293,6.952608151068402,-6.657748706330991,3.915302028241822,-0.4970136471006578,-0.8479994920818519,-0.6377781588925181,0.0,50.0,20.0,1.0,0.0,0.0,0.0,-369.28932188134524,70.0,79.28932188134524,0.9238795325112867,0.0,0.3826834323650898,0.0
0.3648092746734619,6.314404645751208,-6.477182296141836,3.54745185133487,-0.4772532278491023,-1.019641564351433,-0.6947879235055773,0.0,50.0,20.0,1.0,0.0,0.0,0.0,-369.28932188134524,70.0,79.28932188134524,0.9238795325112867,0.0,0.3826834323650898,0.0
0.39494824409484863,5.742963901990502,-7.2557306036724345,3.606138252975048,-0.34180432623106655,-0.9207317092101752,-0.6532360142567264,0.0,50.0,20.0,1.0,0.0,0.0,0.0,-369.28932188134524,70.0,79.28932188134524,0.9238795325112867,0.0,0.3826834323650898,0.0
0.4244961738586426,5.086329298613549,-7.340725340777076,2.8593990640375058,-0.44291238826649637,-0.8782208733792416,-0.6340218516578663,0.0,50.0,20.0,1.0,0.0,0.0,0.0,-369.28932188134524,70.0,79.28932188134524,0.9238795325112867,0.0,0.3826834323650898,0.0
0.45671796798706055,4.394564468930972,-6.541936673814805,2.2155108911040338,-0.367359244174526,-0.9182297702510018,-0.6723985148782268,0.0,50.0,20.0,1.0,0.0,0.0,0.0,-369.28932188134524,70.0,79.28932188134524,0.9238795325112867,0.0,0.3826834323650898,0.0
0.4870169162750244,3.7304902213309132,-6.563930520854734,1.7557377983666336,-0.5055999917861884,-1.054538246625743,-0.698477833134058,0.0,50.0,20.0,1.0,0.0,0.0,0.0,-369.28932188134524,70.0,79.28932188134524,0.9238795325112867,0.0,0.3826834323650898,0.0
0.5182464122772217,4.473335339803933,-6.9554810829635,1.378473347120723,-0.5550010567409521,-1.1579626252755353,-0.8663563831414933,0.0,50.0,20.0,1.0,0.0,0.0,0.0,-369.28932188134524,70.0,79.28932188134524,0.9238795325112867,0.0,0.3826834323650898,0.0
0.5480008125305176,5.028600343573984,-6.317191238769487,1.5411180012054968,-0.46896372018710974,-1.0415431733583775,-0.883514448886152,0.0,50.0,20.0,1.0,0.0,0.0,0.0,-369.28932188134524,70.0,79.28932188134524,0.9238795325112867,0.0,0.3826834323650898,0.0
0.5767974853515625,4.768196436253989,-6.985657346163194,1.7902878736215782,-0.6159705219686525,-1.0801782169708434,-0.9729516176402324,0.0,50.0,20.0,1.0,0.0,0.0,0.0,-369.28932188134524,70.0,79.28932188134524,0.9238795325112867,0.0,0.3826834323650898,0.0
0.6087548732757568,5.297589638948459,-7.049416755983743,2.2410482238412004,-0.46710562003134115,-1.1437334394129364,-1.015622040321313,0.0,50.0,20.0,1.0,0.0,0.0,0.0,-369.28932188134524,70.0,79.28932188134524,0.9238795325112867,0.0,0.3826834323650898,0.0
0.6385674476623535,5.4398430158064395,-7.189788187796436,1.570315756008615,-0.6646005884621757,-1.005432374987305,-1.021040919513001,0.0,50.0,20.0,1.0,0.0,0.0,0.0,-369.28932188134524,70.0,79.28932188134524,0.9238795325112867,0.0,0.3826834323650898,0.0
0.6680660247802734,5.07419902299402,-6.773391418848314,1.1480307644375816,-0.6204051744135417,-0.9023720758950519,-1.1671257580116832,0.0,50.0,20.0,1.0,0.0,0.0,0.0,-369.28932188134524,70.0,79.28932188134524,0.9238795325112867,0.0,0.3826834323650898,0.0
0.6991724967956543,5.073446623416683,-6.031234693273198,1.601561010479362,-0.5937401900545999,-1.0983492714548841,-1.1120150086892298,0.0,50.0,20.0,1.0,0.0,0.0,0.0,-369.28932188134524,70.0,79.28932188134524,0.9238795325112867,0.0,0.3826834323650898,0.0
0.7282519340515137,5.2283133895634055,-5.892893784324251,2.398233985020515,-0.5173508915919554,-1.199895152808695,-1.033589640810699,0.0,50.0,20.0,1.0,0.0,0.0,0.0,-369.28932188134524,70.0,79.28932188134524,0.9238795325112867,0.0,0.3826834323650898,0.0
0.7609562873840332,5.409285477466256,-6.376077582861889,3.005307945941701,-0.7145236127432495,-1.2593722841656485,-1.1196268138016845,0.0,50.0,20.0,1.0,0.0,0.0,0.0,-369.28932188134524,70.0,79.28932188134524,0.9238795325112867,0.0,0.3826834323650898,0.0
0.7910366058349609,4.674052554292228,-6.779179519713982,3.1875676501354806,-0.75478106668985,-1.1950537508632642,-1.2222184200826873,0.0,50.0,20.0,1.0,0.0,0.0,0.0,-369.28932188134524,70.0,79.28932188134524,0.9238795325112867,0.0,0.3826834323650898,0.0
0.8209819793701172,4.866147366939447,-6.176153567151743,3.762216866833645,-0.866261702480873,-1.0206282627344179,-1.124073957059296,0.0,50.0,20.0,1.0,0.0,0.0,0.0,-369.28932188134524,70.0,79.28932188134524,0.9238795325112867,0.0,0.3826834323650898,0.0
0.8505842685699463,4.4370681272400105,-5.60193568632761,3.4532199592229067,-0.839037539789549,-0.9086616978366904,-0.9373988852190793,0.0,50.0,20.0,1.0,0.0,0.0,0.0,-369.28932188134524,70.0,79.28932188134524,0.9238795325112867,0.0,0.3826834323650898,0.0
0.8805725574493408,4.120506998106902,-6.056173185245378,3.436604489972013,-0.6553929556055202,-0.9319748121167193,-0.8878000968222332,0.0,50.0,20.0,1.0,0.0,0.0,0.0,-369.28932188134524,70.0,79.28932188134524,0.9238795325112867,0.0,0.3826834323650898,0.0
0.9129965305328369,4.383021907161526,-6.726060167815447,4.099325657785416,-0.7521681940444278,-1.0317107019002694,-0.7045551174405498,0.0,50.0,20.0,1.0,0.0,0.0,0.0,-369.28932188134524,70.0,79.28932188134524,0.9238795325112867,0.0,0.3826834323650898,0.0
0.9439537525177002,3.7535909198905646,-7.500607252557247,4.747306504227939,-0.8091414064224547,-1.016377494273293,-0.576133731871961,0.0,50.0,20.0,1.0,0.0,0.0,0.0,-369.28932188134524,70.0,79.28932188134524,0.9238795325112867,0.0,0.3826834323650898,0.0
0.9732410907745361,4.073532421176542,-7.198246090181982,4.488987639347778,-0.9848710749836861,-0.988496480382212,-0.5509615746773857,0.0,50.0,20.0,1.0,0.0,0.0,0.0,-369.28932188134524,70.0,79.28932188134524,0.9238795325112867,0.0,0.3826834323650898,0.0
1.0040552616119385,4.7117175914883145,-6.9008007210147335,4.981763013332871,-0.977012173489066,-1.1538321947792336,-0.46921336837563976,0.0,50.0,20.0,1.0,0.0,0.0,0.0,-369.28932188134524,70.0,79.28932188134524,0.9238795325112867,0.0,0.3826834323650898,0.0
1.033355712890625,5.290433946504498,-7.29348391955522,4.331801398827136,-0.8414716012906363,-0.9678522315388145,-0.6571675473080574,0.0,50.0,20.0,1.0,0.0,0.0,0.0,-369.28932188134524,70.0,79.28932188134524,0.9238795325112867,0.0,0.3826834323650898,0.0
1.0646016597747803,5.580283542611501,-6.556764049064443,4.437642925083758,-0.9091284834381167,-1.1270714700093263,-0.7210589516425552,0.0,50.0,20.0,1.0,0.0,0.0,0.0,-369.28932188134524,70.0,79.28932188134524,0.9238795325112867,0.0,0.3826834323650898,0.0
1.0950491428375244,5.792131846628795,-6.600917891036693,3.7922017883791,-0.790171635619427,-1.3054191933119386,-0.7208500118124916,0.0,50.0,20.0,1.0,0.0,0.0,0.0,-369.28932188134524,70.0,79.28932188134524,0.9238795325112867,0.0,0.3826834323650898,0.0
1.1250107288360596,6.4042646854543,-5.838908772662151,3.783689372170468,-0.5981625673241395,-1.3273373189160218,-0.827415663261796,0.0,50.0,20.0,1.0,0.0,0.0,0.0,-369.28932188134524,70.0,79.28932188134524,0.9238795325112867,0.0,0.3826834323650898,0.0
1.1572232246398926,6.699460849654606,-6.08544520676055,4.373550522867447,-0.6874914341284639,-1.1921205822133187,-0.9198315295881352,0.0,50.0,20.0,1.0,0.0,0.0,0.0,-369.28932188134524,70.0,79.28932188134524,0.9238795325112867,0.0,0.3826834323650898,0.0
1.1871609687805176,6.857914309302046,-6.047555421805801,4.6857636720641445,-0.6057957710018224,-1.1358529375121287,-0.9729230651930112,0.0,50.0,20.0,1.0,0.0,0.0,0.0,-369.28932188134524,70.0,79.28932188134524,0.9238795325112867,0.0,0.3826834323650898,0.0
1.2166142463684082,7.456803680964058,-5.289260486692798,4.010167056355208,-0.5515410410786776,-1.1181458474774402,-0.8724564773073373,0.0,50.0,20.0,1.0,0.0,0.0,0.0,-369.28932188134524,70.0,79.28932188134524,0.9238795325112867,0.0,0.3826834323650898,0.0
1.2469425201416016,7.352552659372447,-5.828695488290812,3.9937769876468185,-0.4136590116555147,-1.1973562002182832,-1.0615706748086156,0.0,50.0,20.0,1.0,0.0,0.0,0.0,-369.28932188134524,70.0,79.28932188134524,0.9238795325112867,0.0,0.3826834323650898,0.0
1.2765400409698486,6.878870120246767,-5.578005299630705,4.661965415739652,-0.2929786991686485,-1.3204707861370173,-0.8664900338740276,0.0,50.0,20.0,1.0,0.0,0.0,0.0,-369.28932188134524,70.0,79.28932188134524,0.9238795325112867,0.0,0.3826834323650898,0.0
1.3085877895355225,7.4029378286650545,-5.7753068682923905,4.508653942093937,-0.2017450547012834,-1.349196592391288,-0.6742413994767964,0.0,50.0,20.0,1.0,0.0,0.0,0.0,-369.28932188134524,70.0,79.28932188134524,0.9238795325112867,0.0,0.3826834323650898,0.0
1.339573860168457,7.421583104295957,-5.590168845311475,4.81589873062557,-0.08916182801436573,-1.2887563496105086,-0.8334263965995339,0.0,50.0,20.0,1.0,0.0,0.0,0.0,-369.28932188134524,70.0,79.28932188134524,0.9238795325112867,0.0,0.3826834323650898,0.0
1.3679296970367432,6.65962675680646,-5.979488048556908,4.897896199743969,-0.08063194997233797,-1.3447464255032713,-0.7102270870214142,0.0,50.0,20.0,1.0,0.0,0.0,0.0,-369.28932188134524,70.0,79.28932188134524,0.9238795325112867,0.0,0.3826834323650898,0.0
1.3990211486816406,6.790225109789345,-6.100814857555503,4.177992732468393,0.0017277845000438496,-1.3880746959582195,-0.5672161897061256,0.0,50.0,20.0,1.0,0.0,0.0,0.0,-369.28932188134524,70.0,79.28932188134524,0.9238795325112867,0.0,0.3826834323650898,0.0
1.4285905361175537,7.504921683341689,-6.497064528831421,4.664680280568016,0.053061811393088576,-1.5,-0.7176562629023933,0.0,50.0,20.0,1.0,0.0,0.0,0.0,-369.28932188134524,70.0,79.28932188134524,0.9238795325112867,0.0,0.3826834323650898,0.0
1.4609105587005615,7.815149822335593,-6.633634071150689,4.2965860376041585,0.16963510231323503,-1.313547666729645,-0.7335157353964015,0.0,50.0,20.0,1.0,0.0,0.0,0.0,-369.28932188134524,70.0,79.28932188134524,0.9238795325112867,0.0,0.3826834323650898,0.0
1.4910225868225098,8.152944191250437,-7.19873454080628,4.564523406623865,0.21958161530887155,-1.3464239727105975,-0.6027454634199838,0.0,50.0,20.0,1.0,0.0,0.0,0.0,-369.28932188134524,70.0,79.28932188134524,0.9238795325112867,0.0,0.3826834323650898,0.0
1.521150827407837,8.0323503250451,-6.761726116346746,5.135535419117434,0.3427975148146501,-1.2445358156508688,-0.5298273665272714,0.0,50.0,20.0,1.0,0.0,0.0,0.0,-369.28932188134524,70.0,79.28932188134524,0.9238795325112867,0.0,0.3826834323650898,0.0
1.551192045211792,8.443721892435947,-6.350946988127843,4.784252182434353,0.3992855251757596,-1.0524219814171563,-0.46028604031947523,0.0,50.0,20.0,1.0,0.0,0.0,0.0,-369.28932188134524,70.0,79.28932188134524,0.9238795325112867,0.0,0.3826834323650898,0.0
1.5808017253875732,8.942052358722282,-6.055573060812064,4.848439299974073,0.3792908358375394,-1.1155684745145915,-0.42001934608974445,0.0,50.0,20.0,1.0,0.0,0.0,0.0,-369.28932188134524,70.0,79.28932188134524,0.9238795325112867,0.0,0.3826834323650898,0.0
1.6128265857696533,8.768841437117958,-6.558680487467496,4.217512037081308,0.4954326080496421,-1.063421838581856,-0.37002977368882384,0.0,50.0,20.0,1.0,0.0,0.0,0.0,-369.28932188134524,70.0,79.28932188134524,0.9238795325112867,0.0,0.3826834323650898,0.0
1.6429064273834229,8.871154506454545,-6.948530192885125,3.529166059987935,0.676609579714728,-1.109184172042781,-0.4815272970249102,0.0,50.0,20.0,1.0,0.0,0.0,0.0,-369.28932188134524,70.0,79.28932188134524,0.9238795325112867,0.0,0.3826834323650898,0.0
1.672907829284668,8.77021299698644,-7.3859495066381795,3.578063926412047,0.5385701848810158,-1.2505956963302174,-0.3893924541912804,0.0,50.0,20.0,1.0,0.0,0.0,0.0,-369.28932188134524,70.0,79.28932188134524,0.9238795325112867,0.0,0.3826834323650898,0.0
1.7029635906219482,8.352745871867844,-6.629996056985682,3.0962884759807223,0.698245425894799,-1.349066884989868,-0.4149626068908191,0.0,50.0,20.0,1.0,0.0,0.0,0.0,-369.28932188134524,70.0,79.28932188134524,0.9238795325112867,0.0,0.3826834323650898,0.0
1.7333829402923584,7.70059931734871,-6.385780474394418,3.016884722081965,0.8836535186692,-1.4717140072848491,-0.5032004954147297,0.0,50.0,20.0,1.0,0.0,0.0,0.0,-369.28932188134524,70.0,79.28932188134524,0.9238795325112867,0.0,0.3826834323650898,0.0
1.7649922370910645,7.286066639251204,-7.125462064931774,2.599805545370707,0.9734083221265332,-1.4348512267495386,-0.5726692598437019,0.0,50.0,20.0,1.0,0.0,0.0,0.0,-369.28932188134524,70.0,79.28932188134524,0.9238795325112867,0.0,0.3826834323650898,0.0
1.7951326370239258,6.730876442383195,-6.464073893926536,2.3527530572896502,0.8136067648033959,-1.5,-0.7596944053256761,0.0,50.0,20.0,1.0,0.0,0.0,0.0,-369.28932188134524,70.0,79.28932188134524,0.9238795325112867,0.0,0.3826834323650898,0.0
1.826474666595459,6.71864844828407,-7.1258256877909485,3.0875992176506086,0.6235973042303349,-1.5,-0.8554213621072013,0.0,50.0,20.0,1.0,0.0,0.0,0.0,-369.28932188134524,70.0,79.28932188134524,0.9238795325112867,0.0,0.3826834323650898,0.0
1.8579702377319336,7.41440300736173,-6.870243059562686,2.491286012457824,0.6007887111814285,-1.446176620777813,-0.9135422420149388,0.0,50.0,20.0,1.0,0.0,0.0,0.0,-369.28932188134524,70.0,79.28932188134524,0.9238795325112867,0.0,0.3826834323650898,0.0
1.8875744342803955,7.226064939930093,-7.163377195564903,2.4983000827630923,0.6182572996119928,-1.5,-0.7307688896141666,0.0,50.0,20.0,1.0,0.0,0.0,0.0,-369.28932188134524,70.0,79.28932188134524,0.9238795325112867,0.0,0.3826834323650898,0.0
1.9175126552581787,7.009567707479861,-7.548259866591953,3.2099133917033273,0.5718881675235411,-1.3318518141536118,-0.6727077753821702,0.0,50.0,20.0,1.0,0.0,0.0,0.0,-369.28932188134524,70.0,79.28932188134524,0.9238795325112867,0.0,0.3826834323650898,0.0
1.9473373889923096,7.228117898528547,-6.858843754790381,3.985209836337533,0.7284805790523631,-1.4148609893479056,-0.6312905176827723,0.0,50.0,20.0,1.0,0.0,0.0,0.0,-369.28932188134524,70.0,79.28932188134524,0.9238795325112867,0.0,0.3826834323650898,0.0
1.9771828651428223,7.2662565211284,-7.508405664869442,3.6150366834320007,0.8026846306011012,-1.5,-0.6846109454637807,0.0,50.0,20.0,1.0,0.0,0.0,0.0,-369.28932188134524,70.0,79.28932188134524,0.9238795325112867,0.0,0.3826834323650898,0.0
2.0100257396698,7.73221161765951,-6.743181077138991,2.991227375887523,0.6619308799449501,-1.5,-0.5711333110351144,0.0,50.0,20.0,1.0,0.0,0.0,0.0,-369.28932188134524,70.0,79.28932188134524,0.9238795325112867,0.0,0.3826834323650898,0.0
2.039325714111328,7.640044090787998,-6.995602866437927,2.5348184147499078,0.6677043678375698,-1.5,-0.7042968383169008,0.0,50.0,20.0,1.0,0.0,0.0,0.0,-369.28932188134524,70.0,79.28932188134524,0.9238795325112867,0.0,0.3826834323650898,0.0
2.0683414936065674,7.791489948219028,-6.205958832278475,1.7842689884624583,0.8195898956625625,-1.5,-0.583422497550037,0.0,50.0,20.0,1.0,0.0,0.0,0.0,-369.28932188134524,70.0,79.28932188134524,0.9238795325112867,0.0,0.3826834323650898,0.0
2.0989842414855957,8.41395265381586,-5.493281570028316,1.7130793667419395,0.8246366936533821,-1.5,-0.4235588972873923,0.0,50.0,20.0,1.0,0.0,0.0,0.0,-369.28932188134524,70.0,79.28932188134524,0.9238795325112867,0.0,0.3826834323650898,0.0
2.1298208236694336,9.069045005578989,-5.940887104843944,2.417604016942665,0.7093974122146319,-1.5,-0.3136663358252606,0.0,50.0,20.0,1.0,0.0,0.0,0.0,-369.28932188134524,70.0,79.28932188134524,0.9238795325112867,0.0,0.3826834323650898,0.0
2.161227226257324,8.966217565190075,-5.505187616464243,2.171353029932917,0.7870662069367184,-1.5,-0.36955613108939844,0.0,50.0,20.0,1.0,0.0,0.0,0.0,-369.28932188134524,70.0,79.28932188134524,0.9238795325112867,0.0,0.3826834323650898,0.0
2.1910552978515625,8.541581781825213,-6.296886614499985,2.3172900596088875,0.8132482744217664,-1.4730137621531985,-0.5144699386292214,0.0,50.0,20.0,1.0,0.0,0.0,0.0,-369.28932188134524,70.0,79.28932188134524,0.9238795325112867,0.0,0.3826834323650898,0.0
2.221132278442383,8.521777046573437,-6.586006237948198,1.6371959193031151,0.6929979417163921,-1.4136587584340798,-0.5888057275070682,0.0,50.0,20.0,1.0,0.0,0.0,0.0,-369.28932188134524,70.0,79.28932188134524,0.9238795325112867,0.0,0.3826834323650898,0.0
2.251288890838623,9.099466623477346,-6.623207845222254,2.3098624789654947,0.7778351911634419,-1.2381845167798258,-0.758269550013092,0.0,50.0,20.0,1.0,0.0,0.0,0.0,-369.28932188134524,70.0,79.28932188134524,0.9238795325112867,0.0,0.3826834323650898,0.0
2.2812623977661133,9.48837305610722,-7.3617040289456925,1.9226041274355166,0.9211338534611707,-1.2321779782660816,-0.7305940645092841,0.0,50.0,20.0,1.0,0.0,0.0,0.0,-369.28932188134524,70.0,79.28932188134524,0.9238795325112867,0.0,0.3826834323650898,0.0
2.313403367996216,10.099759484426793,-7.389610800473947,1.824795975210058,1.0406687837066677,-1.3200251768993387,-0.6498701820581362,0.0,50.0,20.0,1.0,0.0,0.0,0.0,-369.28932188134524,70.0,79.28932188134524,0.9238795325112867,0.0,0.3826834323650898,0.0
2.3425557613372803,9.86459356372725,-6.858634047553403,2.573564933359962,1.1718052300572945,-1.4978148430722076,-0.6664118333424296,0.0,50.0,20.0,1.0,0.0,0.0,0.0,-369.28932188134524,70.0,79.28932188134524,0.9238795325112867,0.0,0.3826834323650898,0.0
2.372643232345581,9.170806025247844,-7.469333023444781,2.1916338971636717,1.2967336655591097,-1.5,-0.56870981802838,0.0,50.0,20.0,1.0,0.0,0.0,0.0,-369.28932188134524,70.0,79.28932188134524,0.9238795325112867,0.0,0.3826834323650898,0.0
2.402766466140747,9.462112545979872,-6.790307928530203,1.8378456174660958,1.3262464584686144,-1.3502934470320587,-0.40618185134011026,0.0,50.0,20.0,1.0,0.0,0.0,0.0,-369.28932188134524,70.0,79.28932188134524,0.9238795325112867,0.0,0.3826834323650898,0.0
2.4325006008148193,8.83470422324246,-6.260652222793209,2.243434745100364,1.3325552885414382,-1.4549216591579979,-0.5862679608329364,0.0,50.0,20.0,1.0,0.0,0.0,0.0,-369.28932188134524,70.0,79.28932188134524,0.9238795325112867,0.0,0.3826834323650898,0.0
2.464132308959961,8.467867886028,-6.577216969058107,2.7107839576922723,1.3759097376061382,-1.4257771736505984,-0.6497849630324477,0.0,50.0,20.0,1.0,0.0,0.0,0.0,-369.28932188134524,70.0,79.28932188134524,0.9238795325112867,0.0,0.3826834323650898,0.0
2.495100736618042,9.153694263759416,-7.185024960738769,2.8251512554445135,1.2485554874265352,-1.3228068814438492,-0.6114803031592739,0.0,50.0,20.0,1.0,0.0,0.0,0.0,-369.28932188134524,70.0,79.28932188134524,0.9238795325112867,0.0,0.3826834323650898,0.0
2.5257468223571777,9.300388905686061,-7.263634022964223,2.214644223221031,1.0801128259637869,-1.2010268341998558,-0.5826547181077304,0.0,50.0,20.0,1.0,0.0,0.0,0.0,-369.28932188134524,70.0,79.28932188134524,0.9238795325112867,0.0,0.3826834323650898,0.0
2.5572335720062256,9.493947907738196,-7.671046165482006,2.781606040751261,1.042311662817367,-1.0639126818439082,-0.6140536498489908,0.0,50.0,20.0,1.0,0.0,0.0,0.0,-369.28932188134524,70.0,79.28932188134524,0.9238795325112867,0.0,0.3826834323650898,0.0
2.587049722671509,9.49350185680691,-7.274196774132207,2.871089759545135,1.0770532019552903,-1.2042352727403787,-0.7233545071076007,0.0,50.0,20.0,1.0,0.0,0.0,0.0,-369.28932188134524,70.0,79.28932188134524,0.9238795325112867,0.0,0.3826834323650898,0.0
2.6169354915618896,9.351309692463389,-6.753470829032267,2.8123084689348214,1.2113447302979319,-1.1863755905213658,-0.6055111891656243,0.0,50.0,20.0,1.0,0.0,0.0,0.0,-369.28932188134524,70.0,79.28932188134524,0.9238795325112867,0.0,0.3826834323650898,0.0
2.6468520164489746,8.601858215112113,-6.656790018102977,3.1645196838173217,1.1988737905775035,-1.1056154288976552,-0.6520202440689528,0.0,50.0,20.0,1.0,0.0,0.0,0.0,-369.28932188134524,70.0,79.28932188134524,0.9238795325112867,0.0,0.3826834323650898,0.0
2.6769468784332275,8.186486671004042,-7.01450970699262,3.0102060116042937,1.3594358248296114,-0.9999785118420436,-0.743335731148647,0.0,50.0,20.0,1.0,0.0,0.0,0.0,-369.28932188134524,70.0,79.28932188134524,0.9238795325112867,0.0,0.3826834323650898,0.0
2.7092795372009277,7.6305684089510075,-6.685445763586813,3.1633645041354232,1.2474192884383228,-0.8267561992860861,-0.727150295299552,0.0,50.0,20.0,1.0,0.0,0.0,0.0,-369.28932188134524,70.0,79.28932188134524,0.9238795325112867,0.0,0.3826834323650898,0.0
2.7380690574645996,7.563532129163916,-7.378128898144748,2.599630376543076,1.2121674298343506,-0.8961883659104762,-0.9259817415737638,0.0,50.0,20.0,1.0,0.0,0.0,0.0,-369.28932188134524,70.0,79.28932188134524,0.9238795325112867,0.0,0.3826834323650898,0.0
2.769061803817749,7.75876833466102,-7.994878952041022,2.6584085391333163,1.404941470350096,-1.0397708485556558,-0.7450350193181339,0.0,50.0,20.0,1.0,0.0,0.0,0.0,-369.28932188134524,70.0,79.28932188134524,0.9238795325112867,0.0,0.3826834323650898,0.0
2.7992770671844482,8.523851966927786,-7.712586474942999,3.056349763989561,1.3067031448605213,-0.9617393573145143,-0.60063704858237,0.0,50.0,20.0,1.0,0.0,0.0,0.0,-369.28932188134524,70.0,79.28932188134524,0.9238795325112867,0.0,0.3826834323650898,0.0
2.828955888748169,8.172110271275518,-7.947371942242587,3.7750571351396003,1.1144001235222287,-0.9822011874230963,-0.42624298798211085,0.0,50.0,20.0,1.0,0.0,0.0,0.0,-369.28932188134524,70.0,79.28932188134524,0.9238795325112867,0.0,0.3826834323650898,0.0
2.8606913089752197,8.49174712729356,-7.682607058876399,4.307990415200434,1.225135084893863,-0.9116803815488005,-0.27168047109708265,0.0,50.0,20.0,1.0,0.0,0.0,0.0,-369.28932188134524,70.0,79.28932188134524,0.9238795325112867,0.0,0.3826834323650898,0.0
2.8915414810180664,8.604618942526752,-7.082066201344554,3.7113266835740095,1.3583883990960592,-1.0980011268577017,-0.4425607151555679,0.0,50.0,20.0,1.0,0.0,0.0,0.0,-369.28932188134524,70.0,79.28932188134524,0.9238795325112867,0.0,0.3826834323650898,0.0
2.9221506118774414,7.877923313251629,-6.415155319277597,4.105506004565509,1.3482334403321572,-1.1253862587773997,-0.5793154907925457,0.0,50.0,20.0,1.0,0.0,0.0,0.0,-369.28932188134524,70.0,79.28932188134524,0.9238795325112867,0.0,0.3826834323650898,0.0
2.9513297080993652,7.59556755116853,-5.970787096943428,4.532567191226811,1.4338000838361036,-1.0270737548786488,-0.7381379610562511,0.0,50.0,20.0,1.0,0.0,0.0,0.0,-369.28932188134524,70.0,79.28932188134524,0.9238795325112867,0.0,0.3826834323650898,0.0
2.9807591438293457,8.344310035019738,-5.367881479233434,5.248827805864343,1.5,-1.0559102713381572,-0.7804074741153664,0.0,50.0,20.0,1.0,0.0,0.0,0.0,-369.28932188134524,70.0,79.28932188134524,0.9238795325112867,0.0,0.3826834323650898,0.0
3.013007879257202,7.720727449455288,-5.120181964689047,5.63906142689131,1.5,-0.9059033746536997,-0.7466328149533866,0.0,50.0,20.0,1.0,0.0,0.0,0.0,-369.28932188134524,70.0,79.28932188134524,0.9238795325112867,0.0,0.3826834323650898,0.0
3.042792558670044,7.883859768569779,-4.549375096483828,5.494753790591687,1.3489563317296756,-0.9145037520465042,-0.5868248654804933,0.0,50.0,20.0,1.0,0.0,0.0,0.0,-369.28932188134524,70.0,79.28932188134524,0.9238795325112867,0.0,0.3826834323650898,0.0
3.073115825653076,8.187691536146275,-4.882080223775173,5.082268080444647,1.2791386317895326,-0.9842062628188033,-0.75588940054723,0.0,50.0,20.0,1.0,0.0,0.0,0.0,-369.28932188134524,70.0,79.28932188134524,0.9238795325112867,0.0,0.3826834323650898,0.0
3.1027636528015137,7.846286218024957,-4.3428332038872925,4.326366411469563,1.1703418117041293,-0.8461423604014875,-0.6961363959645791,0.0,50.0,20.0,1.0,0.0,0.0,0.0,-369.28932188134524,70.0,79.28932188134524,0.9238795325112867,0.0,0.3826834323650898,0.0
3.1328654289245605,8.340920875101144,-4.463504821731637,4.415829925700932,1.019322183744242,-0.841780782410988,-0.8429583695158227,0.0,50.0,20.0,1.0,0.0,0.0,0.0,-369.28932188134524,70.0,79.28932188134524,0.9238795325112867,0.0,0.3826834323650898,0.0
3.164970636367798,8.896341391104858,-5.019768266362077,4.734626573957548,1.0154898500864504,-0.8589560419159453,-1.0140336533532737,0.0,50.0,20.0,1.0,0.0,0.0,0.0,-369.28932188134524,70.0,79.28932188134524,0.9238795325112867,0.0,0.3826834323650898,0.0
3.195390462875366,8.783741707507993,-4.238210059414351,4.553865976359499,0.8464980805832231,-0.9579527013530301,-1.0542429556307735,0.0,50.0,20.0,1.0,0.0,0.0,0.0,-369.28932188134524,70.0,79.28932188134524,0.9238795325112867,0.0,0.3826834323650898,0.0
3.224597454071045,8.106497768714776,-4.797983161530711,4.37698067637992,0.9633480093497696,-0.8555061872218173,-0.9577054101479726,0.0,50.0,20.0,1.0,0.0,0.0,0.0,-369.28932188134524,70.0,79.28932188134524,0.9238795325112867,0.0,0.3826834323650898,0.0
3.2563889026641846,8.853748965709448,-5.289275162054335,4.509140252664111,0.9542414463718253,-0.9503635348481114,-0.8430560528769449,0.0,50.0,20.0,1.0,0.0,0.0,0.0,-369.28932188134524,70.0,79.28932188134524,0.9238795325112867,0.0,0.3826834323650898,0.0
3.2862837314605713,9.025536485428205,-4.564451622533456,5.07016831322351,1.0925672497158778,-0.8428609779734144,-0.7872766641521425,0.0,50.0,20.0,1.0,0.0,0.0,0.0,-369.28932188134524,70.0,79.28932188134524,0.9238795325112867,0.0,0.3826834323650898,0.0
3.31809401512146,8.530202704830744,-4.96651006124516,4.53396825832221,0.9232370187756662,-0.76848353512924,-0.605313289695701,0.0,50.0,20.0,1.0,0.0,0.0,0.0,-369.28932188134524,70.0,79.28932188134524,0.9238795325112867,0.0,0.3826834323650898,0.0
3.3469040393829346,8.046396917459495,-4.277276252399211,4.2128191313447525,0.7415902712409964,-0.5994851888095454,-0.5465947453716414,0.0,50.0,20.0,1.0,0.0,0.0,0.0,-369.28932188134524,70.0,79.28932188134524,0.9238795325112867,0.0,0.3826834323650898,0.0
3.3768374919891357,8.514831248149514,-4.3485868061728,4.145438852903798,0.8301289811310189,-0.6715855011607199,-0.5456563816918705,0.0,50.0,20.0,1.0,0.0,0.0,0.0,-369.28932188134524,70.0,79.28932188134524,0.9238795325112867,0.0,0.3826834323650898,0.0
3.4091038703918457,8.872927930430528,-4.996956982736009,4.900601704342838,0.6498711849311275,-0.7202661119183673,-0.4111963050542053,0.0,50.0,20.0,1.0,0.0,0.0,0.0,-369.28932188134524,70.0,79.28932188134524,0.9238795325112867,0.0,0.3826834323650898,0.0
3.439305305480957,8.67780374385805,-5.2811310078174865,4.2286269840002895,0.6124951104816256,-0.9027744814367391,-0.298452720300346,0.0,50.0,20.0,1.0,0.0,0.0,0.0,-369.28932188134524,70.0,79.28932188134524,0.9238795325112867,0.0,0.3826834323650898,0.0
3.4688878059387207,8.376423296761736,-4.868755367995427,4.823697906374713,0.6736127432488752,-0.7989835779497796,-0.27851547252896885,0.0,50.0,20.0,1.0,0.0,0.0,0.0,-369.28932188134524,70.0,79.28932188134524,0.9238795325112867,0.0,0.3826834323650898,0.0
3.4986813068389893,8.908695833871626,-5.031515972848176,4.035804306195749,0.7602650915637661,-0.7621089928886126,-0.46123196242827663,0.0,50.0,20.0,1.0,0.0,0.0,0.0,-369.28932188134524,70.0,79.28932188134524,0.9238795325112867,0.0,0.3826834323650898,0.0
3.528379440307617,9.609812758529358,-5.447708239654446,3.8238602476607992,0.7390824521245253,-0.716863236481259,-0.38850339495645286,0.0,50.0,20.0,1.0,0.0,0.0,0.0,-369.28932188134524,70.0,79.28932188134524,0.9238795325112867,0.0,0.3826834323650898,0.0
3.560482978820801,9.544811682154936,-6.102379216710572,4.1998400657637065,0.9271149146492098,-0.5902829713512667,-0.32481924147880825,0.0,50.0,20.0,1.0,0.0,0.0,0.0,-369.28932188134524,70.0,79.28932188134524,0.9238795325112867,0.0,0.3826834323650898,0.0
3.59124493598938,8.782701596205964,-6.612582950399737,4.043241640767106,1.0687091106611906,-0.5095931752054397,-0.2641016654105538,0.0,50.0,20.0,1.0,0.0,0.0,0.0,-369.28932188134524,70.0,79.28932188134524,0.9238795325112867,0.0,0.3826834323650898,0.0
3.6213901042938232,8.290719964935361,-6.91453535893381,4.056161386578546,0.9259253585400509,-0.4199810089707856,-0.31966709213618394,0.0,50.0,20.0,1.0,0.0,0.0,0.0,-369.28932188134524,70.0,79.28932188134524,0.9238795325112867,0.0,0.3826834323650898,0.0
3.6505112648010254,7.6812313929098135,-6.412162848583728,3.8799495725538766,1.0184378593917611,-0.5214612149233496,-0.4141457077970043,0.0,50.0,20.0,1.0,0.0,0.0,0.0,-369.28932188134524,70.0,79.28932188134524,0.9238795325112867,0.0,0.3826834323650898,0.0
3.680342674255371,8.057171726948358,-6.098737044218457,3.6711031755794097,1.0202989006600502,-0.47361270350288676,-0.4410271680345831,0.0,50.0,20.0,1.0,0.0,0.0,0.0,-369.28932188134524,70.0,79.28932188134524,0.9238795325112867,0.0,0.3826834323650898,0.0
3.7130935192108154,7.352038826651315,-5.6864828126518345,3.206047197541204,1.2109011202374096,-0.5243872920155999,-0.3747923692819934,0.0,50.0,20.0,1.0,0.0,0.0,0.0,-369.28932188134524,70.0,79.28932188134524,0.9238795325112867,0.0,0.3826834323650898,0.0
3.7433478832244873,6.900039803582729,-6.443428494946044,3.853706294131878,1.3471381697972544,-0.5674837273631367,-0.41817706941316235,0.0,50.0,20.0,1.0,0.0,0.0,0.0,-369.28932188134524,70.0,79.28932188134524,0.9238795325112867,0.0,0.3826834323650898,0.0
3.773400068283081,7.225139512627829,-6.192327241975552,3.456804421077179,1.4103943550869338,-0.7073383399811257,-0.4945403715151009,0.0,50.0,20.0,1.0,0.0,0.0,0.0,-369.28932188134524,70.0,79.28932188134524,0.9238795325112867,0.0,0.3826834323650898,0.0
3.802457809448242,7.824247487982853,-5.533990111385663,2.867703810441434,1.451519990187668,-0.8265960202254365,-0.4179441912781724,0.0,50.0,20.0,1.0,0.0,0.0,0.0,-369.28932188134524,70.0,79.28932188134524,0.9238795325112867,0.0,0.3826834323650898,0.0
3.8326358795166016,7.71641484357873,-5.2124256712417605,3.3694012871002683,1.4972068940355145,-0.8242048603848925,-0.4542002749462519,0.0,50.0,20.0,1.0,0.0,0.0,0.0,-369.28932188134524,70.0,79.28932188134524,0.9238795325112867,0.0,0.3826834323650898,0.0
3.865973472595215,7.249034225517005,-5.025782039185403,3.023136689641927,1.4983963861603815,-0.6949162421750847,-0.48521345072205435,0.0,50.0,20.0,1.0,0.0,0.0,0.0,-369.28932188134524,70.0,79.28932188134524,0.9238795325112867,0.0,0.3826834323650898,0.0
3.895191192626953,6.487356641868654,-5.512655299020465,3.3441190095633466,1.5,-0.8923320671451306,-0.5434094559017904,0.0,50.0,20.0,1.0,0.0,0.0,0.0,-369.28932188134524,70.0,79.28932188134524,0.9238795325112867,0.0,0.3826834323650898,0.0
3.9256930351257324,5.940364130227979,-5.225060825053284,3.237126528443484,1.5,-1.091501502120328,-0.5435294774655837,0.0,50.0,20.0,1.0,0.0,0.0,0.0,-369.28932188134524,70.0,79.28932188134524,0.9238795325112867,0.0,0.3826834323650898,0.0
3.9572253227233887,5.283081457815459,-5.4742935679848825,4.00990041983036,1.5,-1.0413060324980332,-0.47489227486201036,0.0,50.0,20.0,1.0,0.0,0.0,0.0,-369.28932188134524,70.0,79.28932188134524,0.9238795325112867,0.0,0.3826834323650898,0.0
3.9875738620758057,5.483550167561567,-5.285924927704332,4.520735802173243,1.408135079608759,-1.062263038639686,-0.5213185240938225,0.0,50.0,20.0,1.0,0.0,0.0,0.0,-369.28932188134524,70.0,79.28932188134524,0.9238795325112867,0.0,0.3826834323650898,0.0
4.016878366470337,5.501371652265449,-4.88635278699101,4.47365280283409,1.5,-1.259153673408152,-0.6673595019307854,0.0,50.0,20.0,1.0,0.0,0.0,0.0,-369.28932188134524,70.0,79.28932188134524,0.9238795325112867,0.0,0.3826834323650898,0.0
4.047204971313477,5.344630508467352,-4.896684051469879,3.977357816375777,1.4246377215377544,-1.3196144345202694,-0.7675392045253802,0.0,50.0,20.0,1.0,0.0,0.0,0.0,-369.28932188134524,70.0,79.28932188134524,0.9238795325112867,0.0,0.3826834323650898,0.0
4.0770347118377686,5.9008662189722445,-4.597018340546942,4.238293708274989,1.3162392800777183,-1.1377024095274102,-0.955038759905972,0.0,50.0,20.0,1.0,0.0,0.0,0.0,-369.28932188134524,70.0,79.28932188134524,0.9238795325112867,0.0,0.3826834323650898,0.0
4.109311103820801,6.658034854622699,-4.778549944153849,4.068636845369535,1.229879839385988,-1.0357652630179777,-0.8250682177108307,0.0,50.0,20.0,1.0,0.0,0.0,0.0,-369.28932188134524,70.0,79.28932188134524,0.9238795325112867,0.0,0.3826834323650898,0.0
4.138379096984863,6.479508188072474,-5.457252739195669,4.060435541590162,1.2006575812866283,-0.8607470014896264,-1.009613447503071,0.0,50.0,20.0,1.0,0.0,0.0,0.0,-369.28932188134524,70.0,79.28932188134524,0.9238795325112867,0.0,0.3826834323650898,0.0
4.169020652770996,6.54891892872388,-5.197510466983301,3.5532057926006044,1.219926383202913,-0.8065526568010056,-1.011689950797528,0.0,50.0,20.0,1.0,0.0,0.0,0.0,-369.28932188134524,70.0,79.28932188134524,0.9238795325112867,0.0,0.3826834323650898,0.0
4.199283599853516,6.816826759430874,-5.305225196906913,4.214649332209923,1.3984444908700477,-0.9083942106503541,-1.0543876734318012,0.0,50.0,20.0,1.0,0.0,0.0,0.0,-369.28932188134524,70.0,79.28932188134524,0.9238795325112867,0.0,0.3826834323650898,0.0
4.228626489639282,7.4325058808448095,-5.627612613445819,3.7117929118378656,1.3917710679241164,-1.020755644572146,-0.946453408344476,0.0,50.0,20.0,1.0,0.0,0.0,0.0,-369.28932188134524,70.0,79.28932188134524,0.9238795325112867,0.0,0.3826834323650898,0.0
4.260986328125,7.105211943002236,-4.872368813172595,3.2869592201085904,1.3822564184557289,-1.1315500228991253,-0.7879242154716859,0.0,50.0,20.0,1.0,0.0,0.0,0.0,-369.28932188134524,70.0,79.28932188134524,0.9238795325112867,0.0,0.3826834323650898,0.0
4.29111385345459,7.029881143771833,-4.418335561308194,2.9611499863863804,1.5,-1.1084686421656926,-0.9733512319806313,0.0,50.0,20.0,1.0,0.0,0.0,0.0,-369.28932188134524,70.0,79.28932188134524,0.9238795325112867,0.0,0.3826834323650898,0.0
4.3208167552948,7.048275919754508,-3.7045586654077027,3.563466947031447,1.4982648927766462,-1.0917617767368664,-1.1733502335389687,0.0,50.0,20.0,1.0,0.0,0.0,0.0,-369.28932188134524,70.0,79.28932188134524,0.9238795325112867,0.0,0.3826834323650898,0.0
4.35098671913147,7.651696687227167,-4.078660474227659,2.809640538692423,1.355308093805216,-1.244744339281298,-1.358906759127714,0.0,50.0,20.0,1.0,0.0,0.0,0.0,-369.28932188134524,70.0,79.28932188134524,0.9238795325112867,0.0,0.3826834323650898,0.0
4.380612134933472,8.128227585266576,-3.749837710993315,3.4940788229513564,1.3544713901529153,-1.4146773085807252,-1.2923051199934745,0.0,50.0,20.0,1.0,0.0,0.0,0.0,-369.28932188134524,70.0,79.28932188134524,0.9238795325112867,0.0,0.3826834323650898,0.0
4.412673234939575,8.141068203381703,-4.348402185824599,2.897148127354994,1.230286274916023,-1.2356755254357479,-1.1169008517432435,0.0,50.0,20.0,1.0,0.0,0.0,0.0,-369.28932188134524,70.0,79.28932188134524,0.9238795325112867,0.0,0.3826834323650898,0.0
4.442727327346802,8.647082587720181,-4.892500915734696,3.4497256821548095,1.1924161590254236,-1.050490454350555,-1.0295879984125555,0.0,50.0,20.0,1.0,0.0,0.0,0.0,-369.28932188134524,70.0,79.28932188134524,0.9238795325112867,0.0,0.3826834323650898,0.0
4.472887992858887,8.361259555678572,-5.589359705598413,3.558957890897063,1.055549845741358,-1.2076739134134,-0.8868243709843995,0.0,50.0,20.0,1.0,0.0,0.0,0.0,-369.28932188134524,70.0,79.28932188134524,0.9238795325112867,0.0,0.3826834323650898,0.0
4.503694534301758,8.543936785265211,-4.849538262453647,4.025771115539085,0.9816605788730935,-1.0813486962189915,-0.9727562627148331,0.0,50.0,20.0,1.0,0.0,0.0,0.0,-369.28932188134524,70.0,79.28932188134524,0.9238795325112867,0.0,0.3826834323650898,0.0
4.532749176025391,8.11164218160803,-5.536003029126313,3.2854660401427256,1.0898556390809293,-0.9161458726000529,-0.9485592143967724,0.0,50.0,20.0,1.0,0.0,0.0,0.0,-369.28932188134524,70.0,79.28932188134524,0.9238795325112867,0.0,0.3826834323650898,0.0
4.564687252044678,8.25356008291038,-6.11476520560389,2.721194377015144,1.1748037539665028,-1.0687919796961123,-0.8433187217853151,0.0,50.0,20.0,1.0,0.0,0.0,0.0,-369.28932188134524,70.0,79.28932188134524,0.9238795325112867,0.0,0.3826834323650898,0.0
4.594773530960083,7.902915933603389,-6.617029992262491,2.5510177363429434,1.0957361046278111,-0.9914597881219911,-0.7109227962844626,0.0,50.0,20.0,1.0,0.0,0.0,0.0,-369.28932188134524,70.0,79.28932188134524,0.9238795325112867,0.0,0.3826834323650898,0.0
4.624599933624268,7.1175686961490685,-6.619947388954368,2.348624545728622,1.2137355234795466,-1.189791773675753,-0.52654313891467,0.0,50.0,20.0,1.0,0.0,0.0,0.0,-369.28932188134524,70.0,79.28932188134524,0.9238795325112867,0.0,0.3826834323650898,0.0
4.656545162200928,7.425136596668627,-6.474090683022918,2.586118113713762,1.152052169326264,-1.1386268307569116,-0.443672000254508,0.0,50.0,20.0,1.0,0.0,0.0,0.0,-369.28932188134524,70.0,79.28932188134524,0.9238795325112867,0.0,0.3826834323650898,0.0
4.686574935913086,7.5984244594377905,-7.545471905551269,7.201450951816341,0.027088580549657015,-0.5146422471712939,-1.0700330965128488,0.0,50.0,20.0,1.0,0.0,0.0,0.0,-369.28932188134524,70.0,79.28932188134524,0.9238795325112867,0.0,0.3826834323650898,0.0
4.716504096984863,7.496605758526499,-8.031377077078165,6.888359969343956,-0.02815791967651468,-0.5784592904258321,-1.1982119936911118,0.0,50.0,20.0,1.0,0.0,0.0,0.0,-369.28932188134524,70.0,79.28932188134524,0.9238795325112867,0.0,0.3826834323650898,0.0
4.746352672576904,8.058373051877528,-7.965258899118305,6.101527591404229,0.05326018224339554,-0.39629495522658975,-1.0255592614645506,0.0,50.0,20.0,1.0,0.0,0.0,0.0,-369.28932188134524,70.0,79.28932188134524,0.9238795325112867,0.0,0.3826834323650898,0.0
4.77626895904541,8.57176406645655,-7.571376829691946,6.212173302344397,-0.0714197568278076,-0.4728421513658482,-1.0874396683479062,0.0,50.0,20.0,1.0,0.0,0.0,0.0,-369.28932188134524,70.0,79.28932188134524,0.9238795325112867,0.0,0.3826834323650898,0.0
4.809370994567871,8.93546461769363,-6.853173011877501,6.254547300823692,0.125545652634996,-0.613420553776308,-0.976670323370579,0.0,50.0,20.0,1.0,0.0,0.0,0.0,-369.28932188134524,70.0,79.28932188134524,0.9238795325112867,0.0,0.3826834323650898,0.0
4.838312864303589,8.371107338334188,-6.610637269655614,5.710502655325754,0.10362087957648577,-0.6087252865995029,-0.7980768277926209,0.0,50.0,20.0,1.0,0.0,0.0,0.0,-369.28932188134524,70.0,79.28932188134524,0.9238795325112867,0.0,0.3826834323650898,0.0
4.869953393936157,8.198837185324338,-6.25294793973001,5.515393524451456,0.1316027635871952,-0.7364266666386806,-0.5997193304657027,0.0,50.0,20.0,1.0,0.0,0.0,0.0,-369.28932188134524,70.0,79.28932188134524,0.9238795325112867,0.0,0.3826834323650898,0.0
4.89884614944458,8.860016298897563,-6.191458033881686,5.409305286907302,0.3288441328667587,-0.5493063505123443,-0.7810548868206727,0.0,50.0,20.0,1.0,0.0,0.0,0.0,-369.28932188134524,70.0,79.28932188134524,0.9238795325112867,0.0,0.3826834323650898,0.0
4.929358243942261,8.901099934606519,-6.69227447918104,4.971320458892749,0.1489196391741614,-0.6311342987722679,-0.6636648913372583,0.0,50.0,20.0,1.0,0.0,0.0,0.0,-369.28932188134524,70.0,79.28932188134524,0.9238795325112867,0.0,0.3826834323650898,0.0
4.9606850147247314,8.927538627907438,-7.014706518729867,4.499954332491373,0.2748297755636357,-0.5417045962871403,-0.6499323213955537,0.0,50.0,20.0,1.0,0.0,0.0,0.0,-369.28932188134524,70.0,79.28932188134524,0.9238795325112867,0.0,0.3826834323650898,0.0
4.991089582443237,9.133494050162701,-7.310058978394369,5.117986258006676,0.1916225198200548,-0.4837947822331262,-0.6218017332927062,0.0,50.0,20.0,1.0,0.0,0.0,0.0,-369.28932188134524,70.0,79.28932188134524,0.9238795325112867,0.0,0.3826834323650898,0.0
5.021636962890625,9.630415303541904,-6.943087502842875,5.649958768129708,0.36416549675560916,-0.46515875152435326,-0.47548303420215543,0.0,50.0,20.0,1.0,0.0,0.0,0.0,-369.28932188134524,70.0,79.28932188134524,0.9238795325112867,0.0,0.3826834323650898,0.0
5.0508341789245605,9.173968747340233,-7.002631089225873,4.852612830429839,0.2205589886245308,-0.5950716804327469,-0.652620223089155,0.0,50.0,20.0,1.0,0.0,0.0,0.0,-369.28932188134524,70.0,79.28932188134524,0.9238795325112867,0.0,0.3826834323650898,0.0
