# Timestamp, Fx, Fy, Fz, Tx, Ty, Tz, FemurPosX, FemurPosY, FemurPosZ, FemurQuatW, FemurQuatX, FemurQuatY, FemurQuatZ, TibiaPosX, TibiaPosY, TibiaPosZ, TibiaQuatW, TibiaQuatX, TibiaQuatY, TibiaQuatZ
0.018639087677001953,9.126215512419684,-10.030763767096992,-3.161122449669107,-1.3827384161088088,-0.9174922974125849,-0.719371754814941,0.0,50.0,20.0,1.0,0.0,0.0,0.0,-397.2172123630358,70.0,59.613977396887165,0.9756690591668694,0.0,0.2192484594801884,0.0
0.03460431098937988,9.370833205065287,-10.613789801647311,-2.399133113845286,-1.5,-1.0124102571445113,-0.859871263046437,0.0,50.0,20.0,1.0,0.0,0.0,0.0,-397.2172123630358,70.0,59.613977396887165,0.9756690591668694,0.0,0.2192484594801884,0.0
0.06712555885314941,9.345683077440931,-10.526068024442626,-2.923881837349242,-1.5,-0.9303765639035565,-0.873733542615164,0.0,50.0,20.0,1.0,0.0,0.0,0.0,-398.8184921973534,70.0,58.87325631242739,0.9775651990726056,0.0,0.21063304954858555,0.0
0.10032057762145996,9.769768380749893,-11.15625025781512,-2.217290899339639,-1.323792406831246,-1.0329968420459283,-0.9862379062661542,0.0,50.0,20.0,1.0,0.0,0.0,0.0,-401.9947156788013,70.0,57.50352242563585,0.9810618675047057,0.0,0.1936946362917138,0.0
0.13367247581481934,9.583075716349459,-10.971645584927575,-2.256964972573864,-1.3895880705442398,-0.9986003988126932,-1.1408030016308797,0.0,50.0,20.0,1.0,0.0,0.0,0.0,-403.56572234603425,70.0,56.87350853901059,0.9826659947840604,0.0,0.18538485023068352,0.0
0.16701793670654297,8.828300125691786,-10.245702337394677,-1.901051550608985,-1.2665374202973134,-1.0181053107256786,-1.249918995485945,0.0,50.0,20.0,1.0,0.0,0.0,0.0,-405.12274951901406,70.0,56.27925843823809,0.9841766649381652,0.0,0.1771899889700048,0.0
0.20032143592834473,9.229296571209645,-10.145882134578912,-1.5968202475856679,-1.1481754886877085,-0.8933473627008679,-1.2200293011060117,0.0,50.0,20.0,1.0,0.0,0.0,0.0,-406.6639077261068,70.0,55.72007131999686,0.9855960853209674,0.0,0.1691163995595469,0.0
0.217024564743042,9.75119187637188,-10.878854123781252,-1.0343841866518324,-1.1712446909629277,-1.076748609935855,-1.3259801632473773,0.0,50.0,20.0,1.0,0.0,0.0,0.0,-408.18734615070787,70.0,55.19517388305003,0.9869266085098475,0.0,0.16117031182959898,0.0
0.25108981132507324,10.15001033804205,-11.188331070883436,-0.812355367279811,-1.31478372114417,-0.8859840767302293,-1.2457063339248609,0.0,50.0,20.0,1.0,0.0,0.0,0.0,-411.1738740879096,70.0,54.24482016673818,0.9893310361887517,0.0,0.14568493687986725,0.0
0.2837400436401367,9.94012861801831,-11.558082895750118,-0.9724656316733178,-1.2766867885741244,-0.897371247603461,-1.4140398149162325,0.0,50.0,20.0,1.0,0.0,0.0,0.0,-412.63348479683447,70.0,53.8174971960341,0.9904102756029087,0.0,0.13815746805790294,0.0
0.3170194625854492,9.966390814538874,-11.380989520184734,-0.6877444485533091,-1.451156728395728,-0.7759746550008344,-1.475469431055131,0.0,50.0,20.0,1.0,0.0,0.0,0.0,-414.06842346433194,70.0,53.42074064078359,0.9914112652154413,0.0,0.13078112709377437,0.0
0.3503720760345459,10.559276396058294,-11.001626076555143,-1.241917280091004,-1.5,-0.5981803904979197,-1.5,0.0,50.0,20.0,1.0,0.0,0.0,0.0,-415.47707814438985,70.0,53.05348740844961,0.9923369200819608,0.0,0.12356147070283716,0.0
0.38368678092956543,9.786257154894486,-11.380419353316523,-1.354364288870796,-1.5,-0.7297178871627816,-1.5,0.0,50.0,20.0,1.0,0.0,0.0,0.0,-418.2093627430728,70.0,52.40303217857115,0.9939742648112899,0.0,0.10961368934971477,0.0
0.4009287357330322,9.227230495728396,-12.13169581042922,-1.7469873580454014,-1.5,-0.6194186005007252,-1.5,0.0,50.0,20.0,1.0,0.0,0.0,0.0,-419.5300481484374,70.0,52.11751397111581,0.9946921283213319,0.0,0.10289591758461103,0.0
0.4336862564086914,8.853634353711378,-11.735323666337935,-2.1893735609791,-1.4465936835158453,-0.610379470436388,-1.5,0.0,50.0,20.0,1.0,0.0,0.0,0.0,-420.8185627608989,70.0,51.856877645744206,0.9953469805908284,0.0,0.09635553034839778,0.0
0.4669959545135498,8.535891001165101,-11.223638850079194,-1.4138521013025025,-1.3298134702617113,-0.43191162772154085,-1.5,0.0,50.0,20.0,1.0,0.0,0.0,0.0,-422.07358069462464,70.0,51.61990297378303,0.9959420089197387,0.0,0.08999730478694991,0.0
0.5003316402435303,8.840237914867593,-11.231961926388735,-1.288542521446891,-1.1591574520983245,-0.5414048478165188,-1.488596857588484,0.0,50.0,20.0,1.0,0.0,0.0,0.0,-423.2938356033064,70.0,51.40535475417214,0.9964804193907371,0.0,0.08382585383317413,0.0
0.5338230133056641,8.187394897093935,-11.583768011893481,-0.5392224026299057,-1.0499413052808158,-0.3865896683023272,-1.5,0.0,50.0,20.0,1.0,0.0,0.0,0.0,-425.62528920439746,70.0,51.03855452984335,0.9974002342845039,0.0,0.07206089542336229,0.0
0.5672237873077393,7.782720482790719,-11.55575621233312,-0.5354636310087804,-1.0304568612743206,-0.28483844420852217,-1.3295863755116588,0.0,50.0,20.0,1.0,0.0,0.0,0.0,-426.7342528698041,70.0,50.88380579805488,0.9977880391193942,0.0,0.06647577747025173,0.0
0.583759069442749,6.9928761167512805,-11.665931054566764,-0.3727243748250919,-0.95176460617254,-0.250213931120813,-1.3831855314335784,0.0,50.0,20.0,1.0,0.0,0.0,0.0,-427.803982547903,70.0,50.74650052361808,0.9981320039864013,0.0,0.06109421100309283,0.0
0.6170167922973633,6.477629128770058,-11.103781300389452,-0.17277380464848646,-0.9036883471694604,-0.40021480522381014,-1.4311594809776855,0.0,50.0,20.0,1.0,0.0,0.0,0.0,-428.8335068695137,70.0,50.62540852327089,0.9984352544775478,0.0,0.05591996616911013,0.0
0.6503610610961914,6.878902336980113,-11.43503809549313,-0.4539223910684985,-1.056603075493522,-0.5334537233939208,-1.2655855844489952,0.0,50.0,20.0,1.0,0.0,0.0,0.0,-429.8219114251547,70.0,50.51931588010362,0.9987008664257191,0.0,0.05095664235914784,0.0
0.6836302280426025,7.317193527076764,-10.86901316869393,-1.1258319795277008,-1.2431848303382833,-0.48936470827931944,-1.4072066085845059,0.0,50.0,20.0,1.0,0.0,0.0,0.0,-431.67198173840154,70.0,50.347382814928125,0.9991311655260081,0.0,0.041676301115149736,0.0
0.7170476913452148,7.483083967561137,-11.02834510713801,-0.5363864831376008,-1.0724960986720702,-0.6175027795783591,-1.5,0.0,50.0,20.0,1.0,0.0,0.0,0.0,-432.5320930331422,70.0,50.279238041748016,0.9993016610569903,0.0,0.03736562870794595,0.0
0.7503035068511963,7.083119278708679,-10.40600780013025,-1.1299112067581745,-0.8951813057091442,-0.7989538435670107,-1.5,0.0,50.0,20.0,1.0,0.0,0.0,0.0,-433.34797287010304,70.0,50.22149261958708,0.9994461150567672,0.0,0.03327856814731404,0.0
0.7669858932495117,6.406465894631732,-10.142011206010327,-0.9203939393486831,-0.7752299659274828,-0.8385406609950976,-1.494463272313893,0.0,50.0,20.0,1.0,0.0,0.0,0.0,-434.1189729398101,70.0,50.17308218362487,0.9995672008834001,0.0,0.02941786732794144,0.0
0.8009111881256104,5.972438930809284,-10.541041664551262,-0.9804996725762333,-0.9617711757442274,-0.9401650841405635,-1.5,0.0,50.0,20.0,1.0,0.0,0.0,0.0,-435.52398310523097,70.0,50.100223860322174,0.9997494089512577,0.0,0.02238569412841376,0.0
0.8336203098297119,6.408564629738729,-11.29812241939086,-0.20891733567876136,-1.1576097411592938,-1.1166971535997876,-1.5,0.0,50.0,20.0,1.0,0.0,0.0,0.0,-436.1569343888996,70.0,50.0738730525956,0.9998153003115235,0.0,0.019218877776240147,0.0
0.8669893741607666,7.100834036541475,-11.284259449038816,-0.35874262143564006,-1.3364722607529673,-1.206536976509552,-1.5,0.0,50.0,20.0,1.0,0.0,0.0,0.0,-436.7428851040244,70.0,50.053058063018184,0.9998673460439185,0.0,0.016287735112376214,0.0
0.900292158126831,6.526306757708373,-11.451352781741095,0.12868679358138502,-1.2657536949594188,-1.3868433920783727,-1.475417771263369,0.0,50.0,20.0,1.0,0.0,0.0,0.0,-437.2814152546351,70.0,50.03696034542432,0.9999075948670849,0.0,0.013594179898825115,0.0
0.9170053005218506,7.1528138350168975,-10.858045806438188,-0.20492200602784066,-1.0938409863269751,-1.2523996025626096,-1.3568376642748643,0.0,50.0,20.0,1.0,0.0,0.0,0.0,-437.77214584781524,70.0,50.02481975071717,0.9999379486980251,0.0,0.011139962010070344,0.0
0.9508869647979736,6.6279130892174365,-10.10898810324311,-0.2569671911325793,-1.0897292731527137,-1.2862371864846809,-1.282544699404271,0.0,50.0,20.0,1.0,0.0,0.0,0.0,-438.6088887972726,70.0,50.00967642005729,0.9999758086572462,0.0,0.00695572428194724,0.0
0.9836447238922119,6.357110286909476,-10.23788853624257,-1.000158897692918,-0.9090277726424012,-1.1826518539482191,-1.2516841249208936,0.0,50.0,20.0,1.0,0.0,0.0,0.0,-438.9543355602461,70.0,50.005467220055294,0.9999863318564527,0.0,0.005228393661204729,0.0
1.0169870853424072,6.489510989848254,-10.426474120374522,-1.097945690960126,-0.9607145311702002,-1.333427068570769,-1.3760894012605698,0.0,50.0,20.0,1.0,0.0,0.0,0.0,-439.25084913383154,70.0,50.00280617447447,0.9999929845392055,0.0,0.0037457806092192213,0.0
1.0503125190734863,6.992928284433059,-10.536381180575514,-0.6794199669609031,-1.1346525055687449,-1.3354666897569047,-1.5,0.0,50.0,20.0,1.0,0.0,0.0,0.0,-439.49823560723297,70.0,50.001258845452696,0.999996852881416,0.0,0.0025088298594202803,0.0
1.0836811065673828,6.750704259522579,-10.56133698717191,-0.33483275560128223,-1.2704139115688193,-1.4852010321942481,-1.4405100134457727,0.0,50.0,20.0,1.0,0.0,0.0,0.0,-439.84501967529405,70.0,50.00012009457734,0.9999996997635116,0.0,0.0007749018561834185,0.0
1.100820779800415,7.016737906852932,-10.893007360578274,-0.40979334387688493,-1.4625569741798055,-1.5,-1.4923676081327673,0.0,50.0,20.0,1.0,0.0,0.0,0.0,-439.944195314635,70.0,50.00001557081576,0.9999999610729599,0.0,0.0002790234376864333,0.0
1.1336462497711182,7.383049201993144,-10.89990894534823,-0.8869280577189034,-1.5,-1.5,-1.359606087413109,0.0,50.0,20.0,1.0,0.0,0.0,0.0,-439.9937988262897,70.0,50.00000019227278,0.9999999995193181,0.0,3.1005868566263365e-05,0.0
1.1669909954071045,7.7654188316488355,-10.296103060433499,-0.7975176773080767,-1.5,-1.353662983145263,-1.2735788669054005,0.0,50.0,20.0,1.0,0.0,0.0,0.0,-439.9937988262558,70.0,50.00000019227278,0.9999999995193181,0.0,3.100586873594817e-05,0.0
1.200364351272583,7.432498026310114,-10.178788539202428,-1.4091761155550744,-1.5,-1.4561261806032768,-1.2421646495965004,0.0,50.0,20.0,1.0,0.0,0.0,0.0,-439.9441953145331,70.0,50.00001557081582,0.9999999610729597,0.0,0.0002790234381962289,0.0
1.233689546585083,6.6630456814198,-10.266474475561846,-0.7743368909532982,-1.5,-1.394449825213462,-1.141078177246263,0.0,50.0,20.0,1.0,0.0,0.0,0.0,-439.69633483878664,70.0,50.00046106371357,0.9999988473400517,0.0,0.0015183275561821991,0.0
1.2673163414001465,6.813943216882669,-9.652470092837039,-1.452648857903303,-1.3591432224158757,-1.2668132798764837,-1.083776874606206,0.0,50.0,20.0,1.0,0.0,0.0,0.0,-439.4982356069282,70.0,50.00125884545423,0.9999968528814123,0.0,0.002508829860944169,0.0
1.2846195697784424,7.515110929413584,-9.465559675087535,-2.1719793696746876,-1.286320957969706,-1.1886199946521834,-0.9587525104673128,0.0,50.0,20.0,1.0,0.0,0.0,0.0,-439.25084913345944,70.0,50.00280617447727,0.9999929845391985,0.0,0.0037457806110798115,0.0
1.317073106765747,7.329906392434314,-9.400065925994353,-2.8376258105505814,-1.4607334585803875,-1.2346573621917787,-0.8818499276956207,0.0,50.0,20.0,1.0,0.0,0.0,0.0,-438.95433555980617,70.0,50.00546722005991,0.9999863318564411,0.0,0.005228393663404411,0.0
1.3503355979919434,7.45550015578812,-9.549778067504832,-3.4231273428210542,-1.2841273627649656,-1.1146304876630588,-0.9984659392177389,0.0,50.0,20.0,1.0,0.0,0.0,0.0,-438.6088887967666,70.0,50.009676420064324,0.9999758086572287,0.0,0.0069557242844774094,0.0
1.3836610317230225,7.733977265139634,-9.82311804653233,-3.176683402154214,-1.2855104686983927,-1.2732339353453959,-1.065402039371364,0.0,50.0,20.0,1.0,0.0,0.0,0.0,-437.7721458471757,70.0,50.024819750731425,0.9999379486979895,0.0,0.011139962013268914,0.0
1.416975498199463,7.693044497387403,-9.037126965294688,-2.3847661972930814,-1.4484009340076711,-1.1305659782715924,-1.250179409069129,0.0,50.0,20.0,1.0,0.0,0.0,0.0,-437.2814152539309,70.0,50.036960345443475,0.9999075948670371,0.0,0.013594179902346971,0.0
1.4502990245819092,7.286719221517221,-8.5378916299003,-2.2055537914939514,-1.4013238000055508,-1.1386897757271968,-1.3409830732199208,0.0,50.0,20.0,1.0,0.0,0.0,0.0,-436.7428851032551,70.0,50.05305806304325,0.9998673460438559,0.0,0.016287735116224347,0.0
1.466975212097168,7.6119944957895145,-8.453237890686854,-2.6825953171528125,-1.4173964502130767,-1.2218953253903506,-1.46367739330466,0.0,50.0,20.0,1.0,0.0,0.0,0.0,-436.1569343880657,70.0,50.073873052627675,0.9998153003114433,0.0,0.019218877780412088,0.0
1.5008385181427002,8.189139996114335,-8.791279319543845,-2.5565350295833325,-1.4987476709143868,-1.2782534731624033,-1.3290983701590426,0.0,50.0,20.0,1.0,0.0,0.0,0.0,-434.8444937615205,70.0,50.132984647457306,0.9996674830976116,0.0,0.02578610550832597,0.0
1.533674955368042,7.980584750158063,-7.998482613675565,-1.986131953710917,-1.5,-1.4496233528882274,-1.1340888596120993,0.0,50.0,20.0,1.0,0.0,0.0,0.0,-434.1189729387862,70.0,50.173082183685196,0.9995672008832492,0.0,0.029417867333067435,0.0
1.5669996738433838,7.764012803463558,-7.704866433229844,-1.69944336073855,-1.3168229982335817,-1.5,-1.2563137290468052,0.0,50.0,20.0,1.0,0.0,0.0,0.0,-433.3479728690173,70.0,50.22149261965947,0.9994461150565861,0.0,0.033278568152751486,0.0
1.6002793312072754,8.539442388842643,-7.301303003174604,-2.277371068121505,-1.4418078551560913,-1.5,-1.3991750665833242,0.0,50.0,20.0,1.0,0.0,0.0,0.0,-432.5320930319936,70.0,50.279238041834034,0.9993016610567751,0.0,0.037365628713700784,0.0
1.6170156002044678,8.733095192858737,-7.328010611067317,-1.793001853834704,-1.5,-1.3133237983795172,-1.4326566890436825,0.0,50.0,20.0,1.0,0.0,0.0,0.0,-431.6719817371948,70.0,50.34738281502898,0.9991311655257558,0.0,0.04167630112119907,0.0
1.6509249210357666,8.670185475583981,-6.900240109344979,-1.134614903334593,-1.5,-1.1465436714393427,-1.5,0.0,50.0,20.0,1.0,0.0,0.0,0.0,-429.82191142383095,70.0,50.51931588023906,0.99870086642538,0.0,0.050956642365792525,0.0
1.6836957931518555,8.527786925817152,-6.830785172326489,-1.8229081418860578,-1.5,-1.0717339267577926,-1.5,0.0,50.0,20.0,1.0,0.0,0.0,0.0,-428.8335068681331,70.0,50.62540852342602,0.9984352544771593,0.0,0.055919966176045784,0.0
1.7169992923736572,8.709063517695862,-6.897784673661738,-1.2272044940353952,-1.4357856440825043,-1.214032286162869,-1.5,0.0,50.0,20.0,1.0,0.0,0.0,0.0,-427.80398254646434,70.0,50.74650052379485,0.9981320039859586,0.0,0.061094211010326596,0.0
1.7503304481506348,8.498110546259435,-7.1660945382983305,-1.1790190102422267,-1.4359471833841215,-1.2097163218015965,-1.4916249107693331,0.0,50.0,20.0,1.0,0.0,0.0,0.0,-426.73425286831343,70.0,50.883805798254386,0.9977880391188942,0.0,0.06647577747775463,0.0
1.7836575508117676,8.859906555965154,-7.616731252768902,-1.3238076388010036,-1.5,-1.3699771059669412,-1.3704981920902959,0.0,50.0,20.0,1.0,0.0,0.0,0.0,-424.4781208109876,70.0,51.211988245325514,0.9969654250641656,0.0,0.0778456243255044,0.0
1.800924301147461,9.63838556199342,-8.34133030416398,-0.8210195773448301,-1.3800371246997667,-1.223319980943684,-1.3336174490027086,0.0,50.0,20.0,1.0,0.0,0.0,0.0,-423.29383560166127,70.0,51.4053547544509,0.9964804193900377,0.0,0.08382585384148779,0.0
1.833707332611084,9.064017224138667,-8.646910132300674,-0.13536669416811842,-1.3721144484187071,-1.1582004616588435,-1.2045180836604252,0.0,50.0,20.0,1.0,0.0,0.0,0.0,-422.07358069293105,70.0,51.61990297409163,0.995942008918964,0.0,0.0899973047955222,0.0
1.8669958114624023,9.504356949605324,-8.610734863032485,-0.21753426200271742,-1.213312223422807,-1.0656966695056824,-1.0737896794614015,0.0,50.0,20.0,1.0,0.0,0.0,0.0,-420.8185627591586,70.0,51.856877646084314,0.9953469805899742,0.0,0.09635553035722244,0.0
1.900294542312622,9.356896354349296,-9.23036268584289,0.44129129283248636,-1.0988972949833582,-0.8857199658394597,-0.9937433674044354,0.0,50.0,20.0,1.0,0.0,0.0,0.0,-419.5300481466522,70.0,52.117513971489146,0.9946921283203936,0.0,0.10289591759368173,0.0
1.9336528778076172,9.46123475916515,-9.093061859703027,0.5935923765353881,-0.9223397129792927,-0.7337028250677965,-1.1379890036991223,0.0,50.0,20.0,1.0,0.0,0.0,0.0,-416.8578915727246,70.0,52.7146320480812,0.9931902334193555,0.0,0.11650390654568617,0.0
1.9669835567474365,10.146820443351173,-8.50636677584804,0.9678398092485108,-0.9025485032458771,-0.8355500151603257,-1.2684045970893643,0.0,50.0,20.0,1.0,0.0,0.0,0.0,-415.4770781424813,70.0,53.0534874089324,0.9923369200807446,0.0,0.12356147071260509,0.0
1.984259843826294,10.770786974192838,-7.909001303474323,0.4231841182635474,-0.9352202566249732,-0.9529281391823803,-1.225984447334445,0.0,50.0,20.0,1.0,0.0,0.0,0.0,-414.0684234623831,70.0,53.42074064130685,0.9914112652141218,0.0,0.13078112710377685,0.0
2.0169894695281982,11.445699828732236,-7.645808547389631,0.06669763636539389,-0.7921074507894227,-0.7866066109516545,-1.1332307154449461,0.0,50.0,20.0,1.0,0.0,0.0,0.0,-412.633484794854,70.0,53.817497196597586,0.9904102756014863,0.0,0.13815746806809956,0.0
2.0503711700439453,11.30915651624113,-7.851326579907612,-0.2341305672453201,-0.9026271792800554,-0.8648444602425437,-1.2623574144264624,0.0,50.0,20.0,1.0,0.0,0.0,0.0,-411.1738740858965,70.0,54.2448201673442,0.9893310361872203,0.0,0.14568493689026676,0.0
2.0836803913116455,11.535002506808473,-7.655765167949511,0.4214759741780273,-0.9020610157477764,-0.8294142296047866,-1.4485661735935342,0.0,50.0,20.0,1.0,0.0,0.0,0.0,-408.1873461486365,70.0,55.1951738837451,0.9869266085080869,0.0,0.16117031184038047,0.0
2.117011070251465,11.220304284512107,-8.099290010627495,0.5481976908057647,-0.7022463654709528,-0.729240685995829,-1.5,0.0,50.0,20.0,1.0,0.0,0.0,0.0,-406.6639077240065,70.0,55.72007132073951,0.9855960853190837,0.0,0.16911639957052513,0.0
2.150254487991333,10.59150089726337,-8.298915560174967,0.6499319409472851,-0.6573194596457134,-0.8898971419709545,-1.4743932278776293,0.0,50.0,20.0,1.0,0.0,0.0,0.0,-405.12274951689426,70.0,56.27925843902695,0.9841766649361614,0.0,0.17718998898113505,0.0
2.1671102046966553,10.76703024146726,-7.973344281901764,-0.1079042477519282,-0.6183129447886,-1.0280750248678474,-1.327826458775208,0.0,50.0,20.0,1.0,0.0,0.0,0.0,-403.56572234389404,70.0,56.87350853984793,0.9826659947819302,0.0,0.1853848502419754,0.0
2.2002882957458496,10.867584879408895,-8.269179078724026,-0.006814368399841286,-0.43534669747670607,-0.9931330213157926,-1.5,0.0,50.0,20.0,1.0,0.0,0.0,0.0,-400.41165388572267,70.0,58.16992403391913,0.9793622311639368,0.0,0.2021128896671255,0.0
2.233661651611328,10.828975895239086,-8.99963232723583,0.32845587652234187,-0.34084805094290577,-0.8563789508102804,-1.5,0.0,50.0,20.0,1.0,0.0,0.0,0.0,-398.8184921951677,70.0,58.873256313415126,0.9775651990700797,0.0,0.2106330495603091,0.0
2.2670106887817383,11.383209546704302,-9.298624171714627,0.850933052398445,-0.28584522068505597,-0.8487850970993347,-1.5,0.0,50.0,20.0,1.0,0.0,0.0,0.0,-397.2172123608404,70.0,59.61397739792635,0.9756690591642068,0.0,0.21924845949203772,0.0
2.3002614974975586,11.145981807286855,-9.852606329760674,0.5576211105489206,-0.20987864602803497,-0.8874144181633358,-1.324726255438565,0.0,50.0,20.0,1.0,0.0,0.0,0.0,-395.60981808850966,70.0,60.392457070485435,0.9736722829820991,0.0,0.22795237518487765,0.0
2.317004919052124,11.146318156223058,-10.31945408824235,-0.1822801527063621,-0.03642733674203308,-0.7709388973089099,-1.4254195203431357,0.0,50.0,20.0,1.0,0.0,0.0,0.0,-393.9983302096551,70.0,61.20897355869758,0.9715735341221025,0.0,0.23673797285920964,0.0
2.350912094116211,10.81475617931509,-10.872409005222616,-0.8597866496057067,0.06389336952381647,-0.5901250587762124,-1.5,0.0,50.0,20.0,1.0,0.0,0.0,0.0,-390.77121211183993,70.0,62.95675532781108,0.9670657802657193,0.0,0.2545265735420477,0.0
2.383666753768921,10.697518623016407,-10.896118875548046,-1.4070771460969398,0.19391035185104327,-0.5093896809890421,-1.5,0.0,50.0,20.0,1.0,0.0,0.0,0.0,-389.1596627990087,70.0,63.888095403193546,0.964655131632042,0.0,0.263515610573582,0.0
2.417097806930542,10.770488724154783,-10.53955232651422,-1.5688010017388572,0.05052957031720656,-0.5512788753816343,-1.4592720522218012,0.0,50.0,20.0,1.0,0.0,0.0,0.0,-387.55217070394906,70.0,64.85761806167095,0.9621392361252321,0.0,0.27255841632273026,0.0
2.438882827758789,10.962527989294703,-9.756173766618751,-1.2691196491326222,-0.08605884855005791,-0.46468655868482645,-1.3318478941978538,0.0,50.0,20.0,1.0,0.0,0.0,0.0,-385.9507629919163,70.0,65.86510843387272,0.9595178256971761,0.0,0.28164790460673345,0.0
2.4837775230407715,11.55200508019417,-10.130312431109147,-1.349067227766247,-0.09368560101599174,-0.28607790254552484,-1.344312539011327,0.0,50.0,20.0,1.0,0.0,0.0,0.0,-382.77422543781375,70.0,67.99261785815963,0.953958547689155,0.0,0.29993847584262706,0.0
2.500925302505493,10.992423185643467,-10.438036955504684,-1.943856812034075,-0.01782324219795492,-0.17283911486100256,-1.3346248165147117,0.0,50.0,20.0,1.0,0.0,0.0,0.0,-381.20304844325216,70.0,69.11169127968216,0.9510213160605756,0.0,0.3091253085698594,0.0
2.533822774887085,10.320090139484869,-9.833288179255879,-2.564026946954501,-0.011013027439331108,-0.34607275286716455,-1.1881477481795542,0.0,50.0,20.0,1.0,0.0,0.0,0.0,-379.6458497992811,70.0,70.26684156795827,0.9479798479715741,0.0,0.31833034388790415,0.0
2.567054033279419,10.714853569939864,-9.7623253795077,-1.8545104683858258,0.08650702266115481,-0.39772829422296635,-1.0600801647715454,0.0,50.0,20.0,1.0,0.0,0.0,0.0,-378.1045200715616,70.0,71.45733920710174,0.94483506706964,0.0,0.3275464791987676,0.0
2.600456476211548,11.081727486010625,-9.602565979033919,-1.2191278678088875,0.09034532052945346,-0.2548107919058449,-0.8987104078990413,0.0,50.0,20.0,1.0,0.0,0.0,0.0,-376.58090506433484,70.0,72.68235390584444,0.9415881426986948,0.0,0.336766639572898,0.0
2.6337075233459473,11.198076824370716,-9.395105003464307,-1.4726632143066665,-0.02845642141805023,-0.09827085215266312,-0.9448911780421642,0.0,50.0,20.0,1.0,0.0,0.0,0.0,-373.59394487602697,70.0,75.23212024624576,0.9347937733900302,0.0,0.3551909363021934,0.0
2.666934013366699,10.755849510341731,-8.695916823123476,-1.5241735062381492,0.1278939630557368,-0.22159109583100378,-1.0488043524805888,0.0,50.0,20.0,1.0,0.0,0.0,0.0,-372.1340173933861,70.0,76.55472510202732,0.9312498990549547,0.0,0.36438115416434014,0.0
2.684281349182129,10.217208641256175,-9.147326029868477,-2.2700102826896864,0.014129904370157667,-0.23472209644853598,-1.102401233379208,0.0,50.0,20.0,1.0,0.0,0.0,0.0,-370.6986295520991,70.0,77.90755896737299,0.9276110203976314,0.0,0.37354758041896746,0.0
2.7170093059539795,9.561432992242334,-9.489547926750966,-2.5148787219228037,0.10577514477006413,-0.2500249670826413,-1.0432281094271756,0.0,50.0,20.0,1.0,0.0,0.0,0.0,-369.28932188046804,70.0,79.28932188222242,0.9238795325089131,0.0,0.3826834323708202,0.0
2.750340223312378,10.352970809250346,-8.701517719217861,-3.076764566598766,-0.00480902702970995,-0.21598384280551935,-1.2051900263869517,0.0,50.0,20.0,1.0,0.0,0.0,0.0,-367.90755896565724,70.0,80.6986295538839,0.9200580700317673,0.0,0.3917820156278482,0.0
2.7836813926696777,10.358526622194193,-9.169624896425791,-3.1583781064815803,-0.1787427862521677,-0.22011992080120754,-1.3655245873883441,0.0,50.0,20.0,1.0,0.0,0.0,0.0,-365.2321202446059,70.0,83.59394487787335,0.9121569358452707,0.0,0.4098410965110342,0.0
2.8170344829559326,10.537949313942411,-8.787572102711245,-3.1226071655444487,-0.08713381269538115,-0.1811770349843054,-1.4008118334286281,0.0,50.0,20.0,1.0,0.0,0.0,0.0,-363.94095632667955,70.0,85.0768001751305,0.9080836961009418,0.0,0.4187887305977233,0.0
2.85036301612854,10.702521988010497,-9.415229078679024,-2.6514586020465782,-0.15042464818563886,-0.1783725987485297,-1.436606826855068,0.0,50.0,20.0,1.0,0.0,0.0,0.0,-362.68235390428623,70.0,86.58090506623454,0.9039333353012419,0.0,0.42767338627879653,0.0
2.867274284362793,10.688818727626675,-9.871474666489037,-2.417231141589504,-0.14528187775134976,-0.08782352566104354,-1.399847304957106,0.0,50.0,20.0,1.0,0.0,0.0,0.0,-361.45733920558627,70.0,88.10452007348465,0.8997096196176724,0.0,0.4364889464435764,0.0
2.9009039402008057,11.206655852495002,-9.741182440135665,-1.9953478845919537,-0.11352929856251318,-0.10430878548988926,-1.4921698104076975,0.0,50.0,20.0,1.0,0.0,0.0,0.0,-359.1116912782528,70.0,91.20304844521857,0.8910582235600024,0.0,0.45388901972408724,0.0
2.9336538314819336,10.439507625983588,-9.102071463095053,-1.4901073239211122,-0.10769004596033468,-0.13641591990507074,-1.5,0.0,50.0,20.0,1.0,0.0,0.0,0.0,-357.9926178567785,70.0,92.77422543979297,0.8866390882433703,0.0,0.46246202784549223,0.0
2.9669926166534424,10.713549577470307,-8.73525758521465,-2.1512240545015744,-0.05565933099393114,-0.24482933829125442,-1.5,0.0,50.0,20.0,1.0,0.0,0.0,0.0,-356.91024874191635,70.0,94.3574512098,0.8821636718608401,0.0,0.4709429435175773,0.0
3.0002851486206055,10.475672796969134,-8.474461029811488,-1.4035203677531471,0.06621668784960336,-0.2788619965320936,-1.5,0.0,50.0,20.0,1.0,0.0,0.0,0.0,-355.865108432585,70.0,95.95076299392082,0.877636704468538,0.0,0.4793264179758967,0.0
3.0170140266418457,10.844419640579426,-8.923449862221432,-0.807026817815947,0.24666790671041602,-0.33465686462210115,-1.457984570592016,0.0,50.0,20.0,1.0,0.0,0.0,0.0,-354.8576180604307,70.0,97.55217070596247,0.8730630827552999,0.0,0.48760727386885067,0.0
3.0508949756622314,11.285135518951202,-8.483571485620859,-0.16021839509094082,0.2564080340682125,-0.14583063453451717,-1.2659283930017753,0.0,50.0,20.0,1.0,0.0,0.0,0.0,-352.9567553266666,70.0,100.77121211386353,0.8637962372172516,0.0,0.5038413049456323,0.0
3.0836708545684814,10.982716461395432,-8.494579978285286,0.013232510338274772,0.21211196945259783,-0.2552844451102475,-1.328219956239031,0.0,50.0,20.0,1.0,0.0,0.0,0.0,-352.0637106747429,70.0,102.3847816375408,0.8591135500108795,0.0,0.5117850214569629,0.0
3.116997480392456,10.643958254244952,-9.01248460035347,0.28882647067821543,0.22839092578917747,-0.218404280197326,-1.2426027613116917,0.0,50.0,20.0,1.0,0.0,0.0,0.0,-351.2089735576473,70.0,103.99833021168226,0.8544052603662905,0.0,0.5196072084357677,0.0
3.150330066680908,10.240580314607516,-9.476476490934388,-0.08875878613818011,0.17952538319543154,-0.1722124718352746,-1.3021113778725202,0.0,50.0,20.0,1.0,0.0,0.0,0.0,-350.3924570694849,70.0,105.60981809052934,0.8496769442248938,0.0,0.5273036036787979,0.0
3.183669328689575,10.18836419067201,-8.752251843730033,-0.3224599231735914,0.027812418649274473,-0.24462472697760776,-1.1035631160456094,0.0,50.0,20.0,1.0,0.0,0.0,0.0,-348.87325631250934,70.0,108.81849219717203,0.8401830389945633,0.0,0.5423029236375738,0.0
3.200889825820923,10.488210507919025,-9.432172760982855,0.18411798318541694,0.06525478046693223,-0.13114991020131714,-0.992327355813211,0.0,50.0,20.0,1.0,0.0,0.0,0.0,-348.16992403306,70.0,110.41165388771557,0.835429069736876,0.0,0.5495982800542392,0.0
3.2336652278900146,10.770877090685035,-9.03183065313544,-0.44484568665002944,-0.11845364377140924,-0.08030268188170994,-0.9471398056744089,0.0,50.0,20.0,1.0,0.0,0.0,0.0,-347.5035224257109,70.0,111.99471567861868,0.830678290077998,0.0,0.5567527084739627,0.0
3.2670328617095947,11.499890905150533,-8.945396170560757,-0.6688903338962782,-0.28102922386260015,-0.16290446473150513,-0.8618977147027791,0.0,50.0,20.0,1.0,0.0,0.0,0.0,-346.87350853908004,70.0,113.5657223458567,0.82593667328114,0.0,0.5637629038250774,0.0
3.3003458976745605,11.5076883776224,-8.332793446055883,-1.0489600820339215,-0.24539566292727766,-0.2658306622576453,-0.8903226911014143,0.0,50.0,20.0,1.0,0.0,0.0,0.0,-346.27925843830354,70.0,115.12274951883819,0.8212102364229327,0.0,0.5706257509035068,0.0
3.33366322517395,12.057552917362313,-8.93846884952065,-0.4600115717275146,-0.24063025000727023,-0.4641720065018756,-0.8621673625229899,0.0,50.0,20.0,1.0,0.0,0.0,0.0,-345.1951738831077,70.0,118.187346150536,0.8118271178319434,0.0,0.5838978769893585,0.0
3.3670055866241455,12.00547919933233,-8.49920162364429,-0.8046744949585447,-0.2641126026426648,-0.4261185647913243,-0.7579155890944124,0.0,50.0,20.0,1.0,0.0,0.0,0.0,-344.70372492896894,70.0,119.69125608695765,0.8071825813068638,0.0,0.5903018553543502,0.0
3.3842995166778564,11.945345366006999,-8.846338933257757,-0.08798316530474604,-0.24042629506043375,-0.5085085850749334,-0.639307974250813,0.0,50.0,20.0,1.0,0.0,0.0,0.0,-344.2448201667885,70.0,121.17387408774259,0.8025774913123885,0.0,0.5965478777421918,0.0
3.417020797729492,12.711593393853171,-9.384790323339919,-0.7649665242162292,-0.4344989134303693,-0.36003144620060296,-0.622420847928329,0.0,50.0,20.0,1.0,0.0,0.0,0.0,-343.8174971960808,70.0,122.63348479667015,0.7980179045714759,0.0,0.6026337394996655,0.0
3.4503822326660156,11.98628886436855,-9.855626049129588,-0.6808103509248982,-0.6040472681551453,-0.20836678234913292,-0.4469811896787241,0.0,50.0,20.0,1.0,0.0,0.0,0.0,-343.42074064082783,70.0,124.0684234641673,0.7935098503983196,0.0,0.6085574067586693,0.0
3.4837443828582764,12.225904145160946,-9.945267515179609,-0.8097933693477248,-0.7995858360245169,-0.2589809028363831,-0.49211138095794693,0.0,50.0,20.0,1.0,0.0,0.0,0.0,-342.7146320476734,70.0,126.85789157443894,0.784672251406793,0.0,0.6199108467128114,0.0
3.5170488357543945,12.884992758346435,-9.173801999299357,-1.3986408058412254,-0.7445195706859532,-0.2753900543074884,-0.5540010641036548,0.0,50.0,20.0,1.0,0.0,0.0,0.0,-342.40303217860503,70.0,128.20936274292114,0.7803545260235211,0.0,0.6253373599223109,0.0
3.550358533859253,13.0,-9.056832939359744,-0.6630033504342374,-0.7044983105860627,-0.28491189890750757,-0.6797349654339767,0.0,50.0,20.0,1.0,0.0,0.0,0.0,-342.11751397114676,70.0,129.53004814828927,0.7761119502098609,0.0,0.6305951480478155,0.0
3.5670385360717773,12.652131430057445,-8.89387482775939,0.04430337668730333,-0.5195061057948344,-0.17744184502175475,-0.5537675707426142,0.0,50.0,20.0,1.0,0.0,0.0,0.0,-341.85687764577244,70.0,130.8185627607545,0.7719502485239755,0.0,0.6356829506945837,0.0
3.600924253463745,12.038258714393134,-9.166494389384118,0.3552078622029149,-0.46025648135861913,-0.3712901255235139,-0.6088184975560094,0.0,50.0,20.0,1.0,0.0,0.0,0.0,-341.4053547541953,70.0,133.2938356031699,0.7638918915554416,0.0,0.6453442321860865,0.0
3.6336934566497803,11.797494284141667,-9.567109493985761,1.0656959234841061,-0.5378084635368393,-0.49490367444974176,-0.6221888387927589,0.0,50.0,20.0,1.0,0.0,0.0,0.0,-341.21198824509565,70.0,134.47812081245044,0.760006181512853,0.0,0.6499158438307626,0.0
3.6670422554016113,11.31994108326343,-8.926062277796197,0.7937317403074481,-0.4402652885491172,-0.4115103689255571,-0.7420231804590331,0.0,50.0,20.0,1.0,0.0,0.0,0.0,-341.0385545298619,70.0,135.6252892042694,0.7562232170322815,0.0,0.6543137214069005,0.0
3.7002878189086914,12.064141331062558,-9.620474681199719,0.21099163999038828,-0.5883896645177038,-0.35151405900125315,-0.6795621225165418,0.0,50.0,20.0,1.0,0.0,0.0,0.0,-340.8838057980714,70.0,136.7342528696804,0.7525481616824256,0.0,0.6585372156138193,0.0
3.717036008834839,11.899539835558718,-10.124578482861907,0.4909777430784984,-0.5944909600736379,-0.32878405367785124,-0.5777853892932034,0.0,50.0,20.0,1.0,0.0,0.0,0.0,-340.74650052363273,70.0,137.80398254778382,0.748986039430029,0.0,0.6625857776461241,0.0
3.750931739807129,12.344722488170845,-9.440379483571503,-0.10256941965508648,-0.7370419683306745,-0.4962628973772597,-0.7400886975177177,0.0,50.0,20.0,1.0,0.0,0.0,0.0,-340.51931588011485,70.0,139.82191142504487,0.7422199423855274,0.0,0.6701563676674456,0.0
3.7837893962860107,12.99520022520712,-9.634137814140402,0.47965859170425673,-0.7306965173617335,-0.5364580511032031,-0.6652411727125513,0.0,50.0,20.0,1.0,0.0,0.0,0.0,-340.42702971810127,70.0,140.76833767731367,0.7390252442328555,0.0,0.6736777333314262,0.0
3.8170430660247803,12.363696514302008,-8.988750100824761,-0.18916977250476041,-0.5878725502730899,-0.42496231783854654,-0.7137086071166087,0.0,50.0,20.0,1.0,0.0,0.0,0.0,-340.3473828149365,70.0,141.6719817383014,0.7359620175718941,0.0,0.6770228273045947,0.0
3.8503668308258057,12.919550990549785,-8.60813057663141,-0.6526381986761233,-0.6430973019721224,-0.4407684188411471,-0.7958493957938063,0.0,50.0,20.0,1.0,0.0,0.0,0.0,-340.27923804175526,70.0,142.53209303304513,0.733034470427397,0.0,0.6801914915413347,0.0
3.883666753768921,13.0,-7.848815066938578,-0.10210182174015003,-0.44426554039257155,-0.5310314714932147,-0.8455067478312266,0.0,50.0,20.0,1.0,0.0,0.0,0.0,-340.17308218362984,70.0,144.1189729397251,0.7276023194722337,0.0,0.685999172520365,0.0
3.9008867740631104,12.890512987432453,-8.643970819361781,-0.1837972755153099,-0.4268122356804934,-0.591379974728191,-0.9735201205343547,0.0,50.0,20.0,1.0,0.0,0.0,0.0,-340.1329846474117,70.0,144.84449376240357,0.7251051862922938,0.0,0.6886381261678864,0.0
3.9336650371551514,12.418805386336054,-8.581421132313338,-0.38622015760479167,-0.575870309203377,-0.46248691342232967,-1.1171755352126644,0.0,50.0,20.0,1.0,0.0,0.0,0.0,-340.1002238603255,70.0,145.52398310515642,0.7227586626767042,0.0,0.6911005104366383,0.0
3.9670066833496094,12.582432514923035,-8.486333898065846,-0.450578083043477,-0.649741143687621,-0.2636651842399296,-1.1775870002446926,0.0,50.0,20.0,1.0,0.0,0.0,0.0,-340.0738730525983,70.0,146.15693438883042,0.7205659775869576,0.0,0.6933863799817185,0.0
4.000375509262085,12.027876809793948,-8.174038809011588,-0.11311610263988892,-0.7928226651977646,-0.4476043832553358,-1.1589785356111615,0.0,50.0,20.0,1.0,0.0,0.0,0.0,-340.0530580630203,70.0,146.74288510396056,0.7185301486230047,0.0,0.6954958127262901,0.0
4.033668518066406,12.475245744377423,-8.053797320195354,0.625701009118054,-0.9002222434348646,-0.41122722152003427,-0.9985273297421557,0.0,50.0,20.0,1.0,0.0,0.0,0.0,-340.0248197507184,70.0,147.77214584776124,0.7149400469698098,0.0,0.6991857616104651,0.0
4.067041635513306,12.997517027528048,-8.293991927986124,1.1513883961263378,-0.8949676024206237,-0.26899978828363647,-1.0041919958410699,0.0,50.0,20.0,1.0,0.0,0.0,0.0,-340.0159370818889,70.0,148.2147374458617,0.7133907153661951,0.0,0.7007664997909848,0.0
4.084228038787842,13.0,-8.213177885269097,1.549851922675199,-0.9803724521161088,-0.4687474723430638,-1.0766385285642222,0.0,50.0,20.0,1.0,0.0,0.0,0.0,-340.0096764200579,70.0,148.60888879723058,0.7120081151320167,0.0,0.702171235516062,0.0
4.116990566253662,13.0,-8.40878378659857,1.8511929935455265,-1.0700647715406482,-0.6036824204618645,-1.2719388568600565,0.0,50.0,20.0,1.0,0.0,0.0,0.0,-340.0054672200557,70.0,148.95433556020964,0.7107941489622378,0.0,0.7034000837368788,0.0
4.150326728820801,13.0,-7.778107021265686,2.2805630110590167,-1.1336128743257685,-0.6509192727670279,-1.4513548129026992,0.0,50.0,20.0,1.0,0.0,0.0,0.0,-340.0028061744747,70.0,149.25084913380067,0.7097504873763713,0.0,0.704453153636921,0.0
4.183650016784668,13.0,-8.491817226234385,1.6546480541282613,-1.2251930772711297,-0.45345878118840255,-1.4238082010519317,0.0,50.0,20.0,1.0,0.0,0.0,0.0,-340.0004610637129,70.0,149.69633483900418,0.7081795858431525,0.0,0.7060323464226133,0.0
4.216993093490601,13.0,-8.92030686444582,2.0058002917334354,-1.3196576545421745,-0.5083626301363168,-1.2973984680013502,0.0,50.0,20.0,1.0,0.0,0.0,0.0,-340.00012009457737,70.0,149.84501967528,0.7076545072446017,0.0,0.7065586305299795,0.0
4.2502710819244385,12.220216430981054,-9.617011374357444,1.9597141821837736,-1.3829389668408305,-0.49171845558272187,-1.2024457325905775,0.0,50.0,20.0,1.0,0.0,0.0,0.0,-340.0000155708158,70.0,149.9441953146264,0.707304053025902,0.0,0.7069094542960449,0.0
4.26702356338501,12.970543307128327,-9.0989393966801,2.559904546863718,-1.1845675687642827,-0.5204949241859183,-1.380222176817328,0.0,50.0,20.0,1.0,0.0,0.0,0.0,-340.00000019227275,70.0,149.9937988262869,0.7071287053065838,0.0,0.7070848563867244,0.0
4.301035165786743,13.0,-9.097825752395263,3.348882559038412,-1.1981435192333028,-0.5123566728635551,-1.32076859800272,0.0,50.0,20.0,1.0,0.0,0.0,0.0,-340.0000155708158,70.0,149.9441953145415,0.7073040530262021,0.0,0.7069094542957447,0.0
4.333695888519287,13.0,-8.446387456880668,2.895167591457986,-1.1690170171099745,-0.5526389044789413,-1.46898196671322,0.0,50.0,20.0,1.0,0.0,0.0,0.0,-340.0001200945776,70.0,149.8450196751386,0.7076545072451013,0.0,0.7065586305294791,0.0
4.3670549392700195,13.0,-9.139284448513074,2.096516522255098,-1.2301915746804137,-0.7379029740116976,-1.4155409886011414,0.0,50.0,20.0,1.0,0.0,0.0,0.0,-340.0004610637135,70.0,149.6963348388063,0.7081795858438511,0.0,0.7060323464219126,0.0
4.400314569473267,13.0,-9.253876613538775,2.8858997124735604,-1.2838570259064523,-0.8998693431599891,-1.3680006731057612,0.0,50.0,20.0,1.0,0.0,0.0,0.0,-340.0012588454541,70.0,149.49823560695347,0.7088785664450807,0.0,0.7053305452302256,0.0
4.417083501815796,12.522354424613399,-9.822202741225933,3.34424578804061,-1.1518944592876657,-0.8848463460011181,-1.321612916984979,0.0,50.0,20.0,1.0,0.0,0.0,0.0,-340.00280617447703,70.0,149.2508491334903,0.7097504873774645,0.0,0.7044531536358195,0.0
4.450924634933472,11.809059667568205,-9.264052063732013,2.977565978778114,-1.1266460076598759,-0.8935923585658374,-1.229233037821418,0.0,50.0,20.0,1.0,0.0,0.0,0.0,-340.0096764200638,70.0,148.60888879680857,0.7120081151334984,0.0,0.7021712355145594,0.0
4.483701705932617,11.556685779994542,-8.745130989075957,2.3338476915207655,-1.124559068913436,-0.8570002617684354,-1.0575627740918894,0.0,50.0,20.0,1.0,0.0,0.0,0.0,-340.01593708189745,70.0,148.2147374453842,0.7133907153678684,0.0,0.7007664997892814,0.0
4.517039775848389,11.188400136847319,-7.9577088368882,1.6644567886752517,-0.994754510711131,-0.9936249811852944,-1.0818104862763704,0.0,50.0,20.0,1.0,0.0,0.0,0.0,-340.0248197507302,70.0,147.77214584722864,0.7149400469716721,0.0,0.6991857616085608,0.0
4.550350666046143,5.994206404854857,-12.360026039431164,-2.4630582493671938,-1.3966091043448823,-0.5779399818063413,-0.9740474922912623,0.0,50.0,20.0,1.0,0.0,0.0,0.0,-340.0369603454419,70.0,147.2814152539893,0.7166539776838285,0.0,0.697428904097003,0.0
4.583784818649292,5.826165160527318,-11.843766659324357,-2.5670575788368435,-1.5,-0.7241573243911585,-0.982737702051799,0.0,50.0,20.0,1.0,0.0,0.0,0.0,-340.073873052625,70.0,146.15693438813486,0.7205659775893709,0.0,0.6933863799792106,0.0
4.60089898109436,6.6219613621333195,-12.300942969330814,-3.125610490773389,-1.5,-0.8652644100751092,-0.9437903815047617,0.0,50.0,20.0,1.0,0.0,0.0,0.0,-340.10022386035905,70.0,145.52398310440753,0.7227586626792946,0.0,0.6911005104339293,0.0
4.633866310119629,7.135629834984175,-12.677736215300618,-3.813178872203105,-1.3174315558828107,-0.9649066356845658,-0.8266033844104635,0.0,50.0,20.0,1.0,0.0,0.0,0.0,-340.1329846474531,70.0,144.8444937616018,0.7251051862950582,0.0,0.6886381261649757,0.0
4.667006969451904,7.6736874301955655,-11.948099026002724,-3.9557015382195337,-1.2162160248737386,-1.0986635970586254,-0.7342467396107593,0.0,50.0,20.0,1.0,0.0,0.0,0.0,-340.1730821836802,70.0,144.11897293887114,0.727602319475168,0.0,0.6859991725172528,0.0
4.700325012207031,8.171754681399024,-11.978995101758898,-3.7085416070568105,-1.1039047625399363,-1.0397592082656697,-0.7971307783877135,0.0,50.0,20.0,1.0,0.0,0.0,0.0,-340.2214926196535,70.0,143.34797286910742,0.7302466265957432,0.0,0.6831836241784027,0.0
4.733667850494385,7.734081766222088,-11.686919060514017,-3.3465346861120895,-0.9870172281702884,-0.9310250260628621,-0.7869302707396749,0.0,50.0,20.0,1.0,0.0,0.0,0.0,-340.34738281502064,70.0,141.6719817372949,0.735962017575313,0.0,0.6770228273008781,0.0
4.7670042514801025,7.897229587769673,-11.737554030691319,-3.513581313161911,-1.0788148744616848,-0.9755629536410974,-0.9144106782314316,0.0,50.0,20.0,1.0,0.0,0.0,0.0,-340.42702971819915,70.0,140.76833767625791,0.7390252442364269,0.0,0.6736777333275085,0.0
4.784254312515259,7.229867346545697,-11.92076180842258,-4.227882467370814,-1.223667442934739,-0.8124998026505305,-1.0980790592648084,0.0,50.0,20.0,1.0,0.0,0.0,0.0,-340.51931588022785,70.0,139.8219114239408,0.7422199423892463,0.0,0.6701563676633268,0.0
4.817011117935181,7.827494150495937,-12.54644977196776,-4.5405822002353,-1.2940075078086077,-0.7310294807709538,-0.9154864042306965,0.0,50.0,20.0,1.0,0.0,0.0,0.0,-340.62540852341317,70.0,138.83350686824767,0.7455417263029358,0.0,0.6664589517301409,0.0
4.850327253341675,8.293006948142162,-11.864934904619705,-3.9443753195362232,-1.255896682918552,-0.8958186433459356,-0.9806215507073727,0.0,50.0,20.0,1.0,0.0,0.0,0.0,-340.7465005237799,70.0,137.80398254658587,0.7489860394340275,0.0,0.6625857776416042,0.0
4.883753299713135,7.731549083376652,-11.587960954202599,-4.513478247579902,-1.3806775284519477,-1.0335098909186684,-0.9024306653200114,0.0,50.0,20.0,1.0,0.0,0.0,0.0,-341.03855453004894,70.0,135.62528920298195,0.7562232170365376,0.0,0.6543137214019814,0.0
4.91699481010437,8.034893710104848,-12.278487595841948,-5.2193973493850345,-1.5,-1.1819704677121114,-0.8915491286219016,0.0,50.0,20.0,1.0,0.0,0.0,0.0,-341.2119882453047,70.0,134.47812081111996,0.7600061815172295,0.0,0.6499158438256448,0.0
4.9503161907196045,8.606767184865545,-11.962872420128864,-5.186327191416737,-1.4619317851738922,-1.188369417532658,-1.0681086142125673,0.0,50.0,20.0,1.0,0.0,0.0,0.0,-341.4053547544278,70.0,133.29383560179775,0.7638918915599322,0.0,0.6453442321807709,0.0
4.966995477676392,8.708757108279954,-12.013970075250576,-4.499256948745499,-1.5,-1.3742757086513944,-1.0277688666748237,0.0,50.0,20.0,1.0,0.0,0.0,0.0,-341.619902974066,70.0,132.07358069307156,0.7678750526841214,0.0,0.6405996436662745,0.0
