# Timestamp, Fx, Fy, Fz, Tx, Ty, Tz, FemurPosX, FemurPosY, FemurPosZ, FemurQuatW, FemurQuatX, FemurQuatY, FemurQuatZ, TibiaPosX, TibiaPosY, TibiaPosZ, TibiaQuatW, TibiaQuatX, TibiaQuatY, TibiaQuatZ
0.029347896575927734,-1.3963492875771384,-8.114624345116564,9.740681921791774,-1.2059193503818524,1.135816911614826,0.09091191748099875,0.0,50.0,20.0,1.0,0.0,0.0,0.0,-369.28932188134524,70.0,79.28932188134524,0.9238795325112867,0.0,0.3826834323650898,0.0
0.05922126770019531,-1.7362741526298167,-7.929653599142332,9.321993428946744,-1.265891759087161,1.2615793293415476,0.15821546998921554,0.0,50.0,20.0,1.0,0.0,0.0,0.0,-369.28932188134524,70.0,79.28932188134524,0.9238795325112867,0.0,0.3826834323650898,0.0
0.08951568603515625,-1.9065290670138988,-8.661890982640845,8.725823879731243,-1.168898074286783,1.31032899398505,0.017482226094208325,0.0,50.0,20.0,1.0,0.0,0.0,0.0,-369.28932188134524,70.0,79.28932188134524,0.9238795325112867,0.0,0.3826834323650898,0.0
0.12166237831115723,-1.5907972807758615,-8.831389988732608,8.694788975134982,-1.2543591514715615,1.2083648083848508,-0.005629218999525593,0.0,50.0,20.0,1.0,0.0,0.0,0.0,-369.28932188134524,70.0,79.28932188134524,0.9238795325112867,0.0,0.3826834323650898,0.0
0.15157675743103027,-2.1654412132964262,-9.391828806821403,8.76638161185439,-1.1759181902437346,1.1082620703527377,-0.19030847016594415,0.0,50.0,20.0,1.0,0.0,0.0,0.0,-369.28932188134524,70.0,79.28932188134524,0.9238795325112867,0.0,0.3826834323650898,0.0
0.1810774803161621,-2.1258784447265167,-9.675522388790398,9.180593728121945,-1.0029704883626365,1.1347884720949226,-0.19642529920994856,0.0,50.0,20.0,1.0,0.0,0.0,0.0,-369.28932188134524,70.0,79.28932188134524,0.9238795325112867,0.0,0.3826834323650898,0.0
0.21160006523132324,-1.9304657148704536,-10.251198812759858,8.6500536574942,-0.8551752153435406,0.9444828940800862,-0.3369965307545146,0.0,50.0,20.0,1.0,0.0,0.0,0.0,-369.28932188134524,70.0,79.28932188134524,0.9238795325112867,0.0,0.3826834323650898,0.0
0.2409653663635254,-2.458504402090994,-9.778329095113811,8.016171105709912,-0.7148604690194373,1.0848346716143311,-0.4803292409993052,0.0,50.0,20.0,1.0,0.0,0.0,0.0,-369.28932188134524,70.0,79.28932188134524,0.9238795325112867,0.0,0.3826834323650898,0.0
0.2733783721923828,-2.58351317672676,-9.300254245253054,8.20762733600193,-0.8605349277637784,0.9120818849928778,-0.640766711528103,0.0,50.0,20.0,1.0,0.0,0.0,0.0,-369.28932188134524,70.0,79.28932188134524,0.9238795325112867,0.0,0.3826834323650898,0.0
0.30276942253112793,-2.422671644722635,-10.059051605893949,8.554840734292252,-0.8074358440937277,0.7155555003368841,-0.5275409821120792,0.0,50.0,20.0,1.0,0.0,0.0,0.0,-369.28932188134524,70.0,79.28932188134524,0.9238795325112867,0.0,0.3826834323650898,0.0
0.3331754207611084,-2.1365066797211885,-10.749334827993284,8.10451640658506,-0.802274487560337,0.6758588351505654,-0.3982495767040313,0.0,50.0,20.0,1.0,0.0,0.0,0.0,-369.28932188134524,70.0,79.28932188134524,0.9238795325112867,0.0,0.3826834323650898,0.0
0.36365723609924316,-2.0869359607336984,-10.704253014754425,7.557440397359233,-0.8260090534482187,0.5128705975742673,-0.47417574025411513,0.0,50.0,20.0,1.0,0.0,0.0,0.0,-369.28932188134524,70.0,79.28932188134524,0.9238795325112867,0.0,0.3826834323650898,0.0
0.3935084342956543,-2.22993031786151,-10.802500065854389,6.774587835888771,-0.6403548597080102,0.40301959497196815,-0.3875625084816762,0.0,50.0,20.0,1.0,0.0,0.0,0.0,-369.28932188134524,70.0,79.28932188134524,0.9238795325112867,0.0,0.3826834323650898,0.0
0.42531657218933105,-1.8636569150043223,-11.158814940466987,6.531320363239353,-0.4468863710303799,0.2655334330666058,-0.24399401158296785,0.0,50.0,20.0,1.0,0.0,0.0,0.0,-369.28932188134524,70.0,79.28932188134524,0.9238795325112867,0.0,0.3826834323650898,0.0
0.45472121238708496,-1.9303178501309055,-11.625926927471413,6.241302482053551,-0.3972549071050764,0.07267874169430574,-0.15887012817345791,0.0,50.0,20.0,1.0,0.0,0.0,0.0,-369.28932188134524,70.0,79.28932188134524,0.9238795325112867,0.0,0.3826834323650898,0.0
0.4851973056793213,-1.7088925143285159,-11.434293730175332,5.775910051047201,-0.36631512770319846,0.1321511944444659,-0.33495985919134874,0.0,50.0,20.0,1.0,0.0,0.0,0.0,-369.28932188134524,70.0,79.28932188134524,0.9238795325112867,0.0,0.3826834323650898,0.0
0.5155932903289795,-0.9528589556053964,-11.652798982551163,6.365858258398302,-0.28847131574973817,0.07324016999317595,-0.29610083756256717,0.0,50.0,20.0,1.0,0.0,0.0,0.0,-369.28932188134524,70.0,79.28932188134524,0.9238795325112867,0.0,0.3826834323650898,0.0
0.5446891784667969,-0.5078989183195204,-11.179564624519726,5.6956522382612995,-0.2576564375862367,0.21370633717558657,-0.18615677702031885,0.0,50.0,20.0,1.0,0.0,0.0,0.0,-369.28932188134524,70.0,79.28932188134524,0.9238795325112867,0.0,0.3826834323650898,0.0
0.5773773193359375,-1.0162152008039893,-11.84969071054283,5.769968777729703,-0.2757219092547366,0.3717466236866473,-0.09390095655994524,0.0,50.0,20.0,1.0,0.0,0.0,0.0,-369.28932188134524,70.0,79.28932188134524,0.9238795325112867,0.0,0.3826834323650898,0.0
0.6076009273529053,-0.6696173241732439,-11.70156506341666,5.794226710330256,-0.3459790705212604,0.47446386690787656,-0.18571134401940487,0.0,50.0,20.0,1.0,0.0,0.0,0.0,-369.28932188134524,70.0,79.28932188134524,0.9238795325112867,0.0,0.3826834323650898,0.0
0.637566089630127,-1.2396461762065338,-12.422445960591503,6.183206255457251,-0.43818684427477783,0.6312675438366837,-0.09830853571378656,0.0,50.0,20.0,1.0,0.0,0.0,0.0,-369.28932188134524,70.0,79.28932188134524,0.9238795325112867,0.0,0.3826834323650898,0.0
0.6695683002471924,-1.4102572164574143,-12.833826791884952,6.33513135854915,-0.6070201675851962,0.5485879269297302,-0.018608046806574963,0.0,50.0,20.0,1.0,0.0,0.0,0.0,-369.28932188134524,70.0,79.28932188134524,0.9238795325112867,0.0,0.3826834323650898,0.0
0.699408769607544,-1.4293079520916088,-13.0,5.743753457224897,-0.5907802410732315,0.36290729687251166,-0.09965511406364559,0.0,50.0,20.0,1.0,0.0,0.0,0.0,-369.28932188134524,70.0,79.28932188134524,0.9238795325112867,0.0,0.3826834323650898,0.0
0.7294890880584717,-0.997894749482038,-12.587880525908254,5.918980565160911,-0.5049886693907086,0.24554063522709468,-0.010662756377290764,0.0,50.0,20.0,1.0,0.0,0.0,0.0,-369.28932188134524,70.0,79.28932188134524,0.9238795325112867,0.0,0.3826834323650898,0.0
0.7595584392547607,-1.0947233980989841,-13.0,5.884112052393579,-0.40667422915456236,0.2742652932564762,-0.10957130962721873,0.0,50.0,20.0,1.0,0.0,0.0,0.0,-369.28932188134524,70.0,79.28932188134524,0.9238795325112867,0.0,0.3826834323650898,0.0
0.7895653247833252,-1.2603523470022295,-12.495073705724048,6.374596433329969,-0.44832606733189473,0.29115399487261073,-0.16048009959523665,0.0,50.0,20.0,1.0,0.0,0.0,0.0,-369.28932188134524,70.0,79.28932188134524,0.9238795325112867,0.0,0.3826834323650898,0.0
0.8216893672943115,-1.377197267269906,-12.488425852829767,6.170020142432489,-0.2949156568953704,0.3598398623085953,-0.04642544177992189,0.0,50.0,20.0,1.0,0.0,0.0,0.0,-369.28932188134524,70.0,79.28932188134524,0.9238795325112867,0.0,0.3826834323650898,0.0
0.8516495227813721,-1.5744114529992541,-12.8380909206948,6.952580163839162,-0.2560313506804007,0.39437169681359396,0.01765041794953634,0.0,50.0,20.0,1.0,0.0,0.0,0.0,-369.28932188134524,70.0,79.28932188134524,0.9238795325112867,0.0,0.3826834323650898,0.0
0.8815457820892334,-2.3061528771067987,-12.914235519831006,6.811766775176843,-0.3631739634095077,0.4992356748686353,0.17438252806876633,0.0,50.0,20.0,1.0,0.0,0.0,0.0,-369.28932188134524,70.0,79.28932188134524,0.9238795325112867,0.0,0.3826834323650898,0.0
0.911522626876831,-1.769334113844427,-13.0,7.511996357233011,-0.43494909410435795,0.45599549754634916,0.301934507525632,0.0,50.0,20.0,1.0,0.0,0.0,0.0,-369.28932188134524,70.0,79.28932188134524,0.9238795325112867,0.0,0.3826834323650898,0.0
0.9416460990905762,-1.4664440681230972,-12.440050689814166,6.829902452378446,-0.39939373535649747,0.2808532504207316,0.1255440406392273,0.0,50.0,20.0,1.0,0.0,0.0,0.0,-369.28932188134524,70.0,79.28932188134524,0.9238795325112867,0.0,0.3826834323650898,0.0
0.9736123085021973,-1.1087806598243697,-13.0,6.1700448869596585,-0.5343090170491707,0.10158348981561521,0.010810087181544206,0.0,50.0,20.0,1.0,0.0,0.0,0.0,-369.28932188134524,70.0,79.28932188134524,0.9238795325112867,0.0,0.3826834323650898,0.0
1.0036089420318604,-1.3016106890619263,-12.535869113781173,5.853858702071572,-0.48608397015720917,0.08282588576265595,0.19238613293844298,0.0,50.0,20.0,1.0,0.0,0.0,0.0,-369.28932188134524,70.0,79.28932188134524,0.9238795325112867,0.0,0.3826834323650898,0.0
1.0337371826171875,-1.960286990325001,-12.05936260885719,5.6132799765038355,-0.6844693868841083,0.2735962811662048,0.34597733072934944,0.0,50.0,20.0,1.0,0.0,0.0,0.0,-369.28932188134524,70.0,79.28932188134524,0.9238795325112867,0.0,0.3826834323650898,0.0
1.0637037754058838,-1.6113004958740431,-12.56513018480941,5.032904071696332,-0.7333715583242085,0.38795072669447805,0.31384088169401364,0.0,50.0,20.0,1.0,0.0,0.0,0.0,-369.28932188134524,70.0,79.28932188134524,0.9238795325112867,0.0,0.3826834323650898,0.0
1.0936517715454102,-1.8865980524014416,-12.58237585101676,4.56111570355249,-0.6644740683763357,0.44108713364717267,0.11390420262629652,0.0,50.0,20.0,1.0,0.0,0.0,0.0,-369.28932188134524,70.0,79.28932188134524,0.9238795325112867,0.0,0.3826834323650898,0.0
1.125450849533081,-1.4607745831845798,-12.734978430866503,5.058087305960466,-0.6697987844413196,0.39283375311770435,0.2449734661991239,0.0,50.0,20.0,1.0,0.0,0.0,0.0,-369.28932188134524,70.0,79.28932188134524,0.9238795325112867,0.0,0.3826834323650898,0.0
1.1551330089569092,-1.7068645336362,-11.982409543567643,5.357553196730555,-0.8635755800622504,0.4422134028866963,0.2908572833189006,0.0,50.0,20.0,1.0,0.0,0.0,0.0,-369.28932188134524,70.0,79.28932188134524,0.9238795325112867,0.0,0.3826834323650898,0.0
1.1857225894927979,-2.4436055575580493,-11.76675046105947,5.509000392226566,-0.911458480681285,0.31861424785154263,0.4824362180163505,0.0,50.0,20.0,1.0,0.0,0.0,0.0,-369.28932188134524,70.0,79.28932188134524,0.9238795325112867,0.0,0.3826834323650898,0.0
1.215637445449829,-2.3046121425367305,-11.456029519440659,5.753908735541412,-0.8920734225834525,0.4491585092316091,0.5574896095149511,0.0,50.0,20.0,1.0,0.0,0.0,0.0,-369.28932188134524,70.0,79.28932188134524,0.9238795325112867,0.0,0.3826834323650898,0.0
1.245211124420166,-1.8486328283745679,-10.995314924462704,5.937866408448683,-0.772127214921942,0.34072674896569904,0.559098961053689,0.0,50.0,20.0,1.0,0.0,0.0,0.0,-369.28932188134524,70.0,79.28932188134524,0.9238795325112867,0.0,0.3826834323650898,0.0
1.2766337394714355,-1.4321735854178086,-10.209951579999801,5.394744879216418,-0.6411667335982136,0.5301582442065175,0.41154618487557637,0.0,50.0,20.0,1.0,0.0,0.0,0.0,-369.28932188134524,70.0,79.28932188134524,0.9238795325112867,0.0,0.3826834323650898,0.0
1.3072419166564941,-2.157201236316565,-10.341375214285492,6.082285589203391,-0.4544549816636761,0.7074522621901742,0.26562823297756055,0.0,50.0,20.0,1.0,0.0,0.0,0.0,-369.28932188134524,70.0,79.28932188134524,0.9238795325112867,0.0,0.3826834323650898,0.0
1.3369457721710205,-1.7899134135991355,-10.820062628561253,5.53940783996001,-0.4521054918222238,0.5678972286783573,0.2550319859294461,0.0,50.0,20.0,1.0,0.0,0.0,0.0,-369.28932188134524,70.0,79.28932188134524,0.9238795325112867,0.0,0.3826834323650898,0.0
1.3695712089538574,-1.2458428538433806,-10.93469777549931,6.196635118504187,-0.432600213817382,0.6212282491841874,0.40993170095452325,0.0,50.0,20.0,1.0,0.0,0.0,0.0,-369.28932188134524,70.0,79.28932188134524,0.9238795325112867,0.0,0.3826834323650898,0.0
1.3991343975067139,-1.513138338868874,-11.628659586817443,6.122641917040436,-0.257635330933722,0.5104727574337732,0.23588956798316063,0.0,50.0,20.0,1.0,0.0,0.0,0.0,-369.28932188134524,70.0,79.28932188134524,0.9238795325112867,0.0,0.3826834323650898,0.0
1.4297380447387695,-0.873482936037367,-11.913154829859689,6.057007599084779,-0.31647653318097335,0.32229657282465873,0.3416836150730101,0.0,50.0,20.0,1.0,0.0,0.0,0.0,-369.28932188134524,70.0,79.28932188134524,0.9238795325112867,0.0,0.3826834323650898,0.0
1.4592325687408447,-0.6065687625010259,-11.280179908822454,6.507322162408726,-0.35442278678635214,0.14120083545804096,0.5347500744449345,0.0,50.0,20.0,1.0,0.0,0.0,0.0,-369.28932188134524,70.0,79.28932188134524,0.9238795325112867,0.0,0.3826834323650898,0.0
1.4887666702270508,-0.27191456296875005,-12.039029177075774,7.004145209644661,-0.30682899211827286,-0.02605361225534175,0.6242514185194471,0.0,50.0,20.0,1.0,0.0,0.0,0.0,-369.28932188134524,70.0,79.28932188134524,0.9238795325112867,0.0,0.3826834323650898,0.0
1.521282434463501,0.378569429006423,-12.762625630382534,6.579020440802589,-0.3808180993240725,0.0037690195782500713,0.6071983843535738,0.0,50.0,20.0,1.0,0.0,0.0,0.0,-369.28932188134524,70.0,79.28932188134524,0.9238795325112867,0.0,0.3826834323650898,0.0
1.550628900527954,-0.34089091144704975,-13.0,6.21761746549025,-0.5779548646582036,0.17886474296953767,0.5462703882308628,0.0,50.0,20.0,1.0,0.0,0.0,0.0,-369.28932188134524,70.0,79.28932188134524,0.9238795325112867,0.0,0.3826834323650898,0.0
1.5811858177185059,-1.0278957974653131,-13.0,6.715982153444172,-0.6714642548301071,0.07851696963115357,0.7419491643415604,0.0,50.0,20.0,1.0,0.0,0.0,0.0,-369.28932188134524,70.0,79.28932188134524,0.9238795325112867,0.0,0.3826834323650898,0.0
1.6117072105407715,-0.6293130354170295,-13.0,7.144718169476921,-0.6545616320463414,0.21005145481522147,0.9066645494093613,0.0,50.0,20.0,1.0,0.0,0.0,0.0,-369.28932188134524,70.0,79.28932188134524,0.9238795325112867,0.0,0.3826834323650898,0.0
1.641235589981079,-1.37415070387895,-13.0,6.666194528381978,-0.4622446403059194,0.010537815075324086,0.9242738989700477,0.0,50.0,20.0,1.0,0.0,0.0,0.0,-369.28932188134524,70.0,79.28932188134524,0.9238795325112867,0.0,0.3826834323650898,0.0
1.6727843284606934,-1.9531859577332238,-13.0,7.057583476417154,-0.34333518064645235,0.160793563123594,0.9630525800728699,0.0,50.0,20.0,1.0,0.0,0.0,0.0,-369.28932188134524,70.0,79.28932188134524,0.9238795325112867,0.0,0.3826834323650898,0.0
1.7032902240753174,-2.290399068722245,-12.368021638095946,7.711561665918019,-0.2956963760225353,0.29553915794110625,0.7855094903356128,0.0,50.0,20.0,1.0,0.0,0.0,0.0,-369.28932188134524,70.0,79.28932188134524,0.9238795325112867,0.0,0.3826834323650898,0.0
1.7328169345855713,-2.0623324225704156,-12.94871839367105,7.338669158936031,-0.2337831848151301,0.4532845235713536,0.8141145394628344,0.0,50.0,20.0,1.0,0.0,0.0,0.0,-369.28932188134524,70.0,79.28932188134524,0.9238795325112867,0.0,0.3826834323650898,0.0
1.763380527496338,-2.57655374026472,-13.0,7.375357543322211,-0.30215441510015245,0.5038640617348111,0.7095394908502066,0.0,50.0,20.0,1.0,0.0,0.0,0.0,-369.28932188134524,70.0,79.28932188134524,0.9238795325112867,0.0,0.3826834323650898,0.0
1.7929127216339111,-3.311815009470115,-13.0,7.086859278055975,-0.34423695310236535,0.3285130395253024,0.6684867344467103,0.0,50.0,20.0,1.0,0.0,0.0,0.0,-369.28932188134524,70.0,79.28932188134524,0.9238795325112867,0.0,0.3826834323650898,0.0
1.825434684753418,-3.227610638236433,-12.317353992879244,6.465030395516793,-0.15633755454647114,0.28374672589560995,0.6833662017003832,0.0,50.0,20.0,1.0,0.0,0.0,0.0,-369.28932188134524,70.0,79.28932188134524,0.9238795325112867,0.0,0.3826834323650898,0.0
1.8549978733062744,-3.0544983424165535,-12.143004387112349,5.850026459296918,-0.04444374038425469,0.10068290458213425,0.5396117217061221,0.0,50.0,20.0,1.0,0.0,0.0,0.0,-369.28932188134524,70.0,79.28932188134524,0.9238795325112867,0.0,0.3826834323650898,0.0
1.8854806423187256,-2.8793287630093705,-12.02050085131602,6.1626547039945425,-0.16762482227152553,-0.06417524600653848,0.5195801102459325,0.0,50.0,20.0,1.0,0.0,0.0,0.0,-369.28932188134524,70.0,79.28932188134524,0.9238795325112867,0.0,0.3826834323650898,0.0
1.9148192405700684,-2.5585809351163875,-12.217309401365647,6.140276643380697,-0.25087626581828204,-0.24290225772063692,0.5123411344686651,0.0,50.0,20.0,1.0,0.0,0.0,0.0,-369.28932188134524,70.0,79.28932188134524,0.9238795325112867,0.0,0.3826834323650898,0.0
1.9451656341552734,-2.9952847854024873,-11.636106322332015,5.468384732588245,-0.17676381681010156,-0.1610546695052654,0.6493097296898362,0.0,50.0,20.0,1.0,0.0,0.0,0.0,-369.28932188134524,70.0,79.28932188134524,0.9238795325112867,0.0,0.3826834323650898,0.0
1.9777421951293945,-2.6114033617540198,-11.105566313065841,6.008336353745419,-0.02950931753502606,-0.10783550180177395,0.5700680134494505,0.0,50.0,20.0,1.0,0.0,0.0,0.0,-369.28932188134524,70.0,79.28932188134524,0.9238795325112867,0.0,0.3826834323650898,0.0
2.0072970390319824,-1.907334707473491,-10.437839753919143,6.6360026675869035,-0.017682332411651874,-0.16110084509544298,0.5525047990471693,0.0,50.0,20.0,1.0,0.0,0.0,0.0,-369.28932188134524,70.0,79.28932188134524,0.9238795325112867,0.0,0.3826834323650898,0.0
2.0368316173553467,-2.6382319083591996,-10.337445930451015,5.892252429967291,-0.12560962344383705,-0.3524552442390934,0.4018519219135437,0.0,50.0,20.0,1.0,0.0,0.0,0.0,-369.28932188134524,70.0,79.28932188134524,0.9238795325112867,0.0,0.3826834323650898,0.0
2.069490432739258,-2.0039736074044416,-9.965790117811476,6.353203327175152,-0.09546822063582888,-0.3796306931600478,0.2252942265227432,0.0,50.0,20.0,1.0,0.0,0.0,0.0,-369.28932188134524,70.0,79.28932188134524,0.9238795325112867,0.0,0.3826834323650898,0.0
2.099271297454834,-2.579836194017621,-10.438182802640796,6.729616449320103,-0.10397724599493419,-0.4501999753269008,0.3502695434757108,0.0,50.0,20.0,1.0,0.0,0.0,0.0,-369.28932188134524,70.0,79.28932188134524,0.9238795325112867,0.0,0.3826834323650898,0.0
2.1288814544677734,-2.2438834912323604,-10.416491975421241,6.6269367643910755,0.08309192681041266,-0.5752188216691221,0.4969503321003707,0.0,50.0,20.0,1.0,0.0,0.0,0.0,-369.28932188134524,70.0,79.28932188134524,0.9238795325112867,0.0,0.3826834323650898,0.0
2.159365177154541,-2.4071856481724776,-9.625203343138855,6.349692753307502,0.05656399626507835,-0.5102349997251061,0.392953311913751,0.0,50.0,20.0,1.0,0.0,0.0,0.0,-369.28932188134524,70.0,79.28932188134524,0.9238795325112867,0.0,0.3826834323650898,0.0
2.1889212131500244,-1.9182432047159497,-9.049367776481166,5.639887554358731,0.07602924070000877,-0.4229413220572668,0.47777267562982884,0.0,50.0,20.0,1.0,0.0,0.0,0.0,-369.28932188134524,70.0,79.28932188134524,0.9238795325112867,0.0,0.3826834323650898,0.0
2.221447467803955,-2.156476307498451,-9.333423009655114,5.92471496802709,0.11002437480549015,-0.25588219623744923,0.4797139766077171,0.0,50.0,20.0,1.0,0.0,0.0,0.0,-369.28932188134524,70.0,79.28932188134524,0.9238795325112867,0.0,0.3826834323650898,0.0
2.2509970664978027,-2.705597080405339,-10.04627646116323,5.7887625474496,0.18692833411947557,-0.3526535962563322,0.44326996666183965,0.0,50.0,20.0,1.0,0.0,0.0,0.0,-369.28932188134524,70.0,79.28932188134524,0.9238795325112867,0.0,0.3826834323650898,0.0
2.2816004753112793,-3.2407894254797704,-10.380762927350295,5.4525366060593266,0.2144083356758906,-0.3000491277818202,0.4126395181237891,0.0,50.0,20.0,1.0,0.0,0.0,0.0,-369.28932188134524,70.0,79.28932188134524,0.9238795325112867,0.0,0.3826834323650898,0.0
2.3112571239471436,-2.7028387661553372,-10.019063518225435,5.043529844968122,0.09423764544889461,-0.15000657185767086,0.37230693532239884,0.0,50.0,20.0,1.0,0.0,0.0,0.0,-369.28932188134524,70.0,79.28932188134524,0.9238795325112867,0.0,0.3826834323650898,0.0
2.340846538543701,-2.5093156667142495,-9.245823440119558,4.864757376368277,0.12275878668159172,-0.06267918337456357,0.3612502790200848,0.0,50.0,20.0,1.0,0.0,0.0,0.0,-369.28932188134524,70.0,79.28932188134524,0.9238795325112867,0.0,0.3826834323650898,0.0
2.373572826385498,-3.2301504348108434,-9.139819856146513,4.642790323268426,-0.03464269800089688,-0.22987923064143814,0.5110713795433068,0.0,50.0,20.0,1.0,0.0,0.0,0.0,-369.28932188134524,70.0,79.28932188134524,0.9238795325112867,0.0,0.3826834323650898,0.0
2.403120756149292,-2.8084627023967887,-9.17082049965786,3.975997883278797,0.07491669897428314,-0.09758865422680538,0.3932049043048197,0.0,50.0,20.0,1.0,0.0,0.0,0.0,-369.28932188134524,70.0,79.28932188134524,0.9238795325112867,0.0,0.3826834323650898,0.0
2.4337668418884277,-2.934730795028117,-8.942561574001523,4.726462940957467,0.06631202535715901,0.07374013809429789,0.23578517748268124,0.0,50.0,20.0,1.0,0.0,0.0,0.0,-369.28932188134524,70.0,79.28932188134524,0.9238795325112867,0.0,0.3826834323650898,0.0
2.463381290435791,-3.405091199523528,-8.20113878724031,4.924039012486205,-0.09105355769038949,0.14365831041810548,0.1090145452228348,0.0,50.0,20.0,1.0,0.0,0.0,0.0,-369.28932188134524,70.0,79.28932188134524,0.9238795325112867,0.0,0.3826834323650898,0.0
2.492974281311035,-3.4183055261248123,-7.793393320981899,4.195296647944613,-0.01496564492043058,0.2259925450029416,-0.03853590520569661,0.0,50.0,20.0,1.0,0.0,0.0,0.0,-369.28932188134524,70.0,79.28932188134524,0.9238795325112867,0.0,0.3826834323650898,0.0
2.5255441665649414,-3.7072234783870335,-7.04086665287798,4.3094870205247915,0.13141903386843418,0.3988237864347769,-0.11181892203232904,0.0,50.0,20.0,1.0,0.0,0.0,0.0,-369.28932188134524,70.0,79.28932188134524,0.9238795325112867,0.0,0.3826834323650898,0.0
2.5552425384521484,-2.9858648370389886,-7.27788429603514,4.786284555499355,0.1415415794907294,0.562388192741982,0.08602278603143335,0.0,50.0,20.0,1.0,0.0,0.0,0.0,-369.28932188134524,70.0,79.28932188134524,0.9238795325112867,0.0,0.3826834323650898,0.0
2.5848701000213623,-2.8254304935008627,-8.017032698998138,5.224253631688134,0.19533933554985092,0.5406924876594893,0.01780567393604826,0.0,50.0,20.0,1.0,0.0,0.0,0.0,-369.28932188134524,70.0,79.28932188134524,0.9238795325112867,0.0,0.3826834323650898,0.0
2.6154892444610596,-2.995532495289045,-8.004317295864084,5.129832745822142,0.22571874731014213,0.4708079621796203,-0.015670013725982757,0.0,50.0,20.0,1.0,0.0,0.0,0.0,-369.28932188134524,70.0,79.28932188134524,0.9238795325112867,0.0,0.3826834323650898,0.0
2.6451141834259033,-3.063652857300222,-7.556674976783828,5.180522179859328,0.18046280382610713,0.5681688637435858,0.11866356212802032,0.0,50.0,20.0,1.0,0.0,0.0,0.0,-369.28932188134524,70.0,79.28932188134524,0.9238795325112867,0.0,0.3826834323650898,0.0
2.676837205886841,-2.6295561962234144,-7.177654554243661,5.081286831572519,0.22763187415390992,0.7537836408009818,0.17688863231469398,0.0,50.0,20.0,1.0,0.0,0.0,0.0,-369.28932188134524,70.0,79.28932188134524,0.9238795325112867,0.0,0.3826834323650898,0.0
2.7075555324554443,-2.5294402579968245,-7.9678906944554955,5.530292359314574,0.30711835288766787,0.9467408489074947,0.3336534035157206,0.0,50.0,20.0,1.0,0.0,0.0,0.0,-369.28932188134524,70.0,79.28932188134524,0.9238795325112867,0.0,0.3826834323650898,0.0
2.737222909927368,-2.10766737650452,-8.130060562990641,5.327505172036799,0.33102706198946596,0.8598376815964509,0.4834669056825979,0.0,50.0,20.0,1.0,0.0,0.0,0.0,-369.28932188134524,70.0,79.28932188134524,0.9238795325112867,0.0,0.3826834323650898,0.0
2.7687902450561523,-1.52981557653611,-8.346620327546578,5.493320079577667,0.2173806017700965,1.0581088490005621,0.5233891196243813,0.0,50.0,20.0,1.0,0.0,0.0,0.0,-369.28932188134524,70.0,79.28932188134524,0.9238795325112867,0.0,0.3826834323650898,0.0
2.7992477416992188,-2.2850533339652235,-9.014189176678371,5.378918535978035,0.3031418473266386,1.1182160435886344,0.5852649162826781,0.0,50.0,20.0,1.0,0.0,0.0,0.0,-369.28932188134524,70.0,79.28932188134524,0.9238795325112867,0.0,0.3826834323650898,0.0
2.828918695449829,-2.4991774013166355,-9.735542518719846,4.934983986249307,0.30345088494652483,0.9667636300911203,0.5462385178455376,0.0,50.0,20.0,1.0,0.0,0.0,0.0,-369.28932188134524,70.0,79.28932188134524,0.9238795325112867,0.0,0.3826834323650898,0.0
2.859344720840454,-2.133174216436691,-9.927686960725064,4.300868371817555,0.2383823300591455,0.962205135761443,0.5742246359660934,0.0,50.0,20.0,1.0,0.0,0.0,0.0,-369.28932188134524,70.0,79.28932188134524,0.9238795325112867,0.0,0.3826834323650898,0.0
2.8888401985168457,-1.6174509292434511,-9.158672812750114,3.83393040997539,0.37677973169026824,0.8806183601489834,0.6840744235109937,0.0,50.0,20.0,1.0,0.0,0.0,0.0,-369.28932188134524,70.0,79.28932188134524,0.9238795325112867,0.0,0.3826834323650898,0.0
2.921452760696411,-1.3920648420728685,-9.893891493120353,3.711714819767196,0.5047100491214649,0.8348103474290084,0.5625143844936696,0.0,50.0,20.0,1.0,0.0,0.0,0.0,-369.28932188134524,70.0,79.28932188134524,0.9238795325112867,0.0,0.3826834323650898,0.0
2.951143980026245,-0.7331164007635422,-9.673547545363936,3.9259525314282664,0.4293799344668575,0.8859231664520775,0.6061260557874493,0.0,50.0,20.0,1.0,0.0,0.0,0.0,-369.28932188134524,70.0,79.28932188134524,0.9238795325112867,0.0,0.3826834323650898,0.0
2.981670379638672,-0.5514340114421092,-10.383534636027324,4.550910223892007,0.5849818974248889,1.0813751358224772,0.6005499740498242,0.0,50.0,20.0,1.0,0.0,0.0,0.0,-369.28932188134524,70.0,79.28932188134524,0.9238795325112867,0.0,0.3826834323650898,0.0
3.011198043823242,-0.2600353556483419,-11.00989132415344,3.760989215869369,0.7193037232992178,1.2118056142483744,0.7666908735927207,0.0,50.0,20.0,1.0,0.0,0.0,0.0,-369.28932188134524,70.0,79.28932188134524,0.9238795325112867,0.0,0.3826834323650898,0.0
3.0408692359924316,-0.5879706267898366,-10.615165709734912,3.900963519497013,0.6837415506098542,1.3914353005470093,0.6409441774522522,0.0,50.0,20.0,1.0,0.0,0.0,0.0,-369.28932188134524,70.0,79.28932188134524,0.9238795325112867,0.0,0.3826834323650898,0.0
3.0736069679260254,-0.9029203293287722,-10.72042121087114,3.6650828015328347,0.7099967526110416,1.4304803188589614,0.5183539008761002,0.0,50.0,20.0,1.0,0.0,0.0,0.0,-369.28932188134524,70.0,79.28932188134524,0.9238795325112867,0.0,0.3826834323650898,0.0
3.1033804416656494,-0.6894557649848463,-10.81691846532292,3.4335990580457256,0.7087354731563796,1.5,0.6299024652513229,0.0,50.0,20.0,1.0,0.0,0.0,0.0,-369.28932188134524,70.0,79.28932188134524,0.9238795325112867,0.0,0.3826834323650898,0.0
3.132948398590088,-0.5857070513177665,-10.234154450125997,2.903340069772783,0.8831852138482821,1.5,0.7960486093134092,0.0,50.0,20.0,1.0,0.0,0.0,0.0,-369.28932188134524,70.0,79.28932188134524,0.9238795325112867,0.0,0.3826834323650898,0.0
3.163426637649536,-1.108742521154968,-9.990789155638206,2.8779760066763043,0.7232243382352179,1.5,0.7808854563567149,0.0,50.0,20.0,1.0,0.0,0.0,0.0,-369.28932188134524,70.0,79.28932188134524,0.9238795325112867,0.0,0.3826834323650898,0.0
3.19295334815979,-1.7421695503731498,-10.014994118252146,3.4198144401197874,0.7946531201057201,1.5,0.6148422914985927,0.0,50.0,20.0,1.0,0.0,0.0,0.0,-369.28932188134524,70.0,79.28932188134524,0.9238795325112867,0.0,0.3826834323650898,0.0
3.225384473800659,-2.0943481308601184,-9.31735055071968,2.710015487886366,0.8435210081309059,1.3515499115062017,0.47473882846320015,0.0,50.0,20.0,1.0,0.0,0.0,0.0,-369.28932188134524,70.0,79.28932188134524,0.9238795325112867,0.0,0.3826834323650898,0.0
3.255013942718506,-2.2216015514677707,-10.012949831477666,3.4057435643508756,0.8049690540311809,1.2759036952584968,0.3627079657832944,0.0,50.0,20.0,1.0,0.0,0.0,0.0,-369.28932188134524,70.0,79.28932188134524,0.9238795325112867,0.0,0.3826834323650898,0.0
3.2855920791625977,-2.0133896278269012,-9.354086906166636,3.6903723354816886,0.6382413791344288,1.4423501538684584,0.5389184264159088,0.0,50.0,20.0,1.0,0.0,0.0,0.0,-369.28932188134524,70.0,79.28932188134524,0.9238795325112867,0.0,0.3826834323650898,0.0
3.315173625946045,-1.828487392574459,-9.985448556661261,4.133020227288554,0.6353025362357957,1.5,0.6628052296442646,0.0,50.0,20.0,1.0,0.0,0.0,0.0,-369.28932188134524,70.0,79.28932188134524,0.9238795325112867,0.0,0.3826834323650898,0.0
3.344802141189575,-2.350205982237255,-9.622670327426407,4.733379094003318,0.777506847322688,1.3200351947457003,0.7065859328794284,0.0,50.0,20.0,1.0,0.0,0.0,0.0,-369.28932188134524,70.0,79.28932188134524,0.9238795325112867,0.0,0.3826834323650898,0.0
3.377370834350586,-2.10559235257303,-9.973385668257338,3.987796379321787,0.8447847324800485,1.5,0.8571345864792657,0.0,50.0,20.0,1.0,0.0,0.0,0.0,-369.28932188134524,70.0,79.28932188134524,0.9238795325112867,0.0,0.3826834323650898,0.0
3.4069271087646484,-2.657684192391605,-10.669126258192287,3.238231906130916,0.9157075965833187,1.5,0.9878933830442915,0.0,50.0,20.0,1.0,0.0,0.0,0.0,-369.28932188134524,70.0,79.28932188134524,0.9238795325112867,0.0,0.3826834323650898,0.0
3.437406539916992,-3.385059766024658,-10.32912197826882,3.336801326957693,0.8371589055218346,1.5,0.8184822847414202,0.0,50.0,20.0,1.0,0.0,0.0,0.0,-369.28932188134524,70.0,79.28932188134524,0.9238795325112867,0.0,0.3826834323650898,0.0
3.469078540802002,-2.7317357891593472,-10.181798954665402,3.22463138219738,0.738505833234955,1.5,0.9722669465236449,0.0,50.0,20.0,1.0,0.0,0.0,0.0,-369.28932188134524,70.0,79.28932188134524,0.9238795325112867,0.0,0.3826834323650898,0.0
3.4996941089630127,-2.7099019984846526,-9.638783688894144,4.00581688248642,0.7107294456337097,1.5,0.7963938506872693,0.0,50.0,20.0,1.0,0.0,0.0,0.0,-369.28932188134524,70.0,79.28932188134524,0.9238795325112867,0.0,0.3826834323650898,0.0
3.529223918914795,-2.489200741906052,-10.323112462537718,3.252283641710812,0.624870869181677,1.5,0.6913612331435698,0.0,50.0,20.0,1.0,0.0,0.0,0.0,-369.28932188134524,70.0,79.28932188134524,0.9238795325112867,0.0,0.3826834323650898,0.0
3.5588228702545166,-2.081905843993993,-9.71721009565015,2.4995048578126533,0.475121171820142,1.5,0.8805717864645144,0.0,50.0,20.0,1.0,0.0,0.0,0.0,-369.28932188134524,70.0,79.28932188134524,0.9238795325112867,0.0,0.3826834323650898,0.0
3.58866024017334,-2.345218886750843,-10.46671106488824,2.9361630840434483,0.4008786570280551,1.5,0.7808351585941957,0.0,50.0,20.0,1.0,0.0,0.0,0.0,-369.28932188134524,70.0,79.28932188134524,0.9238795325112867,0.0,0.3826834323650898,0.0
3.621579647064209,-2.3773501763422753,-9.781157452456307,2.472766702174444,0.4923777017674866,1.5,0.8589519935376834,0.0,50.0,20.0,1.0,0.0,0.0,0.0,-369.28932188134524,70.0,79.28932188134524,0.9238795325112867,0.0,0.3826834323650898,0.0
3.651567220687866,-3.0497689354695763,-9.206522625192699,2.274895268171011,0.30332139712314116,1.5,0.9617719080295279,0.0,50.0,20.0,1.0,0.0,0.0,0.0,-369.28932188134524,70.0,79.28932188134524,0.9238795325112867,0.0,0.3826834323650898,0.0
3.6815621852874756,-2.4690428211516036,-9.024133912304363,2.7912742120605945,0.2605437755943899,1.5,1.1614173433769346,0.0,50.0,20.0,1.0,0.0,0.0,0.0,-369.28932188134524,70.0,79.28932188134524,0.9238795325112867,0.0,0.3826834323650898,0.0
3.7116360664367676,-3.19912291731027,-9.008752468204667,2.2901874409127325,0.333519965305244,1.5,1.0620439401023674,0.0,50.0,20.0,1.0,0.0,0.0,0.0,-369.28932188134524,70.0,79.28932188134524,0.9238795325112867,0.0,0.3826834323650898,0.0
3.741164207458496,-3.1758785878587745,-9.442851571163475,1.775849307136728,0.286573759195789,1.3169599856920462,0.9697242063611732,0.0,50.0,20.0,1.0,0.0,0.0,0.0,-369.28932188134524,70.0,79.28932188134524,0.9238795325112867,0.0,0.3826834323650898,0.0
3.773543119430542,-3.599908984769736,-10.01104135526837,1.297512566036906,0.21577078619279388,1.1169912895411946,1.104129356733231,0.0,50.0,20.0,1.0,0.0,0.0,0.0,-369.28932188134524,70.0,79.28932188134524,0.9238795325112867,0.0,0.3826834323650898,0.0
3.8034842014312744,-3.570247080875915,-10.089897610858154,0.9412739291448211,0.040127903610510135,1.2852009071657542,1.1830361143586754,0.0,50.0,20.0,1.0,0.0,0.0,0.0,-369.28932188134524,70.0,79.28932188134524,0.9238795325112867,0.0,0.3826834323650898,0.0
3.8332457542419434,-4.3486425051614095,-9.457893876816732,1.5995435493617784,-0.0028466374818892637,1.1611434921150516,1.0199818953662512,0.0,50.0,20.0,1.0,0.0,0.0,0.0,-369.28932188134524,70.0,79.28932188134524,0.9238795325112867,0.0,0.3826834323650898,0.0
3.862785577774048,-4.587613476678443,-9.529858734766927,2.1596093004195493,-0.04353390660827813,1.2457467103863282,1.2003315729789756,0.0,50.0,20.0,1.0,0.0,0.0,0.0,-369.28932188134524,70.0,79.28932188134524,0.9238795325112867,0.0,0.3826834323650898,0.0
3.8932313919067383,-4.453917310473491,-9.50261463199678,2.239622575476192,-0.06429187376391868,1.2825634321327726,1.130837664833941,0.0,50.0,20.0,1.0,0.0,0.0,0.0,-369.28932188134524,70.0,79.28932188134524,0.9238795325112867,0.0,0.3826834323650898,0.0
3.9248690605163574,-4.81915620509103,-9.152374634838184,2.264178788477638,0.1226964988880386,1.1147164267972718,0.9472362832971317,0.0,50.0,20.0,1.0,0.0,0.0,0.0,-369.28932188134524,70.0,79.28932188134524,0.9238795325112867,0.0,0.3826834323650898,0.0
3.955557107925415,-4.1575817426468795,-9.64368067904585,1.8708113142210858,0.0830733992345315,1.2600121881934983,1.0261847776267756,0.0,50.0,20.0,1.0,0.0,0.0,0.0,-369.28932188134524,70.0,79.28932188134524,0.9238795325112867,0.0,0.3826834323650898,0.0
3.9856576919555664,-4.572664446073798,-10.299125122453543,1.3995354757058018,0.03254610502187255,1.2542425428674007,1.0691786646268047,0.0,50.0,20.0,1.0,0.0,0.0,0.0,-369.28932188134524,70.0,79.28932188134524,0.9238795325112867,0.0,0.3826834323650898,0.0
4.0155110359191895,-4.861938038475454,-10.423638070463703,0.9730852215838325,-0.007816951887983814,1.3440935213881748,1.2056638903014711,0.0,50.0,20.0,1.0,0.0,0.0,0.0,-369.28932188134524,70.0,79.28932188134524,0.9238795325112867,0.0,0.3826834323650898,0.0
4.045294284820557,-4.514411165811303,-10.732929252673841,1.186945013094825,0.045913869419408226,1.3180986827334966,1.2590927618373442,0.0,50.0,20.0,1.0,0.0,0.0,0.0,-369.28932188134524,70.0,79.28932188134524,0.9238795325112867,0.0,0.3826834323650898,0.0
4.077160358428955,-4.754338642048129,-10.618169349356954,1.6161828020245301,-0.08125338552548106,1.449285420212636,1.3649151475850296,0.0,50.0,20.0,1.0,0.0,0.0,0.0,-369.28932188134524,70.0,79.28932188134524,0.9238795325112867,0.0,0.3826834323650898,0.0
4.107582330703735,-4.520917628674904,-9.888108550491712,2.0288260593555942,-0.1655098876068083,1.323735799417854,1.5,0.0,50.0,20.0,1.0,0.0,0.0,0.0,-369.28932188134524,70.0,79.28932188134524,0.9238795325112867,0.0,0.3826834323650898,0.0
4.137577295303345,-4.1137745204473894,-9.261652781618304,1.995998335655313,-0.2616962819596145,1.1666021563326527,1.5,0.0,50.0,20.0,1.0,0.0,0.0,0.0,-369.28932188134524,70.0,79.28932188134524,0.9238795325112867,0.0,0.3826834323650898,0.0
4.169484615325928,-4.12081926757152,-9.819430264676674,1.673887483387235,-0.17223947881905555,0.9995792752557435,1.5,0.0,50.0,20.0,1.0,0.0,0.0,0.0,-369.28932188134524,70.0,79.28932188134524,0.9238795325112867,0.0,0.3826834323650898,0.0
4.19960880279541,-3.5357575940906227,-9.914555846904829,1.4098071493380613,-0.02341845805545245,1.0108011290766705,1.5,0.0,50.0,20.0,1.0,0.0,0.0,0.0,-369.28932188134524,70.0,79.28932188134524,0.9238795325112867,0.0,0.3826834323650898,0.0
4.229590892791748,-2.90224912057198,-9.2599814652451,1.3805156336750792,-0.044701975235994174,0.9317835080427903,1.5,0.0,50.0,20.0,1.0,0.0,0.0,0.0,-369.28932188134524,70.0,79.28932188134524,0.9238795325112867,0.0,0.3826834323650898,0.0
4.259475231170654,-2.6761368604405686,-9.598613561030712,0.9970100898811496,-0.13483735173300998,0.9047016904392192,1.5,0.0,50.0,20.0,1.0,0.0,0.0,0.0,-369.28932188134524,70.0,79.28932188134524,0.9238795325112867,0.0,0.3826834323650898,0.0
4.2895729541778564,-2.9439445522998264,-8.9180272288141,0.8877103462481704,-0.26282885466964545,0.9540288330778955,1.4807641911276717,0.0,50.0,20.0,1.0,0.0,0.0,0.0,-369.28932188134524,70.0,79.28932188134524,0.9238795325112867,0.0,0.3826834323650898,0.0
4.320451021194458,-2.87996935064946,-8.951348503795716,0.3703489674291942,-0.45838926940333724,1.126840370531199,1.5,0.0,50.0,20.0,1.0,0.0,0.0,0.0,-369.28932188134524,70.0,79.28932188134524,0.9238795325112867,0.0,0.3826834323650898,0.0
4.351550579071045,-2.9902203007525374,-8.496368805466995,0.07174336990463581,-0.4763641624054788,1.1624393987679411,1.499931834847266,0.0,50.0,20.0,1.0,0.0,0.0,0.0,-369.28932188134524,70.0,79.28932188134524,0.9238795325112867,0.0,0.3826834323650898,0.0
4.381662130355835,-3.3298366488997626,-8.642616207984048,0.5357279129912503,-0.6304462376461972,1.0388971463719143,1.4622501746618748,0.0,50.0,20.0,1.0,0.0,0.0,0.0,-369.28932188134524,70.0,79.28932188134524,0.9238795325112867,0.0,0.3826834323650898,0.0
4.411593437194824,-3.1171996232982497,-9.342729377048105,0.7799039924554217,-0.8040765123256761,1.1706321488711553,1.2731270297136883,0.0,50.0,20.0,1.0,0.0,0.0,0.0,-369.28932188134524,70.0,79.28932188134524,0.9238795325112867,0.0,0.3826834323650898,0.0
4.440648317337036,-3.087130559763095,-9.58221673003774,0.865031644518075,-0.6945459145989235,1.2326652096741308,1.163944455048789,0.0,50.0,20.0,1.0,0.0,0.0,0.0,-369.28932188134524,70.0,79.28932188134524,0.9238795325112867,0.0,0.3826834323650898,0.0
4.473510026931763,-2.419751447472908,-9.135941023681466,0.690505653748245,-0.7397053288650708,1.180214050832286,1.0451455534145893,0.0,50.0,20.0,1.0,0.0,0.0,0.0,-369.28932188134524,70.0,79.28932188134524,0.9238795325112867,0.0,0.3826834323650898,0.0
4.5035576820373535,-1.9985846680574841,-8.541480386665922,1.485188911821612,-0.6309616648124249,1.240991027070947,0.9795822622632323,0.0,50.0,20.0,1.0,0.0,0.0,0.0,-369.28932188134524,70.0,79.28932188134524,0.9238795325112867,0.0,0.3826834323650898,0.0
4.533154249191284,-2.58545151131259,-8.164135849414672,1.91258661781989,-0.83048603909026,1.2350994572261782,0.8565141059823317,0.0,50.0,20.0,1.0,0.0,0.0,0.0,-369.28932188134524,70.0,79.28932188134524,0.9238795325112867,0.0,0.3826834323650898,0.0
4.563743352890015,-3.182510701530228,-8.390407806666596,1.1758838733700423,-0.8076586466012106,1.213257465596219,0.983502906317941,0.0,50.0,20.0,1.0,0.0,0.0,0.0,-369.28932188134524,70.0,79.28932188134524,0.9238795325112867,0.0,0.3826834323650898,0.0
4.5933167934417725,-3.331082118606506,-8.730634107993556,1.8632349486925472,-0.7700282056895413,1.0476266147749316,0.8518804013124727,0.0,50.0,20.0,1.0,0.0,0.0,0.0,-369.28932188134524,70.0,79.28932188134524,0.9238795325112867,0.0,0.3826834323650898,0.0
4.624784469604492,-3.0814400504432093,-8.794141288633638,1.2517395782523812,-0.9469020415703918,0.8932694289620446,1.020518016269248,0.0,50.0,20.0,1.0,0.0,0.0,0.0,-369.28932188134524,70.0,79.28932188134524,0.9238795325112867,0.0,0.3826834323650898,0.0
4.655235052108765,-2.636796604065693,-8.262327705291458,1.4272366340589042,-0.9028212824760515,0.7137628799600866,1.1877471094876026,0.0,50.0,20.0,1.0,0.0,0.0,0.0,-369.28932188134524,70.0,79.28932188134524,0.9238795325112867,0.0,0.3826834323650898,0.0
4.684820175170898,-2.697296501706804,-8.688917209005762,1.217219219915302,-0.9380943944479984,0.5453327927975166,1.3506271565075818,0.0,50.0,20.0,1.0,0.0,0.0,0.0,-369.28932188134524,70.0,79.28932188134524,0.9238795325112867,0.0,0.3826834323650898,0.0
4.71530294418335,-2.5392428564348504,-9.280036595989513,0.9918328724358748,-0.8666791877271144,0.35277009882899085,1.246839953538155,0.0,50.0,20.0,1.0,0.0,0.0,0.0,-369.28932188134524,70.0,79.28932188134524,0.9238795325112867,0.0,0.3826834323650898,0.0
4.744823932647705,-2.8715891686140846,-9.290897456347858,0.6824796040278294,-0.9051786935333981,0.41144601219330096,1.2029652954793084,0.0,50.0,20.0,1.0,0.0,0.0,0.0,-369.28932188134524,70.0,79.28932188134524,0.9238795325112867,0.0,0.3826834323650898,0.0
4.77736759185791,-2.9622137761844742,-9.645164027022142,0.16117165591982885,-0.9044803921967429,0.5098337474323449,1.0042058542994647,0.0,50.0,20.0,1.0,0.0,0.0,0.0,-369.28932188134524,70.0,79.28932188134524,0.9238795325112867,0.0,0.3826834323650898,0.0
