# Timestamp, Fx, Fy, Fz, Tx, Ty, Tz, FemurPosX, FemurPosY, FemurPosZ, FemurQuatW, FemurQuatX, FemurQuatY, FemurQuatZ, TibiaPosX, TibiaPosY, TibiaPosZ, TibiaQuatW, TibiaQuatX, TibiaQuatY, TibiaQuatZ
0.044828176498413086,10.457131739751311,12.641712437858063,8.533099080665755,0.12376760058471359,1.352447226015252,0.5648489851705417,0.0,50.0,20.0,1.0,0.0,0.0,0.0,-340.07387305261193,70.0,146.15693438847615,0.7205659775881867,0.0,0.6933863799804412,0.0
0.09065437316894531,11.090881574137907,12.352634345584391,9.18009817917785,-0.05693508085497187,1.1647991603774652,0.41797575071248416,0.0,50.0,20.0,1.0,0.0,0.0,0.0,-340.07387305261193,70.0,146.15693438847615,0.7205659775881867,0.0,0.6933863799804412,0.0
0.13646554946899414,10.591208077388524,12.366684440424905,8.626256974600762,0.09178675668284111,0.970591160599855,0.5468375538790313,0.0,50.0,20.0,1.0,0.0,0.0,0.0,-340.07387305261193,70.0,146.15693438847615,0.7205659775881867,0.0,0.6933863799804412,0.0
0.1815173625946045,11.190439742888852,11.672926584586968,8.609951866504856,0.09785202394126458,0.8438506604352265,0.6245956119610808,0.0,50.0,20.0,1.0,0.0,0.0,0.0,-340.07387305261193,70.0,146.15693438847615,0.7205659775881867,0.0,0.6933863799804412,0.0
0.22685742378234863,11.498626790041564,10.996458615047825,7.876553789044761,0.2342353464164761,0.9682796068650534,0.6391858608886976,0.0,50.0,20.0,1.0,0.0,0.0,0.0,-340.07387305261193,70.0,146.15693438847615,0.7205659775881867,0.0,0.6933863799804412,0.0
0.2727348804473877,12.111081494879484,10.378508470104709,8.257516971978358,0.4081898177075551,0.873011890499007,0.5288112771627604,0.0,50.0,20.0,1.0,0.0,0.0,0.0,-340.07387305261193,70.0,146.15693438847615,0.7205659775881867,0.0,0.6933863799804412,0.0
0.3175971508026123,11.995735761532059,10.75293729386846,7.801760145951928,0.23791665270881987,0.8222497508769335,0.5171181646260202,0.0,50.0,20.0,1.0,0.0,0.0,0.0,-340.07387305261193,70.0,146.15693438847615,0.7205659775881867,0.0,0.6933863799804412,0.0
0.36305737495422363,12.666520851025098,10.383620646218427,8.133213915105886,0.42215191413237163,0.9572887458369596,0.44140236421046364,0.0,50.0,20.0,1.0,0.0,0.0,0.0,-340.07387305261193,70.0,146.15693438847615,0.7205659775881867,0.0,0.6933863799804412,0.0
0.4084024429321289,11.976847997354144,9.776404997027614,7.783784473181081,0.3145380001972515,1.1452348374105625,0.4580741181638875,0.0,50.0,20.0,1.0,0.0,0.0,0.0,-340.07387305261193,70.0,146.15693438847615,0.7205659775881867,0.0,0.6933863799804412,0.0
0.45331621170043945,12.48135996420375,9.06839333866921,7.763969796572551,0.3786200973018435,0.9567394356128469,0.4434003666316442,0.0,50.0,20.0,1.0,0.0,0.0,0.0,-340.07387305261193,70.0,146.15693438847615,0.7205659775881867,0.0,0.6933863799804412,0.0
0.498399019241333,13.0,9.564968489081426,8.407163486239787,0.21821626979709624,0.9681005300283998,0.42321126738459725,0.0,50.0,20.0,1.0,0.0,0.0,0.0,-340.07387305261193,70.0,146.15693438847615,0.7205659775881867,0.0,0.6933863799804412,0.0
0.5436506271362305,12.653613237015442,9.730088246895452,8.811074612812762,0.2761396917154995,0.8708883249118289,0.5497221295712398,0.0,50.0,20.0,1.0,0.0,0.0,0.0,-340.07387305261193,70.0,146.15693438847615,0.7205659775881867,0.0,0.6933863799804412,0.0
0.5884101390838623,12.495551486570356,10.265572334780524,9.213789532204256,0.14334158554083398,0.9363635946634891,0.45320498077502197,0.0,50.0,20.0,1.0,0.0,0.0,0.0,-340.07387305261193,70.0,146.15693438847615,0.7205659775881867,0.0,0.6933863799804412,0.0
0.633413553237915,13.0,10.837799080840513,8.919184977795844,0.2000772066222989,1.0312110433658077,0.5421048510108419,0.0,50.0,20.0,1.0,0.0,0.0,0.0,-340.07387305261193,70.0,146.15693438847615,0.7205659775881867,0.0,0.6933863799804412,0.0
0.681067943572998,12.696812760126798,10.767813206184027,9.675413187786699,0.2880472762405796,1.1722908734776554,0.5424603571345299,0.0,50.0,20.0,1.0,0.0,0.0,0.0,-340.07387305261193,70.0,146.15693438847615,0.7205659775881867,0.0,0.6933863799804412,0.0
0.7356081008911133,12.64731773639236,11.491369686923985,10.431063428110095,0.11659166626005898,1.3053787251402853,0.3772854240276968,0.0,50.0,20.0,1.0,0.0,0.0,0.0,-340.07387305261193,70.0,146.15693438847615,0.7205659775881867,0.0,0.6933863799804412,0.0
0.7789897918701172,12.438518359147304,12.15905044006364,10.899606705646153,0.19784297154731204,1.4277103486543727,0.23755165259072822,0.0,50.0,20.0,1.0,0.0,0.0,0.0,-340.07387305261193,70.0,146.15693438847615,0.7205659775881867,0.0,0.6933863799804412,0.0
0.8218607902526855,12.943783249640713,11.560219398281834,10.85168703503366,0.2480393097679738,1.3775998417984145,0.15831263080698693,0.0,50.0,20.0,1.0,0.0,0.0,0.0,-340.07387305261193,70.0,146.15693438847615,0.7205659775881867,0.0,0.6933863799804412,0.0
0.8643407821655273,12.57512864942329,12.21440828301763,11.125802708138131,0.11555611627775117,1.4746363127988542,0.10034443154100839,0.0,50.0,20.0,1.0,0.0,0.0,0.0,-340.07387305261193,70.0,146.15693438847615,0.7205659775881867,0.0,0.6933863799804412,0.0
0.9067296981811523,12.811498627217965,12.591384455420933,10.886711144131478,0.27893429722792096,1.3952999647507387,-0.003834398825271229,0.0,50.0,20.0,1.0,0.0,0.0,0.0,-340.07387305261193,70.0,146.15693438847615,0.7205659775881867,0.0,0.6933863799804412,0.0
0.948854923248291,12.974293709813317,12.797676183962619,10.414332585748053,0.2914009715246505,1.2990259032096416,0.09926626227033866,0.0,50.0,20.0,1.0,0.0,0.0,0.0,-340.07387305261193,70.0,146.15693438847615,0.7205659775881867,0.0,0.6933863799804412,0.0
1.0017194747924805,12.213161016113476,12.596190504991021,11.004847294342953,0.3517662915318451,1.3048725895644837,0.1467695867782221,0.0,50.0,20.0,1.0,0.0,0.0,0.0,-340.07387305261193,70.0,146.15693438847615,0.7205659775881867,0.0,0.6933863799804412,0.0
1.0460147857666016,12.797468804152263,12.451069366008724,11.651015002868203,0.3295466361746263,1.1689457700799857,0.12471301118938641,0.0,50.0,20.0,1.0,0.0,0.0,0.0,-340.07387305261193,70.0,146.15693438847615,0.7205659775881867,0.0,0.6933863799804412,0.0
1.0895442962646484,13.0,12.35878310041772,10.94263005771793,0.1629611505983479,1.2752050166955096,0.3230424845435933,0.0,50.0,20.0,1.0,0.0,0.0,0.0,-340.07387305261193,70.0,146.15693438847615,0.7205659775881867,0.0,0.6933863799804412,0.0
1.1359858512878418,12.20706860144611,12.25196308658451,10.335101403625936,0.16114040458079987,1.2363871354632345,0.45346515341127447,0.0,50.0,20.0,1.0,0.0,0.0,0.0,-340.07387305261193,70.0,146.15693438847615,0.7205659775881867,0.0,0.6933863799804412,0.0
1.185122013092041,12.924530157325346,12.654501229947353,10.69377939571543,0.21293680779556673,1.2595769135437564,0.6002895262554038,0.0,50.0,20.0,1.0,0.0,0.0,0.0,-340.07387305261193,70.0,146.15693438847615,0.7205659775881867,0.0,0.6933863799804412,0.0
1.2289788722991943,12.20286880585994,12.678029001617,11.139647249613832,0.27331889419258704,1.3695706002894426,0.5406341823788338,0.0,50.0,20.0,1.0,0.0,0.0,0.0,-340.07387305261193,70.0,146.15693438847615,0.7205659775881867,0.0,0.6933863799804412,0.0
1.2749671936035156,11.594680986018126,12.493481794684161,11.246371838128157,0.3352573730810017,1.177341643469933,0.401160773201239,0.0,50.0,20.0,1.0,0.0,0.0,0.0,-340.07387305261193,70.0,146.15693438847615,0.7205659775881867,0.0,0.6933863799804412,0.0
1.3199577331542969,11.923445566056403,12.058846691770336,11.420899693143374,0.5200334231734568,1.3617446761907532,0.5844254000356672,0.0,50.0,20.0,1.0,0.0,0.0,0.0,-340.07387305261193,70.0,146.15693438847615,0.7205659775881867,0.0,0.6933863799804412,0.0
1.3656821250915527,11.801134476180263,12.091287276622126,11.758057099522109,0.6393826843070605,1.4749793557257425,0.4446228324543713,0.0,50.0,20.0,1.0,0.0,0.0,0.0,-340.07387305261193,70.0,146.15693438847615,0.7205659775881867,0.0,0.6933863799804412,0.0
1.4109773635864258,11.350387528007916,12.076841884672866,12.395240027128784,0.7007492637354628,1.2983590593040435,0.4299717312417099,0.0,50.0,20.0,1.0,0.0,0.0,0.0,-340.07387305261193,70.0,146.15693438847615,0.7205659775881867,0.0,0.6933863799804412,0.0
1.456146478652954,11.98679299611798,11.640654394521452,11.69513525667103,0.5431850635294324,1.114542112350191,0.38606738722564854,0.0,50.0,20.0,1.0,0.0,0.0,0.0,-340.07387305261193,70.0,146.15693438847615,0.7205659775881867,0.0,0.6933863799804412,0.0
1.501347303390503,11.400099686078326,12.307690636412003,12.409830093500569,0.7167153339168675,1.2519713868602758,0.3160035910149588,0.0,50.0,20.0,1.0,0.0,0.0,0.0,-340.07387305261193,70.0,146.15693438847615,0.7205659775881867,0.0,0.6933863799804412,0.0
1.5434377193450928,11.696903313668832,11.784472529832469,11.907370471987704,0.6585604158299189,1.3492275724926297,0.3218408491980011,0.0,50.0,20.0,1.0,0.0,0.0,0.0,-340.07387305261193,70.0,146.15693438847615,0.7205659775881867,0.0,0.6933863799804412,0.0
1.5856189727783203,11.781589780251803,11.988545307297711,12.621018325418534,0.6668567756247179,1.3168383144232854,0.1409879839462049,0.0,50.0,20.0,1.0,0.0,0.0,0.0,-340.07387305261193,70.0,146.15693438847615,0.7205659775881867,0.0,0.6933863799804412,0.0
1.6283469200134277,12.103426933277861,11.71830561247243,13.0,0.5750001070967371,1.3321152095306927,0.0004186363049679398,0.0,50.0,20.0,1.0,0.0,0.0,0.0,-340.07387305261193,70.0,146.15693438847615,0.7205659775881867,0.0,0.6933863799804412,0.0
1.6732800006866455,11.342626068998047,12.509523313276425,13.0,0.4890173208541618,1.1906746589326354,0.18536193635782136,0.0,50.0,20.0,1.0,0.0,0.0,0.0,-340.07387305261193,70.0,146.15693438847615,0.7205659775881867,0.0,0.6933863799804412,0.0
1.7196455001831055,11.054625627971363,12.783177028445833,13.0,0.3595900647695412,1.0445512918483084,0.22198685929646433,0.0,50.0,20.0,1.0,0.0,0.0,0.0,-340.07387305261193,70.0,146.15693438847615,0.7205659775881867,0.0,0.6933863799804412,0.0
1.768615961074829,11.013979668850673,12.140613430352296,12.590923596696385,0.23773236328449027,1.1473028300605153,0.37777663862336824,0.0,50.0,20.0,1.0,0.0,0.0,0.0,-340.07387305261193,70.0,146.15693438847615,0.7205659775881867,0.0,0.6933863799804412,0.0
1.8140723705291748,10.30683665861228,11.944712655478565,12.76984689763009,0.04174825068143015,1.144015966999395,0.17802662920680715,0.0,50.0,20.0,1.0,0.0,0.0,0.0,-340.07387305261193,70.0,146.15693438847615,0.7205659775881867,0.0,0.6933863799804412,0.0
1.8595185279846191,11.03078367604663,12.477023828497257,13.0,0.06555895468777231,0.9460580780672743,0.203714753493575,0.0,50.0,20.0,1.0,0.0,0.0,0.0,-340.07387305261193,70.0,146.15693438847615,0.7205659775881867,0.0,0.6933863799804412,0.0
1.904822826385498,10.980672193869466,12.703679212552165,13.0,-0.08769473216619234,1.1093801136110273,0.26237509835843664,0.0,50.0,20.0,1.0,0.0,0.0,0.0,-340.07387305261193,70.0,146.15693438847615,0.7205659775881867,0.0,0.6933863799804412,0.0
1.9501500129699707,10.65732812778378,12.386203486653363,12.285778768255106,-0.13852498991936468,0.9742633675484547,0.12162274469692216,0.0,50.0,20.0,1.0,0.0,0.0,0.0,-340.07387305261193,70.0,146.15693438847615,0.7205659775881867,0.0,0.6933863799804412,0.0
1.9961838722229004,9.960847612354897,11.750908493872672,12.424113811519918,-0.14622282677018034,1.158854578197305,0.17669525203868333,0.0,50.0,20.0,1.0,0.0,0.0,0.0,-340.07387305261193,70.0,146.15693438847615,0.7205659775881867,0.0,0.6933863799804412,0.0
2.0396041870117188,9.396330244051574,11.06235316918883,12.097235319739905,0.047589025970090626,1.1091752588555495,-0.010857383008141208,0.0,50.0,20.0,1.0,0.0,0.0,0.0,-340.07387305261193,70.0,146.15693438847615,0.7205659775881867,0.0,0.6933863799804412,0.0
2.084686040878296,9.068166842493483,10.816804977721269,12.810970948918795,0.015833745122581233,1.2450857859476312,-0.07918269293596156,0.0,50.0,20.0,1.0,0.0,0.0,0.0,-340.07387305261193,70.0,146.15693438847615,0.7205659775881867,0.0,0.6933863799804412,0.0
2.1274619102478027,9.35731952617789,11.27910647801053,12.693296832455847,-0.10676517544482483,1.4010391329427763,0.029107859414979925,0.0,50.0,20.0,1.0,0.0,0.0,0.0,-340.07387305261193,70.0,146.15693438847615,0.7205659775881867,0.0,0.6933863799804412,0.0
2.170577049255371,9.295602618589717,11.860824942939871,13.0,0.055998282024731505,1.5,0.04087203846685128,0.0,50.0,20.0,1.0,0.0,0.0,0.0,-340.07387305261193,70.0,146.15693438847615,0.7205659775881867,0.0,0.6933863799804412,0.0
2.2133359909057617,9.941685527681248,11.395136830176924,13.0,-0.019594966947056952,1.3036359643392892,-0.11656501003283629,0.0,50.0,20.0,1.0,0.0,0.0,0.0,-340.07387305261193,70.0,146.15693438847615,0.7205659775881867,0.0,0.6933863799804412,0.0
2.257139205932617,9.91395937467432,11.73851822989087,12.974646894855175,-0.027368760616213322,1.4243889071275262,0.06751038753718616,0.0,50.0,20.0,1.0,0.0,0.0,0.0,-340.07387305261193,70.0,146.15693438847615,0.7205659775881867,0.0,0.6933863799804412,0.0
2.3001341819763184,9.309669885475742,12.378695806089553,13.0,-0.014315160321892423,1.5,0.13901536562402447,0.0,50.0,20.0,1.0,0.0,0.0,0.0,-340.07387305261193,70.0,146.15693438847615,0.7205659775881867,0.0,0.6933863799804412,0.0
2.3426122665405273,8.644265528984835,12.812929286389311,12.266365872708523,0.1819842827453453,1.5,0.3019068776844046,0.0,50.0,20.0,1.0,0.0,0.0,0.0,-340.07387305261193,70.0,146.15693438847615,0.7205659775881867,0.0,0.6933863799804412,0.0
2.3852643966674805,8.844828380860136,12.530501198917289,11.765171278588394,0.30269965333392557,1.5,0.4211845359588562,0.0,50.0,20.0,1.0,0.0,0.0,0.0,-340.07387305261193,70.0,146.15693438847615,0.7205659775881867,0.0,0.6933863799804412,0.0
2.427643299102783,8.94454896160133,11.809950893027418,11.42458332477619,0.22887652669846373,1.3320600862237177,0.2976839532725164,0.0,50.0,20.0,1.0,0.0,0.0,0.0,-340.07387305261193,70.0,146.15693438847615,0.7205659775881867,0.0,0.6933863799804412,0.0
2.469637155532837,9.713046931615237,11.414245874419418,10.801831902172413,0.3576727714100504,1.135396445519301,0.3862767942804036,0.0,50.0,20.0,1.0,0.0,0.0,0.0,-340.07387305261193,70.0,146.15693438847615,0.7205659775881867,0.0,0.6933863799804412,0.0
2.511371374130249,9.70089577139915,12.123251074757587,10.575792667540945,0.3308469190203567,1.0395355879733124,0.5328156111443181,0.0,50.0,20.0,1.0,0.0,0.0,0.0,-340.07387305261193,70.0,146.15693438847615,0.7205659775881867,0.0,0.6933863799804412,0.0
2.553459405899048,10.269137909688755,11.6641537460934,9.973241032999088,0.15569285795362559,0.8762118355227214,0.6580701766298811,0.0,50.0,20.0,1.0,0.0,0.0,0.0,-340.07387305261193,70.0,146.15693438847615,0.7205659775881867,0.0,0.6933863799804412,0.0
2.5963406562805176,10.998797550488707,11.810706811160147,10.15561134963027,0.1089145522633101,1.0292261461031895,0.5348565182179361,0.0,50.0,20.0,1.0,0.0,0.0,0.0,-340.07387305261193,70.0,146.15693438847615,0.7205659775881867,0.0,0.6933863799804412,0.0
2.6389315128326416,11.173888558026707,11.824950999022441,9.676298325992015,-0.03612117286785274,1.1288521167884233,0.5435868239706264,0.0,50.0,20.0,1.0,0.0,0.0,0.0,-340.07387305261193,70.0,146.15693438847615,0.7205659775881867,0.0,0.6933863799804412,0.0
2.693790912628174,10.859486976892208,12.520619900427603,10.306629993084147,0.043756910198065074,0.9639633740728746,0.6109456312288917,0.0,50.0,20.0,1.0,0.0,0.0,0.0,-340.07387305261193,70.0,146.15693438847615,0.7205659775881867,0.0,0.6933863799804412,0.0
2.7373597621917725,10.408336550848096,12.096144408758784,9.517650433563302,0.16663981948427384,1.0361479764156534,0.6556555845664118,0.0,50.0,20.0,1.0,0.0,0.0,0.0,-340.07387305261193,70.0,146.15693438847615,0.7205659775881867,0.0,0.6933863799804412,0.0
2.7804136276245117,10.31660859418655,12.742794006707323,9.177663512572177,0.263036124534469,1.1795290994527865,0.4870725767550751,0.0,50.0,20.0,1.0,0.0,0.0,0.0,-340.07387305261193,70.0,146.15693438847615,0.7205659775881867,0.0,0.6933863799804412,0.0
2.8231732845306396,10.138138633123736,13.0,8.432994136947801,0.21369955427899417,1.0122062378848313,0.35426988609995574,0.0,50.0,20.0,1.0,0.0,0.0,0.0,-340.07387305261193,70.0,146.15693438847615,0.7205659775881867,0.0,0.6933863799804412,0.0
2.8656890392303467,9.840258913502769,12.574057523205353,9.013957936160327,0.3625840586301559,1.1786977664864864,0.3201937635165921,0.0,50.0,20.0,1.0,0.0,0.0,0.0,-340.07387305261193,70.0,146.15693438847615,0.7205659775881867,0.0,0.6933863799804412,0.0
2.9080750942230225,10.005558210603988,11.943882023269062,8.447843532077858,0.5216505308004278,1.1663951176376808,0.33308417264436446,0.0,50.0,20.0,1.0,0.0,0.0,0.0,-340.07387305261193,70.0,146.15693438847615,0.7205659775881867,0.0,0.6933863799804412,0.0
2.951418399810791,10.15039388768789,12.210464687674104,8.462791199115895,0.6646524657232498,1.3230339977217571,0.19913390991854213,0.0,50.0,20.0,1.0,0.0,0.0,0.0,-340.07387305261193,70.0,146.15693438847615,0.7205659775881867,0.0,0.6933863799804412,0.0
2.9947056770324707,10.502543511030897,11.55266579041449,7.965740869705667,0.7890572281086106,1.5,0.36428838170095323,0.0,50.0,20.0,1.0,0.0,0.0,0.0,-340.07387305261193,70.0,146.15693438847615,0.7205659775881867,0.0,0.6933863799804412,0.0
3.0373342037200928,10.341460586460991,10.97012054870083,7.270492634327451,0.9447431858483872,1.5,0.2145324045619545,0.0,50.0,20.0,1.0,0.0,0.0,0.0,-340.07387305261193,70.0,146.15693438847615,0.7205659775881867,0.0,0.6933863799804412,0.0
3.080429792404175,10.396276771676778,10.93372946351125,6.742002563472605,1.0272935293479915,1.5,0.2660180050580844,0.0,50.0,20.0,1.0,0.0,0.0,0.0,-340.07387305261193,70.0,146.15693438847615,0.7205659775881867,0.0,0.6933863799804412,0.0
3.1222848892211914,9.71817924386058,10.42820861680252,7.03085997079141,0.9988118158586614,1.5,0.3682312055918783,0.0,50.0,20.0,1.0,0.0,0.0,0.0,-340.07387305261193,70.0,146.15693438847615,0.7205659775881867,0.0,0.6933863799804412,0.0
3.1645774841308594,10.09248191940977,10.072696525781097,7.6306933188769515,0.8231529880749684,1.5,0.22605446920478586,0.0,50.0,20.0,1.0,0.0,0.0,0.0,-340.07387305261193,70.0,146.15693438847615,0.7205659775881867,0.0,0.6933863799804412,0.0
3.2098095417022705,10.277277029697679,10.498850612580917,7.043916454361535,0.7821635809838505,1.4569379171177044,0.11546965093637837,0.0,50.0,20.0,1.0,0.0,0.0,0.0,-340.07387305261193,70.0,146.15693438847615,0.7205659775881867,0.0,0.6933863799804412,0.0
3.2588186264038086,10.421646614356236,10.009735683876219,6.960504835107162,0.9637606280070738,1.270564077119754,0.17397207657217148,0.0,50.0,20.0,1.0,0.0,0.0,0.0,-340.07387305261193,70.0,146.15693438847615,0.7205659775881867,0.0,0.6933863799804412,0.0
3.304637908935547,9.738726662745266,9.965972984360832,6.878971398300738,0.9739662933796925,1.3343319019662252,0.2303157559780463,0.0,50.0,20.0,1.0,0.0,0.0,0.0,-340.07387305261193,70.0,146.15693438847615,0.7205659775881867,0.0,0.6933863799804412,0.0
3.350865125656128,9.35605155095237,10.563229072738343,6.3374630856522405,1.1053867405924107,1.3870324770869806,0.11013747038363884,0.0,50.0,20.0,1.0,0.0,0.0,0.0,-340.07387305261193,70.0,146.15693438847615,0.7205659775881867,0.0,0.6933863799804412,0.0
3.3961362838745117,9.73052995725253,11.158397266272994,7.000843420217253,1.2603087833490632,1.2720345250922265,0.025744646092322812,0.0,50.0,20.0,1.0,0.0,0.0,0.0,-340.07387305261193,70.0,146.15693438847615,0.7205659775881867,0.0,0.6933863799804412,0.0
3.4413089752197266,9.091425372524116,11.338571113768237,6.607945567179807,1.3584393547411509,1.1832806913225762,0.19909402664594933,0.0,50.0,20.0,1.0,0.0,0.0,0.0,-340.07387305261193,70.0,146.15693438847615,0.7205659775881867,0.0,0.6933863799804412,0.0
3.4865059852600098,9.030199246384495,11.531247212573485,6.632282189025956,1.30167527427316,1.0981958215737377,0.2990028078902371,0.0,50.0,20.0,1.0,0.0,0.0,0.0,-340.07387305261193,70.0,146.15693438847615,0.7205659775881867,0.0,0.6933863799804412,0.0
3.5311028957366943,9.109382384353902,11.942681997279115,7.4220998411757115,1.1682868323719358,0.9706816690080406,0.11792409462092929,0.0,50.0,20.0,1.0,0.0,0.0,0.0,-340.07387305261193,70.0,146.15693438847615,0.7205659775881867,0.0,0.6933863799804412,0.0
3.576612710952759,8.557956348084966,11.239087348508614,7.531629308836659,1.018972097727668,0.7988019369423003,0.16916634173904682,0.0,50.0,20.0,1.0,0.0,0.0,0.0,-340.07387305261193,70.0,146.15693438847615,0.7205659775881867,0.0,0.6933863799804412,0.0
3.62168288230896,9.083569242679651,11.345932331033872,7.773806450744173,0.9717993513193356,0.6743823818475103,0.252386882621848,0.0,50.0,20.0,1.0,0.0,0.0,0.0,-340.07387305261193,70.0,146.15693438847615,0.7205659775881867,0.0,0.6933863799804412,0.0
3.6700472831726074,9.39804083416135,11.563148775044013,8.07327983895713,0.8480888334519898,0.5471157426122117,0.18411361006590307,0.0,50.0,20.0,1.0,0.0,0.0,0.0,-340.07387305261193,70.0,146.15693438847615,0.7205659775881867,0.0,0.6933863799804412,0.0
3.716494560241699,10.020696685110881,11.447992733270095,8.843606679221564,0.6736686981005365,0.5248700914677943,0.3200140102368719,0.0,50.0,20.0,1.0,0.0,0.0,0.0,-340.07387305261193,70.0,146.15693438847615,0.7205659775881867,0.0,0.6933863799804412,0.0
3.763213872909546,10.811323451474019,12.067343006059085,8.660796231568357,0.688806078981574,0.4010444697737923,0.180155139530845,0.0,50.0,20.0,1.0,0.0,0.0,0.0,-340.07387305261193,70.0,146.15693438847615,0.7205659775881867,0.0,0.6933863799804412,0.0
3.8091697692871094,10.24278953760585,12.31522493300408,8.982997365889023,0.8512552987435835,0.20272008671407185,0.09570876502927446,0.0,50.0,20.0,1.0,0.0,0.0,0.0,-340.07387305261193,70.0,146.15693438847615,0.7205659775881867,0.0,0.6933863799804412,0.0
3.8546719551086426,10.557272284612031,12.127429310973987,8.778700289924164,0.9318298601518651,0.17033873797301596,0.1699093142509503,0.0,50.0,20.0,1.0,0.0,0.0,0.0,-340.07387305261193,70.0,146.15693438847615,0.7205659775881867,0.0,0.6933863799804412,0.0
3.9004476070404053,11.064977691009558,12.756930338021586,9.030369737660548,0.9967738935431976,0.1526360180754252,0.29712540719607233,0.0,50.0,20.0,1.0,0.0,0.0,0.0,-340.07387305261193,70.0,146.15693438847615,0.7205659775881867,0.0,0.6933863799804412,0.0
3.9457015991210938,10.267101592999568,12.411383713279353,8.714977122131877,1.1119616393202705,0.2567261108839284,0.15645637714087943,0.0,50.0,20.0,1.0,0.0,0.0,0.0,-340.07387305261193,70.0,146.15693438847615,0.7205659775881867,0.0,0.6933863799804412,0.0
3.9916458129882812,10.681755689101866,12.632703209750474,7.928936688593598,1.017159047410437,0.10648552467491582,0.21128540730938336,0.0,50.0,20.0,1.0,0.0,0.0,0.0,-340.07387305261193,70.0,146.15693438847615,0.7205659775881867,0.0,0.6933863799804412,0.0
4.036954402923584,10.793833151585462,12.203094776711435,8.454852073803245,1.1329877426074506,0.29342460668655257,0.3260650677704484,0.0,50.0,20.0,1.0,0.0,0.0,0.0,-340.07387305261193,70.0,146.15693438847615,0.7205659775881867,0.0,0.6933863799804412,0.0
4.082744121551514,11.01013869829917,11.955646244918084,8.263468297995836,1.047599555669825,0.2609595500624097,0.3549351637591077,0.0,50.0,20.0,1.0,0.0,0.0,0.0,-340.07387305261193,70.0,146.15693438847615,0.7205659775881867,0.0,0.6933863799804412,0.0
4.128079175949097,10.55750138696167,12.43844065581779,7.527143389867936,1.2122582205147658,0.3669442636855388,0.311518889075737,0.0,50.0,20.0,1.0,0.0,0.0,0.0,-340.07387305261193,70.0,146.15693438847615,0.7205659775881867,0.0,0.6933863799804412,0.0
4.17375373840332,10.34670022711752,12.93643815198812,6.948050803088924,1.32842829783926,0.3391231812324651,0.17334174204476524,0.0,50.0,20.0,1.0,0.0,0.0,0.0,-340.07387305261193,70.0,146.15693438847615,0.7205659775881867,0.0,0.6933863799804412,0.0
4.219101667404175,10.690829734316763,12.732791833274046,6.699623938953262,1.2928071954204048,0.2356400701122771,0.12901708321203795,0.0,50.0,20.0,1.0,0.0,0.0,0.0,-340.07387305261193,70.0,146.15693438847615,0.7205659775881867,0.0,0.6933863799804412,0.0
4.264955520629883,11.01280131790868,12.45410868715285,6.043320442906856,1.2782919261351282,0.27045323015816763,0.23713694995500675,0.0,50.0,20.0,1.0,0.0,0.0,0.0,-340.07387305261193,70.0,146.15693438847615,0.7205659775881867,0.0,0.6933863799804412,0.0
4.310781240463257,11.541940307960035,12.388166001738439,5.387015731044484,1.1686488342412393,0.4346608905159691,0.12784706155074044,0.0,50.0,20.0,1.0,0.0,0.0,0.0,-340.07387305261193,70.0,146.15693438847615,0.7205659775881867,0.0,0.6933863799804412,0.0
4.356086730957031,11.226368437477534,12.996170138335936,4.930028671065317,1.0258564401454762,0.4156430176322101,0.22580778277214986,0.0,50.0,20.0,1.0,0.0,0.0,0.0,-340.07387305261193,70.0,146.15693438847615,0.7205659775881867,0.0,0.6933863799804412,0.0
4.4011712074279785,11.7515586486983,12.491906936098863,4.7619024190072,1.114705012239078,0.48467973822046734,0.3613121536772973,0.0,50.0,20.0,1.0,0.0,0.0,0.0,-340.07387305261193,70.0,146.15693438847615,0.7205659775881867,0.0,0.6933863799804412,0.0
4.446265935897827,11.686512808137403,12.01648788957838,4.355703452700637,1.2204970754918174,0.5539044946342133,0.5045536294092876,0.0,50.0,20.0,1.0,0.0,0.0,0.0,-340.07387305261193,70.0,146.15693438847615,0.7205659775881867,0.0,0.6933863799804412,0.0
4.490903854370117,11.77863267723157,12.730441530251056,5.052393448863198,1.3618306456522242,0.47152025767224526,0.4232870558112211,0.0,50.0,20.0,1.0,0.0,0.0,0.0,-340.07387305261193,70.0,146.15693438847615,0.7205659775881867,0.0,0.6933863799804412,0.0
4.532873153686523,11.99405405801188,12.023656883312581,4.757846378663133,1.5,0.36115355097919355,0.2562755331014214,0.0,50.0,20.0,1.0,0.0,0.0,0.0,-340.07387305261193,70.0,146.15693438847615,0.7205659775881867,0.0,0.6933863799804412,0.0
4.578664779663086,12.506527925195053,12.753693777094885,4.970823029501938,1.3413768724651467,0.31865064285082884,0.18114772022830383,0.0,50.0,20.0,1.0,0.0,0.0,0.0,-340.07387305261193,70.0,146.15693438847615,0.7205659775881867,0.0,0.6933863799804412,0.0
4.6228883266448975,12.098354977518921,12.166344212953124,4.735573742333392,1.5,0.3161003962168786,0.32540061156313677,0.0,50.0,20.0,1.0,0.0,0.0,0.0,-340.07387305261193,70.0,146.15693438847615,0.7205659775881867,0.0,0.6933863799804412,0.0
4.668776988983154,11.591244500551511,12.19266948706834,3.976627021221981,1.5,0.14810140694525728,0.2521863472510204,0.0,50.0,20.0,1.0,0.0,0.0,0.0,-340.07387305261193,70.0,146.15693438847615,0.7205659775881867,0.0,0.6933863799804412,0.0
4.717149972915649,11.728988411937847,12.133021053551985,4.431597788220909,1.4961096299036167,0.20374183798420673,0.384748933460882,0.0,50.0,20.0,1.0,0.0,0.0,0.0,-340.07387305261193,70.0,146.15693438847615,0.7205659775881867,0.0,0.6933863799804412,0.0
4.763273239135742,11.612643760717143,11.823515412183411,5.002689323533378,1.3052753776060202,0.15813706719148474,0.3830660452468992,0.0,50.0,20.0,1.0,0.0,0.0,0.0,-340.07387305261193,70.0,146.15693438847615,0.7205659775881867,0.0,0.6933863799804412,0.0
4.808925151824951,11.972412213594351,12.120945869326928,5.6228549791511995,1.1467772892911325,0.07507466041079594,0.27390906731564874,0.0,50.0,20.0,1.0,0.0,0.0,0.0,-340.07387305261193,70.0,146.15693438847615,0.7205659775881867,0.0,0.6933863799804412,0.0
4.853647470474243,12.120461207092475,11.836093793267707,5.352288874046877,1.3374782824652267,0.15233659996489743,0.278015923820982,0.0,50.0,20.0,1.0,0.0,0.0,0.0,-340.07387305261193,70.0,146.15693438847615,0.7205659775881867,0.0,0.6933863799804412,0.0
4.899256467819214,12.281613003084221,11.200454758225101,4.691611654779962,1.3009722031298938,0.09270197562695948,0.3900717840204879,0.0,50.0,20.0,1.0,0.0,0.0,0.0,-340.07387305261193,70.0,146.15693438847615,0.7205659775881867,0.0,0.6933863799804412,0.0
4.94369649887085,12.415137339577281,11.093725310131555,3.955368101439726,1.319769180531131,0.1696659561374923,0.4972358808371351,0.0,50.0,20.0,1.0,0.0,0.0,0.0,-340.07387305261193,70.0,146.15693438847615,0.7205659775881867,0.0,0.6933863799804412,0.0
