# Timestamp, Fx, Fy, Fz, Tx, Ty, Tz, FemurPosX, FemurPosY, FemurPosZ, FemurQuatW, FemurQuatX, FemurQuatY, FemurQuatZ, TibiaPosX, TibiaPosY, TibiaPosZ, TibiaQuatW, TibiaQuatX, TibiaQuatY, TibiaQuatZ
0.00826716423034668,-5.66408,2.34254,-2.31051,-3.57714,3.68989,-0.0693364,-0.227004,0.700685,0.0459503,0.128966,0.980997,0.0213169,-0.187294,-0.00149097,0.556578,0.117107,0.73055,0.956198,-0.0907806,0.252448
0.03211545944213867,-5.66408,2.34254,-2.31051,-3.57714,3.68989,-0.0693364,-0.227004,0.700685,0.0459503,0.128966,0.980997,0.0213169,-0.187294,-0.00149097,0.556578,0.117107,0.73055,0.956198,-0.0907806,0.252448
0.04524064064025879,-5.62411,2.31377,-2.28244,-3.57355,3.65186,-0.0693593,-0.227001,0.70068,0.0459472,0.128917,0.981003,0.0212191,-0.187273,-0.00148123,0.556493,0.116516,0.730548,0.956103,-0.0926764,0.252392
0.061466217041015625,-5.62411,2.31377,-2.28244,-3.57355,3.65186,-0.0693593,-0.227001,0.70068,0.0459472,0.128917,0.981003,0.0212191,-0.187273,-0.00148123,0.556493,0.116516,0.730548,0.956103,-0.0926764,0.252392
0.09411001205444336,-5.57527,2.35347,-2.27129,-3.54632,3.63204,-0.0693356,-0.226994,0.700673,0.0458723,0.128964,0.980966,0.0210299,-0.187507,-0.00149346,0.556581,0.117084,0.730567,0.956198,-0.0908481,0.252434
0.10052752494812012,-5.57527,2.35347,-2.27129,-3.54632,3.63204,-0.0693356,-0.226994,0.700673,0.0458723,0.128964,0.980966,0.0210299,-0.187507,-0.00149346,0.556581,0.117084,0.730567,0.956198,-0.0908481,0.252434
0.12433695793151855,-5.57527,2.35347,-2.27129,-3.54632,3.63204,-0.0693356,-0.226994,0.700673,0.0458723,0.128964,0.980966,0.0210299,-0.187507,-0.00149346,0.556581,0.117084,0.730567,0.956198,-0.0908481,0.252434
0.14351201057434082,-5.62492,2.33145,-2.29285,-3.55082,3.66042,-0.0693616,-0.226986,0.700671,0.0463179,0.12896,0.981043,0.0215371,-0.186939,-0.00146647,0.556531,0.11677,0.73057,0.956197,-0.0911959,0.252458
0.15521621704101562,-5.62492,2.33145,-2.29285,-3.55082,3.66042,-0.0693616,-0.226986,0.700671,0.0463179,0.12896,0.981043,0.0215371,-0.186939,-0.00146647,0.556531,0.11677,0.73057,0.956197,-0.0911959,0.252458
0.1836869716644287,-5.62492,2.33145,-2.29285,-3.55082,3.66042,-0.0693616,-0.226986,0.700671,0.0463179,0.12896,0.981043,0.0215371,-0.186939,-0.00146647,0.556531,0.11677,0.73057,0.956197,-0.0911959,0.252458
0.19605422019958496,-5.63882,2.36027,-2.29966,-3.55554,3.68294,-0.0693376,-0.227008,0.700726,0.0465219,0.128964,0.981134,0.0204522,-0.186532,-0.00148708,0.556582,0.117097,0.730579,0.956202,-0.0907918,0.252435
0.21381092071533203,-5.63882,2.36027,-2.29966,-3.55554,3.68294,-0.0693376,-0.227008,0.700726,0.0465219,0.128964,0.981134,0.0204522,-0.186532,-0.00148708,0.556582,0.117097,0.730579,0.956202,-0.0907918,0.252435
0.2434852123260498,-5.62613,2.35643,-2.29129,-3.56007,3.67317,-0.0693347,-0.227012,0.700715,0.046487,0.128959,0.981135,0.0204285,-0.186534,-0.00149106,0.556581,0.117072,0.730576,0.956206,-0.0908961,0.252394
0.2544686794281006,-5.62613,2.35643,-2.29129,-3.56007,3.67317,-0.0693347,-0.227012,0.700715,0.046487,0.128959,0.981135,0.0204285,-0.186534,-0.00149106,0.556581,0.117072,0.730576,0.956206,-0.0908961,0.252394
0.27582740783691406,-5.62613,2.35643,-2.29129,-3.56007,3.67317,-0.0693347,-0.227012,0.700715,0.046487,0.128959,0.981135,0.0204285,-0.186534,-0.00149106,0.556581,0.117072,0.730576,0.956206,-0.0908961,0.252394
0.29369378089904785,-5.58336,2.36494,-2.26985,-3.57457,3.63484,-0.0693379,-0.226997,0.700677,0.0458937,0.128964,0.980958,0.0210664,-0.187542,-0.00149371,0.556582,0.117052,0.730566,0.95621,-0.0908227,0.252412
0.3068368434906006,-5.58336,2.36494,-2.26985,-3.57457,3.63484,-0.0693379,-0.226997,0.700677,0.0458937,0.128964,0.980958,0.0210664,-0.187542,-0.00149371,0.556582,0.117052,0.730566,0.95621,-0.0908227,0.252412
0.3356189727783203,-5.58336,2.36494,-2.26985,-3.57457,3.63484,-0.0693379,-0.226997,0.700677,0.0458937,0.128964,0.980958,0.0210664,-0.187542,-0.00149371,0.556582,0.117052,0.730566,0.95621,-0.0908227,0.252412
0.348339319229126,-5.59527,2.40177,-2.30439,-3.56571,3.69921,-0.0693762,-0.22701,0.700725,0.0465048,0.129104,0.981147,0.0203877,-0.186473,-0.0017831,0.557061,0.116319,0.730583,0.957323,-0.0840578,0.25087
0.3659391403198242,-5.59527,2.40177,-2.30439,-3.56571,3.69921,-0.0693762,-0.22701,0.700725,0.0465048,0.129104,0.981147,0.0203877,-0.186473,-0.0017831,0.557061,0.116319,0.730583,0.957323,-0.0840578,0.25087
0.3929257392883301,-5.44073,2.37271,-2.25624,-3.43775,3.47702,-0.0694086,-0.224891,0.698503,0.0831517,0.129026,0.982099,0.0283753,-0.166618,-0.00167759,0.556955,0.116099,0.731772,0.957102,-0.0862456,0.251075
0.40418457984924316,-5.44073,2.37271,-2.25624,-3.43775,3.47702,-0.0694086,-0.224891,0.698503,0.0831517,0.129026,0.982099,0.0283753,-0.166618,-0.00167759,0.556955,0.116099,0.731772,0.957102,-0.0862456,0.251075
0.42931699752807617,-5.44073,2.37271,-2.25624,-3.43775,3.47702,-0.0694086,-0.224891,0.698503,0.0831517,0.129026,0.982099,0.0283753,-0.166618,-0.00167759,0.556955,0.116099,0.731772,0.957102,-0.0862456,0.251075
0.4438056945800781,-5.55692,2.34058,-2.24591,-3.58413,3.60441,-0.0693355,-0.226996,0.700675,0.0458786,0.128921,0.980974,0.0211362,-0.187452,-0.00150481,0.556518,0.116637,0.730561,0.956109,-0.0926411,0.252327
0.45794177055358887,-5.55692,2.34058,-2.24591,-3.58413,3.60441,-0.0693355,-0.226996,0.700675,0.0458786,0.128921,0.980974,0.0211362,-0.187452,-0.00150481,0.556518,0.116637,0.730561,0.956109,-0.0926411,0.252327
0.48769354820251465,-5.55692,2.34058,-2.24591,-3.58413,3.60441,-0.0693355,-0.226996,0.700675,0.0458786,0.128921,0.980974,0.0211362,-0.187452,-0.00150481,0.556518,0.116637,0.730561,0.956109,-0.0926411,0.252327
0.5002520084381104,-5.57102,2.34418,-2.29385,-3.54654,3.66819,-0.0693594,-0.227006,0.700674,0.0459183,0.129046,0.980995,0.021216,-0.187321,-0.0017441,0.557032,0.116563,0.73055,0.957252,-0.0848619,0.25076
0.5201354026794434,-5.57102,2.34418,-2.29385,-3.54654,3.66819,-0.0693594,-0.227006,0.700674,0.0459183,0.129046,0.980995,0.021216,-0.187321,-0.0017441,0.557032,0.116563,0.73055,0.957252,-0.0848619,0.25076
0.5429971218109131,-5.41765,2.39934,-2.20645,-3.41501,3.43471,-0.0693314,-0.225156,0.698134,0.0815206,0.128964,0.982404,0.0284316,-0.165616,-0.00148958,0.556581,0.117073,0.731786,0.956217,-0.0908221,0.252378
0.5543985366821289,-5.41765,2.39934,-2.20645,-3.41501,3.43471,-0.0693314,-0.225156,0.698134,0.0815206,0.128964,0.982404,0.0284316,-0.165616,-0.00148958,0.556581,0.117073,0.731786,0.956217,-0.0908221,0.252378
0.5799341201782227,-5.41765,2.39934,-2.20645,-3.41501,3.43471,-0.0693314,-0.225156,0.698134,0.0815206,0.128964,0.982404,0.0284316,-0.165616,-0.00148958,0.556581,0.117073,0.731786,0.956217,-0.0908221,0.252378
0.5927646160125732,-5.59237,2.33909,-2.27157,-3.55979,3.65001,-0.0693375,-0.227019,0.700727,0.0464706,0.128959,0.981176,0.0205362,-0.186312,-0.00149427,0.556573,0.117047,0.730562,0.956209,-0.0908983,0.252394
0.610313892364502,-5.59237,2.33909,-2.27157,-3.55979,3.65001,-0.0693375,-0.227019,0.700727,0.0464706,0.128959,0.981176,0.0205362,-0.186312,-0.00149427,0.556573,0.117047,0.730562,0.956209,-0.0908983,0.252394
0.6402223110198975,-5.59237,2.33909,-2.27157,-3.55979,3.65001,-0.0693375,-0.227019,0.700727,0.0464706,0.128959,0.981176,0.0205362,-0.186312,-0.00149427,0.556573,0.117047,0.730562,0.956209,-0.0908983,0.252394
0.6532013416290283,-5.48657,2.27765,-2.24309,-3.44937,3.44792,-0.069337,-0.22496,0.698603,0.0826625,0.128866,0.98207,0.0279196,-0.167112,-0.00162924,0.55619,0.115979,0.7318,0.955909,-0.0954964,0.252323
0.6719067096710205,-5.48657,2.27765,-2.24309,-3.44937,3.44792,-0.069337,-0.22496,0.698603,0.0826625,0.128866,0.98207,0.0279196,-0.167112,-0.00162924,0.55619,0.115979,0.7318,0.955909,-0.0954964,0.252323
0.6943066120147705,-5.60865,2.06376,-2.46521,-3.76364,3.47591,-0.0693313,-0.22718,0.7002,0.0458732,0.128952,0.974581,0.0245434,-0.217909,-0.0014904,0.55657,0.117108,0.729406,0.956209,-0.0909328,0.252352
0.7054839134216309,-5.60865,2.06376,-2.46521,-3.76364,3.47591,-0.0693313,-0.22718,0.7002,0.0458732,0.128952,0.974581,0.0245434,-0.217909,-0.0014904,0.55657,0.117108,0.729406,0.956209,-0.0909328,0.252352
0.7341554164886475,-5.60865,2.06376,-2.46521,-3.76364,3.47591,-0.0693313,-0.22718,0.7002,0.0458732,0.128952,0.974581,0.0245434,-0.217909,-0.0014904,0.55657,0.117108,0.729406,0.956209,-0.0909328,0.252352
0.7469000816345215,-5.59073,2.43801,-2.30126,-3.57196,3.69508,-0.0693744,-0.227007,0.700725,0.0464943,0.129115,0.981137,0.0204644,-0.186519,-0.00178667,0.557052,0.116288,0.730579,0.957315,-0.0840559,0.250917
0.7622449398040771,-5.59073,2.43801,-2.30126,-3.57196,3.69508,-0.0693744,-0.227007,0.700725,0.0464943,0.129115,0.981137,0.0204644,-0.186519,-0.00178667,0.557052,0.116288,0.730579,0.957315,-0.0840559,0.250917
0.7932999134063721,-5.55794,2.41189,-2.27905,-3.57746,3.66643,-0.0693563,-0.227005,0.700722,0.046566,0.129051,0.981133,0.020379,-0.186532,-0.00174403,0.557038,0.116533,0.730579,0.95726,-0.0848594,0.250742
0.7997636795043945,-5.55794,2.41189,-2.27905,-3.57746,3.66643,-0.0693563,-0.227005,0.700722,0.046566,0.129051,0.981133,0.020379,-0.186532,-0.00174403,0.557038,0.116533,0.730579,0.95726,-0.0848594,0.250742
0.8244895935058594,-5.55794,2.41189,-2.27905,-3.57746,3.66643,-0.0693563,-0.227005,0.700722,0.046566,0.129051,0.981133,0.020379,-0.186532,-0.00174403,0.557038,0.116533,0.730579,0.95726,-0.0848594,0.250742
0.8436226844787598,-5.65354,2.32827,-2.2991,-3.5774,3.68219,-0.0694664,-0.226963,0.700601,0.0463067,0.128618,0.981083,0.0212551,-0.186762,-0.00145274,0.556765,0.116508,0.730529,0.956719,-0.0915587,0.250464
0.8552064895629883,-5.65354,2.32827,-2.2991,-3.5774,3.68219,-0.0694664,-0.226963,0.700601,0.0463067,0.128618,0.981083,0.0212551,-0.186762,-0.00145274,0.556765,0.116508,0.730529,0.956719,-0.0915587,0.250464
0.8839669227600098,-5.65354,2.32827,-2.2991,-3.5774,3.68219,-0.0694664,-0.226963,0.700601,0.0463067,0.128618,0.981083,0.0212551,-0.186762,-0.00145274,0.556765,0.116508,0.730529,0.956719,-0.0915587,0.250464
0.8964803218841553,-5.5323,2.46462,-2.26424,-3.58656,3.64919,-0.0693558,-0.227009,0.700719,0.0465027,0.129059,0.981139,0.02046,-0.186509,-0.0017459,0.557033,0.116529,0.730576,0.957261,-0.0847754,0.250771
0.9140880107879639,-5.5323,2.46462,-2.26424,-3.58656,3.64919,-0.0693558,-0.227009,0.700719,0.0465027,0.129059,0.981139,0.02046,-0.186509,-0.0017459,0.557033,0.116529,0.730576,0.957261,-0.0847754,0.250771
0.9450197219848633,-5.34003,2.42053,-2.20425,-3.44967,3.4028,-0.0693544,-0.22482,0.698387,0.0843058,0.129056,0.982166,0.0293386,-0.165476,-0.00174766,0.557035,0.116551,0.731702,0.957261,-0.0847788,0.250758
0.9625756740570068,-5.34003,2.42053,-2.20425,-3.44967,3.4028,-0.0693544,-0.22482,0.698387,0.0843058,0.129056,0.982166,0.0293386,-0.165476,-0.00174766,0.557035,0.116551,0.731702,0.957261,-0.0847788,0.250758
0.9763970375061035,-5.34003,2.42053,-2.20425,-3.44967,3.4028,-0.0693544,-0.22482,0.698387,0.0843058,0.129056,0.982166,0.0293386,-0.165476,-0.00174766,0.557035,0.116551,0.731702,0.957261,-0.0847788,0.250758
0.993598222732544,-5.39014,2.3884,-2.24782,-3.45115,3.4388,-0.0693561,-0.224904,0.698668,0.0829672,0.129037,0.981786,0.0286982,-0.16849,-0.00174648,0.557048,0.116555,0.731724,0.957288,-0.0848208,0.250639
1.0064423084259033,-5.39014,2.3884,-2.24782,-3.45115,3.4388,-0.0693561,-0.224904,0.698668,0.0829672,0.129037,0.981786,0.0286982,-0.16849,-0.00174648,0.557048,0.116555,0.731724,0.957288,-0.0848208,0.250639
1.0362520217895508,-5.39014,2.3884,-2.24782,-3.45115,3.4388,-0.0693561,-0.224904,0.698668,0.0829672,0.129037,0.981786,0.0286982,-0.16849,-0.00174648,0.557048,0.116555,0.731724,0.957288,-0.0848208,0.250639
1.0491294860839844,-5.58783,2.43291,-2.29591,-3.57025,3.68762,-0.0693511,-0.227011,0.700725,0.0465573,0.129049,0.981124,0.0204223,-0.186577,-0.00174084,0.557043,0.116536,0.730581,0.957265,-0.0849109,0.250706
1.0661869049072266,-5.58783,2.43291,-2.29591,-3.57025,3.68762,-0.0693511,-0.227011,0.700725,0.0465573,0.129049,0.981124,0.0204223,-0.186577,-0.00174084,0.557043,0.116536,0.730581,0.957265,-0.0849109,0.250706
1.093367338180542,-5.40489,2.34934,-2.22585,-3.40185,3.41579,-0.0693338,-0.224932,0.69831,0.0845769,0.128961,0.982002,0.0283137,-0.166487,-0.00148889,0.556569,0.117078,0.731869,0.956199,-0.0909154,0.252411
1.1049177646636963,-5.40489,2.34934,-2.22585,-3.40185,3.41579,-0.0693338,-0.224932,0.69831,0.0845769,0.128961,0.982002,0.0283137,-0.166487,-0.00148889,0.556569,0.117078,0.731869,0.956199,-0.0909154,0.252411
1.128485918045044,-5.40489,2.34934,-2.22585,-3.40185,3.41579,-0.0693338,-0.224932,0.69831,0.0845769,0.128961,0.982002,0.0283137,-0.166487,-0.00148889,0.556569,0.117078,0.731869,0.956199,-0.0909154,0.252411
1.1434738636016846,-5.63549,2.3323,-2.29698,-3.55676,3.68095,-0.069339,-0.227012,0.700716,0.046476,0.128962,0.981145,0.0203807,-0.186492,-0.00149594,0.556573,0.117059,0.730575,0.956202,-0.0908619,0.252425
1.1581435203552246,-5.63549,2.3323,-2.29698,-3.55676,3.68095,-0.069339,-0.227012,0.700716,0.046476,0.128962,0.981145,0.0203807,-0.186492,-0.00149594,0.556573,0.117059,0.730575,0.956202,-0.0908619,0.252425
1.188190221786499,-5.63549,2.3323,-2.29698,-3.55676,3.68095,-0.069339,-0.227012,0.700716,0.046476,0.128962,0.981145,0.0203807,-0.186492,-0.00149594,0.556573,0.117059,0.730575,0.956202,-0.0908619,0.252425
1.20096755027771,-5.40719,2.33667,-2.23775,-3.44367,3.39482,-0.0693323,-0.224884,0.698678,0.0828264,0.128969,0.981546,0.0295509,-0.169805,-0.00148805,0.556576,0.117102,0.731696,0.956192,-0.0908304,0.252456
1.2195930480957031,-5.40719,2.33667,-2.23775,-3.44367,3.39482,-0.0693323,-0.224884,0.698678,0.0828264,0.128969,0.981546,0.0295509,-0.169805,-0.00148805,0.556576,0.117102,0.731696,0.956192,-0.0908304,0.252456
1.2433891296386719,-5.60663,2.08197,-2.4552,-3.78113,3.46904,-0.0693589,-0.227163,0.700199,0.0452844,0.128953,0.974599,0.025168,-0.217881,-0.00146197,0.556547,0.116805,0.729405,0.95621,-0.0911691,0.252404
1.2549426555633545,-5.60663,2.08197,-2.4552,-3.78113,3.46904,-0.0693589,-0.227163,0.700199,0.0452844,0.128953,0.974599,0.025168,-0.217881,-0.00146197,0.556547,0.116805,0.729405,0.95621,-0.0911691,0.252404
1.280017375946045,-5.60663,2.08197,-2.4552,-3.78113,3.46904,-0.0693589,-0.227163,0.700199,0.0452844,0.128953,0.974599,0.025168,-0.217881,-0.00146197,0.556547,0.116805,0.729405,0.95621,-0.0911691,0.252404
1.2927236557006836,-5.65687,2.35518,-2.30453,-3.57047,3.69322,-0.0693342,-0.227012,0.700733,0.0465482,0.128969,0.981161,0.0206115,-0.186365,-0.00148918,0.556569,0.117098,0.730569,0.956185,-0.0908518,0.252477
1.3099112510681152,-5.65687,2.35518,-2.30453,-3.57047,3.69322,-0.0693342,-0.227012,0.700733,0.0465482,0.128969,0.981161,0.0206115,-0.186365,-0.00148918,0.556569,0.117098,0.730569,0.956185,-0.0908518,0.252477
1.340385913848877,-5.65687,2.35518,-2.30453,-3.57047,3.69322,-0.0693342,-0.227012,0.700733,0.0465482,0.128969,0.981161,0.0206115,-0.186365,-0.00148918,0.556569,0.117098,0.730569,0.956185,-0.0908518,0.252477
1.3530373573303223,-5.61165,2.33532,-2.27937,-3.57254,3.6611,-0.0693577,-0.227016,0.700713,0.0464111,0.128969,0.981139,0.020407,-0.186536,-0.00146176,0.556534,0.116766,0.730582,0.956178,-0.0912458,0.252515
1.371457576751709,-5.61165,2.33532,-2.27937,-3.57254,3.6611,-0.0693577,-0.227016,0.700713,0.0464111,0.128969,0.981139,0.020407,-0.186536,-0.00146176,0.556534,0.116766,0.730582,0.956178,-0.0912458,0.252515
1.3934593200683594,-5.47146,2.30202,-2.26755,-3.44713,3.43575,-0.0693355,-0.224811,0.69857,0.0832561,0.128963,0.981576,0.0301447,-0.169317,-0.00149503,0.556573,0.117041,0.731675,0.956198,-0.0909395,0.25242
1.4053397178649902,-5.47146,2.30202,-2.26755,-3.44713,3.43575,-0.0693355,-0.224811,0.69857,0.0832561,0.128963,0.981576,0.0301447,-0.169317,-0.00149503,0.556573,0.117041,0.731675,0.956198,-0.0909395,0.25242
1.4318077564239502,-5.47146,2.30202,-2.26755,-3.44713,3.43575,-0.0693355,-0.224811,0.69857,0.0832561,0.128963,0.981576,0.0301447,-0.169317,-0.00149503,0.556573,0.117041,0.731675,0.956198,-0.0909395,0.25242
1.450171947479248,-5.61733,2.34509,-2.29013,-3.54238,3.66851,-0.0693338,-0.227013,0.700712,0.046447,0.128966,0.981136,0.0204924,-0.186536,-0.00149003,0.55658,0.117039,0.730577,0.956212,-0.0908672,0.252397
1.4691393375396729,-5.61733,2.34509,-2.29013,-3.54238,3.66851,-0.0693338,-0.227013,0.700712,0.046447,0.128966,0.981136,0.0204924,-0.186536,-0.00149003,0.55658,0.117039,0.730577,0.956212,-0.0908672,0.252397
1.4936835765838623,-5.55463,2.11609,-2.44053,-3.73393,3.44385,-0.069336,-0.227175,0.700198,0.0458831,0.128962,0.974594,0.0246125,-0.217842,-0.00148772,0.556582,0.117061,0.729401,0.956216,-0.0908199,0.252387
1.5002002716064453,-5.55463,2.11609,-2.44053,-3.73393,3.44385,-0.069336,-0.227175,0.700198,0.0458831,0.128962,0.974594,0.0246125,-0.217842,-0.00148772,0.556582,0.117061,0.729401,0.956216,-0.0908199,0.252387
1.5240390300750732,-5.55463,2.11609,-2.44053,-3.73393,3.44385,-0.069336,-0.227175,0.700198,0.0458831,0.128962,0.974594,0.0246125,-0.217842,-0.00148772,0.556582,0.117061,0.729401,0.956216,-0.0908199,0.252387
1.544739007949829,-5.43731,2.26172,-2.22642,-3.45321,3.39277,-0.0693382,-0.224853,0.698551,0.0830746,0.128866,0.981801,0.0294703,-0.168216,-0.00162992,0.556188,0.115952,0.73172,0.955926,-0.0954339,0.252294
1.5592007637023926,-5.43731,2.26172,-2.22642,-3.45321,3.39277,-0.0693382,-0.224853,0.698551,0.0830746,0.128866,0.981801,0.0294703,-0.168216,-0.00162992,0.556188,0.115952,0.73172,0.955926,-0.0954339,0.252294
1.584057331085205,-5.43731,2.26172,-2.22642,-3.45321,3.39277,-0.0693382,-0.224853,0.698551,0.0830746,0.128866,0.981801,0.0294703,-0.168216,-0.00162992,0.556188,0.115952,0.73172,0.955926,-0.0954339,0.252294
1.596736192703247,-5.59895,2.30691,-2.27761,-3.53028,3.64193,-0.0693504,-0.227033,0.700791,0.0465449,0.128922,0.9811,0.0207769,-0.186666,-0.00147886,0.556493,0.116475,0.730625,0.956107,-0.0927741,0.252361
1.6145353317260742,-5.59895,2.30691,-2.27761,-3.53028,3.64193,-0.0693504,-0.227033,0.700791,0.0465449,0.128922,0.9811,0.0207769,-0.186666,-0.00147886,0.556493,0.116475,0.730625,0.956107,-0.0927741,0.252361
1.6440765857696533,-5.45224,2.3693,-2.25529,-3.42189,3.43233,-0.0693331,-0.224941,0.698297,0.0844811,0.128946,0.982015,0.0283701,-0.166449,-0.00148725,0.556582,0.11713,0.731868,0.956209,-0.0909381,0.252341
1.655268669128418,-5.45224,2.3693,-2.25529,-3.42189,3.43233,-0.0693331,-0.224941,0.698297,0.0844811,0.128946,0.982015,0.0283701,-0.166449,-0.00148725,0.556582,0.11713,0.731868,0.956209,-0.0909381,0.252341
1.6757140159606934,-5.45224,2.3693,-2.25529,-3.42189,3.43233,-0.0693331,-0.224941,0.698297,0.0844811,0.128946,0.982015,0.0283701,-0.166449,-0.00148725,0.556582,0.11713,0.731868,0.956209,-0.0909381,0.252341
1.693591594696045,-5.40311,2.39015,-2.24221,-3.44562,3.43392,-0.0693523,-0.224777,0.698337,0.0843296,0.129058,0.981959,0.030503,-0.166475,-0.00174023,0.557038,0.116525,0.731663,0.957265,-0.084816,0.250744
1.7063415050506592,-5.40311,2.39015,-2.24221,-3.44562,3.43392,-0.0693523,-0.224777,0.698337,0.0843296,0.129058,0.981959,0.030503,-0.166475,-0.00174023,0.557038,0.116525,0.731663,0.957265,-0.084816,0.250744
1.7364377975463867,-5.40311,2.39015,-2.24221,-3.44562,3.43392,-0.0693523,-0.224777,0.698337,0.0843296,0.129058,0.981959,0.030503,-0.166475,-0.00174023,0.557038,0.116525,0.731663,0.957265,-0.084816,0.250744
1.7496376037597656,-5.59773,2.10028,-2.4608,-3.73662,3.46809,-0.0693304,-0.227167,0.700202,0.0452682,0.128964,0.974614,0.0251309,-0.217822,-0.00149067,0.556581,0.117089,0.729403,0.956201,-0.0908838,0.252408
1.7661411762237549,-5.59773,2.10028,-2.4608,-3.73662,3.46809,-0.0693304,-0.227167,0.700202,0.0452682,0.128964,0.974614,0.0251309,-0.217822,-0.00149067,0.556581,0.117089,0.729403,0.956201,-0.0908838,0.252408
1.7930796146392822,-5.62682,2.14176,-2.50128,-3.76527,3.52572,-0.0693553,-0.227167,0.700191,0.045308,0.129054,0.974607,0.025063,-0.217853,-0.00174489,0.557041,0.116508,0.729399,0.957279,-0.0847744,0.25071
1.804255485534668,-5.62682,2.14176,-2.50128,-3.76527,3.52572,-0.0693553,-0.227167,0.700191,0.045308,0.129054,0.974607,0.025063,-0.217853,-0.00174489,0.557041,0.116508,0.729399,0.957279,-0.0847744,0.25071
1.8281714916229248,-5.62682,2.14176,-2.50128,-3.76527,3.52572,-0.0693553,-0.227167,0.700191,0.045308,0.129054,0.974607,0.025063,-0.217853,-0.00174489,0.557041,0.116508,0.729399,0.957279,-0.0847744,0.25071
1.843334674835205,-5.69559,2.08051,-2.51859,-3.77472,3.54236,-0.0693343,-0.227107,0.700127,0.045623,0.128951,0.97445,0.0230789,-0.218708,-0.00148715,0.55658,0.117108,0.729362,0.956222,-0.0908474,0.252335
1.858166217803955,-5.69559,2.08051,-2.51859,-3.77472,3.54236,-0.0693343,-0.227107,0.700127,0.045623,0.128951,0.97445,0.0230789,-0.218708,-0.00148715,0.55658,0.117108,0.729362,0.956222,-0.0908474,0.252335
1.8877978324890137,-5.69559,2.08051,-2.51859,-3.77472,3.54236,-0.0693343,-0.227107,0.700127,0.045623,0.128951,0.97445,0.0230789,-0.218708,-0.00148715,0.55658,0.117108,0.729362,0.956222,-0.0908474,0.252335
1.900761604309082,-5.59715,2.0974,-2.45613,-3.78341,3.47312,-0.0693359,-0.22709,0.700122,0.0450539,0.128952,0.974463,0.0237325,-0.218699,-0.00148692,0.556585,0.117103,0.729361,0.956218,-0.0908371,0.252353
1.9204978942871094,-5.59715,2.0974,-2.45613,-3.78341,3.47312,-0.0693359,-0.22709,0.700122,0.0450539,0.128952,0.974463,0.0237325,-0.218699,-0.00148692,0.556585,0.117103,0.729361,0.956218,-0.0908371,0.252353
1.9436120986938477,-5.43124,2.28804,-2.23281,-3.42779,3.39822,-0.0693494,-0.224813,0.698123,0.0856156,0.128924,0.981833,0.0304508,-0.166576,-0.00148117,0.556484,0.116497,0.731767,0.95609,-0.09281,0.252403
1.9560792446136475,-5.43124,2.28804,-2.23281,-3.42779,3.39822,-0.0693494,-0.224813,0.698123,0.0856156,0.128924,0.981833,0.0304508,-0.166576,-0.00148117,0.556484,0.116497,0.731767,0.95609,-0.09281,0.252403
1.9799304008483887,-5.43124,2.28804,-2.23281,-3.42779,3.39822,-0.0693494,-0.224813,0.698123,0.0856156,0.128924,0.981833,0.0304508,-0.166576,-0.00148117,0.556484,0.116497,0.731767,0.95609,-0.09281,0.252403
1.9926633834838867,-5.60838,2.36131,-2.27931,-3.57294,3.65987,-0.0693305,-0.227011,0.700722,0.0465113,0.128972,0.981135,0.0204905,-0.186521,-0.0014957,0.556573,0.117049,0.730582,0.956205,-0.0908466,0.252424
2.010462522506714,-5.60838,2.36131,-2.27931,-3.57294,3.65987,-0.0693305,-0.227011,0.700722,0.0465113,0.128972,0.981135,0.0204905,-0.186521,-0.0014957,0.556573,0.117049,0.730582,0.956205,-0.0908466,0.252424
2.040325880050659,-5.60838,2.36131,-2.27931,-3.57294,3.65987,-0.0693305,-0.227011,0.700722,0.0465113,0.128972,0.981135,0.0204905,-0.186521,-0.0014957,0.556573,0.117049,0.730582,0.956205,-0.0908466,0.252424
2.053067207336426,-5.39498,2.30458,-2.23247,-3.39731,3.39998,-0.0693355,-0.224618,0.698553,0.0864129,0.128962,0.981851,0.0287682,-0.166357,-0.00148742,0.556573,0.117084,0.731772,0.956205,-0.0908426,0.252409
2.072051525115967,-5.39498,2.30458,-2.23247,-3.39731,3.39998,-0.0693355,-0.224618,0.698553,0.0864129,0.128962,0.981851,0.0287682,-0.166357,-0.00148742,0.556573,0.117084,0.731772,0.956205,-0.0908426,0.252409
2.0932962894439697,-5.61879,2.34465,-2.28508,-3.56522,3.66934,-0.0694396,-0.227012,0.700721,0.0464594,0.128624,0.981131,0.0204573,-0.186562,-0.00148435,0.556817,0.116807,0.73058,0.956743,-0.0911007,0.250398
2.1048269271850586,-5.61879,2.34465,-2.28508,-3.56522,3.66934,-0.0694396,-0.227012,0.700721,0.0464594,0.128624,0.981131,0.0204573,-0.186562,-0.00148435,0.556817,0.116807,0.73058,0.956743,-0.0911007,0.250398
2.1316678524017334,-5.61879,2.34465,-2.28508,-3.56522,3.66934,-0.0694396,-0.227012,0.700721,0.0464594,0.128624,0.981131,0.0204573,-0.186562,-0.00148435,0.556817,0.116807,0.73058,0.956743,-0.0911007,0.250398
2.144608497619629,-5.44287,2.30419,-2.24383,-3.44321,3.41793,-0.069336,-0.224816,0.698124,0.0855975,0.128966,0.981838,0.0304456,-0.166556,-0.00149157,0.556567,0.117054,0.73177,0.956194,-0.0909007,0.252445
2.1621015071868896,-5.44287,2.30419,-2.24383,-3.44321,3.41793,-0.069336,-0.224816,0.698124,0.0855975,0.128966,0.981838,0.0304456,-0.166556,-0.00149157,0.556567,0.117054,0.73177,0.956194,-0.0909007,0.252445
2.193371295928955,-5.45755,2.27175,-2.25732,-3.39584,3.44655,-0.0693341,-0.224861,0.698493,0.0830387,0.128958,0.981867,0.0293818,-0.167862,-0.00149271,0.556571,0.117066,0.731743,0.956206,-0.0909289,0.252386
2.199920415878296,-5.45755,2.27175,-2.25732,-3.39584,3.44655,-0.0693341,-0.224861,0.698493,0.0830387,0.128958,0.981867,0.0293818,-0.167862,-0.00149271,0.556571,0.117066,0.731743,0.956206,-0.0909289,0.252386
2.223306655883789,-5.45755,2.27175,-2.25732,-3.39584,3.44655,-0.0693341,-0.224861,0.698493,0.0830387,0.128958,0.981867,0.0293818,-0.167862,-0.00149271,0.556571,0.117066,0.731743,0.956206,-0.0909289,0.252386
2.2432377338409424,-5.62867,2.0767,-2.47523,-3.77302,3.4946,-0.0693301,-0.2271,0.700122,0.0450158,0.128956,0.97448,0.0237185,-0.218629,-0.0014861,0.55658,0.117117,0.729363,0.956206,-0.0909063,0.25237
2.254732608795166,-5.62867,2.0767,-2.47523,-3.77302,3.4946,-0.0693301,-0.2271,0.700122,0.0450158,0.128956,0.97448,0.0237185,-0.218629,-0.0014861,0.55658,0.117117,0.729363,0.956206,-0.0909063,0.25237
2.285391092300415,-5.62867,2.0767,-2.47523,-3.77302,3.4946,-0.0693301,-0.2271,0.700122,0.0450158,0.128956,0.97448,0.0237185,-0.218629,-0.0014861,0.55658,0.117117,0.729363,0.956206,-0.0909063,0.25237
2.2985875606536865,-5.39812,2.31225,-2.22457,-3.43666,3.39519,-0.0693356,-0.224851,0.698549,0.0831757,0.128945,0.981797,0.0295175,-0.168182,-0.0014833,0.556582,0.117136,0.731714,0.956209,-0.0909104,0.252346
2.313716411590576,-5.39812,2.31225,-2.22457,-3.43666,3.39519,-0.0693356,-0.224851,0.698549,0.0831757,0.128945,0.981797,0.0295175,-0.168182,-0.0014833,0.556582,0.117136,0.731714,0.956209,-0.0909104,0.252346
2.3439583778381348,-5.4336,2.29743,-2.24517,-3.47136,3.42081,-0.0693362,-0.225017,0.698384,0.0840758,0.128952,0.981688,0.0290586,-0.168453,-0.00149,0.556576,0.117071,0.731861,0.956208,-0.0909588,0.252365
2.3552842140197754,-5.4336,2.29743,-2.24517,-3.47136,3.42081,-0.0693362,-0.225017,0.698384,0.0840758,0.128952,0.981688,0.0290586,-0.168453,-0.00149,0.556576,0.117071,0.731861,0.956208,-0.0909588,0.252365
2.3755996227264404,-5.4336,2.29743,-2.24517,-3.47136,3.42081,-0.0693362,-0.225017,0.698384,0.0840758,0.128952,0.981688,0.0290586,-0.168453,-0.00149,0.556576,0.117071,0.731861,0.956208,-0.0909588,0.252365
2.3935163021087646,-5.40359,2.31701,-2.21215,-3.43511,3.40722,-0.0693613,-0.224816,0.698355,0.0842152,0.128958,0.982173,0.0292422,-0.165499,-0.0014629,0.556541,0.116813,0.731706,0.956182,-0.0912259,0.252484
2.406280040740967,-5.40359,2.31701,-2.21215,-3.43511,3.40722,-0.0693613,-0.224816,0.698355,0.0842152,0.128958,0.982173,0.0292422,-0.165499,-0.0014629,0.556541,0.116813,0.731706,0.956182,-0.0912259,0.252484
2.435786247253418,-5.40359,2.31701,-2.21215,-3.43511,3.40722,-0.0693613,-0.224816,0.698355,0.0842152,0.128958,0.982173,0.0292422,-0.165499,-0.0014629,0.556541,0.116813,0.731706,0.956182,-0.0912259,0.252484
2.448526382446289,-5.4271,2.31809,-2.23642,-3.45209,3.41515,-0.0693364,-0.224858,0.698545,0.083041,0.128961,0.98181,0.0295192,-0.168175,-0.00148847,0.556573,0.117083,0.73172,0.956201,-0.0908575,0.25242
2.467125654220581,-5.4271,2.31809,-2.23642,-3.45209,3.41515,-0.0693364,-0.224858,0.698545,0.083041,0.128961,0.98181,0.0295192,-0.168175,-0.00148847,0.556573,0.117083,0.73172,0.956201,-0.0908575,0.25242
2.493668794631958,-5.43865,2.2971,-2.23868,-3.38998,3.43138,-0.0693579,-0.224855,0.69814,0.0857437,0.128964,0.982086,0.0295906,-0.165163,-0.00146925,0.556545,0.116733,0.731786,0.956205,-0.0912181,0.252438
2.505237340927124,-5.43865,2.2971,-2.23868,-3.38998,3.43138,-0.0693579,-0.224855,0.69814,0.0857437,0.128964,0.982086,0.0295906,-0.165163,-0.00146925,0.556545,0.116733,0.731786,0.956205,-0.0912181,0.252438
2.527801275253296,-5.43865,2.2971,-2.23868,-3.38998,3.43138,-0.0693579,-0.224855,0.69814,0.0857437,0.128964,0.982086,0.0295906,-0.165163,-0.00146925,0.556545,0.116733,0.731786,0.956205,-0.0912181,0.252438
2.5441229343414307,-5.642,2.35141,-2.29121,-3.55759,3.67107,-0.0693555,-0.227019,0.700734,0.0465374,0.128925,0.981166,0.0206919,-0.186331,-0.00148638,0.556486,0.116466,0.730569,0.956078,-0.0928541,0.252445
2.557913064956665,-5.642,2.35141,-2.29121,-3.55759,3.67107,-0.0693555,-0.227019,0.700734,0.0465374,0.128925,0.981166,0.0206919,-0.186331,-0.00148638,0.556486,0.116466,0.730569,0.956078,-0.0928541,0.252445
2.588564872741699,-5.642,2.35141,-2.29121,-3.55759,3.67107,-0.0693555,-0.227019,0.700734,0.0465374,0.128925,0.981166,0.0206919,-0.186331,-0.00148638,0.556486,0.116466,0.730569,0.956078,-0.0928541,0.252445
2.601588249206543,-5.45191,2.2954,-2.24313,-3.4156,3.44032,-0.0693618,-0.224861,0.69813,0.0855543,0.12897,0.982082,0.0295072,-0.165305,-0.00146798,0.556538,0.116769,0.731805,0.956185,-0.0911483,0.252521
2.6203811168670654,-5.45191,2.2954,-2.24313,-3.4156,3.44032,-0.0693618,-0.224861,0.69813,0.0855543,0.12897,0.982082,0.0295072,-0.165305,-0.00146798,0.556538,0.116769,0.731805,0.956185,-0.0911483,0.252521
2.6434168815612793,-5.65522,2.34685,-2.3079,-3.57155,3.68473,-0.0693374,-0.226995,0.700669,0.0459059,0.128956,0.980968,0.0211042,-0.187481,-0.00149164,0.556575,0.117103,0.730563,0.956204,-0.0908577,0.252398
2.65513014793396,-5.65522,2.34685,-2.3079,-3.57155,3.68473,-0.0693374,-0.226995,0.700669,0.0459059,0.128956,0.980968,0.0211042,-0.187481,-0.00149164,0.556575,0.117103,0.730563,0.956204,-0.0908577,0.252398
2.679597854614258,-5.65522,2.34685,-2.3079,-3.57155,3.68473,-0.0693374,-0.226995,0.700669,0.0459059,0.128956,0.980968,0.0211042,-0.187481,-0.00149164,0.556575,0.117103,0.730563,0.956204,-0.0908577,0.252398
2.6935582160949707,-5.40794,2.31516,-2.22159,-3.42907,3.39652,-0.0693331,-0.224782,0.698336,0.0842876,0.128963,0.981954,0.0305152,-0.166526,-0.00148748,0.556583,0.117073,0.731667,0.956212,-0.0908397,0.252391
2.7099406719207764,-5.40794,2.31516,-2.22159,-3.42907,3.39652,-0.0693331,-0.224782,0.698336,0.0842876,0.128963,0.981954,0.0305152,-0.166526,-0.00148748,0.556583,0.117073,0.731667,0.956212,-0.0908397,0.252391
2.742244243621826,-5.40794,2.31516,-2.22159,-3.42907,3.39652,-0.0693331,-0.224782,0.698336,0.0842876,0.128963,0.981954,0.0305152,-0.166526,-0.00148748,0.556583,0.117073,0.731667,0.956212,-0.0908397,0.252391
2.756580114364624,-5.56772,2.41901,-2.2807,-3.57695,3.67397,-0.0693588,-0.226982,0.700642,0.0468629,0.129054,0.981247,0.0206205,-0.18583,-0.00175089,0.557037,0.116521,0.730542,0.957278,-0.084718,0.250729
2.7722792625427246,-5.56772,2.41901,-2.2807,-3.57695,3.67397,-0.0693588,-0.226982,0.700642,0.0468629,0.129054,0.981247,0.0206205,-0.18583,-0.00175089,0.557037,0.116521,0.730542,0.957278,-0.084718,0.250729
2.7935523986816406,-5.57326,2.39335,-2.28222,-3.56964,3.66813,-0.0693386,-0.224881,0.698681,0.0828776,0.128966,0.981536,0.0295645,-0.169838,-0.00149342,0.556569,0.117081,0.731694,0.95618,-0.0909029,0.252486
2.805126428604126,-5.57326,2.39335,-2.28222,-3.56964,3.66813,-0.0693386,-0.224881,0.698681,0.0828776,0.128966,0.981536,0.0295645,-0.169838,-0.00149342,0.556569,0.117081,0.731694,0.95618,-0.0909029,0.252486
2.834181070327759,-5.57326,2.39335,-2.28222,-3.56964,3.66813,-0.0693386,-0.224881,0.698681,0.0828776,0.128966,0.981536,0.0295645,-0.169838,-0.00149342,0.556569,0.117081,0.731694,0.95618,-0.0909029,0.252486
2.8469479084014893,-5.55523,2.43183,-2.2634,-3.62074,3.66166,-0.0693568,-0.226985,0.700657,0.0469151,0.12906,0.981278,0.020759,-0.185638,-0.00175783,0.557032,0.116511,0.730529,0.957272,-0.0847182,0.250757
2.8619658946990967,-5.55523,2.43183,-2.2634,-3.62074,3.66166,-0.0693568,-0.226985,0.700657,0.0469151,0.12906,0.981278,0.020759,-0.185638,-0.00175783,0.557032,0.116511,0.730529,0.957272,-0.0847182,0.250757
2.893954277038574,-5.58478,2.39468,-2.29413,-3.56365,3.6853,-0.0693511,-0.227022,0.700727,0.0464659,0.129054,0.981167,0.0206124,-0.186355,-0.00174898,0.55704,0.116523,0.73057,0.957274,-0.0848194,0.250708
2.900165319442749,-5.58478,2.39468,-2.29413,-3.56365,3.6853,-0.0693511,-0.227022,0.700727,0.0464659,0.129054,0.981167,0.0206124,-0.186355,-0.00174898,0.55704,0.116523,0.73057,0.957274,-0.0848194,0.250708
2.923677682876587,-5.58478,2.39468,-2.29413,-3.56365,3.6853,-0.0693511,-0.227022,0.700727,0.0464659,0.129054,0.981167,0.0206124,-0.186355,-0.00174898,0.55704,0.116523,0.73057,0.957274,-0.0848194,0.250708
2.943882703781128,-5.58518,2.39743,-2.29671,-3.55707,3.68631,-0.0693532,-0.227011,0.700721,0.0464443,0.129043,0.981144,0.0204575,-0.186499,-0.00174274,0.557039,0.116579,0.730576,0.957268,-0.0848588,0.250693
2.955967426300049,-5.58518,2.39743,-2.29671,-3.55707,3.68631,-0.0693532,-0.227011,0.700721,0.0464443,0.129043,0.981144,0.0204575,-0.186499,-0.00174274,0.557039,0.116579,0.730576,0.957268,-0.0848588,0.250693
2.9838032722473145,-5.58518,2.39743,-2.29671,-3.55707,3.68631,-0.0693532,-0.227011,0.700721,0.0464443,0.129043,0.981144,0.0204575,-0.186499,-0.00174274,0.557039,0.116579,0.730576,0.957268,-0.0848588,0.250693
2.9974141120910645,-5.54371,2.41862,-2.27549,-3.55453,3.65902,-0.0693562,-0.22701,0.700715,0.0464367,0.129051,0.981143,0.0203792,-0.186514,-0.00174443,0.557045,0.116522,0.730579,0.957272,-0.0848098,0.250718
3.0140655040740967,-5.54371,2.41862,-2.27549,-3.55453,3.65902,-0.0693562,-0.22701,0.700715,0.0464367,0.129051,0.981143,0.0203792,-0.186514,-0.00174443,0.557045,0.116522,0.730579,0.957272,-0.0848098,0.250718
3.042829990386963,-5.39721,2.35007,-2.25983,-3.42821,3.44194,-0.0693595,-0.225018,0.698385,0.084074,0.129048,0.981668,0.0291084,-0.168557,-0.00175254,0.557033,0.116541,0.731864,0.957272,-0.0847749,0.250724
3.0553667545318604,-5.39721,2.35007,-2.25983,-3.42821,3.44194,-0.0693595,-0.225018,0.698385,0.084074,0.129048,0.981668,0.0291084,-0.168557,-0.00175254,0.557033,0.116541,0.731864,0.957272,-0.0847749,0.250724
3.0759470462799072,-5.39721,2.35007,-2.25983,-3.42821,3.44194,-0.0693595,-0.225018,0.698385,0.084074,0.129048,0.981668,0.0291084,-0.168557,-0.00175254,0.557033,0.116541,0.731864,0.957272,-0.0847749,0.250724
3.0937464237213135,-5.61322,2.36367,-2.28261,-3.5658,3.66471,-0.0693344,-0.227009,0.700723,0.0463963,0.12896,0.981149,0.0204785,-0.186481,-0.00149299,0.556579,0.117075,0.730577,0.956209,-0.0908661,0.252392
3.1063473224639893,-5.61322,2.36367,-2.28261,-3.5658,3.66471,-0.0693344,-0.227009,0.700723,0.0463963,0.12896,0.981149,0.0204785,-0.186481,-0.00149299,0.556579,0.117075,0.730577,0.956209,-0.0908661,0.252392
3.1357715129852295,-5.61322,2.36367,-2.28261,-3.5658,3.66471,-0.0693344,-0.227009,0.700723,0.0463963,0.12896,0.981149,0.0204785,-0.186481,-0.00149299,0.556579,0.117075,0.730577,0.956209,-0.0908661,0.252392
3.148817539215088,-5.5216,2.38208,-2.2609,-3.56099,3.63247,-0.0693542,-0.226971,0.70061,0.0463389,0.129048,0.981103,0.0214816,-0.186621,-0.00174631,0.557043,0.116513,0.730513,0.957282,-0.084827,0.250681
3.166930913925171,-5.5216,2.38208,-2.2609,-3.56099,3.63247,-0.0693542,-0.226971,0.70061,0.0463389,0.129048,0.981103,0.0214816,-0.186621,-0.00174631,0.557043,0.116513,0.730513,0.957282,-0.084827,0.250681
3.1934800148010254,-5.40655,2.27933,-2.23707,-3.40351,3.40827,-0.0693347,-0.224892,0.698296,0.0845477,0.128958,0.98178,0.029289,-0.167637,-0.00148965,0.556582,0.117089,0.73183,0.956218,-0.090812,0.252368
3.205174207687378,-5.40655,2.27933,-2.23707,-3.40351,3.40827,-0.0693347,-0.224892,0.698296,0.0845477,0.128958,0.98178,0.029289,-0.167637,-0.00148965,0.556582,0.117089,0.73183,0.956218,-0.090812,0.252368
3.227339029312134,-5.40655,2.27933,-2.23707,-3.40351,3.40827,-0.0693347,-0.224892,0.698296,0.0845477,0.128958,0.98178,0.029289,-0.167637,-0.00148965,0.556582,0.117089,0.73183,0.956218,-0.090812,0.252368
3.243579387664795,-5.62238,2.38709,-2.28097,-3.56697,3.67127,-0.0694364,-0.226986,0.700654,0.0468745,0.128637,0.98128,0.0207284,-0.185642,-0.00148472,0.556799,0.11682,0.730527,0.956721,-0.0910904,0.25048
3.257817029953003,-5.62238,2.38709,-2.28097,-3.56697,3.67127,-0.0694364,-0.226986,0.700654,0.0468745,0.128637,0.98128,0.0207284,-0.185642,-0.00148472,0.556799,0.11682,0.730527,0.956721,-0.0910904,0.25048
3.2884433269500732,-5.62238,2.38709,-2.28097,-3.56697,3.67127,-0.0694364,-0.226986,0.700654,0.0468745,0.128637,0.98128,0.0207284,-0.185642,-0.00148472,0.556799,0.11682,0.730527,0.956721,-0.0910904,0.25048
3.3011314868927,-5.41414,2.32111,-2.23665,-3.43611,3.4082,-0.0693312,-0.224986,0.698397,0.0838342,0.128958,0.981726,0.0291864,-0.16833,-0.00149078,0.556577,0.117092,0.731864,0.956208,-0.0909015,0.252373
3.3199470043182373,-5.41414,2.32111,-2.23665,-3.43611,3.4082,-0.0693312,-0.224986,0.698397,0.0838342,0.128958,0.981726,0.0291864,-0.16833,-0.00149078,0.556577,0.117092,0.731864,0.956208,-0.0909015,0.252373
3.342888593673706,-5.42286,2.29324,-2.24508,-3.46153,3.4067,-0.0693357,-0.224883,0.698676,0.0828485,0.12896,0.98155,0.0295855,-0.169765,-0.00149352,0.556572,0.117081,0.731698,0.956205,-0.0908699,0.252402
3.354405641555786,-5.42286,2.29324,-2.24508,-3.46153,3.4067,-0.0693357,-0.224883,0.698676,0.0828485,0.12896,0.98155,0.0295855,-0.169765,-0.00149352,0.556572,0.117081,0.731698,0.956205,-0.0908699,0.252402
3.3799312114715576,-5.42286,2.29324,-2.24508,-3.46153,3.4067,-0.0693357,-0.224883,0.698676,0.0828485,0.12896,0.98155,0.0295855,-0.169765,-0.00149352,0.556572,0.117081,0.731698,0.956205,-0.0908699,0.252402
3.3930680751800537,-5.63323,2.35502,-2.291,-3.57617,3.6774,-0.0693306,-0.22701,0.70072,0.0464592,0.128959,0.981146,0.0203618,-0.186492,-0.00149316,0.556572,0.11707,0.73058,0.956206,-0.0909499,0.252374
3.4094951152801514,-5.63323,2.35502,-2.291,-3.57617,3.6774,-0.0693306,-0.22701,0.70072,0.0464592,0.128959,0.981146,0.0203618,-0.186492,-0.00149316,0.556572,0.11707,0.73058,0.956206,-0.0909499,0.252374
3.439943552017212,-5.63323,2.35502,-2.291,-3.57617,3.6774,-0.0693306,-0.22701,0.70072,0.0464592,0.128959,0.981146,0.0203618,-0.186492,-0.00149316,0.556572,0.11707,0.73058,0.956206,-0.0909499,0.252374
3.452420949935913,-5.45312,2.25697,-2.26097,-3.44367,3.427,-0.0693376,-0.224815,0.698563,0.0832336,0.128955,0.98158,0.0301104,-0.169311,-0.00149138,0.556578,0.117069,0.731675,0.956207,-0.0909121,0.252383
3.4728832244873047,-5.45312,2.25697,-2.26097,-3.44367,3.427,-0.0693376,-0.224815,0.698563,0.0832336,0.128955,0.98158,0.0301104,-0.169311,-0.00149138,0.556578,0.117069,0.731675,0.956207,-0.0909121,0.252383
3.49311900138855,-5.42633,2.327,-2.22747,-3.42277,3.42117,-0.0694357,-0.224859,0.698132,0.0855674,0.128615,0.982082,0.0295233,-0.165294,-0.0014842,0.556812,0.116858,0.731806,0.956747,-0.0911322,0.250348
3.505208969116211,-5.42633,2.327,-2.22747,-3.42277,3.42117,-0.0694357,-0.224859,0.698132,0.0855674,0.128615,0.982082,0.0295233,-0.165294,-0.0014842,0.556812,0.116858,0.731806,0.956747,-0.0911322,0.250348
3.5315756797790527,-5.42633,2.327,-2.22747,-3.42277,3.42117,-0.0694357,-0.224859,0.698132,0.0855674,0.128615,0.982082,0.0295233,-0.165294,-0.0014842,0.556812,0.116858,0.731806,0.956747,-0.0911322,0.250348
3.5443477630615234,-5.40707,2.30468,-2.23137,-3.4219,3.40394,-0.0693353,-0.224847,0.698552,0.0832015,0.128947,0.981801,0.0294739,-0.168153,-0.0014902,0.55659,0.117099,0.731711,0.956221,-0.0908953,0.252326
3.562089443206787,-5.40707,2.30468,-2.23137,-3.4219,3.40394,-0.0693353,-0.224847,0.698552,0.0832015,0.128947,0.981801,0.0294739,-0.168153,-0.0014902,0.55659,0.117099,0.731711,0.956221,-0.0908953,0.252326
3.5950067043304443,-5.64134,2.34386,-2.29746,-3.56928,3.68261,-0.0693352,-0.22701,0.700718,0.0465067,0.128958,0.981129,0.0204433,-0.186559,-0.00149349,0.55657,0.11707,0.73058,0.9562,-0.0909453,0.252398
3.6033504009246826,-5.64134,2.34386,-2.29746,-3.56928,3.68261,-0.0693352,-0.22701,0.700718,0.0465067,0.128958,0.981129,0.0204433,-0.186559,-0.00149349,0.55657,0.11707,0.73058,0.9562,-0.0909453,0.252398
3.62424898147583,-5.64134,2.34386,-2.29746,-3.56928,3.68261,-0.0693352,-0.22701,0.700718,0.0465067,0.128958,0.981129,0.0204433,-0.186559,-0.00149349,0.55657,0.11707,0.73058,0.9562,-0.0909453,0.252398
3.6435225009918213,-5.64955,2.36521,-2.29944,-3.593,3.6847,-0.0693333,-0.227032,0.700791,0.0465858,0.128961,0.981089,0.0206661,-0.186729,-0.00149406,0.556576,0.117097,0.730622,0.95621,-0.0908216,0.252394
3.655268907546997,-5.64955,2.36521,-2.29944,-3.593,3.6847,-0.0693333,-0.227032,0.700791,0.0465858,0.128961,0.981089,0.0206661,-0.186729,-0.00149406,0.556576,0.117097,0.730622,0.95621,-0.0908216,0.252394
3.6838009357452393,-5.64955,2.36521,-2.29944,-3.593,3.6847,-0.0693333,-0.227032,0.700791,0.0465858,0.128961,0.981089,0.0206661,-0.186729,-0.00149406,0.556576,0.117097,0.730622,0.95621,-0.0908216,0.252394
3.696681261062622,-5.59157,2.32164,-2.28372,-3.52822,3.64361,-0.0693353,-0.227,0.700678,0.0459153,0.128952,0.980966,0.0211051,-0.18749,-0.00148989,0.556579,0.117096,0.730569,0.95622,-0.0908583,0.252343
3.7149877548217773,-5.59157,2.32164,-2.28372,-3.52822,3.64361,-0.0693353,-0.227,0.700678,0.0459153,0.128952,0.980966,0.0211051,-0.18749,-0.00148989,0.556579,0.117096,0.730569,0.95622,-0.0908583,0.252343
3.7431764602661133,-5.66385,2.3303,-2.3057,-3.5631,3.6987,-0.0693596,-0.226983,0.700651,0.0469242,0.128967,0.981255,0.0205771,-0.185777,-0.00146972,0.556536,0.116768,0.730544,0.956198,-0.0911395,0.252477
3.7561628818511963,-5.66385,2.3303,-2.3057,-3.5631,3.6987,-0.0693596,-0.226983,0.700651,0.0469242,0.128967,0.981255,0.0205771,-0.185777,-0.00146972,0.556536,0.116768,0.730544,0.956198,-0.0911395,0.252477
3.7757418155670166,-5.66385,2.3303,-2.3057,-3.5631,3.6987,-0.0693596,-0.226983,0.700651,0.0469242,0.128967,0.981255,0.0205771,-0.185777,-0.00146972,0.556536,0.116768,0.730544,0.956198,-0.0911395,0.252477
3.793609380722046,-5.42022,2.28461,-2.23272,-3.46207,3.41044,-0.0693608,-0.224853,0.698551,0.0830762,0.128964,0.981805,0.029446,-0.168195,-0.00147005,0.556537,0.116776,0.731715,0.956199,-0.0911414,0.252467
3.8060245513916016,-5.42022,2.28461,-2.23272,-3.46207,3.41044,-0.0693608,-0.224853,0.698551,0.0830762,0.128964,0.981805,0.029446,-0.168195,-0.00147005,0.556537,0.116776,0.731715,0.956199,-0.0911414,0.252467
3.835747480392456,-5.42022,2.28461,-2.23272,-3.46207,3.41044,-0.0693608,-0.224853,0.698551,0.0830762,0.128964,0.981805,0.029446,-0.168195,-0.00147005,0.556537,0.116776,0.731715,0.956199,-0.0911414,0.252467
3.848336696624756,-5.43786,2.36857,-2.23138,-3.45286,3.43745,-0.0693361,-0.224893,0.698508,0.0831817,0.128963,0.982095,0.0282362,-0.166652,-0.00149005,0.55658,0.117085,0.731771,0.956199,-0.0908503,0.252429
3.865936756134033,-5.43786,2.36857,-2.23138,-3.45286,3.43745,-0.0693361,-0.224893,0.698508,0.0831817,0.128963,0.982095,0.0282362,-0.166652,-0.00149005,0.55658,0.117085,0.731771,0.956199,-0.0908503,0.252429
3.8937389850616455,-5.61702,2.33512,-2.28887,-3.56041,3.65802,-0.0693308,-0.227002,0.700685,0.0459424,0.128964,0.980988,0.0212773,-0.187349,-0.00149451,0.55658,0.117059,0.73055,0.956206,-0.0909095,0.252395
3.905093193054199,-5.61702,2.33512,-2.28887,-3.56041,3.65802,-0.0693308,-0.227002,0.700685,0.0459424,0.128964,0.980988,0.0212773,-0.187349,-0.00149451,0.55658,0.117059,0.73055,0.956206,-0.0909095,0.252395
3.9279537200927734,-5.61702,2.33512,-2.28887,-3.56041,3.65802,-0.0693308,-0.227002,0.700685,0.0459424,0.128964,0.980988,0.0212773,-0.187349,-0.00149451,0.55658,0.117059,0.73055,0.956206,-0.0909095,0.252395
3.943347930908203,-5.51061,2.27767,-2.28288,-3.43537,3.47862,-0.0693368,-0.224846,0.698552,0.083228,0.128964,0.981791,0.0293909,-0.168216,-0.00149061,0.556573,0.117051,0.731713,0.9562,-0.0908882,0.252427
3.958103895187378,-5.51061,2.27767,-2.28288,-3.43537,3.47862,-0.0693368,-0.224846,0.698552,0.083228,0.128964,0.981791,0.0293909,-0.168216,-0.00149061,0.556573,0.117051,0.731713,0.9562,-0.0908882,0.252427
3.9877266883850098,-5.51061,2.27767,-2.28288,-3.43537,3.47862,-0.0693368,-0.224846,0.698552,0.083228,0.128964,0.981791,0.0293909,-0.168216,-0.00149061,0.556573,0.117051,0.731713,0.9562,-0.0908882,0.252427
4.0008015632629395,-5.45142,2.28675,-2.26718,-3.43535,3.42581,-0.0693316,-0.224968,0.698424,0.0842502,0.128963,0.981457,0.0296545,-0.169603,-0.00149497,0.556576,0.117045,0.73181,0.956198,-0.0909768,0.252407
4.019691467285156,-5.45142,2.28675,-2.26718,-3.43535,3.42581,-0.0693316,-0.224968,0.698424,0.0842502,0.128963,0.981457,0.0296545,-0.169603,-0.00149497,0.556576,0.117045,0.73181,0.956198,-0.0909768,0.252407
4.044008255004883,-5.67101,2.344,-2.31429,-3.57784,3.69519,-0.0693319,-0.226999,0.700669,0.0458966,0.128957,0.980974,0.0210981,-0.187453,-0.00149,0.556578,0.117104,0.730568,0.956211,-0.0908679,0.252368
4.055649757385254,-5.67101,2.344,-2.31429,-3.57784,3.69519,-0.0693319,-0.226999,0.700669,0.0458966,0.128957,0.980974,0.0210981,-0.187453,-0.00149,0.556578,0.117104,0.730568,0.956211,-0.0908679,0.252368
4.0799970626831055,-5.67101,2.344,-2.31429,-3.57784,3.69519,-0.0693319,-0.226999,0.700669,0.0458966,0.128957,0.980974,0.0210981,-0.187453,-0.00149,0.556578,0.117104,0.730568,0.956211,-0.0908679,0.252368
4.092991828918457,-5.57227,2.34692,-2.26571,-3.54628,3.63474,-0.0693579,-0.227007,0.700723,0.046584,0.128965,0.981127,0.0204892,-0.186549,-0.00146778,0.556537,0.116788,0.73058,0.956188,-0.0911953,0.252484
4.1093480587005615,-5.57227,2.34692,-2.26571,-3.54628,3.63474,-0.0693579,-0.227007,0.700723,0.046584,0.128965,0.981127,0.0204892,-0.186549,-0.00146778,0.556537,0.116788,0.73058,0.956188,-0.0911953,0.252484
4.139908075332642,-5.57227,2.34692,-2.26571,-3.54628,3.63474,-0.0693579,-0.227007,0.700723,0.046584,0.128965,0.981127,0.0204892,-0.186549,-0.00146778,0.556537,0.116788,0.73058,0.956188,-0.0911953,0.252484
4.153320550918579,-5.60255,2.33996,-2.27954,-3.55397,3.65729,-0.0693315,-0.227011,0.700717,0.0464539,0.128963,0.981141,0.0204341,-0.186514,-0.00149372,0.556574,0.117071,0.730582,0.956201,-0.090911,0.252405
4.1717541217803955,-5.60255,2.33996,-2.27954,-3.55397,3.65729,-0.0693315,-0.227011,0.700717,0.0464539,0.128963,0.981141,0.0204341,-0.186514,-0.00149372,0.556574,0.117071,0.730582,0.956201,-0.090911,0.252405
4.193609952926636,-5.61028,2.36114,-2.28072,-3.56256,3.66187,-0.0693312,-0.227013,0.70073,0.0464881,0.128966,0.981173,0.020557,-0.186324,-0.00149164,0.556577,0.117051,0.730566,0.956212,-0.0908744,0.25239
4.204874515533447,-5.61028,2.36114,-2.28072,-3.56256,3.66187,-0.0693312,-0.227013,0.70073,0.0464881,0.128966,0.981173,0.020557,-0.186324,-0.00149164,0.556577,0.117051,0.730566,0.956212,-0.0908744,0.25239
4.232078552246094,-5.61028,2.36114,-2.28072,-3.56256,3.66187,-0.0693312,-0.227013,0.70073,0.0464881,0.128966,0.981173,0.020557,-0.186324,-0.00149164,0.556577,0.117051,0.730566,0.956212,-0.0908744,0.25239
4.244534254074097,-5.5933,2.3358,-2.27616,-3.57291,3.63769,-0.0693323,-0.227014,0.70075,0.0459914,0.128965,0.98093,0.0214363,-0.187619,-0.00149411,0.556575,0.117073,0.730609,0.956208,-0.0908489,0.2524
4.262502670288086,-5.5933,2.3358,-2.27616,-3.57291,3.63769,-0.0693323,-0.227014,0.70075,0.0459914,0.128965,0.98093,0.0214363,-0.187619,-0.00149411,0.556575,0.117073,0.730609,0.956208,-0.0908489,0.2524
4.293776750564575,-5.39049,2.28289,-2.22339,-3.42156,3.39378,-0.0693352,-0.224851,0.698548,0.0831032,0.128947,0.981803,0.0294756,-0.16819,-0.00149085,0.556579,0.11709,0.731719,0.956215,-0.0909453,0.252331
4.300013303756714,-5.39049,2.28289,-2.22339,-3.42156,3.39378,-0.0693352,-0.224851,0.698548,0.0831032,0.128947,0.981803,0.0294756,-0.16819,-0.00149085,0.556579,0.11709,0.731719,0.956215,-0.0909453,0.252331
4.323353052139282,-5.39049,2.28289,-2.22339,-3.42156,3.39378,-0.0693352,-0.224851,0.698548,0.0831032,0.128947,0.981803,0.0294756,-0.16819,-0.00149085,0.556579,0.11709,0.731719,0.956215,-0.0909453,0.252331
4.343264579772949,-5.5976,2.34509,-2.27802,-3.55028,3.65345,-0.0693322,-0.227007,0.700729,0.0464814,0.128949,0.981129,0.0205032,-0.18656,-0.00149053,0.556587,0.117111,0.730582,0.956214,-0.0909277,0.252335
4.354328632354736,-5.5976,2.34509,-2.27802,-3.55028,3.65345,-0.0693322,-0.227007,0.700729,0.0464814,0.128949,0.981129,0.0205032,-0.18656,-0.00149053,0.556587,0.117111,0.730582,0.956214,-0.0909277,0.252335
4.38408899307251,-5.5976,2.34509,-2.27802,-3.55028,3.65345,-0.0693322,-0.227007,0.700729,0.0464814,0.128949,0.981129,0.0205032,-0.18656,-0.00149053,0.556587,0.117111,0.730582,0.956214,-0.0909277,0.252335
4.3969810009002686,-5.64091,2.32599,-2.3029,-3.53537,3.68466,-0.0693309,-0.227019,0.700729,0.0465101,0.128958,0.981168,0.0206179,-0.186336,-0.00149205,0.556572,0.1171,0.730566,0.956208,-0.0908898,0.252374
4.4133570194244385,-5.64091,2.32599,-2.3029,-3.53537,3.68466,-0.0693309,-0.227019,0.700729,0.0465101,0.128958,0.981168,0.0206179,-0.186336,-0.00149205,0.556572,0.1171,0.730566,0.956208,-0.0908898,0.252374
4.44309139251709,-5.60238,2.3801,-2.27589,-3.5666,3.6533,-0.0693598,-0.227018,0.700728,0.046586,0.128957,0.981148,0.0206624,-0.186417,-0.00146911,0.556542,0.116791,0.730566,0.956203,-0.091182,0.252431
4.454381465911865,-5.60238,2.3801,-2.27589,-3.5666,3.6533,-0.0693598,-0.227018,0.700728,0.046586,0.128957,0.981148,0.0206624,-0.186417,-0.00146911,0.556542,0.116791,0.730566,0.956203,-0.091182,0.252431
4.475780487060547,-5.60238,2.3801,-2.27589,-3.5666,3.6533,-0.0693598,-0.227018,0.700728,0.046586,0.128957,0.981148,0.0206624,-0.186417,-0.00146911,0.556542,0.116791,0.730566,0.956203,-0.091182,0.252431
4.494353771209717,-5.62507,2.40037,-2.28678,-3.58029,3.67214,-0.0693336,-0.22701,0.700721,0.0464808,0.128965,0.981138,0.0203875,-0.186528,-0.00149272,0.556578,0.11708,0.730576,0.956199,-0.0908703,0.252427
4.506327390670776,-5.62507,2.40037,-2.28678,-3.58029,3.67214,-0.0693336,-0.22701,0.700721,0.0464808,0.128965,0.981138,0.0203875,-0.186528,-0.00149272,0.556578,0.11708,0.730576,0.956199,-0.0908703,0.252427
4.536165475845337,-5.62507,2.40037,-2.28678,-3.58029,3.67214,-0.0693336,-0.22701,0.700721,0.0464808,0.128965,0.981138,0.0203875,-0.186528,-0.00149272,0.556578,0.11708,0.730576,0.956199,-0.0908703,0.252427
4.54877781867981,-5.66099,2.33106,-2.29803,-3.60201,3.69292,-0.069333,-0.22702,0.700731,0.0465139,0.128958,0.981175,0.0205906,-0.186301,-0.00149264,0.556567,0.11705,0.730565,0.956197,-0.0910251,0.252392
4.565629005432129,-5.66099,2.33106,-2.29803,-3.60201,3.69292,-0.069333,-0.22702,0.700731,0.0465139,0.128958,0.981175,0.0205906,-0.186301,-0.00149264,0.556567,0.11705,0.730565,0.956197,-0.0910251,0.252392
4.593638896942139,-5.38583,2.35129,-2.20158,-3.44367,3.39021,-0.0693584,-0.224805,0.698369,0.0844948,0.128974,0.982168,0.029389,-0.165358,-0.00147381,0.556539,0.116744,0.731696,0.956193,-0.0911436,0.252504
4.60541033744812,-5.38583,2.35129,-2.20158,-3.44367,3.39021,-0.0693584,-0.224805,0.698369,0.0844948,0.128974,0.982168,0.029389,-0.165358,-0.00147381,0.556539,0.116744,0.731696,0.956193,-0.0911436,0.252504
4.628259181976318,-5.38583,2.35129,-2.20158,-3.44367,3.39021,-0.0693584,-0.224805,0.698369,0.0844948,0.128974,0.982168,0.029389,-0.165358,-0.00147381,0.556539,0.116744,0.731696,0.956193,-0.0911436,0.252504
4.643530607223511,-5.46346,2.30659,-2.2459,-3.46904,3.43214,-0.069336,-0.224945,0.698586,0.082509,0.128924,0.981812,0.0290888,-0.168496,-0.00150618,0.556513,0.116607,0.731775,0.956092,-0.092751,0.252365
4.658129930496216,-5.46346,2.30659,-2.2459,-3.46904,3.43214,-0.069336,-0.224945,0.698586,0.082509,0.128924,0.981812,0.0290888,-0.168496,-0.00150618,0.556513,0.116607,0.731775,0.956092,-0.092751,0.252365
4.6876068115234375,-5.46346,2.30659,-2.2459,-3.46904,3.43214,-0.069336,-0.224945,0.698586,0.082509,0.128924,0.981812,0.0290888,-0.168496,-0.00150618,0.556513,0.116607,0.731775,0.956092,-0.092751,0.252365
4.700185537338257,-5.43802,2.29619,-2.21933,-3.42695,3.42731,-0.0693353,-0.225104,0.698149,0.0816428,0.128933,0.982166,0.0291772,-0.166832,-0.00150582,0.556494,0.116547,0.731741,0.956074,-0.0928615,0.252421
4.719935894012451,-5.43802,2.29619,-2.21933,-3.42695,3.42731,-0.0693353,-0.225104,0.698149,0.0816428,0.128933,0.982166,0.0291772,-0.166832,-0.00150582,0.556494,0.116547,0.731741,0.956074,-0.0928615,0.252421
4.743115425109863,-5.58622,2.42505,-2.29305,-3.59043,3.67555,-0.0693572,-0.227008,0.700685,0.0459603,0.129059,0.980994,0.0213908,-0.187301,-0.00175307,0.557037,0.116512,0.73055,0.957259,-0.0848008,0.250776
4.754400730133057,-5.58622,2.42505,-2.29305,-3.59043,3.67555,-0.0693572,-0.227008,0.700685,0.0459603,0.129059,0.980994,0.0213908,-0.187301,-0.00175307,0.557037,0.116512,0.73055,0.957259,-0.0848008,0.250776
4.780178070068359,-5.58622,2.42505,-2.29305,-3.59043,3.67555,-0.0693572,-0.227008,0.700685,0.0459603,0.129059,0.980994,0.0213908,-0.187301,-0.00175307,0.557037,0.116512,0.73055,0.957259,-0.0848008,0.250776
4.792884349822998,-5.40265,2.31422,-2.21304,-3.41993,3.40815,-0.0693337,-0.224811,0.698358,0.0843931,0.128967,0.982193,0.0294166,-0.165258,-0.00149065,0.556573,0.117086,0.731691,0.956183,-0.0909217,0.252465
4.810333251953125,-5.40265,2.31422,-2.21304,-3.41993,3.40815,-0.0693337,-0.224811,0.698358,0.0843931,0.128967,0.982193,0.0294166,-0.165258,-0.00149065,0.556573,0.117086,0.731691,0.956183,-0.0909217,0.252465
4.839735269546509,-5.40265,2.31422,-2.21304,-3.41993,3.40815,-0.0693337,-0.224811,0.698358,0.0843931,0.128967,0.982193,0.0294166,-0.165258,-0.00149065,0.556573,0.117086,0.731691,0.956183,-0.0909217,0.252465
4.852325201034546,-5.62834,2.32732,-2.29138,-3.55914,3.6754,-0.0694338,-0.227006,0.700718,0.0465169,0.128626,0.981136,0.0204675,-0.186519,-0.00148093,0.556808,0.116827,0.73058,0.95674,-0.0911262,0.250392
4.871954917907715,-5.62834,2.32732,-2.29138,-3.55914,3.6754,-0.0694338,-0.227006,0.700718,0.0465169,0.128626,0.981136,0.0204675,-0.186519,-0.00148093,0.556808,0.116827,0.73058,0.95674,-0.0911262,0.250392
4.893723487854004,-5.62682,2.14176,-2.50128,-3.76527,3.52572,-0.0693553,-0.227167,0.700191,0.045308,0.129054,0.974607,0.025063,-0.217853,-0.00174489,0.557041,0.116508,0.729399,0.957279,-0.0847744,0.25071
4.904767990112305,-5.62682,2.14176,-2.50128,-3.76527,3.52572,-0.0693553,-0.227167,0.700191,0.045308,0.129054,0.974607,0.025063,-0.217853,-0.00174489,0.557041,0.116508,0.729399,0.957279,-0.0847744,0.25071
4.93555212020874,-5.62682,2.14176,-2.50128,-3.76527,3.52572,-0.0693553,-0.227167,0.700191,0.045308,0.129054,0.974607,0.025063,-0.217853,-0.00174489,0.557041,0.116508,0.729399,0.957279,-0.0847744,0.25071
4.954346656799316,-5.43529,2.29821,-2.23566,-3.42037,3.42984,-0.0693349,-0.22486,0.698133,0.0855351,0.128972,0.982079,0.0294307,-0.165343,-0.00149008,0.556576,0.117041,0.731811,0.956201,-0.0908341,0.252449
4.965410470962524,-5.43529,2.29821,-2.23566,-3.42037,3.42984,-0.0693349,-0.22486,0.698133,0.0855351,0.128972,0.982079,0.0294307,-0.165343,-0.00149008,0.556576,0.117041,0.731811,0.956201,-0.0908341,0.252449
4.993780136108398,-5.59715,2.0974,-2.45613,-3.78341,3.47312,-0.0693359,-0.22709,0.700122,0.0450539,0.128952,0.974463,0.0237325,-0.218699,-0.00148692,0.556585,0.117103,0.729361,0.956218,-0.0908371,0.252353
5.0000901222229,-5.59715,2.0974,-2.45613,-3.78341,3.47312,-0.0693359,-0.22709,0.700122,0.0450539,0.128952,0.974463,0.0237325,-0.218699,-0.00148692,0.556585,0.117103,0.729361,0.956218,-0.0908371,0.252353
5.023545503616333,-5.59715,2.0974,-2.45613,-3.78341,3.47312,-0.0693359,-0.22709,0.700122,0.0450539,0.128952,0.974463,0.0237325,-0.218699,-0.00148692,0.556585,0.117103,0.729361,0.956218,-0.0908371,0.252353
5.0437397956848145,-5.63389,2.30672,-2.29278,-3.58697,3.66989,-0.0693352,-0.226995,0.700669,0.0458739,0.128969,0.980979,0.0210405,-0.187436,-0.00149017,0.556577,0.117093,0.730559,0.9562,-0.0907695,0.252453
5.0549046993255615,-5.63389,2.30672,-2.29278,-3.58697,3.66989,-0.0693352,-0.226995,0.700669,0.0458739,0.128969,0.980979,0.0210405,-0.187436,-0.00149017,0.556577,0.117093,0.730559,0.9562,-0.0907695,0.252453
5.084251403808594,-5.63389,2.30672,-2.29278,-3.58697,3.66989,-0.0693352,-0.226995,0.700669,0.0458739,0.128969,0.980979,0.0210405,-0.187436,-0.00149017,0.556577,0.117093,0.730559,0.9562,-0.0907695,0.252453
5.096572637557983,-5.46762,2.32099,-2.24399,-3.43853,3.45295,-0.0693347,-0.224812,0.69837,0.0844203,0.128966,0.982175,0.0293542,-0.165359,-0.00149413,0.556575,0.117059,0.731696,0.956207,-0.0908366,0.252417
5.114026069641113,-5.46762,2.32099,-2.24399,-3.43853,3.45295,-0.0693347,-0.224812,0.69837,0.0844203,0.128966,0.982175,0.0293542,-0.165359,-0.00149413,0.556575,0.117059,0.731696,0.956207,-0.0908366,0.252417
