# Timestamp, Fx, Fy, Fz, Tx, Ty, Tz, FemurPosX, FemurPosY, FemurPosZ, FemurQuatW, FemurQuatX, FemurQuatY, FemurQuatZ, TibiaPosX, TibiaPosY, TibiaPosZ, TibiaQuatW, TibiaQuatX, TibiaQuatY, TibiaQuatZ
0.017984867095947266,9.966390814538874,-11.380989520184734,-0.6877444485533091,-1.451156728395728,-0.7759746550008344,-1.475469431055131,0.0,50.0,20.0,1.0,0.0,0.0,0.0,-424.47812081285014,70.0,51.21198824503287,0.9969654250648995,0.0,0.07784562431610634,0.0
0.03460264205932617,10.559276396058294,-11.001626076555143,-1.241917280091004,-1.5,-0.5981803904979197,-1.5,0.0,50.0,20.0,1.0,0.0,0.0,0.0,-425.6252892046536,70.0,51.03855452980615,0.9974002342845971,0.0,0.07206089542207154,0.0
0.05031132698059082,9.786257154894486,-11.380419353316523,-1.354364288870796,-1.5,-0.7297178871627816,-1.5,0.0,50.0,20.0,1.0,0.0,0.0,0.0,-426.7342528700514,70.0,50.88380579802177,0.9977880391194771,0.0,0.06647577746900671,0.0
0.08369898796081543,9.227230495728396,-12.13169581042922,-1.7469873580454014,-1.5,-0.6194186005007252,-1.5,0.0,50.0,20.0,1.0,0.0,0.0,0.0,-427.80398254814133,70.0,50.74650052358879,0.9981320039864747,0.0,0.06109421100189445,0.0
0.1095435619354248,8.853634353711378,-11.735323666337935,-2.1893735609791,-1.4465936835158453,-0.610379470436388,-1.5,0.0,50.0,20.0,1.0,0.0,0.0,0.0,-428.83350686974285,70.0,50.62540852324514,0.9984352544776123,0.0,0.0559199661679592,0.0
0.14134693145751953,8.535891001165101,-11.223638850079194,-1.4138521013025025,-1.3298134702617113,-0.43191162772154085,-1.5,0.0,50.0,20.0,1.0,0.0,0.0,0.0,-430.7683376776287,70.0,50.42702971807202,0.9989318552382038,0.0,0.046207668090481956,0.0
0.17109060287475586,8.840237914867593,-11.231961926388735,-1.288542521446891,-1.1591574520983245,-0.5414048478165188,-1.488596857588484,0.0,50.0,20.0,1.0,0.0,0.0,0.0,-431.67198173860174,70.0,50.347382814911384,0.99913116552605,0.0,0.04167630111414593,0.0
0.20169663429260254,8.187394897093935,-11.583768011893481,-0.5392224026299057,-1.0499413052808158,-0.3865896683023272,-1.5,0.0,50.0,20.0,1.0,0.0,0.0,0.0,-432.53209303333244,70.0,50.27923804173376,0.999301661057026,0.0,0.037365628706992546,0.0
0.2336277961730957,7.782720482790719,-11.55575621233312,-0.5354636310087804,-1.0304568612743206,-0.28483844420852217,-1.3295863755116588,0.0,50.0,20.0,1.0,0.0,0.0,0.0,-433.3479728702832,70.0,50.22149261957507,0.9994461150567971,0.0,0.033278568146411745,0.0
0.2675447463989258,6.9928761167512805,-11.665931054566764,-0.3727243748250919,-0.95176460617254,-0.250213931120813,-1.3831855314335784,0.0,50.0,20.0,1.0,0.0,0.0,0.0,-434.8444937626428,70.0,50.132984647399354,0.9996674830977564,0.0,0.02578610550270858,0.0
0.3002943992614746,6.477629128770058,-11.103781300389452,-0.17277380464848646,-0.9036883471694604,-0.40021480522381014,-1.4311594809776855,0.0,50.0,20.0,1.0,0.0,0.0,0.0,-435.52398310537995,70.0,50.10022386031551,0.9997494089512744,0.0,0.022385694127668197,0.0
0.3336155414581299,6.878902336980113,-11.43503809549313,-0.4539223910684985,-1.056603075493522,-0.5334537233939208,-1.2655855844489952,0.0,50.0,20.0,1.0,0.0,0.0,0.0,-436.15693438903935,70.0,50.07387305259023,0.999815300311537,0.0,0.019218877775540957,0.0
0.36697983741760254,7.317193527076764,-10.86901316869393,-1.1258319795277008,-1.2431848303382833,-0.48936470827931944,-1.4072066085845059,0.0,50.0,20.0,1.0,0.0,0.0,0.0,-436.7428851041521,70.0,50.05305806301402,0.9998673460439289,0.0,0.01628773511173767,0.0
0.3836698532104492,7.483083967561137,-11.02834510713801,-0.5363864831376008,-1.0724960986720702,-0.6175027795783591,-1.5,0.0,50.0,20.0,1.0,0.0,0.0,0.0,-437.2814152547519,70.0,50.03696034542115,0.9999075948670928,0.0,0.013594179898240733,0.0
0.43425583839416504,7.083119278708679,-10.40600780013025,-1.1299112067581745,-0.8951813057091442,-0.7989538435670107,-1.5,0.0,50.0,20.0,1.0,0.0,0.0,0.0,-438.21473744600416,70.0,50.01593708188639,0.9999601565015318,0.0,0.008926668439679535,0.0
0.45082974433898926,6.406465894631732,-10.142011206010327,-0.9203939393486831,-0.7752299659274828,-0.8385406609950976,-1.494463272313893,0.0,50.0,20.0,1.0,0.0,0.0,0.0,-438.60888879735654,70.0,50.009676420056124,0.9999758086572491,0.0,0.006955724281527398,0.0
0.4836459159851074,5.972438930809284,-10.541041664551262,-0.9804996725762333,-0.9617711757442274,-0.9401650841405635,-1.5,0.0,50.0,20.0,1.0,0.0,0.0,0.0,-438.95433556031895,70.0,50.00546722005454,0.9999863318564546,0.0,0.005228393660840295,0.0
0.5169591903686523,6.408564629738729,-11.29812241939086,-0.20891733567876136,-1.1576097411592938,-1.1166971535997876,-1.5,0.0,50.0,20.0,1.0,0.0,0.0,0.0,-439.2508491338933,70.0,50.00280617447402,0.9999929845392066,0.0,0.0037457806089105034,0.0
0.5503151416778564,7.100834036541475,-11.284259449038816,-0.35874262143564006,-1.3364722607529673,-1.206536976509552,-1.5,0.0,50.0,20.0,1.0,0.0,0.0,0.0,-439.69633483906324,70.0,50.000461063712734,0.9999988473400538,0.0,0.0015183275547990863,0.0
0.5676174163818359,6.526306757708373,-11.451352781741095,0.12868679358138502,-1.2657536949594188,-1.3868433920783727,-1.475417771263369,0.0,50.0,20.0,1.0,0.0,0.0,0.0,-439.8450196753222,70.0,50.00012009457731,0.9999996997635117,0.0,0.0007749018560427267,0.0
0.6002700328826904,7.1528138350168975,-10.858045806438188,-0.20492200602784066,-1.0938409863269751,-1.2523996025626096,-1.3568376642748643,0.0,50.0,20.0,1.0,0.0,0.0,0.0,-439.9441953146519,70.0,50.00001557081575,0.9999999610729599,0.0,0.00027902343760198334,0.0
0.633596658706665,6.6279130892174365,-10.10898810324311,-0.2569671911325793,-1.0897292731527137,-1.2862371864846809,-1.282544699404271,0.0,50.0,20.0,1.0,0.0,0.0,0.0,-439.99379882629535,70.0,50.00000019227278,0.9999999995193181,0.0,3.100586853814243e-05,0.0
0.66697096824646,6.357110286909476,-10.23788853624257,-1.000158897692918,-0.9090277726424012,-1.1826518539482191,-1.2516841249208936,0.0,50.0,20.0,1.0,0.0,0.0,0.0,-439.99379882625016,70.0,50.00000019227278,0.9999999995193181,0.0,3.100586876411271e-05,0.0
0.7003257274627686,6.489510989848254,-10.426474120374522,-1.097945690960126,-0.9607145311702002,-1.333427068570769,-1.3760894012605698,0.0,50.0,20.0,1.0,0.0,0.0,0.0,-439.84501967509635,70.0,50.00012009457765,0.9999996997635108,0.0,0.0007749018571719673,0.0
0.7336692810058594,6.992928284433059,-10.536381180575514,-0.6794199669609031,-1.1346525055687449,-1.3354666897569047,-1.5,0.0,50.0,20.0,1.0,0.0,0.0,0.0,-439.69633483874685,70.0,50.0004610637137,0.9999988473400514,0.0,0.0015183275563810075,0.0
0.7509887218475342,6.750704259522579,-10.56133698717191,-0.33483275560128223,-1.2704139115688193,-1.4852010321942481,-1.4405100134457727,0.0,50.0,20.0,1.0,0.0,0.0,0.0,-439.4982356068776,70.0,50.00125884545449,0.9999968528814116,0.0,0.0025088298611970383,0.0
0.7836494445800781,7.016737906852932,-10.893007360578274,-0.40979334387688493,-1.4625569741798055,-1.5,-1.4923676081327673,0.0,50.0,20.0,1.0,0.0,0.0,0.0,-439.2508491333977,70.0,50.002806174477726,0.9999929845391974,0.0,0.0037457806113885732,0.0
0.816943883895874,7.383049201993144,-10.89990894534823,-0.8869280577189034,-1.5,-1.5,-1.359606087413109,0.0,50.0,20.0,1.0,0.0,0.0,0.0,-438.9543355597333,70.0,50.005467220060666,0.9999863318564393,0.0,0.005228393663768844,0.0
0.8503789901733398,7.7654188316488355,-10.296103060433499,-0.7975176773080767,-1.5,-1.353662983145263,-1.2735788669054005,0.0,50.0,20.0,1.0,0.0,0.0,0.0,-438.2147374452417,70.0,50.015937081900006,0.9999601565014978,0.0,0.008926668443492191,0.0
0.8836660385131836,7.432498026310114,-10.178788539202428,-1.4091761155550744,-1.5,-1.4561261806032768,-1.2421646495965004,0.0,50.0,20.0,1.0,0.0,0.0,0.0,-437.77214584706974,70.0,50.02481975073377,0.9999379486979835,0.0,0.01113996201379882,0.0
0.9169952869415283,6.6630456814198,-10.266474475561846,-0.7743368909532982,-1.5,-1.394449825213462,-1.141078177246263,0.0,50.0,20.0,1.0,0.0,0.0,0.0,-437.28141525381403,70.0,50.03696034544666,0.9999075948670291,0.0,0.013594179902931392,0.0
0.9336724281311035,6.813943216882669,-9.652470092837039,-1.452648857903303,-1.3591432224158757,-1.2668132798764837,-1.083776874606206,0.0,50.0,20.0,1.0,0.0,0.0,0.0,-436.7428851031262,70.0,50.05305806304746,0.9998673460438453,0.0,0.016287735116869255,0.0
0.9674794673919678,7.515110929413584,-9.465559675087535,-2.1719793696746876,-1.286320957969706,-1.1886199946521834,-0.9587525104673128,0.0,50.0,20.0,1.0,0.0,0.0,0.0,-435.523983104184,70.0,50.100223860369084,0.9997494089511404,0.0,0.02238569413365232,0.0
1.0010390281677246,7.329906392434314,-9.400065925994353,-2.8376258105505814,-1.4607334585803875,-1.2346573621917787,-0.8818499276956207,0.0,50.0,20.0,1.0,0.0,0.0,0.0,-434.844493761361,70.0,50.132984647465534,0.999667483097591,0.0,0.0257861055091243,0.0
1.0337603092193604,7.45550015578812,-9.549778067504832,-3.4231273428210542,-1.2841273627649656,-1.1146304876630588,-0.9984659392177389,0.0,50.0,20.0,1.0,0.0,0.0,0.0,-434.1189729386163,70.0,50.1730821836952,0.9995672008832243,0.0,0.029417867333918064,0.0
1.0669541358947754,7.733977265139634,-9.82311804653233,-3.176683402154214,-1.2855104686983927,-1.2732339353453959,-1.065402039371364,0.0,50.0,20.0,1.0,0.0,0.0,0.0,-433.3479728688372,70.0,50.221492619671466,0.999446115056556,0.0,0.03327856815365378,0.0
1.0836269855499268,7.693044497387403,-9.037126965294688,-2.3847661972930814,-1.4484009340076711,-1.1305659782715924,-1.250179409069129,0.0,50.0,20.0,1.0,0.0,0.0,0.0,-432.53209303180336,70.0,50.279238041848274,0.9993016610567395,0.0,0.03736562871465414,0.0
1.1175405979156494,7.286719221517221,-8.5378916299003,-2.2055537914939514,-1.4013238000055508,-1.1386897757271968,-1.3409830732199208,0.0,50.0,20.0,1.0,0.0,0.0,0.0,-430.7683376759408,70.0,50.427029718228525,0.9989318552378122,0.0,0.046207668098948815,0.0
1.1503093242645264,7.6119944957895145,-8.453237890686854,-2.6825953171528125,-1.4173964502130767,-1.2218953253903506,-1.46367739330466,0.0,50.0,20.0,1.0,0.0,0.0,0.0,-429.8219114236113,70.0,50.51931588026153,0.9987008664253237,0.0,0.05095664236689513,0.0
1.18361496925354,8.189139996114335,-8.791279319543845,-2.5565350295833325,-1.4987476709143868,-1.2782534731624033,-1.3290983701590426,0.0,50.0,20.0,1.0,0.0,0.0,0.0,-428.833506867904,70.0,50.62540852345177,0.9984352544770949,0.0,0.05591996617719669,0.0
1.216944694519043,7.980584750158063,-7.998482613675565,-1.986131953710917,-1.5,-1.4496233528882274,-1.1340888596120993,0.0,50.0,20.0,1.0,0.0,0.0,0.0,-427.803982546226,70.0,50.74650052382414,0.9981320039858853,0.0,0.06109421101152496,0.0
1.2502882480621338,7.764012803463558,-7.704866433229844,-1.69944336073855,-1.3168229982335817,-1.5,-1.2563137290468052,0.0,50.0,20.0,1.0,0.0,0.0,0.0,-425.6252892025977,70.0,51.038554530104776,0.9974002342838486,0.0,0.07206089543243188,0.0
1.2674965858459473,8.539442388842643,-7.301303003174604,-2.277371068121505,-1.4418078551560913,-1.5,-1.3991750665833242,0.0,50.0,20.0,1.0,0.0,0.0,0.0,-424.47812081072294,70.0,51.211988245367095,0.9969654250640614,0.0,0.07784562432684007,0.0
1.300276279449463,8.733095192858737,-7.328010611067317,-1.793001853834704,-1.5,-1.3133237983795172,-1.4326566890436825,0.0,50.0,20.0,1.0,0.0,0.0,0.0,-423.29383560138825,70.0,51.405354754497154,0.9964804193899217,0.0,0.08382585384286739,0.0
1.3336029052734375,8.670185475583981,-6.900240109344979,-1.134614903334593,-1.5,-1.1465436714393427,-1.5,0.0,50.0,20.0,1.0,0.0,0.0,0.0,-422.0735806926472,70.0,51.61990297414334,0.9959420089188342,0.0,0.08999730479695883,0.0
1.3669061660766602,8.527786925817152,-6.830785172326489,-1.8229081418860578,-1.5,-1.0717339267577926,-1.5,0.0,50.0,20.0,1.0,0.0,0.0,0.0,-420.81856275886986,70.0,51.85687764614076,0.9953469805898324,0.0,0.0963555303586868,0.0
1.400291919708252,8.709063517695862,-6.897784673661738,-1.2272044940353952,-1.4357856440825043,-1.214032286162869,-1.5,0.0,50.0,20.0,1.0,0.0,0.0,0.0,-418.20936274093816,70.0,52.40303217904777,0.9939742648100911,0.0,0.10961368936058513,0.0
1.4336214065551758,8.498110546259435,-7.1660945382983305,-1.1790190102422267,-1.4359471833841215,-1.2097163218015965,-1.4916249107693331,0.0,50.0,20.0,1.0,0.0,0.0,0.0,-416.8578915724144,70.0,52.71463204815498,0.9931902334191698,0.0,0.11650390654726965,0.0
1.4509189128875732,8.859906555965154,-7.616731252768902,-1.3238076388010036,-1.5,-1.3699771059669412,-1.3704981920902959,0.0,50.0,20.0,1.0,0.0,0.0,0.0,-415.47707814216454,70.0,53.053487409012504,0.9923369200805428,0.0,0.12356147071422593,0.0
1.483616590499878,9.63838556199342,-8.34133030416398,-0.8210195773448301,-1.3800371246997667,-1.223319980943684,-1.3336174490027086,0.0,50.0,20.0,1.0,0.0,0.0,0.0,-414.06842346206025,70.0,53.420740641393536,0.9914112652139032,0.0,0.130781127105434,0.0
1.516956090927124,9.064017224138667,-8.646910132300674,-0.13536669416811842,-1.3721144484187071,-1.1582004616588435,-1.2045180836604252,0.0,50.0,20.0,1.0,0.0,0.0,0.0,-412.6334847945254,70.0,53.81749719669109,0.9904102756012503,0.0,0.13815746806979157,0.0
1.5503361225128174,9.504356949605324,-8.610734863032485,-0.21753426200271742,-1.213312223422807,-1.0656966695056824,-1.0737896794614015,0.0,50.0,20.0,1.0,0.0,0.0,0.0,-409.6912560847447,70.0,54.703724929672745,0.9881707217640261,0.0,0.15335783204115713,0.0
1.583672046661377,9.356896354349296,-9.23036268584289,0.44129129283248636,-1.0988972949833582,-0.8857199658394597,-0.9937433674044354,0.0,50.0,20.0,1.0,0.0,0.0,0.0,-408.1873461482928,70.0,55.19517388386042,0.9869266085077947,0.0,0.16117031184216948,0.0
1.6014933586120605,9.46123475916515,-9.093061859703027,0.5935923765353881,-0.9223397129792927,-0.7337028250677965,-1.1379890036991223,0.0,50.0,20.0,1.0,0.0,0.0,0.0,-406.66390772365855,70.0,55.72007132086253,0.9855960853187716,0.0,0.16911639957234384,0.0
1.6336143016815186,10.146820443351173,-8.50636677584804,0.9678398092485108,-0.9025485032458771,-0.8355500151603257,-1.2684045970893643,0.0,50.0,20.0,1.0,0.0,0.0,0.0,-405.1227495165425,70.0,56.27925843915786,0.9841766649358289,0.0,0.17718998898298202,0.0
1.667497158050537,10.770786974192838,-7.909001303474323,0.4231841182635474,-0.9352202566249732,-0.9529281391823803,-1.225984447334445,0.0,50.0,20.0,1.0,0.0,0.0,0.0,-401.99471567628154,70.0,57.50352242667117,0.9810618675020675,0.0,0.19369463630507658,0.0
1.7002723217010498,11.445699828732236,-7.645808547389631,0.06669763636539389,-0.7921074507894227,-0.7866066109516545,-1.1332307154449461,0.0,50.0,20.0,1.0,0.0,0.0,0.0,-400.41165388536206,70.0,58.1699240340746,0.9793622311635399,0.0,0.20211288966904853,0.0
1.7336158752441406,11.30915651624113,-7.851326579907612,-0.2341305672453201,-0.9026271792800554,-0.8648444602425437,-1.2623574144264624,0.0,50.0,20.0,1.0,0.0,0.0,0.0,-398.81849219480137,70.0,58.87325631358067,0.9775651990696562,0.0,0.2106330495622739,0.0
1.7669789791107178,11.535002506808473,-7.655765167949511,0.4214759741780273,-0.9020610157477764,-0.8294142296047866,-1.4485661735935342,0.0,50.0,20.0,1.0,0.0,0.0,0.0,-397.2172123604761,70.0,59.61397739809878,0.9756690591637649,0.0,0.21924845949400398,0.0
1.7836849689483643,11.220304284512107,-8.099290010627495,0.5481976908057647,-0.7022463654709528,-0.729240685995829,-1.5,0.0,50.0,20.0,1.0,0.0,0.0,0.0,-395.60981808814415,70.0,60.39245707066648,0.9736722829816342,0.0,0.22795237518686318,0.0
1.8169522285461426,10.59150089726337,-8.298915560174967,0.6499319409472851,-0.6573194596457134,-0.8898971419709545,-1.4743932278776293,0.0,50.0,20.0,1.0,0.0,0.0,0.0,-392.3847816351495,70.0,62.0637106760377,0.969371676200523,0.0,0.2455983578532,0.0
1.8503553867340088,10.76703024146726,-7.973344281901764,-0.1079042477519282,-0.6183129447886,-1.0280750248678474,-1.327826458775208,0.0,50.0,20.0,1.0,0.0,0.0,0.0,-390.77121211147374,70.0,62.95675532801819,0.967065780265184,0.0,0.2545265735440819,0.0
1.8836133480072021,10.867584879408895,-8.269179078724026,-0.006814368399841286,-0.43534669747670607,-0.9931330213157926,-1.5,0.0,50.0,20.0,1.0,0.0,0.0,0.0,-389.1596627986432,70.0,63.888095403409324,0.9646551316314828,0.0,0.2635156105756291,0.0
1.9169738292694092,10.828975895239086,-8.99963232723583,0.32845587652234187,-0.34084805094290577,-0.8563789508102804,-1.5,0.0,50.0,20.0,1.0,0.0,0.0,0.0,-387.5521707035847,70.0,64.85761806189538,0.962139236124649,0.0,0.27255841632478883,0.0
1.950284481048584,11.383209546704302,-9.298624171714627,0.850933052398445,-0.28584522068505597,-0.8487850970993347,-1.5,0.0,50.0,20.0,1.0,0.0,0.0,0.0,-384.3574512074462,70.0,66.9102487434926,0.956790863398338,0.0,0.2907769655895443,0.0
1.9675586223602295,11.145981807286855,-9.852606329760674,0.5576211105489206,-0.20987864602803497,-0.8874144181633358,-1.324726255438565,0.0,50.0,20.0,1.0,0.0,0.0,0.0,-382.7742254374556,70.0,67.99261785840956,0.9539585476885001,0.0,0.2999384758447102,0.0
2.0011253356933594,11.146318156223058,-10.31945408824235,-0.1822801527063621,-0.03642733674203308,-0.7709388973089099,-1.4254195203431357,0.0,50.0,20.0,1.0,0.0,0.0,0.0,-381.20304844289694,70.0,69.11169127994035,0.9510213160598968,0.0,0.3091253085719475,0.0
2.0336501598358154,10.81475617931509,-10.872409005222616,-0.8597866496057067,0.06389336952381647,-0.5901250587762124,-1.5,0.0,50.0,20.0,1.0,0.0,0.0,0.0,-379.64584979892936,70.0,70.26684156822456,0.9479798479708718,0.0,0.3183303438899956,0.0
2.0669400691986084,10.697518623016407,-10.896118875548046,-1.4070771460969398,0.19391035185104327,-0.5093896809890421,-1.5,0.0,50.0,20.0,1.0,0.0,0.0,0.0,-378.1045200712136,70.0,71.45733920737597,0.9448350670689145,0.0,0.3275464792008607,0.0
2.1002769470214844,10.770488724154783,-10.53955232651422,-1.5688010017388572,0.05052957031720656,-0.5512788753816343,-1.4592720522218012,0.0,50.0,20.0,1.0,0.0,0.0,0.0,-375.0768001729173,70.0,73.94095632856879,0.9382404906830424,0.0,0.3459837881214146,0.0
2.133690357208252,10.962527989294703,-9.756173766618751,-1.2691196491326222,-0.08605884855005791,-0.46468655868482645,-1.3318478941978538,0.0,50.0,20.0,1.0,0.0,0.0,0.0,-373.59394487568954,70.0,75.23212024654546,0.9347937733892288,0.0,0.3551909363043028,0.0
2.1502959728240967,11.55200508019417,-10.130312431109147,-1.349067227766247,-0.09368560101599174,-0.28607790254552484,-1.344312539011327,0.0,50.0,20.0,1.0,0.0,0.0,0.0,-372.1340173930574,70.0,76.55472510233106,0.9312498990541394,0.0,0.3643811541664241,0.0
2.183609962463379,10.992423185643467,-10.438036955504684,-1.943856812034075,-0.01782324219795492,-0.17283911486100256,-1.3346248165147117,0.0,50.0,20.0,1.0,0.0,0.0,0.0,-370.6986295517761,70.0,77.90755896768347,0.9276110203967947,0.0,0.3735475804210453,0.0
2.21710205078125,10.320090139484869,-9.833288179255879,-2.564026946954501,-0.011013027439331108,-0.34607275286716455,-1.1881477481795542,0.0,50.0,20.0,1.0,0.0,0.0,0.0,-369.2893218801512,70.0,79.2893218825393,0.9238795325080557,0.0,0.3826834323728903,0.0
2.2504162788391113,10.714853569939864,-9.7623253795077,-1.8545104683858258,0.08650702266115481,-0.39772829422296635,-1.0600801647715454,0.0,50.0,20.0,1.0,0.0,0.0,0.0,-366.55472510004495,70.0,82.13401739553142,0.9161495036413778,0.0,0.40083673356824107,0.0
2.2836358547210693,11.081727486010625,-9.602565979033919,-1.2191278678088875,0.09034532052945346,-0.2548107919058449,-0.8987104078990413,0.0,50.0,20.0,1.0,0.0,0.0,0.0,-365.2321202443091,70.0,83.59394487820747,0.912156935844355,0.0,0.40984109651307216,0.0
2.3169634342193604,11.198076824370716,-9.395105003464307,-1.4726632143066665,-0.02845642141805023,-0.09827085215266312,-0.9448911780421642,0.0,50.0,20.0,1.0,0.0,0.0,0.0,-363.94095632639005,70.0,85.07680017546963,0.908083696100008,0.0,0.41878873059974786,0.0
2.333618640899658,10.755849510341731,-8.695916823123476,-1.5241735062381492,0.1278939630557368,-0.22159109583100378,-1.0488043524805888,0.0,50.0,20.0,1.0,0.0,0.0,0.0,-362.68235390400145,70.0,86.58090506658174,0.9039333353002816,0.0,0.4276733862808261,0.0
2.3675012588500977,10.217208641256175,-9.147326029868477,-2.2700102826896864,0.014129904370157667,-0.23472209644853598,-1.102401233379208,0.0,50.0,20.0,1.0,0.0,0.0,0.0,-360.26684156622036,70.0,89.6458498015771,0.8954165237430648,0.0,0.44522943412120164,0.0
2.4003071784973145,9.561432992242334,-9.489547926750966,-2.5148787219228037,0.10577514477006413,-0.2500249670826413,-1.0432281094271756,0.0,50.0,20.0,1.0,0.0,0.0,0.0,-359.1116912779946,70.0,91.20304844557376,0.8910582235590058,0.0,0.4538890197260436,0.0
2.433713912963867,10.352970809250346,-8.701517719217861,-3.076764566598766,-0.00480902702970995,-0.21598384280551935,-1.2051900263869517,0.0,50.0,20.0,1.0,0.0,0.0,0.0,-357.99261785652857,70.0,92.77422544015111,0.8866390882423606,0.0,0.46246202784742835,0.0
2.453598976135254,10.358526622194193,-9.169624896425791,-3.1583781064815803,-0.1787427862521677,-0.22011992080120754,-1.3655245873883441,0.0,50.0,20.0,1.0,0.0,0.0,0.0,-356.91024874167243,70.0,94.35745121016424,0.8821636718598079,0.0,0.4709429435195108,0.0
2.483619451522827,10.537949313942411,-8.787572102711245,-3.1226071655444487,-0.08713381269538115,-0.1811770349843054,-1.4008118334286281,0.0,50.0,20.0,1.0,0.0,0.0,0.0,-355.865108432352,70.0,95.95076299428354,0.8776367044675047,0.0,0.4793264179777886,0.0
2.5175693035125732,10.702521988010497,-9.415229078679024,-2.6514586020465782,-0.15042464818563886,-0.1783725987485297,-1.436606826855068,0.0,50.0,20.0,1.0,0.0,0.0,0.0,-353.8880954017831,70.0,99.15966280139759,0.8684478602616349,0.0,0.4957805099103715,0.0
2.550299644470215,10.688818727626675,-9.871474666489037,-2.417231141589504,-0.14528187775134976,-0.08782352566104354,-1.399847304957106,0.0,50.0,20.0,1.0,0.0,0.0,0.0,-352.95675532645953,70.0,100.77121211422968,0.8637962372161918,0.0,0.5038413049474492,0.0
2.5836234092712402,11.206655852495002,-9.741182440135665,-1.9953478845919537,-0.11352929856251318,-0.10430878548988926,-1.4921698104076975,0.0,50.0,20.0,1.0,0.0,0.0,0.0,-352.0637106745445,70.0,102.38478163790718,0.8591135500098134,0.0,0.5117850214587527,0.0
2.6170120239257812,10.439507625983588,-9.102071463095053,-1.4901073239211122,-0.10769004596033468,-0.13641591990507074,-1.5,0.0,50.0,20.0,1.0,0.0,0.0,0.0,-351.2089735574576,70.0,103.99833021204842,0.8544052603652191,0.0,0.5196072084375294,0.0
2.6503570079803467,10.713549577470307,-8.73525758521465,-2.1512240545015744,-0.05565933099393114,-0.24482933829125442,-1.5,0.0,50.0,20.0,1.0,0.0,0.0,0.0,-349.6139773967992,70.0,107.21721236322159,0.8449342803933878,0.0,0.5348701354685154,0.0
2.667510986328125,10.475672796969134,-8.474461029811488,-1.4035203677531471,0.06621668784960336,-0.2788619965320936,-1.5,0.0,50.0,20.0,1.0,0.0,0.0,0.0,-348.8732563123454,70.0,108.81849219753474,0.840183038993484,0.0,0.5423029236392458,0.0
2.700305938720703,10.844419640579426,-8.923449862221432,-0.807026817815947,0.24666790671041602,-0.33465686462210115,-1.457984570592016,0.0,50.0,20.0,1.0,0.0,0.0,0.0,-348.16992403290453,70.0,110.41165388807622,0.8354290697357969,0.0,0.5495982800558796,0.0
2.7336437702178955,11.285135518951202,-8.483571485620859,-0.16021839509094082,0.2564080340682125,-0.14583063453451717,-1.2659283930017753,0.0,50.0,20.0,1.0,0.0,0.0,0.0,-347.5035224255623,70.0,111.99471567898036,0.8306782900769095,0.0,0.5567527084755869,0.0
2.766965389251709,10.982716461395432,-8.494579978285286,0.013232510338274772,0.21211196945259783,-0.2552844451102475,-1.328219956239031,0.0,50.0,20.0,1.0,0.0,0.0,0.0,-346.8735085389411,70.0,113.56572234621186,0.8259366732800649,0.0,0.5637629038266523,0.0
2.8003153800964355,10.643958254244952,-9.01248460035347,0.28882647067821543,0.22839092578917747,-0.218404280197326,-1.2426027613116917,0.0,50.0,20.0,1.0,0.0,0.0,0.0,-345.72007131993536,70.0,116.66390772628077,0.8165050283792478,0.0,0.5773383225037152,0.0
2.833618640899658,10.240580314607516,-9.476476490934388,-0.08875878613818011,0.17952538319543154,-0.1722124718352746,-1.3021113778725202,0.0,50.0,20.0,1.0,0.0,0.0,0.0,-345.1951738829924,70.0,118.18734615087973,0.8118271178308848,0.0,0.5838978769908302,0.0
2.8508691787719727,10.18836419067201,-8.752251843730033,-0.3224599231735914,0.027812418649274473,-0.24462472697760776,-1.1035631160456094,0.0,50.0,20.0,1.0,0.0,0.0,0.0,-344.70372492886,70.0,119.6912560873001,0.8071825813058031,0.0,0.5903018553558006,0.0
2.883653163909912,10.488210507919025,-9.432172760982855,0.18411798318541694,0.06525478046693223,-0.13114991020131714,-0.992327355813211,0.0,50.0,20.0,1.0,0.0,0.0,0.0,-344.2448201666879,70.0,121.17387408807664,0.8025774913113479,0.0,0.5965478777435916,0.0
2.9169697761535645,10.770877090685035,-9.03183065313544,-0.44484568665002944,-0.11845364377140924,-0.08030268188170994,-0.9471398056744089,0.0,50.0,20.0,1.0,0.0,0.0,0.0,-343.81749719598736,70.0,122.63348479699879,0.7980179045704464,0.0,0.6026337395010288,0.0
2.9503133296966553,11.499890905150533,-8.945396170560757,-0.6688903338962782,-0.28102922386260015,-0.16290446473150513,-0.8618977147027791,0.0,50.0,20.0,1.0,0.0,0.0,0.0,-343.0534874084096,70.0,125.47707814454819,0.7890593192385849,0.0,0.614317011585013,0.0
2.9836573600769043,11.5076883776224,-8.332793446055883,-1.0489600820339215,-0.24539566292727766,-0.2658306622576453,-0.8903226911014143,0.0,50.0,20.0,1.0,0.0,0.0,0.0,-342.7146320475996,70.0,126.85789157474915,0.7846722514058047,0.0,0.6199108467140624,0.0
3.017580986022949,12.057552917362313,-8.93846884952065,-0.4600115717275146,-0.24063025000727023,-0.4641720065018756,-0.8621673625229899,0.0,50.0,20.0,1.0,0.0,0.0,0.0,-342.4030321785373,70.0,128.20936274322452,0.7803545260225492,0.0,0.6253373599235237,0.0
3.0336506366729736,12.00547919933233,-8.49920162364429,-0.8046744949585447,-0.2641126026426648,-0.4261185647913243,-0.7579155890944124,0.0,50.0,20.0,1.0,0.0,0.0,0.0,-342.1175139710848,70.0,129.53004814858548,0.7761119502089068,0.0,0.6305951480489899,0.0
3.067499876022339,11.945345366006999,-8.846338933257757,-0.08798316530474604,-0.24042629506043375,-0.5085085850749334,-0.639307974250813,0.0,50.0,20.0,1.0,0.0,0.0,0.0,-341.6199029737574,70.0,132.07358069476513,0.7678750526786076,0.0,0.6405996436728838,0.0
3.1002907752990723,12.711593393853171,-9.384790323339919,-0.7649665242162292,-0.4344989134303693,-0.36003144620060296,-0.622420847928329,0.0,50.0,20.0,1.0,0.0,0.0,0.0,-341.405354754149,70.0,133.2938356034429,0.7638918915545482,0.0,0.645344232187144,0.0
3.133605718612671,11.98628886436855,-9.855626049129588,-0.6808103509248982,-0.6040472681551453,-0.20836678234913292,-0.4469811896787241,0.0,50.0,20.0,1.0,0.0,0.0,0.0,-341.2119882450537,70.0,134.47812081271775,0.7600061815119737,0.0,0.6499158438317908,0.0
3.167001485824585,12.225904145160946,-9.945267515179609,-0.8097933693477248,-0.7995858360245169,-0.2589809028363831,-0.49211138095794693,0.0,50.0,20.0,1.0,0.0,0.0,0.0,-341.03855452982475,70.0,135.62528920452553,0.7562232170314347,0.0,0.6543137214078791,0.0
3.1836273670196533,12.884992758346435,-9.173801999299357,-1.3986408058412254,-0.7445195706859532,-0.2753900543074884,-0.5540010641036548,0.0,50.0,20.0,1.0,0.0,0.0,0.0,-340.88380579803834,70.0,136.73425286992773,0.7525481616816038,0.0,0.6585372156147583,0.0
3.2175161838531494,13.0,-9.056832939359744,-0.6630033504342374,-0.7044983105860627,-0.28491189890750757,-0.6797349654339767,0.0,50.0,20.0,1.0,0.0,0.0,0.0,-340.625408523258,70.0,138.83350686962828,0.7455417262983063,0.0,0.6664589517353199,0.0
3.250347852706909,12.652131430057445,-8.89387482775939,0.04430337668730333,-0.5195061057948344,-0.17744184502175475,-0.5537675707426142,0.0,50.0,20.0,1.0,0.0,0.0,0.0,-340.51931588009217,70.0,139.82191142526673,0.7422199423847802,0.0,0.6701563676682731,0.0
3.2836382389068604,12.038258714393134,-9.166494389384118,0.3552078622029149,-0.46025648135861913,-0.3712901255235139,-0.6088184975560094,0.0,50.0,20.0,1.0,0.0,0.0,0.0,-340.42702971808177,70.0,140.76833767752373,0.7390252442321449,0.0,0.6736777333322058,0.0
3.3169426918029785,11.797494284141667,-9.567109493985761,1.0656959234841061,-0.5378084635368393,-0.49490367444974176,-0.6221888387927589,0.0,50.0,20.0,1.0,0.0,0.0,0.0,-340.34738281491974,70.0,141.67198173850164,0.7359620175712139,0.0,0.677022827305334,0.0
3.350355863571167,11.31994108326343,-8.926062277796197,0.7937317403074481,-0.4402652885491172,-0.4115103689255571,-0.7420231804590331,0.0,50.0,20.0,1.0,0.0,0.0,0.0,-340.22149261958106,70.0,143.3479728701931,0.7302466265920264,0.0,0.6831836241823757,0.0
3.3674838542938232,12.064141331062558,-9.620474681199719,0.21099163999038828,-0.5883896645177038,-0.35151405900125315,-0.6795621225165418,0.0,50.0,20.0,1.0,0.0,0.0,0.0,-340.17308218361984,70.0,144.118972939895,0.72760231947165,0.0,0.6859991725209842,0.0
3.4003055095672607,11.899539835558718,-10.124578482861907,0.4909777430784984,-0.5944909600736379,-0.32878405367785124,-0.5777853892932034,0.0,50.0,20.0,1.0,0.0,0.0,0.0,-340.1329846474035,70.0,144.84449376256305,0.7251051862917439,0.0,0.6886381261684654,0.0
3.4336490631103516,12.344722488170845,-9.440379483571503,-0.10256941965508648,-0.7370419683306745,-0.4962628973772597,-0.7400886975177177,0.0,50.0,20.0,1.0,0.0,0.0,0.0,-340.1002238603188,70.0,145.52398310530543,0.7227586626761887,0.0,0.6911005104371775,0.0
3.4669766426086426,12.99520022520712,-9.634137814140402,0.47965859170425673,-0.7306965173617335,-0.5364580511032031,-0.6652411727125513,0.0,50.0,20.0,1.0,0.0,0.0,0.0,-340.0738730525929,70.0,146.15693438897017,0.7205659775864727,0.0,0.6933863799822224,0.0
3.5002682209014893,12.363696514302008,-8.988750100824761,-0.18916977250476041,-0.5878725502730899,-0.42496231783854654,-0.7137086071166087,0.0,50.0,20.0,1.0,0.0,0.0,0.0,-340.0369603454227,70.0,147.28141525469348,0.7166539776813721,0.0,0.6974289040995272,0.0
3.533630609512329,12.919550990549785,-8.60813057663141,-0.6526381986761233,-0.6430973019721224,-0.4407684188411471,-0.7958493957938063,0.0,50.0,20.0,1.0,0.0,0.0,0.0,-340.024819750716,70.0,147.77214584786825,0.7149400469694356,0.0,0.6991857616108478,0.0
3.550812244415283,13.0,-7.848815066938578,-0.10210182174015003,-0.44426554039257155,-0.5310314714932147,-0.8455067478312266,0.0,50.0,20.0,1.0,0.0,0.0,0.0,-340.0159370818873,70.0,148.21473744595667,0.7133907153658622,0.0,0.7007664997913238,0.0
3.583599805831909,12.890512987432453,-8.643970819361781,-0.1837972755153099,-0.4268122356804934,-0.591379974728191,-0.9735201205343547,0.0,50.0,20.0,1.0,0.0,0.0,0.0,-340.00967642005673,70.0,148.6088887973146,0.7120081151317217,0.0,0.702171235516361,0.0
3.616936445236206,12.418805386336054,-8.581421132313338,-0.38622015760479167,-0.575870309203377,-0.46248691342232967,-1.1171755352126644,0.0,50.0,20.0,1.0,0.0,0.0,0.0,-340.0054672200549,70.0,148.95433556028252,0.7107941489619815,0.0,0.7034000837371378,0.0
3.650277614593506,12.582432514923035,-8.486333898065846,-0.450578083043477,-0.649741143687621,-0.2636651842399296,-1.1775870002446926,0.0,50.0,20.0,1.0,0.0,0.0,0.0,-340.0012588454526,70.0,149.49823560725872,0.7088785664440042,0.0,0.7053305452313076,0.0
3.6836013793945312,12.027876809793948,-8.174038809011588,-0.11311610263988892,-0.7928226651977646,-0.4476043832553358,-1.1589785356111615,0.0,50.0,20.0,1.0,0.0,0.0,0.0,-340.0004610637128,70.0,149.69633483904354,0.7081795858430137,0.0,0.7060323464227526,0.0
3.7169582843780518,12.475245744377423,-8.053797320195354,0.625701009118054,-0.9002222434348646,-0.41122722152003427,-0.9985273297421557,0.0,50.0,20.0,1.0,0.0,0.0,0.0,-340.0001200945773,70.0,149.84501967530815,0.7076545072445022,0.0,0.7065586305300791,0.0
3.7336511611938477,12.997517027528048,-8.293991927986124,1.1513883961263378,-0.8949676024206237,-0.26899978828363647,-1.0041919958410699,0.0,50.0,20.0,1.0,0.0,0.0,0.0,-340.0000155708158,70.0,149.94419531464345,0.7073040530258417,0.0,0.7069094542961052,0.0
3.767484664916992,13.0,-8.213177885269097,1.549851922675199,-0.9803724521161088,-0.4687474723430638,-1.0766385285642222,0.0,50.0,20.0,1.0,0.0,0.0,0.0,-340.00000019227275,70.0,149.99379882625297,0.7071287053067038,0.0,0.7070848563866043,0.0
3.800312042236328,13.0,-8.40878378659857,1.8511929935455265,-1.0700647715406482,-0.6036824204618645,-1.2719388568600565,0.0,50.0,20.0,1.0,0.0,0.0,0.0,-340.00001557081583,70.0,149.9441953145246,0.7073040530262619,0.0,0.7069094542956849,0.0
3.8336398601531982,13.0,-7.778107021265686,2.2805630110590167,-1.1336128743257685,-0.6509192727670279,-1.4513548129026992,0.0,50.0,20.0,1.0,0.0,0.0,0.0,-340.0001200945776,70.0,149.84501967511045,0.7076545072452006,0.0,0.7065586305293795,0.0
3.866940975189209,13.0,-8.491817226234385,1.6546480541282613,-1.2251930772711297,-0.45345878118840255,-1.4238082010519317,0.0,50.0,20.0,1.0,0.0,0.0,0.0,-340.0004610637136,70.0,149.69633483876657,0.7081795858439914,0.0,0.7060323464217718,0.0
3.883643865585327,13.0,-8.92030686444582,2.0058002917334354,-1.3196576545421745,-0.5083626301363168,-1.2973984680013502,0.0,50.0,20.0,1.0,0.0,0.0,0.0,-340.00125884545434,70.0,149.4982356069029,0.708878566445259,0.0,0.7053305452300463,0.0
3.917494058609009,12.220216430981054,-9.617011374357444,1.9597141821837736,-1.3829389668408305,-0.49171845558272187,-1.2024457325905775,0.0,50.0,20.0,1.0,0.0,0.0,0.0,-340.00546722006027,70.0,148.9543355597697,0.7107941489637851,0.0,0.7034000837353153,0.0
3.950324535369873,12.970543307128327,-9.0989393966801,2.559904546863718,-1.1845675687642827,-0.5204949241859183,-1.380222176817328,0.0,50.0,20.0,1.0,0.0,0.0,0.0,-340.0096764200649,70.0,148.6088887967246,0.7120081151337931,0.0,0.7021712355142605,0.0
3.983595848083496,13.0,-9.097825752395263,3.348882559038412,-1.1981435192333028,-0.5123566728635551,-1.32076859800272,0.0,50.0,20.0,1.0,0.0,0.0,0.0,-340.01593708189915,70.0,148.2147374452892,0.7133907153682013,0.0,0.7007664997889426,0.0
4.0172131061553955,13.0,-8.446387456880668,2.895167591457986,-1.1690170171099745,-0.5526389044789413,-1.46898196671322,0.0,50.0,20.0,1.0,0.0,0.0,0.0,-340.0248197507326,70.0,147.77214584712272,0.7149400469720426,0.0,0.699185761608182,0.0
4.050362825393677,13.0,-9.139284448513074,2.096516522255098,-1.2301915746804137,-0.7379029740116976,-1.4155409886011414,0.0,50.0,20.0,1.0,0.0,0.0,0.0,-340.05305806304534,70.0,146.74288510319,0.7185301486256858,0.0,0.6954958127235202,0.0
4.067486047744751,13.0,-9.253876613538775,2.8858997124735604,-1.2838570259064523,-0.8998693431599891,-1.3680006731057612,0.0,50.0,20.0,1.0,0.0,0.0,0.0,-340.07387305263035,70.0,146.15693438799647,0.720565977589851,0.0,0.6933863799787117,0.0
4.100209474563599,12.522354424613399,-9.822202741225933,3.34424578804061,-1.1518944592876657,-0.8848463460011181,-1.321612916984979,0.0,50.0,20.0,1.0,0.0,0.0,0.0,-340.10022386036576,70.0,145.52398310425852,0.72275866267981,0.0,0.6911005104333903,0.0
4.133610725402832,11.809059667568205,-9.264052063732013,2.977565978778114,-1.1266460076598759,-0.8935923585658374,-1.229233037821418,0.0,50.0,20.0,1.0,0.0,0.0,0.0,-340.1329846474614,70.0,144.8444937614407,0.7251051862956136,0.0,0.6886381261643908,0.0
4.166887283325195,11.556685779994542,-8.745130989075957,2.3338476915207655,-1.124559068913436,-0.8570002617684354,-1.0575627740918894,0.0,50.0,20.0,1.0,0.0,0.0,0.0,-340.1730821836902,70.0,144.11897293870126,0.7276023194757516,0.0,0.6859991725166339,0.0
4.200283050537109,11.188400136847319,-7.9577088368882,1.6644567886752517,-0.994754510711131,-0.9936249811852944,-1.0818104862763704,0.0,50.0,20.0,1.0,0.0,0.0,0.0,-340.27923804184115,70.0,142.5320930318985,0.7330344704313075,0.0,0.6801914915371203,0.0
4.233591794967651,5.994206404854857,-12.360026039431164,-2.4630582493671938,-1.3966091043448823,-0.5779399818063413,-0.9740474922912623,0.0,50.0,20.0,1.0,0.0,0.0,0.0,-340.34738281503735,70.0,141.67198173709468,0.7359620175759932,0.0,0.6770228273001387,0.0
4.2509543895721436,5.826165160527318,-11.843766659324357,-2.5670575788368435,-1.5,-0.7241573243911585,-0.982737702051799,0.0,50.0,20.0,1.0,0.0,0.0,0.0,-340.4270297182188,70.0,140.7683376760458,0.7390252442371444,0.0,0.6736777333267213,0.0
4.283879041671753,6.6219613621333195,-12.300942969330814,-3.125610490773389,-1.5,-0.8652644100751092,-0.9437903815047617,0.0,50.0,20.0,1.0,0.0,0.0,0.0,-340.5193158802503,70.0,139.82191142372113,0.7422199423899861,0.0,0.6701563676625073,0.0
4.309510231018066,7.135629834984175,-12.677736215300618,-3.813178872203105,-1.3174315558828107,-0.9649066356845658,-0.8266033844104635,0.0,50.0,20.0,1.0,0.0,0.0,0.0,-340.62540852343886,70.0,138.83350686801856,0.7455417263037041,0.0,0.6664589517292816,0.0
4.341394424438477,7.6736874301955655,-11.948099026002724,-3.9557015382195337,-1.2162160248737386,-1.0986635970586254,-0.7342467396107593,0.0,50.0,20.0,1.0,0.0,0.0,0.0,-340.88380579827094,70.0,136.73425286818977,0.7525481616873774,0.0,0.6585372156081605,0.0
4.371005058288574,8.171754681399024,-11.978995101758898,-3.7085416070568105,-1.1039047625399363,-1.0397592082656697,-0.7971307783877135,0.0,50.0,20.0,1.0,0.0,0.0,0.0,-341.0385545300862,70.0,135.62528920272578,0.7562232170373845,0.0,0.6543137214010026,0.0
4.401469945907593,7.734081766222088,-11.686919060514017,-3.3465346861120895,-0.9870172281702884,-0.9310250260628621,-0.7869302707396749,0.0,50.0,20.0,1.0,0.0,0.0,0.0,-341.21198824534633,70.0,134.47812081085527,0.7600061815181003,0.0,0.6499158438246266,0.0
4.433607339859009,7.897229587769673,-11.737554030691319,-3.513581313161911,-1.0788148744616848,-0.9755629536410974,-0.9144106782314316,0.0,50.0,20.0,1.0,0.0,0.0,0.0,-341.40535475447405,70.0,133.29383560152473,0.7638918915608257,0.0,0.6453442321797133,0.0
4.467466831207275,7.229867346545697,-11.92076180842258,-4.227882467370814,-1.223667442934739,-0.8124998026505305,-1.0980790592648084,0.0,50.0,20.0,1.0,0.0,0.0,0.0,-341.85687764611254,70.0,130.81856275901418,0.7719502485296116,0.0,0.6356829506877395,0.0
4.500244140625,7.827494150495937,-12.54644977196776,-4.5405822002353,-1.2940075078086077,-0.7310294807709538,-0.9154864042306965,0.0,50.0,20.0,1.0,0.0,0.0,0.0,-342.1175139715201,70.0,129.53004814650404,0.7761119502156115,0.0,0.6305951480407379,0.0
4.533519744873047,8.293006948142162,-11.864934904619705,-3.9443753195362232,-1.255896682918552,-0.8958186433459356,-0.9806215507073727,0.0,50.0,20.0,1.0,0.0,0.0,0.0,-342.4030321790139,70.0,128.20936274108982,0.780354526029388,0.0,0.6253373599149895,0.0
4.566917896270752,7.731549083376652,-11.587960954202599,-4.513478247579902,-1.3806775284519477,-1.0335098909186684,-0.9024306653200114,0.0,50.0,20.0,1.0,0.0,0.0,0.0,-342.71463204811806,70.0,126.85789157256956,0.7846722514127489,0.0,0.6199108467052724,0.0
4.5836145877838135,8.034893710104848,-12.278487595841948,-5.2193973493850345,-1.5,-1.1819704677121114,-0.8915491286219016,0.0,50.0,20.0,1.0,0.0,0.0,0.0,-343.05348740897244,70.0,125.4770781423229,0.7890593192456353,0.0,0.614317011575957,0.0
4.6175079345703125,8.606767184865545,-11.962872420128864,-5.186327191416737,-1.4619317851738922,-1.188369417532658,-1.0681086142125673,0.0,50.0,20.0,1.0,0.0,0.0,0.0,-343.81749719664435,70.0,122.63348479468968,0.7980179045776803,0.0,0.6026337394914497,0.0
4.650254487991333,8.708757108279954,-12.013970075250576,-4.499256948745499,-1.5,-1.3742757086513944,-1.0277688666748237,0.0,50.0,20.0,1.0,0.0,0.0,0.0,-344.24482016739546,70.0,121.17387408572617,0.8025774913186695,0.0,0.5965478777337414,0.0
4.68361759185791,9.050256951142323,-12.404991333476701,-4.582080031445989,-1.5,-1.4090508703814009,-0.8904825348023979,0.0,50.0,20.0,1.0,0.0,0.0,0.0,-344.70372492961883,70.0,119.69125608491424,0.8071825813131925,0.0,0.5903018553456962,0.0
4.716946601867676,8.91848853038769,-12.918376006866854,-5.1280618442520165,-1.4804088142416039,-1.3664858273094114,-0.9519786099643983,0.0,50.0,20.0,1.0,0.0,0.0,0.0,-345.1951738838028,70.0,118.18734614846467,0.811827117838322,0.0,0.5838978769804899,0.0
4.750347375869751,8.755968030936913,-12.272068117140563,-5.19578264437319,-1.5,-1.5,-1.1092956547780015,0.0,50.0,20.0,1.0,0.0,0.0,0.0,-346.2792584390924,70.0,115.12274951671836,0.8212102364293861,0.0,0.5706257508942195,0.0
