# Timestamp, Fx, Fy, Fz, Tx, Ty, Tz, FemurPosX, FemurPosY, FemurPosZ, FemurQuatW, FemurQuatX, FemurQuatY, FemurQuatZ, TibiaPosX, TibiaPosY, TibiaPosZ, TibiaQuatW, TibiaQuatX, TibiaQuatY, TibiaQuatZ
0.018459558486938477,7.6322096423989,-5.701379113572425,10.235260525307691,0.5803493644112967,2.1747821895834956,-1.2938556013705504,0.0,50.0,20.0,1.0,0.0,0.0,0.0,-392.38478163650205,70.0,62.063710675305344,0.9693716762024117,0.0,0.2455983578457453,0.0
0.034909963607788086,8.243789949431767,-6.136466605872816,9.875231664288703,0.5004113972314894,2.371662883285702,-1.4043747403548548,0.0,50.0,20.0,1.0,0.0,0.0,0.0,-390.7712121128222,70.0,62.956755327255536,0.9670657802671555,0.0,0.2545265735365911,0.0
0.0671532154083252,8.593689445916217,-6.806432921112036,10.14560479512896,0.4822370191788568,2.3667260415902605,-1.2745998888352097,0.0,50.0,20.0,1.0,0.0,0.0,0.0,-387.55217070492415,70.0,64.8576180610703,0.9621392361267929,0.0,0.2725584163172209,0.0
0.10044646263122559,9.042518197385842,-7.110053032982548,9.350981160065448,0.3258340470207154,2.3185393141531794,-1.2837852129889258,0.0,50.0,20.0,1.0,0.0,0.0,0.0,-385.95076299288394,70.0,65.86510843325112,0.9595178256987956,0.0,0.28164790460121586,0.0
0.11712050437927246,9.182324009992458,-7.45780839072524,8.76805814674385,0.19468725749031907,2.3297017656892964,-1.3088025189632475,0.0,50.0,20.0,1.0,0.0,0.0,0.0,-384.3574512087694,70.0,66.9102487426065,0.9567908634006532,0.0,0.29077696558192584,0.0
0.15039587020874023,9.42926754633995,-7.664795180923665,9.047161369245298,-0.6987520793001512,2.3828708859266063,-2.0694181909891474,0.0,50.0,20.0,1.0,0.0,0.0,0.0,-382.77422543876645,70.0,67.99261785749482,0.9539585476908973,0.0,0.2999384758370858,0.0
0.1839594841003418,9.169422966080443,-7.788299662644389,8.307001482928413,-0.8220293982527876,2.309531481224455,-2.031159001495634,0.0,50.0,20.0,1.0,0.0,0.0,0.0,-379.64584980021476,70.0,70.26684156725155,0.9479798479734378,0.0,0.318330343882354,0.0
0.2172999382019043,8.809015967252734,-8.266066487325794,7.783188775438308,-0.8893838504867787,2.1280016934778843,-1.8991656861992112,0.0,50.0,20.0,1.0,0.0,0.0,0.0,-378.10452007248205,70.0,71.45733920637635,0.9448350670715595,0.0,0.32754647919323104,0.0
0.25033068656921387,8.286589913941885,-8.081112535075864,7.876665866035197,-1.037705678718846,2.22997233415172,-1.7569287738116146,0.0,50.0,20.0,1.0,0.0,0.0,0.0,-376.58090506524456,70.0,72.68235390509824,0.9415881427006761,0.0,0.3367666395673586,0.0
0.26917457580566406,8.907377789301782,-8.827982285146984,7.771034700291813,-1.1625778434198761,2.0604658587957405,-1.8366260636949123,0.0,50.0,20.0,1.0,0.0,0.0,0.0,-375.0768001741509,70.0,73.94095632751574,0.9382404906858482,0.0,0.3459837881138056,0.0
0.3004474639892578,8.994350645583824,-8.501078491574019,8.398352817166248,-1.2298148862746947,2.1120769083305175,-1.8551952018476512,0.0,50.0,20.0,1.0,0.0,0.0,0.0,-373.59394487690577,70.0,75.23212024546524,0.9347937733921177,0.0,0.35519093629669973,0.0
0.3337843418121338,8.339222379527419,-7.81073787743033,8.679294778597576,-1.2007275138134605,2.2918141966862455,-1.9314864820229825,0.0,50.0,20.0,1.0,0.0,0.0,0.0,-370.69862955294616,70.0,77.90755896655871,0.927611020399826,0.0,0.37354758041351777,0.0
0.36704301834106445,7.901781218249276,-7.674568976990514,7.918295978543943,-1.3302649792931551,2.2691920959737626,-2.0195479980348834,0.0,50.0,20.0,1.0,0.0,0.0,0.0,-369.2893218812996,70.0,79.2893218813909,0.9238795325111632,0.0,0.38268343236538804,0.0
0.40048789978027344,7.525514428549197,-7.1070485878682925,8.092688977916989,-1.200612513295496,2.121042021502093,-1.8689567109290088,0.0,50.0,20.0,1.0,0.0,0.0,0.0,-367.9075589664696,70.0,80.69862955303883,0.9200580700340636,0.0,0.39178201562245574,0.0
0.42134618759155273,7.249227072092774,-7.050279797354201,8.828555160675375,-1.113585781126538,2.2974208227812474,-1.7207747721469497,0.0,50.0,20.0,1.0,0.0,0.0,0.0,-366.55472510114083,70.0,82.13401739434543,0.9161495036446141,0.0,0.40083673356084415,0.0
0.4837973117828369,7.768649457081178,-6.884594567005981,9.12849489341377,-0.9505793607891849,2.2302643752482045,-1.7233694065595637,0.0,50.0,20.0,1.0,0.0,0.0,0.0,-363.94095632743233,70.0,85.07680017424865,0.9080836961033696,0.0,0.41878873059245897,0.0
0.5336613655090332,7.739828923826427,-6.717298991752725,8.409281811805569,-0.9497043264619907,2.234549455464162,-1.580080691461945,0.0,50.0,20.0,1.0,0.0,0.0,0.0,-361.45733920629766,70.0,88.10452007258193,0.8997096196201807,0.0,0.436488946438406,0.0
0.5504705905914307,7.741016766928026,-6.066603052590974,7.979305716543094,-0.7878742283698561,2.1798038401766457,-1.5420661578238795,0.0,50.0,20.0,1.0,0.0,0.0,0.0,-360.2668415671751,70.0,89.64584980031574,0.8954165237465865,0.0,0.4452294341141191,0.0
0.5838017463684082,7.5182253997378385,-6.425127686107012,8.749558747141945,-0.7308129193860315,2.247363828428048,-1.6766309244238013,0.0,50.0,20.0,1.0,0.0,0.0,0.0,-359.1116912789206,70.0,91.20304844429981,0.89105822356258,0.0,0.4538890197190268,0.0
0.6170783042907715,8.246756933795126,-6.068663367192009,8.25422839632423,-0.8940177649124779,2.14414822783015,-1.5048173093825383,0.0,50.0,20.0,1.0,0.0,0.0,0.0,-356.9102487425372,70.0,94.3574512088729,0.8821636718634674,0.0,0.47094294351265586,0.0
0.6505000591278076,7.8422863160391625,-5.881630250287935,7.903465829653662,-1.0404954421609924,2.210497816557417,-1.4553299760619163,0.0,50.0,20.0,1.0,0.0,0.0,0.0,-355.8651084331843,70.0,95.95076299298799,0.8776367044711952,0.0,0.4793264179710314,0.0
0.6837644577026367,7.435399826521165,-6.183030716458015,7.651818410141388,-1.0770510017915258,2.129005393342234,-1.432627757907841,0.0,50.0,20.0,1.0,0.0,0.0,0.0,-354.8576180610059,70.0,97.55217070502869,0.8730630827579737,0.0,0.4876072738640631,0.0
0.7004649639129639,6.915357216060039,-6.588551074864068,7.109538185415853,-0.9769117207523805,2.285783346663188,-1.3887539013069865,0.0,50.0,20.0,1.0,0.0,0.0,0.0,-353.88809540255227,70.0,99.15966280009489,0.8684478602653849,0.0,0.49578050990380257,0.0
0.7246119976043701,7.48407253031315,-7.330783098247151,7.089664946353312,-1.0458358698840189,2.442300438934445,-1.4716019632475013,0.0,50.0,20.0,1.0,0.0,0.0,0.0,-352.9567553271961,70.0,100.77121211292729,0.8637962372199612,0.0,0.5038413049409868,0.0
0.7564170360565186,8.171847148653507,-8.021664940658898,6.476593562742064,-0.8708604995541653,2.5,-1.5153533512451443,0.0,50.0,20.0,1.0,0.0,0.0,0.0,-351.20897355813094,70.0,103.99833021074878,0.8544052603690219,0.0,0.5196072084312764,0.0
0.7864644527435303,8.025359467332478,-8.204061500047848,6.801532739643772,-0.9944222640380113,2.5,-1.7019433304071416,0.0,50.0,20.0,1.0,0.0,0.0,0.0,-350.3924570699449,70.0,105.60981808960082,0.8496769442276257,0.0,0.5273036036743957,0.0
0.817251443862915,7.368614362251924,-7.99588433434552,6.275246819178288,-1.14663427369594,2.5,-1.6981498105011836,0.0,50.0,20.0,1.0,0.0,0.0,0.0,-349.61397739741,70.0,107.21721236193127,0.8449342803972055,0.0,0.5348701354624844,0.0
0.8504245281219482,6.5773970922271445,-8.40541011940423,5.9824917715690935,-1.036048366978867,2.5,-1.5571408991137536,0.0,50.0,20.0,1.0,0.0,0.0,0.0,-348.8732563129247,70.0,108.81849219625286,0.8401830389972983,0.0,0.5423029236333364,0.0
0.8837332725524902,6.227309788844911,-8.684081566763794,6.53722061666557,-0.9169822430823551,2.371138087455985,-1.459759995388706,0.0,50.0,20.0,1.0,0.0,0.0,0.0,-347.50352242608125,70.0,111.99471567771735,0.8306782900807106,0.0,0.5567527084699155,0.0
0.9171454906463623,5.678483739716016,-7.904853113328728,6.036232411084202,-0.8228269050295594,2.3848821503793065,-1.5011434393332603,0.0,50.0,20.0,1.0,0.0,0.0,0.0,-346.87350853942996,70.0,113.56572234496235,0.825936673283847,0.0,0.5637629038211114,0.0
0.9504451751708984,5.594391221480965,-7.53338007657727,6.431146111894012,-0.9246406772175096,2.3052847175589153,-1.3391314983853908,0.0,50.0,20.0,1.0,0.0,0.0,0.0,-346.2792584386322,70.0,115.12274951795503,0.8212102364256213,0.0,0.5706257508996375,0.0
0.9690213203430176,6.114879798147736,-7.801720402435411,6.24302145506624,-0.7906836748143353,2.3293061529902466,-1.3800732311451571,0.0,50.0,20.0,1.0,0.0,0.0,0.0,-345.7200713203674,70.0,116.66390772505879,0.8165050283829892,0.0,0.5773383224984238,0.0
1.000354290008545,5.639907297473329,-7.354032890125559,5.838991424291296,-0.6271453147043257,2.433077640235655,-1.2504535222372801,0.0,50.0,20.0,1.0,0.0,0.0,0.0,-345.1951738833964,70.0,118.18734614967559,0.8118271178345929,0.0,0.5838978769856746,0.0
1.0337154865264893,5.468570490300029,-6.673361567664243,5.737174566788492,-0.8105820439096374,2.5,-1.0508928317347161,0.0,50.0,20.0,1.0,0.0,0.0,0.0,-344.24482016703956,70.0,121.17387408690847,0.8025774913149868,0.0,0.5965478777386961,0.0
1.0670430660247803,6.1284423860941075,-6.681026271462934,5.020029460465073,-0.8338193344140648,2.4786465916189444,-1.1298347424692274,0.0,50.0,20.0,1.0,0.0,0.0,0.0,-343.8174971963135,70.0,122.63348479585241,0.7980179045740377,0.0,0.6026337394962732,0.0
1.1005275249481201,5.917101709216069,-6.560777106520454,5.714805967555856,-0.9804048244570699,2.446364530228424,-1.1497364334591094,0.0,50.0,20.0,1.0,0.0,0.0,0.0,-343.42074064104276,70.0,124.06842346336677,0.7935098504008417,0.0,0.6085574067553807,0.0
1.1212010383605957,5.641178679767354,-7.047705960059939,5.941044963415709,-0.9034705766341584,2.285749015438669,-1.3340603627878818,0.0,50.0,20.0,1.0,0.0,0.0,0.0,-343.0534874086884,70.0,125.47707814344578,0.7890593192420777,0.0,0.6143170115805267,0.0
1.1671562194824219,5.02251771383913,-7.13768221613343,5.98887869267052,-1.0747426804594584,2.1741951580677292,-1.5159003546250178,0.0,50.0,20.0,1.0,0.0,0.0,0.0,-342.40303217877266,70.0,128.2093627421704,0.7803545260259263,0.0,0.6253373599193095,0.0
1.1843793392181396,5.304792801424686,-6.599809211071117,5.340642014272787,-0.9582531173368536,2.3146012453017244,-1.510741176920754,0.0,50.0,20.0,1.0,0.0,0.0,0.0,-342.11751397129956,70.0,129.53004814755877,0.7761119502122139,0.0,0.6305951480449195,0.0
1.21710205078125,4.783300487064441,-6.090964584147169,5.497329942879175,-1.108144048126961,2.3048312672137823,-1.5048391119133409,0.0,50.0,20.0,1.0,0.0,0.0,0.0,-341.8568776459111,70.0,130.81856276004493,0.7719502485262735,0.0,0.635682950691793,0.0
1.2503089904785156,4.563714552331367,-5.862719870504133,5.409177120228796,-1.1370541906179044,2.2132504034886815,-1.378381550147242,0.0,50.0,20.0,1.0,0.0,0.0,0.0,-341.61990297393453,70.0,132.07358069379322,0.7678750526817718,0.0,0.6405996436690908,0.0
1.2724006175994873,3.795128869351251,-6.481195921230631,4.719839360162564,-1.2803464604565775,2.055409900862586,-1.3793473575678088,0.0,50.0,20.0,1.0,0.0,0.0,0.0,-341.40535475430863,70.0,133.29383560250082,0.7638918915576313,0.0,0.6453442321834946,0.0
1.3171420097351074,4.577218010192852,-5.9709970969276736,4.453683207678001,-1.3666309272021684,1.8692556093670425,-1.5473906786743012,0.0,50.0,20.0,1.0,0.0,0.0,0.0,-341.0385545299529,70.0,135.62528920364352,0.7562232170343506,0.0,0.654313721404509,0.0
1.3504610061645508,4.614981473939944,-5.562035990195152,5.049417554057162,-1.4143300226579578,1.7046502792596214,-1.4478252106389506,0.0,50.0,20.0,1.0,0.0,0.0,0.0,-340.883805798152,70.0,136.73425286907815,0.7525481616844262,0.0,0.6585372156115331,0.0
1.3671073913574219,3.911193620678448,-5.042915261278486,4.652163923391648,-1.2266481643163951,1.8352539433241573,-1.6355935243518425,0.0,50.0,20.0,1.0,0.0,0.0,0.0,-340.74650052370407,70.0,137.80398254720325,0.7489860394319668,0.0,0.6625857776439336,0.0
1.4004957675933838,4.673809280986687,-4.332185384577214,3.9112634170667673,-1.3925003739258088,1.9313917829349947,-1.5013728266350255,0.0,50.0,20.0,1.0,0.0,0.0,0.0,-340.62540852334627,70.0,138.83350686884282,0.7455417263009402,0.0,0.6664589517323735,0.0
1.4251384735107422,5.000642314368876,-4.4968386748470754,3.2123072393447254,-1.484430788638138,1.8838915552836548,-1.3903960873335643,0.0,50.0,20.0,1.0,0.0,0.0,0.0,-340.51931588016924,70.0,139.82191142451333,0.7422199423873178,0.0,0.6701563676654626,0.0
1.457247257232666,4.311234786003906,-4.82998286894347,3.858127932477077,-1.3836225036820728,1.9578797858499157,-1.5159775926435677,0.0,50.0,20.0,1.0,0.0,0.0,0.0,-340.34738281497687,70.0,141.67198173781836,0.7359620175735351,0.0,0.6770228273028109,0.0
1.487159013748169,4.684868831745006,-4.257237785928568,3.4808501462419663,-1.4233757324188712,2.019330997850049,-1.487652048151286,0.0,50.0,20.0,1.0,0.0,0.0,0.0,-340.27923804178954,70.0,142.53209303258757,0.7330344704289575,0.0,0.680191491539653,0.0
1.517249345779419,5.456934594962441,-3.5027634232289095,4.19342730865477,-1.295705378247682,2.140925110308862,-1.6846053111323973,0.0,50.0,20.0,1.0,0.0,0.0,0.0,-340.221492619622,70.0,143.34797286957948,0.7302466265941272,0.0,0.6831836241801302,0.0
1.5505878925323486,5.715859203829449,-3.962663692508358,3.459073742640988,-1.3697163320258663,2.2752178016112947,-1.7316557386453013,0.0,50.0,20.0,1.0,0.0,0.0,0.0,-340.1730821836539,70.0,144.11897293931779,0.7276023194736333,0.0,0.6859991725188805,0.0
1.5837786197662354,5.91241114204084,-4.574576186832498,3.9589214650672355,-1.2222835104931395,2.2051649835229115,-1.5941674091561913,0.0,50.0,20.0,1.0,0.0,0.0,0.0,-340.1002238603415,70.0,145.52398310480012,0.7227586626779366,0.0,0.6911005104353495,0.0
1.6171011924743652,5.376142297524549,-4.90546970825834,3.9007187783808446,-1.063932555110514,2.272965094480674,-1.5443820732825762,0.0,50.0,20.0,1.0,0.0,0.0,0.0,-340.07387305261096,70.0,146.15693438850073,0.7205659775881015,0.0,0.6933863799805298,0.0
1.6505343914031982,5.716639799567037,-5.353240376570436,4.079884293529217,-0.9447256007004121,2.3283592628938097,-1.5433411503695662,0.0,50.0,20.0,1.0,0.0,0.0,0.0,-340.0530580630302,70.0,146.74288510365628,0.7185301486240634,0.0,0.6954958127251963,0.0
1.6691830158233643,5.177059789690656,-5.2011118754317875,4.642807037897658,-0.8039716174766047,2.357920244227167,-1.5852557037589485,0.0,50.0,20.0,1.0,0.0,0.0,0.0,-340.03696034543344,70.0,147.28141525429916,0.7166539776827477,0.0,0.6974289040981136,0.0
1.7005760669708252,5.381918117116209,-5.47138133301561,4.260796804686196,-0.7372271694060505,2.2079254990645585,-1.7737691352090603,0.0,50.0,20.0,1.0,0.0,0.0,0.0,-340.02481975072396,70.0,147.7721458475105,0.7149400469706866,0.0,0.6991857616095686,0.0
1.7339470386505127,4.961054575164891,-4.67486220835662,3.5253795925080755,-0.825381329651323,2.3399235055652636,-1.9055813097547147,0.0,50.0,20.0,1.0,0.0,0.0,0.0,-340.0096764200606,70.0,148.60888879703245,0.7120081151327123,0.0,0.7021712355153564,0.0
1.767265796661377,5.48963013711107,-5.115774443565168,3.2344396928398567,-0.7951844549135411,2.306486992871204,-1.9678624033206529,0.0,50.0,20.0,1.0,0.0,0.0,0.0,-340.0054672200575,70.0,148.95433556003755,0.7107941489628431,0.0,0.7034000837362672,0.0
1.8007481098175049,6.072347024540187,-4.909876547655193,3.4295945488425,-0.8407764643923116,2.2385399576873395,-1.8097076702701373,0.0,50.0,20.0,1.0,0.0,0.0,0.0,-340.0028061744758,70.0,149.25084913365544,0.709750487376883,0.0,0.7044531536364055,0.0
1.8212711811065674,6.327060928480312,-4.464689445984317,3.095005185418081,-0.9380461886356981,2.2993226695568296,-1.931625834414607,0.0,50.0,20.0,1.0,0.0,0.0,0.0,-340.0028061744758,70.0,149.25084913365544,0.709750487376883,0.0,0.7044531536364055,0.0
1.867039680480957,6.144747275212141,-4.728838323490787,3.0243509277802456,-0.8169329735579411,2.434239194153762,-2.099768884819952,0.0,50.0,20.0,1.0,0.0,0.0,0.0,-340.0004610637132,70.0,149.6963348389118,0.7081795858434786,0.0,0.7060323464222862,0.0
1.884331464767456,6.20391580684309,-4.475811010449478,2.7854552706021733,-1.0000518513893208,2.3365617641528362,-2.0719311159461293,0.0,50.0,20.0,1.0,0.0,0.0,0.0,-340.0001200945775,70.0,149.84501967521425,0.7076545072448339,0.0,0.7065586305297469,0.0
1.9172124862670898,6.7946969310029806,-3.787761705248684,3.1755064810539486,-0.8608595786257234,2.284627681664942,-1.8766955844162903,0.0,50.0,20.0,1.0,0.0,0.0,0.0,-340.0000155708158,70.0,149.9441953145871,0.7073040530260409,0.0,0.7069094542959059,0.0
1.9504797458648682,7.295046246859528,-3.482344265663438,3.8636727143330614,-0.6654825141550769,2.125154014150076,-1.7676341381649956,0.0,50.0,20.0,1.0,0.0,0.0,0.0,-340.00000019227275,70.0,149.99379882627377,0.7071287053066302,0.0,0.707084856386678,0.0
1.9732599258422852,7.957026912129139,-3.200489987400214,3.502092813680761,-0.8265919350678912,2.0846248720218794,-1.7033771542216953,0.0,50.0,20.0,1.0,0.0,0.0,0.0,-340.00000019227275,70.0,149.9937988262717,0.7071287053066376,0.0,0.7070848563866705,0.0
2.017181158065796,8.713641424831996,-3.433787278564232,3.2564026992522734,-0.7129296977824935,2.211357998107669,-1.5242631442097179,0.0,50.0,20.0,1.0,0.0,0.0,0.0,-340.0001200945775,70.0,149.84501967520373,0.7076545072448711,0.0,0.7065586305297096,0.0
2.0503909587860107,8.583236387563156,-2.8937882519152223,2.573918989342348,-0.8361090566567301,2.047988627179576,-1.6236760160836545,0.0,50.0,20.0,1.0,0.0,0.0,0.0,-340.00046106371326,70.0,149.6963348388971,0.7081795858435306,0.0,0.706032346422234,0.0
2.067108631134033,8.232205163080886,-2.775997211716188,2.336367207760742,-0.9772131164850266,2.0799404259374237,-1.5950263487276612,0.0,50.0,20.0,1.0,0.0,0.0,0.0,-340.00125884545355,70.0,149.49823560707023,0.7088785664446688,0.0,0.7053305452306395,0.0
2.1004791259765625,7.442706156712567,-2.8999304389839087,3.056606804058151,-0.8010986305001662,2.117925132897868,-1.7792593437248834,0.0,50.0,20.0,1.0,0.0,0.0,0.0,-340.00280617447595,70.0,149.25084913363236,0.7097504873769642,0.0,0.7044531536363237,0.0
2.1252193450927734,8.216061300415651,-2.126931347807469,2.7945316991750184,-0.8102328612697697,2.0584247976305434,-1.5849106723095794,0.0,50.0,20.0,1.0,0.0,0.0,0.0,-340.00546722005777,70.0,148.95433556001035,0.7107941489629387,0.0,0.7034000837361705,0.0
2.156888484954834,8.739184482207648,-2.0696881153384368,2.1809209741639455,-0.6643779765941539,2.054247859328951,-1.395460811126971,0.0,50.0,20.0,1.0,0.0,0.0,0.0,-340.0159370818936,70.0,148.2147374456013,0.7133907153671076,0.0,0.7007664997900559,0.0
2.187037706375122,8.981156754220452,-1.487955895969945,1.7942212272483409,-0.6520749737706399,1.9373073158633256,-1.3968040376371198,0.0,50.0,20.0,1.0,0.0,0.0,0.0,-340.0248197507248,70.0,147.7721458474709,0.714940046970825,0.0,0.699185761609427,0.0
2.2170000076293945,9.618989212009893,-2.180044574769612,1.4131083863596825,-0.743654642527765,1.9358478091743758,-1.2337654458477367,0.0,50.0,20.0,1.0,0.0,0.0,0.0,-340.03696034543464,70.0,147.28141525425548,0.7166539776829001,0.0,0.697428904097957,0.0
2.250354290008545,9.84798146862129,-2.1898380652139555,1.7936237348652995,-0.669446789515727,2.0088910130914317,-1.1135690303630703,0.0,50.0,20.0,1.0,0.0,0.0,0.0,-340.05305806303176,70.0,146.7428851036086,0.7185301486242294,0.0,0.6954958127250249,0.0
2.283785581588745,10.109070279127188,-2.750605890552804,1.5555833245841084,-0.5471881348437886,1.9577378179164189,-1.2685913891691412,0.0,50.0,20.0,1.0,0.0,0.0,0.0,-340.10022386034393,70.0,145.5239831047447,0.7227586626781284,0.0,0.691100510435149,0.0
2.3170931339263916,10.21309056183461,-3.2689555178176724,1.1536150503560734,-0.7041944580673055,2.0207076112573197,-1.3209397827435128,0.0,50.0,20.0,1.0,0.0,0.0,0.0,-340.13298464743457,70.0,144.84449376196136,0.7251051862938185,0.0,0.6886381261662811,0.0
2.3504061698913574,9.700202704824223,-2.7992619449051257,1.8390502383544598,-0.6194328118250186,1.9014851746689092,-1.1981143807499748,0.0,50.0,20.0,1.0,0.0,0.0,0.0,-340.1730821836576,70.0,144.11897293925435,0.7276023194738512,0.0,0.6859991725186494,0.0
2.3692116737365723,9.203592017411177,-3.4257451936596017,2.2501345344434247,-0.5354393764976175,1.898283797276004,-1.0920675451141395,0.0,50.0,20.0,1.0,0.0,0.0,0.0,-340.2214926196265,70.0,143.34797286951218,0.7302466265943576,0.0,0.6831836241798839,0.0
2.4003920555114746,8.69826328090165,-3.1521767972477885,2.670974245856212,-0.5696674250276257,1.9430684117128545,-1.1254997161941795,0.0,50.0,20.0,1.0,0.0,0.0,0.0,-340.2792380417949,70.0,142.5320930325167,0.7330344704291991,0.0,0.6801914915393926,0.0
2.4339797496795654,8.682872091013044,-2.646290273952804,2.0514129100974055,-0.7171386492989676,1.7835303288108453,-1.0314071581823403,0.0,50.0,20.0,1.0,0.0,0.0,0.0,-340.42702971815567,70.0,140.76833767672673,0.739025244234841,0.0,0.6736777333292482,0.0
2.4671411514282227,9.04040779393872,-1.8463473468010791,2.4179830064198558,-0.664559474509779,1.8600131628993395,-0.8929223930018271,0.0,50.0,20.0,1.0,0.0,0.0,0.0,-340.51931588017766,70.0,139.82191142443128,0.7422199423875941,0.0,0.6701563676651565,0.0
2.500570774078369,9.653193378679541,-1.8983506009570845,2.3114657153769818,-0.509404249536543,1.7400871911720495,-1.066701724127995,0.0,50.0,20.0,1.0,0.0,0.0,0.0,-340.6254085233559,70.0,138.83350686875727,0.7455417263012271,0.0,0.6664589517320525,0.0
2.521155595779419,10.293047122650398,-2.5541233972836666,2.212162526929821,-0.37318894625559335,1.5532782710872777,-1.1536548507172388,0.0,50.0,20.0,1.0,0.0,0.0,0.0,-340.746500523715,70.0,137.80398254711423,0.7489860394322639,0.0,0.6625857776435977,0.0
2.5670552253723145,9.604223871133144,-2.908670127349537,2.5160161749002103,-0.49351370210965223,1.4578525928931243,-1.0816037946635064,0.0,50.0,20.0,1.0,0.0,0.0,0.0,-341.03855452996675,70.0,135.62528920354782,0.7562232170346669,0.0,0.6543137214041435,0.0
2.584116220474243,8.915232829018603,-3.298893915636643,2.6651731954652296,-0.36100846191944935,1.6233998441816124,-1.2320294366597104,0.0,50.0,20.0,1.0,0.0,0.0,0.0,-341.21198824521275,70.0,134.4781208117051,0.7600061815153049,0.0,0.6499158438278956,0.0
2.617058515548706,9.045767021016609,-3.2843147421390584,2.528129410218633,-0.23606408349896296,1.7573953793954236,-1.2011004732264026,0.0,50.0,20.0,1.0,0.0,0.0,0.0,-341.40535475432586,70.0,133.29383560239918,0.7638918915579639,0.0,0.6453442321831008,0.0
2.650481939315796,8.573419552345399,-2.592650962622062,2.6663861911379216,-0.37119058968787805,1.9418829999591316,-1.0589476302880678,0.0,50.0,20.0,1.0,0.0,0.0,0.0,-341.61990297395363,70.0,132.07358069368826,0.7678750526821135,0.0,0.6405996436686812,0.0
2.673241376876831,8.293130694524166,-2.2015096868724973,2.9994700518663056,-0.20361299362154572,1.7887645500103109,-1.1875840836173415,0.0,50.0,20.0,1.0,0.0,0.0,0.0,-341.8568776459322,70.0,130.81856275993704,0.7719502485266229,0.0,0.6356829506913687,0.0
2.7170610427856445,8.487323585007045,-1.9554907117020812,2.5711664512011723,-0.21212333312568565,1.9376557149717457,-1.0361764545744319,0.0,50.0,20.0,1.0,0.0,0.0,0.0,-342.40303217879784,70.0,128.20936274205746,0.7803545260262881,0.0,0.625337359918858,0.0
2.7505006790161133,8.175989545947594,-1.27816321618569,2.787019266815798,-0.3200722296112807,2.058976409117196,-0.9499568042641652,0.0,50.0,20.0,1.0,0.0,0.0,0.0,-342.71463204788336,70.0,126.8578915735562,0.7846722514096054,0.0,0.6199108467092515,0.0
2.7670013904571533,7.729892508569001,-1.8822327624775728,2.1879041302161983,-0.2594806691418194,2.003578753167195,-0.9365255425676248,0.0,50.0,20.0,1.0,0.0,0.0,0.0,-343.05348740871835,70.0,125.4770781433275,0.7890593192424524,0.0,0.6143170115800453,0.0
2.800318956375122,7.674689032069778,-1.6620932385480007,1.6227265985342496,-0.15185054343106846,2.186890046459362,-1.0976827272951968,0.0,50.0,20.0,1.0,0.0,0.0,0.0,-343.4207406410751,70.0,124.06842346324619,0.7935098504012216,0.0,0.6085574067548853,0.0
2.8251595497131348,7.108699878462425,-1.546581283356502,1.7788654974565477,-0.07439784443339098,2.3637373708434732,-1.2056191567329155,0.0,50.0,20.0,1.0,0.0,0.0,0.0,-343.8174971963484,70.0,122.63348479572966,0.7980179045744222,0.0,0.6026337394957639,0.0
2.856694221496582,6.484787765483803,-2.224002503621912,1.0536832292529508,-0.07004395424454216,2.206914186346311,-1.0665087652276668,0.0,50.0,20.0,1.0,0.0,0.0,0.0,-344.7037249292782,70.0,119.69125608598515,0.8071825813098759,0.0,0.5903018553502315,0.0
2.88714337348938,6.58326686635056,-2.613855488119033,1.3537430257461005,-0.23886064098780707,2.392952068280865,-0.9440555609396413,0.0,50.0,20.0,1.0,0.0,0.0,0.0,-345.1951738834395,70.0,118.18734614954722,0.8118271178349882,0.0,0.583897876985125,0.0
2.9170620441436768,7.1535296351561115,-1.970013185278007,1.8051725846964317,-0.29061290319067407,2.5,-1.1375322631201161,0.0,50.0,20.0,1.0,0.0,0.0,0.0,-345.72007132041335,70.0,116.66390772492883,0.8165050283833871,0.0,0.577338322497861,0.0
2.9503302574157715,7.396642105142955,-2.7470460397239993,1.3516802474848801,-0.18440083817050434,2.3201040949459606,-1.2048856916838382,0.0,50.0,20.0,1.0,0.0,0.0,0.0,-346.2792584386809,70.0,115.12274951782409,0.82121023642602,0.0,0.5706257508990639,0.0
3.000469923019409,7.876292454006279,-3.4828434959177144,1.2590585777729664,-0.16309832197375457,2.239161798867257,-1.2363996340783474,0.0,50.0,20.0,1.0,0.0,0.0,0.0,-347.5035224261362,70.0,111.9947156775836,0.8306782900811132,0.0,0.556752708469315,0.0
3.0170717239379883,7.668972305854843,-4.214555118730355,1.8727415598278063,-0.1426977153491493,2.1160872648825233,-1.3358423357419154,0.0,50.0,20.0,1.0,0.0,0.0,0.0,-348.1699240335107,70.0,110.41165388667008,0.8354290697400047,0.0,0.5495982800494834,0.0
3.0503997802734375,7.161179130683389,-3.714960887374385,1.84777323450916,-0.1073997665336969,1.9647733671978727,-1.4278858235305838,0.0,50.0,20.0,1.0,0.0,0.0,0.0,-348.873256312986,70.0,108.81849219611738,0.8401830389977015,0.0,0.5423029236327118,0.0
3.0691018104553223,6.914608205557072,-3.522498315713612,1.999497094756801,-0.16960946484649067,2.0924326343577055,-1.5818019923295557,0.0,50.0,20.0,1.0,0.0,0.0,0.0,-349.6139773974744,70.0,107.2172123617952,0.8449342803976082,0.0,0.5348701354618484,0.0
3.1003384590148926,6.629119477485443,-3.0892197126204404,2.216717622543931,-0.2474838183934198,2.050870051288416,-1.6687283075212602,0.0,50.0,20.0,1.0,0.0,0.0,0.0,-350.3924570700125,70.0,105.60981808946433,0.8496769442280274,0.0,0.5273036036737485,0.0
3.1341238021850586,6.958575395492192,-2.4971956742339376,1.9043736306345789,-0.27256598726004994,2.1929102748386935,-1.7081530658624244,0.0,50.0,20.0,1.0,0.0,0.0,0.0,-352.0637106753225,70.0,102.38478163647031,0.8591135500139946,0.0,0.5117850214517338,0.0
3.167019844055176,6.806949215069568,-3.197194088059736,2.612396917563873,-0.24351002948672584,2.2496110616574763,-1.7011574662149185,0.0,50.0,20.0,1.0,0.0,0.0,0.0,-352.9567553272732,70.0,100.77121211279098,0.8637962372203558,0.0,0.5038413049403104,0.0
3.2004170417785645,6.56640548743104,-2.6482504576258528,3.396944703421738,-0.35476388429492167,2.127658208540522,-1.631142600940373,0.0,50.0,20.0,1.0,0.0,0.0,0.0,-353.8880954026328,70.0,99.1596627999584,0.8684478602657778,0.0,0.4957805099031143,0.0
3.221184015274048,5.951321651786826,-2.7455426286284728,2.972749987464611,-0.5139246652807977,2.249433178115747,-1.8205722955979446,0.0,50.0,20.0,1.0,0.0,0.0,0.0,-354.85761806108974,70.0,97.5521707048926,0.8730630827583634,0.0,0.48760727386336544,0.0
3.267218589782715,5.539406696339256,-2.461864770429865,3.5086398995903068,-0.6173436490713564,2.3268156286370343,-2.0174236524363454,0.0,50.0,20.0,1.0,0.0,0.0,0.0,-356.9102487426271,70.0,94.35745120873867,0.8821636718638479,0.0,0.4709429435119432,0.0
3.2842905521392822,4.810591937916987,-2.7406198809037003,3.61585920982302,-0.7467043504903987,2.402904897688819,-1.950543808834631,0.0,50.0,20.0,1.0,0.0,0.0,0.0,-357.99261785751617,70.0,92.77422543873593,0.8866390882463508,0.0,0.462462027839778,0.0
3.316990613937378,5.43959672074736,-2.1861694261107574,4.178142512856967,-0.7986949577554189,2.5,-1.8523106552239006,0.0,50.0,20.0,1.0,0.0,0.0,0.0,-359.111691279017,70.0,91.20304844416717,0.8910582235629523,0.0,0.45388901971829615,0.0
3.3502776622772217,5.027343382511863,-1.4885929058836642,4.658125675420145,-0.7671527937491021,2.3062127267834347,-1.9662574426909896,0.0,50.0,20.0,1.0,0.0,0.0,0.0,-360.2668415672746,70.0,89.64584980018435,0.8954165237469534,0.0,0.4452294341133813,0.0
3.3732542991638184,5.6093356737267275,-1.1837169220571502,4.372804544172845,-0.6956041363904066,2.4089583768813347,-1.9403060772124903,0.0,50.0,20.0,1.0,0.0,0.0,0.0,-361.4573392064001,70.0,88.10452007245196,0.8997096196205419,0.0,0.43648894643766156,0.0
3.4169654846191406,6.052068997314032,-1.9312922911441632,4.3020898133857175,-0.507008381570403,2.47226272242987,-1.771526311418831,0.0,50.0,20.0,1.0,0.0,0.0,0.0,-363.94095632754045,70.0,85.07680017412198,0.9080836961037182,0.0,0.4187887305917029,0.0
3.450343608856201,5.466960715458185,-2.6465130216003088,4.495109783683552,-0.3298289007201024,2.286307276080828,-1.8142919574421121,0.0,50.0,20.0,1.0,0.0,0.0,0.0,-365.23212024549093,70.0,83.59394487687683,0.9121569358480018,0.0,0.4098410965049554,0.0
3.4670398235321045,4.883882039292162,-2.8609144634378145,4.711760281007875,-0.2277545193573664,2.444498612685271,-1.7703627636805161,0.0,50.0,20.0,1.0,0.0,0.0,0.0,-366.5547251012543,70.0,82.13401739422267,0.9161495036449492,0.0,0.4008367335600785,0.0
3.5003750324249268,5.091335080257799,-2.6656469995806846,4.929020446825231,-0.39222425110095704,2.2512350272015023,-1.7806202649786032,0.0,50.0,20.0,1.0,0.0,0.0,0.0,-367.90755896658516,70.0,80.6986295529186,0.9200580700343903,0.0,0.3917820156216885,0.0
3.5252368450164795,5.326693800283227,-2.1400460990077317,5.675301297328327,-0.2494712842737104,2.1350316066332615,-1.7383809937282917,0.0,50.0,20.0,1.0,0.0,0.0,0.0,-369.28932188141795,70.0,79.28932188127256,0.9238795325114835,0.0,0.3826834323646149,0.0
3.556638717651367,5.690600997202651,-1.604166717043417,5.5427977254738385,-0.2480899656585458,2.234348234932889,-1.675287056503418,0.0,50.0,20.0,1.0,0.0,0.0,0.0,-372.13401739437387,70.0,76.55472510111456,0.9312498990574052,0.0,0.36438115415807765,0.0
3.587104320526123,5.34064417400114,-1.166679931377178,4.793953025200568,-0.2038730808080338,2.2360399704451805,-1.53635394889463,0.0,50.0,20.0,1.0,0.0,0.0,0.0,-373.59394487703054,70.0,75.23212024535441,0.9347937733924141,0.0,0.3551909362959196,0.0
3.6170578002929688,5.838386278056122,-1.8354961032122485,4.08093808383367,-0.06937303526371502,2.1505013751341044,-1.7319290772660445,0.0,50.0,20.0,1.0,0.0,0.0,0.0,-375.07680017427754,70.0,73.94095632740762,0.9382404906861364,0.0,0.3459837881130244,0.0
3.6503963470458984,5.647318150697986,-2.6346613621595236,3.8115099196457978,-0.13177332857612792,2.271053310833528,-1.6121965758499235,0.0,50.0,20.0,1.0,0.0,0.0,0.0,-376.580905065373,70.0,72.68235390499292,0.9415881427009557,0.0,0.3367666395665767,0.0
3.683715343475342,5.768293145743971,-3.0088957912239898,3.258393562620904,0.003539349405295239,2.4465500250656333,-1.587461178893697,0.0,50.0,20.0,1.0,0.0,0.0,0.0,-379.6458498003462,70.0,70.26684156715208,0.9479798479737002,0.0,0.31833034388157283,0.0
3.7172441482543945,5.758728931891401,-3.50575109521594,2.975513444871821,-0.07156552582266448,2.314719253689781,-1.4269343450203027,0.0,50.0,20.0,1.0,0.0,0.0,0.0,-381.2030484443301,70.0,69.11169127889862,0.9510213160626354,0.0,0.30912530856352255,0.0
3.750411033630371,5.924851908603086,-3.436080387538172,2.5117002792722527,-0.2202242462427033,2.4351282294157386,-1.3674532415570053,0.0,50.0,20.0,1.0,0.0,0.0,0.0,-382.77422543890026,70.0,67.99261785740148,0.9539585476911419,0.0,0.2999384758363078,0.0
3.769165515899658,5.209500009272702,-3.3915255906219755,1.7252010782596412,-0.10148112829601338,2.308877179750673,-1.1856690128825322,0.0,50.0,20.0,1.0,0.0,0.0,0.0,-384.35745120890414,70.0,66.91024874251629,0.9567908634008889,0.0,0.2907769655811503,0.0
3.8003320693969727,5.517878541801269,-4.010487449858187,2.3811022158354613,-0.18127859578173813,2.4987984895004582,-1.0265401063139672,0.0,50.0,20.0,1.0,0.0,0.0,0.0,-385.9507629930194,70.0,65.86510843316408,0.9595178256990224,0.0,0.28164790460044337,0.0
3.833845615386963,6.316913919668072,-3.2547165271270515,1.5914767946351054,-0.370670081810048,2.339050679312619,-0.8739093353412918,0.0,50.0,20.0,1.0,0.0,0.0,0.0,-389.15966280012606,70.0,63.888095402533835,0.9646551316337517,0.0,0.26351561056732326,0.0
3.867025375366211,6.690556942173738,-3.1878281097270422,1.4211375334087606,-0.31386253113229523,2.3368787532613844,-1.048805884194666,0.0,50.0,20.0,1.0,0.0,0.0,0.0,-390.771212112959,70.0,62.956755327178186,0.9670657802673555,0.0,0.2545265735358313,0.0
3.9006733894348145,7.226619638358041,-2.7653185563420415,1.9159351887253642,-0.15676174164817147,2.3973692077410047,-0.8721338935529548,0.0,50.0,20.0,1.0,0.0,0.0,0.0,-392.3847816366389,70.0,62.06371067523125,0.9693716762026028,0.0,0.24559835784499098,0.0
3.921426296234131,7.306851302341795,-2.4493457748523606,2.5230058165506013,-0.18269741564675052,2.5,-1.01036038846947,0.0,50.0,20.0,1.0,0.0,0.0,0.0,-393.99833021078047,70.0,61.20897355811452,0.9715735341236027,0.0,0.23673797285305243,0.0
3.9669852256774902,6.788896336005185,-2.743300138485801,2.8363270905576092,-0.2733022924980806,2.3054930404443077,-0.9127899468529909,0.0,50.0,20.0,1.0,0.0,0.0,0.0,-397.21721236196237,70.0,59.613977397395274,0.9756690591655675,0.0,0.21924845948598215,0.0
3.9842946529388428,6.434452554024862,-2.7795423978546943,3.004302456805595,-0.19334224358961327,2.3035535650462546,-0.9855599271717255,0.0,50.0,20.0,1.0,0.0,0.0,0.0,-398.81849219628424,70.0,58.873256312910556,0.97756519907137,0.0,0.2106330495543203,0.0
4.017153739929199,6.035260615559883,-2.5022186974727507,3.048013854376503,-0.3428542632313534,2.2457615721092106,-1.069371727848122,0.0,50.0,20.0,1.0,0.0,0.0,0.0,-400.411653886836,70.0,58.16992403343917,0.979362231165162,0.0,0.20211288966118882,0.0
4.050387144088745,5.914942168653484,-2.97134184372663,2.910927919629446,-0.23664046165608071,2.2406490492386144,-1.0666041842684353,0.0,50.0,20.0,1.0,0.0,0.0,0.0,-401.9947156777479,70.0,57.503522426068685,0.9810618675036027,0.0,0.1936946362973003,0.0
4.073224782943726,5.205066160806843,-3.7485842413273662,3.438067815084776,-0.07872463996009293,2.3051236863602425,-1.1955795330258507,0.0,50.0,20.0,1.0,0.0,0.0,0.0,-403.56572234499265,70.0,56.87350853941811,0.9826659947830236,0.0,0.18538485023617907,0.0
4.116964817047119,5.184063689653241,-4.383637558602497,2.811984320102029,0.11826056946809332,2.157937681935488,-1.3285109040333443,0.0,50.0,20.0,1.0,0.0,0.0,0.0,-406.6639077250889,70.0,55.72007132035678,0.9855960853200545,0.0,0.1691163995648674,0.0
4.150472402572632,4.695078677919666,-3.65317933175695,2.9396377086997885,0.11156141465486893,1.9662848488546494,-1.1676392926003458,0.0,50.0,20.0,1.0,0.0,0.0,0.0,-408.1873461497053,70.0,55.195173883386445,0.9869266085089954,0.0,0.16117031183481717,0.0
4.16697359085083,4.406844554827414,-3.2157567309914636,2.7933854599143606,0.2858848804807378,1.8905576220632312,-1.295970394167761,0.0,50.0,20.0,1.0,0.0,0.0,0.0,-409.6912560861407,70.0,54.70372492922874,0.9881707217651494,0.0,0.15335783203391912,0.0
4.200310707092285,4.784164428212808,-3.5400159921423304,3.1295302285624764,0.21399849589044956,1.9528886862131527,-1.2139209473523533,0.0,50.0,20.0,1.0,0.0,0.0,0.0,-411.17387408693736,70.0,54.244820167030866,0.9893310361880121,0.0,0.1456849368848898,0.0
4.225138902664185,4.115711244266639,-3.094319337289053,2.403713542409598,0.20597336947667164,1.994047630564589,-1.2699533694132574,0.0,50.0,20.0,1.0,0.0,0.0,0.0,-412.63348479588086,70.0,53.817497196305425,0.9904102756022238,0.0,0.13815746806281276,0.0
4.2566304206848145,4.282736011869063,-3.231474027740577,2.0051326360396744,0.18105460612313762,1.8647423245426327,-1.0991112436651245,0.0,50.0,20.0,1.0,0.0,0.0,0.0,-415.4770781434728,70.0,53.05348740868159,0.9923369200813764,0.0,0.12356147070753049,0.0
4.28692889213562,4.750827491615041,-3.248672998826005,2.349358093639087,0.28338738318484735,1.9426123391455665,-0.9353282875903233,0.0,50.0,20.0,1.0,0.0,0.0,0.0,-416.85789157369857,70.0,52.71463204784952,0.9931902334199387,0.0,0.11650390654071485,0.0
4.316867351531982,5.07342148406871,-3.8230625585471794,2.8142591843216476,0.1903674029936035,1.8070309650928158,-1.0167370258794366,0.0,50.0,20.0,1.0,0.0,0.0,0.0,-418.2093627421966,70.0,52.40303217876678,0.9939742648107979,0.0,0.10961368935417656,0.0
4.350326776504517,5.58850542218074,-3.5098290081757493,2.960967541067256,0.3374865265439362,1.8720301250963471,-0.9701062326459924,0.0,50.0,20.0,1.0,0.0,0.0,0.0,-419.5300481475844,70.0,52.11751397129419,0.9946921283208835,0.0,0.10289591758894497,0.0
4.383718252182007,5.400135441248478,-3.6922020244992133,3.1708988836264687,0.4108743669913154,1.7849889830764925,-0.7839922774683565,0.0,50.0,20.0,1.0,0.0,0.0,0.0,-422.0735806938172,70.0,51.61990297393015,0.9959420089193693,0.0,0.08999730479103685,0.0
4.416975975036621,5.987151885438836,-3.228959026469293,3.198626492763612,0.23147363033270155,1.8556928167335005,-0.8213218855906378,0.0,50.0,20.0,1.0,0.0,0.0,0.0,-423.29383560252444,70.0,51.40535475430464,0.9964804193904047,0.0,0.08382585383712576,0.0
4.450489282608032,6.037397701970464,-3.17509656705295,2.8602675416558907,0.19520929481395016,1.8275540489003088,-0.8012330558323086,0.0,50.0,20.0,1.0,0.0,0.0,0.0,-424.4781208118269,70.0,51.21198824519365,0.9969654250644963,0.0,0.07784562432126955,0.0
4.469185829162598,6.234517122146761,-2.814914175105545,3.4341355985269733,0.11488420730387566,2.0239517457737626,-0.96293471499352,0.0,50.0,20.0,1.0,0.0,0.0,0.0,-425.62528920366566,70.0,51.03855452994965,0.9974002342842374,0.0,0.07206089542705005,0.0
4.500455856323242,6.3188667883881635,-2.887542193726306,4.013249341641224,0.2927285670474564,1.986730390079294,-0.7965287585451328,0.0,50.0,20.0,1.0,0.0,0.0,0.0,-426.73425286909924,70.0,50.88380579814921,0.9977880391191578,0.0,0.06647577747379939,0.0
4.533898115158081,5.605646620342329,-3.002773856432039,4.4599777614791565,0.14361745210534815,1.8978592016855649,-0.7271822580227474,0.0,50.0,20.0,1.0,0.0,0.0,0.0,-428.8335068688626,70.0,50.62540852334405,0.9984352544773646,0.0,0.055919966172380944,0.0
4.567002058029175,5.400346455560964,-2.2586107577498726,5.052705102954015,0.1319248850785959,2.0639108852181334,-0.6738031802583788,0.0,50.0,20.0,1.0,0.0,0.0,0.0,-429.82191142453235,70.0,50.5193158801673,0.9987008664255597,0.0,0.05095664236227182,0.0
4.600553512573242,5.308959241617718,-1.870334184790879,5.391398522787222,0.2809218619522494,2.15226306647857,-0.67241477559451,0.0,50.0,20.0,1.0,0.0,0.0,0.0,-430.7683376768231,70.0,50.42702971814673,0.9989318552380169,0.0,0.04620766809452326,0.0
4.621168375015259,5.920424800698336,-1.1557316339981065,5.4469877352308975,0.29288149650354844,2.0175814206327845,-0.7449252969226746,0.0,50.0,20.0,1.0,0.0,0.0,0.0,-431.67198173783544,70.0,50.34738281497543,0.9991311655258898,0.0,0.04167630111798757,0.0
4.667201995849609,6.590835356237134,-1.2973791530303902,5.719839474537496,0.14611979352387258,2.1529426311394104,-0.7186926246635763,0.0,50.0,20.0,1.0,0.0,0.0,0.0,-433.347972869595,70.0,50.22149261962096,0.9994461150566825,0.0,0.03327856814985811,0.0
4.6840550899505615,6.613339079862462,-0.998658596485239,5.489682309782728,0.055131441593217534,2.075245787283582,-0.8815065283834935,0.0,50.0,20.0,1.0,0.0,0.0,0.0,-434.1189729393325,70.0,50.17308218365301,0.9995672008833297,0.0,0.029417867330332387,0.0
4.717222690582275,6.8031915107860215,-0.9398985285144301,5.731906022232846,0.044715649680740016,1.910656000541997,-1.0004537723372229,0.0,50.0,20.0,1.0,0.0,0.0,0.0,-434.8444937620346,70.0,50.13298464743076,0.999667483097678,0.0,0.025786105505752957,0.0
4.75037693977356,6.350006622348722,-1.5087965749691863,5.614032229889814,0.03977967342304933,1.8958869336922353,-1.0478745394913795,0.0,50.0,20.0,1.0,0.0,0.0,0.0,-435.52398310481306,70.0,50.100223860340904,0.9997494089512109,0.0,0.02238569413050478,0.0
4.773226499557495,6.760052799429408,-1.6446087751359053,5.904620726388899,0.15299641803075897,2.0577398837095235,-1.05027498420651,0.0,50.0,20.0,1.0,0.0,0.0,0.0,-436.1569343885127,70.0,50.073873052610494,0.9998153003114864,0.0,0.01921887777817573,0.0
4.81726861000061,7.542719231081727,-1.34393634373385,5.5129772270667,0.014562293169343099,1.9209334346195748,-0.9677113323282169,0.0,50.0,20.0,1.0,0.0,0.0,0.0,-437.2814152543091,70.0,50.03696034543319,0.9999075948670627,0.0,0.013594179900455455,0.0
4.850416898727417,8.240826339514038,-1.1205838473907614,5.595674499203888,-0.08777984686135397,1.834452079123713,-0.941870877834553,0.0,50.0,20.0,1.0,0.0,0.0,0.0,-437.77214584751954,70.0,50.02481975072375,0.9999379486980086,0.0,0.011139962011549239,0.0
4.867067337036133,8.727490147058626,-1.742248891933342,5.5486673650066995,-0.07192076190533479,1.918069835941936,-0.7659783497185215,0.0,50.0,20.0,1.0,0.0,0.0,0.0,-438.21473744564486,70.0,50.015937081892815,0.9999601565015158,0.0,0.008926668441476151,0.0
4.900308132171631,8.403182806721018,-2.007307447214204,5.5149266550218785,-0.026539449323853173,2.0362837252432544,-0.9468458795380723,0.0,50.0,20.0,1.0,0.0,0.0,0.0,-438.6088887970397,70.0,50.00967642006053,0.9999758086572381,0.0,0.006955724283111724,0.0
4.925191402435303,7.612913869514481,-2.042896241482622,5.899461086341378,-0.19418857544429896,2.221122722754846,-0.9140783136049881,0.0,50.0,20.0,1.0,0.0,0.0,0.0,-438.95433556004383,70.0,50.005467220057426,0.9999863318564474,0.0,0.005228393662215892,0.0
4.956609010696411,8.206214676188146,-2.4432017666564647,6.12983308097445,-0.26628645235574605,2.1038965541641437,-1.014586935626759,0.0,50.0,20.0,1.0,0.0,0.0,0.0,-439.4982356070934,70.0,50.00125884545341,0.9999968528814143,0.0,0.0025088298601178517,0.0
