# Timestamp, Fx, Fy, Fz, Tx, Ty, Tz, FemurPosX, FemurPosY, FemurPosZ, FemurQuatW, FemurQuatX, FemurQuatY, FemurQuatZ, TibiaPosX, TibiaPosY, TibiaPosZ, TibiaQuatW, TibiaQuatX, TibiaQuatY, TibiaQuatZ
0.021636486053466797,0.5025427432789589,-11.354918476388939,6.655887123358649,-0.6725264207214638,0.4938403999967911,0.6394376318133104,0.0,50.0,20.0,1.0,0.0,0.0,0.0,-369.28932188134524,70.0,79.28932188134524,0.9238795325112867,0.0,0.3826834323650898,0.0
0.05250692367553711,-0.13653107902455497,-10.871023054439988,5.939085892686705,-0.6086698264699401,0.5146358736501908,0.570937655529509,0.0,50.0,20.0,1.0,0.0,0.0,0.0,-369.28932188134524,70.0,79.28932188134524,0.9238795325112867,0.0,0.3826834323650898,0.0
0.08274173736572266,-0.16638371352357273,-10.325321100650708,6.3946269205098325,-0.6474268676469558,0.47281222529809186,0.38495853757580556,0.0,50.0,20.0,1.0,0.0,0.0,0.0,-369.28932188134524,70.0,79.28932188134524,0.9238795325112867,0.0,0.3826834323650898,0.0
0.1120460033416748,-0.1960330538624664,-10.629263223466278,7.064156966194186,-0.8034960812523426,0.484419351224593,0.31614552364909443,0.0,50.0,20.0,1.0,0.0,0.0,0.0,-369.28932188134524,70.0,79.28932188134524,0.9238795325112867,0.0,0.3826834323650898,0.0
0.14276528358459473,-0.18781447669051765,-10.319538623131725,7.755793689682266,-0.9506166830176795,0.5719661028713314,0.4371867058594933,0.0,50.0,20.0,1.0,0.0,0.0,0.0,-369.28932188134524,70.0,79.28932188134524,0.9238795325112867,0.0,0.3826834323650898,0.0
0.17294025421142578,-0.929960756361873,-9.795253036687326,7.581287590112181,-1.1064451111474312,0.390354683935665,0.3873228748446569,0.0,50.0,20.0,1.0,0.0,0.0,0.0,-369.28932188134524,70.0,79.28932188134524,0.9238795325112867,0.0,0.3826834323650898,0.0
0.20468544960021973,-1.1157264448044126,-9.173275044581416,7.3180686377891515,-1.173264686922744,0.5369134415068995,0.5596813577794608,0.0,50.0,20.0,1.0,0.0,0.0,0.0,-369.28932188134524,70.0,79.28932188134524,0.9238795325112867,0.0,0.3826834323650898,0.0
0.23461580276489258,-0.8039392253075419,-9.145829489001056,7.8848307137704206,-1.0618522460444757,0.6695342768084618,0.5326517134171762,0.0,50.0,20.0,1.0,0.0,0.0,0.0,-369.28932188134524,70.0,79.28932188134524,0.9238795325112867,0.0,0.3826834323650898,0.0
0.2650766372680664,-1.4916778621573348,-9.691919734810208,8.335931176243074,-1.1665809177599271,0.7620452935771906,0.5869386647657602,0.0,50.0,20.0,1.0,0.0,0.0,0.0,-369.28932188134524,70.0,79.28932188134524,0.9238795325112867,0.0,0.3826834323650898,0.0
0.2954521179199219,-0.7018720086344563,-10.41962259183897,7.633280032254079,-1.3340691325693539,0.7033863762827527,0.39194825770929365,0.0,50.0,20.0,1.0,0.0,0.0,0.0,-369.28932188134524,70.0,79.28932188134524,0.9238795325112867,0.0,0.3826834323650898,0.0
0.32447242736816406,-0.523289229896711,-10.220610775063003,7.7230187789766145,-1.404518556059485,0.684012545443319,0.30332263687140715,0.0,50.0,20.0,1.0,0.0,0.0,0.0,-369.28932188134524,70.0,79.28932188134524,0.9238795325112867,0.0,0.3826834323650898,0.0
0.35706424713134766,0.033280127711793006,-9.951277424944667,8.149354328166593,-1.3994364637135783,0.7607129062702478,0.11799837734232801,0.0,50.0,20.0,1.0,0.0,0.0,0.0,-369.28932188134524,70.0,79.28932188134524,0.9238795325112867,0.0,0.3826834323650898,0.0
0.3866097927093506,-0.35945292531955303,-9.882775564930283,8.864606628164656,-1.2108746996887212,0.879273579153838,0.03542197752450452,0.0,50.0,20.0,1.0,0.0,0.0,0.0,-369.28932188134524,70.0,79.28932188134524,0.9238795325112867,0.0,0.3826834323650898,0.0
0.4217255115509033,-0.6793623964828138,-9.805591297086428,8.14742907555485,-1.031750365508173,0.8598282331106464,0.004237239364566492,0.0,50.0,20.0,1.0,0.0,0.0,0.0,-369.28932188134524,70.0,79.28932188134524,0.9238795325112867,0.0,0.3826834323650898,0.0
0.4477419853210449,-0.15904096902243403,-9.347470887040343,8.709813496825891,-1.117347035450241,0.6680534890832482,0.07363247838328751,0.0,50.0,20.0,1.0,0.0,0.0,0.0,-369.28932188134524,70.0,79.28932188134524,0.9238795325112867,0.0,0.3826834323650898,0.0
0.48063182830810547,0.17301518270518856,-9.732639755905732,8.25185070070654,-1.3004971894941295,0.8523841430036863,0.2534947912158302,0.0,50.0,20.0,1.0,0.0,0.0,0.0,-369.28932188134524,70.0,79.28932188134524,0.9238795325112867,0.0,0.3826834323650898,0.0
0.5091960430145264,0.19037780554232453,-9.127015782906664,7.701135147914327,-1.4865463240189425,0.8375886099548883,0.30319038437458756,0.0,50.0,20.0,1.0,0.0,0.0,0.0,-369.28932188134524,70.0,79.28932188134524,0.9238795325112867,0.0,0.3826834323650898,0.0
0.5423450469970703,-0.382171561687204,-9.05968681322056,7.967914020209749,-1.5,0.7027649735497732,0.28126519274926354,0.0,50.0,20.0,1.0,0.0,0.0,0.0,-369.28932188134524,70.0,79.28932188134524,0.9238795325112867,0.0,0.3826834323650898,0.0
0.5689301490783691,-0.461731641844193,-9.398698479712712,7.548867550090899,-1.5,0.5424486709975275,0.37020321612296364,0.0,50.0,20.0,1.0,0.0,0.0,0.0,-369.28932188134524,70.0,79.28932188134524,0.9238795325112867,0.0,0.3826834323650898,0.0
0.6008815765380859,-1.247296293585563,-10.105956424006978,6.823283559396543,-1.5,0.3898021354490472,0.25881781697317174,0.0,50.0,20.0,1.0,0.0,0.0,0.0,-369.28932188134524,70.0,79.28932188134524,0.9238795325112867,0.0,0.3826834323650898,0.0
0.6318657398223877,-0.5728709879008744,-10.353188251094064,7.127022796045248,-1.4036181333296591,0.35506469442150657,0.22118525756916269,0.0,50.0,20.0,1.0,0.0,0.0,0.0,-369.28932188134524,70.0,79.28932188134524,0.9238795325112867,0.0,0.3826834323650898,0.0
0.6627795696258545,0.0007392408536113226,-9.710809330442936,7.826354866729828,-1.2094843858947124,0.22436981567577485,0.18777057831783261,0.0,50.0,20.0,1.0,0.0,0.0,0.0,-369.28932188134524,70.0,79.28932188134524,0.9238795325112867,0.0,0.3826834323650898,0.0
0.6907355785369873,-0.41169568620884256,-10.079911120762956,7.845769850415147,-1.023836986892685,0.39053577243412474,0.024013661841870176,0.0,50.0,20.0,1.0,0.0,0.0,0.0,-369.28932188134524,70.0,79.28932188134524,0.9238795325112867,0.0,0.3826834323650898,0.0
0.7209675312042236,-0.40193219177351414,-9.725328709553906,8.494291132595684,-0.8343383926920365,0.42801714677705405,0.13641157496345127,0.0,50.0,20.0,1.0,0.0,0.0,0.0,-369.28932188134524,70.0,79.28932188134524,0.9238795325112867,0.0,0.3826834323650898,0.0
0.7527689933776855,-1.1634315684986616,-10.431984253557697,7.889510660352096,-0.7380735687178207,0.4002280698950278,0.07809021310764824,0.0,50.0,20.0,1.0,0.0,0.0,0.0,-369.28932188134524,70.0,79.28932188134524,0.9238795325112867,0.0,0.3826834323650898,0.0
0.7829794883728027,-1.1411998642390653,-10.571079588368749,8.056935522968732,-0.8424952786885676,0.24875136810751022,-0.027666682120100455,0.0,50.0,20.0,1.0,0.0,0.0,0.0,-369.28932188134524,70.0,79.28932188134524,0.9238795325112867,0.0,0.3826834323650898,0.0
0.8131577968597412,-0.42842758784201274,-11.210031311859456,8.839952555549628,-0.7103068586511985,0.3351808622229686,0.08887523315618498,0.0,50.0,20.0,1.0,0.0,0.0,0.0,-369.28932188134524,70.0,79.28932188134524,0.9238795325112867,0.0,0.3826834323650898,0.0
0.8421928882598877,-0.7674673202414104,-11.760755461138585,8.54686582054532,-0.5968831891415162,0.17106455198623877,-0.09161604634285295,0.0,50.0,20.0,1.0,0.0,0.0,0.0,-369.28932188134524,70.0,79.28932188134524,0.9238795325112867,0.0,0.3826834323650898,0.0
0.871774435043335,-1.3031676287218383,-11.780744937653454,8.577329826419401,-0.6770418201328208,0.3508103769206873,-0.19554209453361784,0.0,50.0,20.0,1.0,0.0,0.0,0.0,-369.28932188134524,70.0,79.28932188134524,0.9238795325112867,0.0,0.3826834323650898,0.0
0.9050149917602539,-1.2071703857925844,-11.79715214309195,7.852267796085209,-0.6467575776317208,0.24993838291726653,-0.22064515623398334,0.0,50.0,20.0,1.0,0.0,0.0,0.0,-369.28932188134524,70.0,79.28932188134524,0.9238795325112867,0.0,0.3826834323650898,0.0
0.9351091384887695,-1.1428700364836226,-11.44834959915884,8.49093380881644,-0.510108672173645,0.27739067025268405,-0.20585080225759414,0.0,50.0,20.0,1.0,0.0,0.0,0.0,-369.28932188134524,70.0,79.28932188134524,0.9238795325112867,0.0,0.3826834323650898,0.0
0.9646401405334473,-0.6761051027985501,-11.19480368951415,7.7344780269110345,-0.5398765800944376,0.37249352777563,-0.32552190294269573,0.0,50.0,20.0,1.0,0.0,0.0,0.0,-369.28932188134524,70.0,79.28932188134524,0.9238795325112867,0.0,0.3826834323650898,0.0
0.9945056438446045,-0.264249663884337,-11.17275580263256,8.024373369188034,-0.6117479978416642,0.43818476553771524,-0.3230817893881025,0.0,50.0,20.0,1.0,0.0,0.0,0.0,-369.28932188134524,70.0,79.28932188134524,0.9238795325112867,0.0,0.3826834323650898,0.0
1.0257854461669922,0.4726739019504336,-11.178831265957491,8.04074804607977,-0.4798849587995406,0.48664692538150023,-0.4279128852626268,0.0,50.0,20.0,1.0,0.0,0.0,0.0,-369.28932188134524,70.0,79.28932188134524,0.9238795325112867,0.0,0.3826834323650898,0.0
1.0561094284057617,0.655821264114444,-10.595972710846558,8.545403210439407,-0.5074244579400491,0.43012343159624444,-0.5746417094194471,0.0,50.0,20.0,1.0,0.0,0.0,0.0,-369.28932188134524,70.0,79.28932188134524,0.9238795325112867,0.0,0.3826834323650898,0.0
1.0871613025665283,0.16923285574365815,-11.12551918074412,8.60374174761135,-0.3088805629303304,0.37262199654823047,-0.46613122113912864,0.0,50.0,20.0,1.0,0.0,0.0,0.0,-369.28932188134524,70.0,79.28932188134524,0.9238795325112867,0.0,0.3826834323650898,0.0
1.11690092086792,0.7423041789019904,-10.719445464839023,8.141517207652091,-0.24580625513568677,0.403675100728003,-0.6224128350619321,0.0,50.0,20.0,1.0,0.0,0.0,0.0,-369.28932188134524,70.0,79.28932188134524,0.9238795325112867,0.0,0.3826834323650898,0.0
1.1475372314453125,0.3258090566870877,-10.812713113115409,7.598374041428789,-0.3772212584812885,0.4236883323775495,-0.6040730791206597,0.0,50.0,20.0,1.0,0.0,0.0,0.0,-369.28932188134524,70.0,79.28932188134524,0.9238795325112867,0.0,0.3826834323650898,0.0
1.1776139736175537,0.3905245518169077,-11.09492862572295,7.933729341054621,-0.29695108885253285,0.313262509797089,-0.5547430227339665,0.0,50.0,20.0,1.0,0.0,0.0,0.0,-369.28932188134524,70.0,79.28932188134524,0.9238795325112867,0.0,0.3826834323650898,0.0
1.2096874713897705,-0.29179970893698215,-11.03135908974439,8.022116773224177,-0.11975862164125833,0.4139610044446082,-0.48870810045757296,0.0,50.0,20.0,1.0,0.0,0.0,0.0,-369.28932188134524,70.0,79.28932188134524,0.9238795325112867,0.0,0.3826834323650898,0.0
1.239607334136963,-0.5200432322868348,-11.692547411096863,8.722590409890524,0.04113787625288928,0.31538108545486465,-0.6397367561873325,0.0,50.0,20.0,1.0,0.0,0.0,0.0,-369.28932188134524,70.0,79.28932188134524,0.9238795325112867,0.0,0.3826834323650898,0.0
1.269432783126831,-0.5160684630251052,-10.91742226533683,8.64444125806334,-0.0883282578213172,0.3794752910572219,-0.696753124859655,0.0,50.0,20.0,1.0,0.0,0.0,0.0,-369.28932188134524,70.0,79.28932188134524,0.9238795325112867,0.0,0.3826834323650898,0.0
1.3008568286895752,-0.222672865951285,-10.298848717542413,8.210026030094932,0.005433503296579212,0.5202835666483154,-0.6941433949343744,0.0,50.0,20.0,1.0,0.0,0.0,0.0,-369.28932188134524,70.0,79.28932188134524,0.9238795325112867,0.0,0.3826834323650898,0.0
1.3310222625732422,-0.31405586018373655,-9.51563075968918,8.327629855400984,0.09404259387780922,0.7154146231476896,-0.7432466519433296,0.0,50.0,20.0,1.0,0.0,0.0,0.0,-369.28932188134524,70.0,79.28932188134524,0.9238795325112867,0.0,0.3826834323650898,0.0
1.36110520362854,-0.43377959702880053,-9.673116342886841,9.107537544121197,0.09362416926670025,0.8986785871703591,-0.6950856941321779,0.0,50.0,20.0,1.0,0.0,0.0,0.0,-369.28932188134524,70.0,79.28932188134524,0.9238795325112867,0.0,0.3826834323650898,0.0
1.3917317390441895,-0.6682180034295205,-9.477559478392788,8.628772605960165,0.15141305460603638,0.8014182648807507,-0.8314555031872436,0.0,50.0,20.0,1.0,0.0,0.0,0.0,-369.28932188134524,70.0,79.28932188134524,0.9238795325112867,0.0,0.3826834323650898,0.0
1.4207706451416016,-0.8545251976349971,-9.664704113857429,8.784212449534287,0.28244383003594314,0.9848554457060338,-0.6918953328572566,0.0,50.0,20.0,1.0,0.0,0.0,0.0,-369.28932188134524,70.0,79.28932188134524,0.9238795325112867,0.0,0.3826834323650898,0.0
1.4527461528778076,-1.1682485499750177,-10.036656223608652,9.397245231712091,0.1702422791620815,0.7876346990425638,-0.6749629501780942,0.0,50.0,20.0,1.0,0.0,0.0,0.0,-369.28932188134524,70.0,79.28932188134524,0.9238795325112867,0.0,0.3826834323650898,0.0
1.482966423034668,-1.9626382983926636,-9.658550823627383,9.462364498085334,0.032821990494872166,0.6410320189069397,-0.6808704296147677,0.0,50.0,20.0,1.0,0.0,0.0,0.0,-369.28932188134524,70.0,79.28932188134524,0.9238795325112867,0.0,0.3826834323650898,0.0
1.5126359462738037,-2.097738946644478,-9.212922798346622,10.23549343732206,-0.06663641390440604,0.5301327792209095,-0.5712253835118069,0.0,50.0,20.0,1.0,0.0,0.0,0.0,-369.28932188134524,70.0,79.28932188134524,0.9238795325112867,0.0,0.3826834323650898,0.0
1.542602300643921,-2.838777139731294,-9.973732072690803,10.436924466085225,-0.11898061077076623,0.6395573725808303,-0.5402098651987138,0.0,50.0,20.0,1.0,0.0,0.0,0.0,-369.28932188134524,70.0,79.28932188134524,0.9238795325112867,0.0,0.3826834323650898,0.0
1.572594404220581,-3.3116629405690814,-10.65020988785942,9.796677584606785,-0.16986366225692057,0.45807617580133786,-0.6113591574015395,0.0,50.0,20.0,1.0,0.0,0.0,0.0,-369.28932188134524,70.0,79.28932188134524,0.9238795325112867,0.0,0.3826834323650898,0.0
1.6053106784820557,-3.344969143722203,-10.82807968341954,9.100041622908545,-0.292708897591314,0.5041774115591815,-0.7124716449732647,0.0,50.0,20.0,1.0,0.0,0.0,0.0,-369.28932188134524,70.0,79.28932188134524,0.9238795325112867,0.0,0.3826834323650898,0.0
1.6348531246185303,-3.2614853007616116,-10.351160296559161,8.636285756242836,-0.47611063088370753,0.6839118742244076,-0.5845827952731255,0.0,50.0,20.0,1.0,0.0,0.0,0.0,-369.28932188134524,70.0,79.28932188134524,0.9238795325112867,0.0,0.3826834323650898,0.0
1.6652045249938965,-3.2623009848074758,-9.958759353096855,8.807674139305394,-0.5656677267611593,0.7506856544859026,-0.5397844290637531,0.0,50.0,20.0,1.0,0.0,0.0,0.0,-369.28932188134524,70.0,79.28932188134524,0.9238795325112867,0.0,0.3826834323650898,0.0
1.6956915855407715,-3.736378172086245,-9.67861297425013,9.052939643622887,-0.622071709609876,0.9056906148192165,-0.44517946857553575,0.0,50.0,20.0,1.0,0.0,0.0,0.0,-369.28932188134524,70.0,79.28932188134524,0.9238795325112867,0.0,0.3826834323650898,0.0
1.7251198291778564,-3.9585436005393357,-10.03955406584803,8.828459233274177,-0.5185582692824247,0.766211645109141,-0.4688950507764065,0.0,50.0,20.0,1.0,0.0,0.0,0.0,-369.28932188134524,70.0,79.28932188134524,0.9238795325112867,0.0,0.3826834323650898,0.0
1.7569997310638428,-4.699834132228315,-10.45127265348584,9.503907830377772,-0.44909923651602,0.8451575453465118,-0.34612638603266227,0.0,50.0,20.0,1.0,0.0,0.0,0.0,-369.28932188134524,70.0,79.28932188134524,0.9238795325112867,0.0,0.3826834323650898,0.0
1.787858486175537,-4.7440489968648185,-10.084118477873355,9.367796230807706,-0.5428832211837393,0.9498080775573167,-0.2057679517683944,0.0,50.0,20.0,1.0,0.0,0.0,0.0,-369.28932188134524,70.0,79.28932188134524,0.9238795325112867,0.0,0.3826834323650898,0.0
1.8167555332183838,-4.348495185129736,-10.007395289993264,9.557346400955051,-0.5685566436936882,0.9071236386647786,-0.09424459470195118,0.0,50.0,20.0,1.0,0.0,0.0,0.0,-369.28932188134524,70.0,79.28932188134524,0.9238795325112867,0.0,0.3826834323650898,0.0
1.8465490341186523,-4.960671660078799,-9.505493562667299,9.530845272466346,-0.7535691389615,0.9585563367212451,-0.09781816820104033,0.0,50.0,20.0,1.0,0.0,0.0,0.0,-369.28932188134524,70.0,79.28932188134524,0.9238795325112867,0.0,0.3826834323650898,0.0
1.8763859272003174,-5.520708463859351,-9.832308175321877,9.933516552345047,-0.7543915362489737,1.068914062958444,-0.07016831523134637,0.0,50.0,20.0,1.0,0.0,0.0,0.0,-369.28932188134524,70.0,79.28932188134524,0.9238795325112867,0.0,0.3826834323650898,0.0
1.9086177349090576,-5.674169925028638,-10.236141214180417,10.3869974926842,-0.5778442017481218,1.1034919589497503,-0.21538216900189294,0.0,50.0,20.0,1.0,0.0,0.0,0.0,-369.28932188134524,70.0,79.28932188134524,0.9238795325112867,0.0,0.3826834323650898,0.0
1.9384832382202148,-5.673267925247335,-10.274768649741505,10.034273503483881,-0.6946923009008932,1.0052745398590701,-0.12722647234009732,0.0,50.0,20.0,1.0,0.0,0.0,0.0,-369.28932188134524,70.0,79.28932188134524,0.9238795325112867,0.0,0.3826834323650898,0.0
1.9685704708099365,-6.4348387284819175,-9.485108435581271,9.426489496421718,-0.6784577097245613,0.896458338234098,-0.15299086223897812,0.0,50.0,20.0,1.0,0.0,0.0,0.0,-369.28932188134524,70.0,79.28932188134524,0.9238795325112867,0.0,0.3826834323650898,0.0
2.0006067752838135,-6.498921149575892,-9.560537016290642,9.558373448482602,-0.5570234746048471,0.9073584411424371,-0.24166512246476846,0.0,50.0,20.0,1.0,0.0,0.0,0.0,-369.28932188134524,70.0,79.28932188134524,0.9238795325112867,0.0,0.3826834323650898,0.0
2.029986619949341,-6.185969347838781,-9.673412100502507,9.514348404171802,-0.6742497594286319,0.8349010985905942,-0.11030474711511018,0.0,50.0,20.0,1.0,0.0,0.0,0.0,-369.28932188134524,70.0,79.28932188134524,0.9238795325112867,0.0,0.3826834323650898,0.0
2.060617208480835,-5.708117729726393,-9.542284076291708,9.720374927141144,-0.48843602592892893,1.021677396056441,-0.12873286929990463,0.0,50.0,20.0,1.0,0.0,0.0,0.0,-369.28932188134524,70.0,79.28932188134524,0.9238795325112867,0.0,0.3826834323650898,0.0
2.090315580368042,-4.96940211127434,-9.83145122223801,9.54808498275748,-0.41662062195754085,1.1339275225859644,-0.12201540400374797,0.0,50.0,20.0,1.0,0.0,0.0,0.0,-369.28932188134524,70.0,79.28932188134524,0.9238795325112867,0.0,0.3826834323650898,0.0
2.120574712753296,-5.112567402410849,-9.397553770387477,9.018957766528592,-0.4648445777242858,1.3298093515272547,-0.09171827437559898,0.0,50.0,20.0,1.0,0.0,0.0,0.0,-369.28932188134524,70.0,79.28932188134524,0.9238795325112867,0.0,0.3826834323650898,0.0
2.1525614261627197,-4.882321532163787,-8.902317278658241,8.843772562143956,-0.3460068627273219,1.4903353396755072,0.05451386820460691,0.0,50.0,20.0,1.0,0.0,0.0,0.0,-369.28932188134524,70.0,79.28932188134524,0.9238795325112867,0.0,0.3826834323650898,0.0
2.1846539974212646,-4.099286354359557,-8.744855196981609,8.903650967540829,-0.22016433827099186,1.3873710295592616,0.0543594682492167,0.0,50.0,20.0,1.0,0.0,0.0,0.0,-369.28932188134524,70.0,79.28932188134524,0.9238795325112867,0.0,0.3826834323650898,0.0
2.213609218597412,-3.648433036661287,-7.997122299246842,8.518722655575898,-0.3317395793736616,1.5,-0.09521325473041328,0.0,50.0,20.0,1.0,0.0,0.0,0.0,-369.28932188134524,70.0,79.28932188134524,0.9238795325112867,0.0,0.3826834323650898,0.0
2.242398500442505,-3.050950074393805,-8.734573067408263,9.034611790814543,-0.20322386001987447,1.5,0.04807779270544263,0.0,50.0,20.0,1.0,0.0,0.0,0.0,-369.28932188134524,70.0,79.28932188134524,0.9238795325112867,0.0,0.3826834323650898,0.0
2.2725610733032227,-3.490741642573169,-9.426626187040156,8.734869023786734,-0.3902059187552923,1.5,0.20646640558126886,0.0,50.0,20.0,1.0,0.0,0.0,0.0,-369.28932188134524,70.0,79.28932188134524,0.9238795325112867,0.0,0.3826834323650898,0.0
2.3046789169311523,-4.023448794981846,-10.17734954335831,8.91022218681549,-0.3844384995493688,1.5,0.3388144162558482,0.0,50.0,20.0,1.0,0.0,0.0,0.0,-369.28932188134524,70.0,79.28932188134524,0.9238795325112867,0.0,0.3826834323650898,0.0
2.3348662853240967,3.85476412618193,-5.846097162456598,10.613215615337268,-1.0248334279787343,-0.7333798232734137,0.5538713435228373,0.0,50.0,20.0,1.0,0.0,0.0,0.0,-369.28932188134524,70.0,79.28932188134524,0.9238795325112867,0.0,0.3826834323650898,0.0
2.3648953437805176,3.742358080440742,-6.378167250805625,9.986535060729233,-1.1368125364864925,-0.589625996037241,0.4929873589762818,0.0,50.0,20.0,1.0,0.0,0.0,0.0,-369.28932188134524,70.0,79.28932188134524,0.9238795325112867,0.0,0.3826834323650898,0.0
2.3950893878936768,3.242253476241296,-6.980428955512798,10.453511337337046,-1.3262931261271373,-0.3960903957395277,0.4879657765596227,0.0,50.0,20.0,1.0,0.0,0.0,0.0,-369.28932188134524,70.0,79.28932188134524,0.9238795325112867,0.0,0.3826834323650898,0.0
2.4253172874450684,3.1389424447284475,-7.338912199483307,10.194987430518925,-1.1393908579347158,-0.28325121310849793,0.6643174145655124,0.0,50.0,20.0,1.0,0.0,0.0,0.0,-369.28932188134524,70.0,79.28932188134524,0.9238795325112867,0.0,0.3826834323650898,0.0
2.456367015838623,3.0620602192858826,-7.10938620320394,9.603903086658342,-1.1005524482012816,-0.24694641882626353,0.47463302742692015,0.0,50.0,20.0,1.0,0.0,0.0,0.0,-369.28932188134524,70.0,79.28932188134524,0.9238795325112867,0.0,0.3826834323650898,0.0
2.4860103130340576,3.0503394422379406,-7.3383731053625,9.17836334663952,-1.1961893581280785,-0.22193632302401867,0.6527609960875944,0.0,50.0,20.0,1.0,0.0,0.0,0.0,-369.28932188134524,70.0,79.28932188134524,0.9238795325112867,0.0,0.3826834323650898,0.0
2.516974687576294,2.827848292437869,-6.642082516559987,8.982348375347266,-1.057698297453212,-0.09928083980287089,0.7689218812323649,0.0,50.0,20.0,1.0,0.0,0.0,0.0,-369.28932188134524,70.0,79.28932188134524,0.9238795325112867,0.0,0.3826834323650898,0.0
2.568178653717041,3.0639401264887978,-7.01710117388322,8.678203341010162,-1.0192972290108757,-0.15838681549215525,0.6170828624658631,0.0,50.0,20.0,1.0,0.0,0.0,0.0,-369.28932188134524,70.0,79.28932188134524,0.9238795325112867,0.0,0.3826834323650898,0.0
2.578676223754883,2.612583860808395,-6.871616930510405,9.026615526621605,-0.9597570926437602,-0.1811436629864064,0.7277305313120923,0.0,50.0,20.0,1.0,0.0,0.0,0.0,-369.28932188134524,70.0,79.28932188134524,0.9238795325112867,0.0,0.3826834323650898,0.0
2.6095356941223145,1.9400589796109378,-6.657471402721692,9.506863980403386,-0.8610968169352443,-0.16747758510926927,0.6516139581855251,0.0,50.0,20.0,1.0,0.0,0.0,0.0,-369.28932188134524,70.0,79.28932188134524,0.9238795325112867,0.0,0.3826834323650898,0.0
2.6388189792633057,2.1726424294714763,-7.4497832635788575,9.601045811117027,-0.9388788525629331,-0.08717428934560059,0.6024723685162461,0.0,50.0,20.0,1.0,0.0,0.0,0.0,-369.28932188134524,70.0,79.28932188134524,0.9238795325112867,0.0,0.3826834323650898,0.0
2.6690948009490967,2.373549756389508,-7.52951041208915,9.637838757205872,-1.1061952059056432,-0.017424111550956384,0.41239560307182205,0.0,50.0,20.0,1.0,0.0,0.0,0.0,-369.28932188134524,70.0,79.28932188134524,0.9238795325112867,0.0,0.3826834323650898,0.0
2.7007462978363037,2.782930375164522,-8.248965685865484,10.345293335428137,-1.1689261885752495,0.021214144340984398,0.5441436931096941,0.0,50.0,20.0,1.0,0.0,0.0,0.0,-369.28932188134524,70.0,79.28932188134524,0.9238795325112867,0.0,0.3826834323650898,0.0
2.7305591106414795,2.519907380492512,-7.683162575975288,10.268128543188197,-1.1395542249919874,0.20968903724818122,0.4907869529539788,0.0,50.0,20.0,1.0,0.0,0.0,0.0,-369.28932188134524,70.0,79.28932188134524,0.9238795325112867,0.0,0.3826834323650898,0.0
2.760369062423706,2.7414446313666154,-7.4342715112218,11.040978325248776,-1.2847891402474656,0.08259646383707797,0.6227755621558067,0.0,50.0,20.0,1.0,0.0,0.0,0.0,-369.28932188134524,70.0,79.28932188134524,0.9238795325112867,0.0,0.3826834323650898,0.0
2.79048490524292,2.9295340254313547,-7.173579043316975,11.509181320487787,-1.4778373815160915,-0.03635603685335975,0.8183253829515496,0.0,50.0,20.0,1.0,0.0,0.0,0.0,-369.28932188134524,70.0,79.28932188134524,0.9238795325112867,0.0,0.3826834323650898,0.0
2.8206024169921875,2.6587118497564766,-7.967343877772805,12.304108888413545,-1.5,0.06882548343184364,0.7610984873671877,0.0,50.0,20.0,1.0,0.0,0.0,0.0,-369.28932188134524,70.0,79.28932188134524,0.9238795325112867,0.0,0.3826834323650898,0.0
2.852689266204834,3.045539374705189,-7.853684779163148,12.913086089135945,-1.3757901284568956,0.1289264501558942,0.7507886303283822,0.0,50.0,20.0,1.0,0.0,0.0,0.0,-369.28932188134524,70.0,79.28932188134524,0.9238795325112867,0.0,0.3826834323650898,0.0
2.8829519748687744,2.3683691067522394,-8.242544166320245,12.50957333802767,-1.220395967833376,0.19584893658785218,0.5693510532457674,0.0,50.0,20.0,1.0,0.0,0.0,0.0,-369.28932188134524,70.0,79.28932188134524,0.9238795325112867,0.0,0.3826834323650898,0.0
2.912862777709961,1.9853163459878391,-7.891967449561558,12.555850752943002,-1.2303466326861758,0.14085242758876726,0.7592186333498891,0.0,50.0,20.0,1.0,0.0,0.0,0.0,-369.28932188134524,70.0,79.28932188134524,0.9238795325112867,0.0,0.3826834323650898,0.0
2.9435362815856934,2.3728871001067584,-7.8595936892060925,12.088594766868976,-1.3222629219965898,-0.004812185511530176,0.9378729278674955,0.0,50.0,20.0,1.0,0.0,0.0,0.0,-369.28932188134524,70.0,79.28932188134524,0.9238795325112867,0.0,0.3826834323650898,0.0
2.9719059467315674,1.8660946534892162,-8.599692318749021,12.02500173268472,-1.2992601282032437,-0.10836844525693921,1.0550244328725609,0.0,50.0,20.0,1.0,0.0,0.0,0.0,-369.28932188134524,70.0,79.28932188134524,0.9238795325112867,0.0,0.3826834323650898,0.0
3.004973888397217,2.3207132238107278,-8.412824718384117,11.464356847761053,-1.353430842396881,-0.11033146013713623,0.9430561732329535,0.0,50.0,20.0,1.0,0.0,0.0,0.0,-369.28932188134524,70.0,79.28932188134524,0.9238795325112867,0.0,0.3826834323650898,0.0
3.034496545791626,2.3126030501791774,-7.661803420744392,11.107404214951647,-1.3489674979120228,0.05676929883642014,0.8653076573277971,0.0,50.0,20.0,1.0,0.0,0.0,0.0,-369.28932188134524,70.0,79.28932188134524,0.9238795325112867,0.0,0.3826834323650898,0.0
3.064504623413086,2.15238353191008,-8.019837463430088,10.91601334660188,-1.2238586416317399,0.017671285613859097,0.9510258963302021,0.0,50.0,20.0,1.0,0.0,0.0,0.0,-369.28932188134524,70.0,79.28932188134524,0.9238795325112867,0.0,0.3826834323650898,0.0
3.0944294929504395,1.410743007659894,-7.393836535747108,11.177728030438765,-1.2652163952570588,-0.047862542034689856,0.7524024313093978,0.0,50.0,20.0,1.0,0.0,0.0,0.0,-369.28932188134524,70.0,79.28932188134524,0.9238795325112867,0.0,0.3826834323650898,0.0
3.124408483505249,2.2083695137352852,-7.968603286611819,11.780936104581686,-1.377993956610295,-0.1556856880960183,0.8192100495551038,0.0,50.0,20.0,1.0,0.0,0.0,0.0,-369.28932188134524,70.0,79.28932188134524,0.9238795325112867,0.0,0.3826834323650898,0.0
3.1566970348358154,2.604224813928509,-8.238931726973535,12.2437115398916,-1.202501059054902,-0.020763309850814315,0.7954098003089106,0.0,50.0,20.0,1.0,0.0,0.0,0.0,-369.28932188134524,70.0,79.28932188134524,0.9238795325112867,0.0,0.3826834323650898,0.0
3.1865570545196533,3.130091366047311,-8.039376222118653,11.740583220853344,-1.047644183990558,-0.0749077021819474,0.9616692063836747,0.0,50.0,20.0,1.0,0.0,0.0,0.0,-369.28932188134524,70.0,79.28932188134524,0.9238795325112867,0.0,0.3826834323650898,0.0
3.216414451599121,2.972905996733175,-7.549970049635161,12.170912840793912,-1.1620558487115213,0.0027978993678911823,1.00366589678224,0.0,50.0,20.0,1.0,0.0,0.0,0.0,-369.28932188134524,70.0,79.28932188134524,0.9238795325112867,0.0,0.3826834323650898,0.0
3.2464489936828613,3.457333849490487,-7.97118634345349,12.076343629555435,-1.2790387280562254,-0.12293709079363507,0.8938221900844737,0.0,50.0,20.0,1.0,0.0,0.0,0.0,-369.28932188134524,70.0,79.28932188134524,0.9238795325112867,0.0,0.3826834323650898,0.0
3.276160717010498,4.116923231850958,-8.630520389096437,11.822684210995025,-1.1445227326578682,-0.3025601507528212,1.0380501664136923,0.0,50.0,20.0,1.0,0.0,0.0,0.0,-369.28932188134524,70.0,79.28932188134524,0.9238795325112867,0.0,0.3826834323650898,0.0
3.3082592487335205,3.825293230034807,-8.2662976465565,11.61957309440894,-1.0967521922988979,-0.15300904409341692,1.107907748308587,0.0,50.0,20.0,1.0,0.0,0.0,0.0,-369.28932188134524,70.0,79.28932188134524,0.9238795325112867,0.0,0.3826834323650898,0.0
3.3392233848571777,3.0255673251181374,-7.816655024131726,12.048395509816089,-1.1597891284987751,-0.1327568886801546,1.2128825786436446,0.0,50.0,20.0,1.0,0.0,0.0,0.0,-369.28932188134524,70.0,79.28932188134524,0.9238795325112867,0.0,0.3826834323650898,0.0
3.3681793212890625,2.315424407549277,-7.77616151317588,11.652911345494335,-1.0812424691622045,0.00285061158297803,1.043525330296673,0.0,50.0,20.0,1.0,0.0,0.0,0.0,-369.28932188134524,70.0,79.28932188134524,0.9238795325112867,0.0,0.3826834323650898,0.0
3.4002685546875,1.5379069521103395,-7.572420108646318,11.743519650112258,-1.0645499118706696,0.1872336291017815,0.8911793572409373,0.0,50.0,20.0,1.0,0.0,0.0,0.0,-369.28932188134524,70.0,79.28932188134524,0.9238795325112867,0.0,0.3826834323650898,0.0
3.431469678878784,1.5573440397203278,-8.048959322298685,11.548940638337651,-1.018424707325084,0.02063038619984911,0.8152224375792598,0.0,50.0,20.0,1.0,0.0,0.0,0.0,-369.28932188134524,70.0,79.28932188134524,0.9238795325112867,0.0,0.3826834323650898,0.0
3.4601802825927734,2.031457249842587,-7.853911956164644,11.65111237952549,-1.0440055524026308,0.00988284792311453,0.7102547476280026,0.0,50.0,20.0,1.0,0.0,0.0,0.0,-369.28932188134524,70.0,79.28932188134524,0.9238795325112867,0.0,0.3826834323650898,0.0
3.4911906719207764,2.6352955424586684,-8.537607911712643,12.417072561575095,-1.1508503290663454,-0.017573588864871786,0.5423272292074107,0.0,50.0,20.0,1.0,0.0,0.0,0.0,-369.28932188134524,70.0,79.28932188134524,0.9238795325112867,0.0,0.3826834323650898,0.0
3.521091938018799,2.105751122059745,-9.163921572378916,12.302158307976656,-1.1560608429944805,-0.09450742325237609,0.46203747629236896,0.0,50.0,20.0,1.0,0.0,0.0,0.0,-369.28932188134524,70.0,79.28932188134524,0.9238795325112867,0.0,0.3826834323650898,0.0
3.553004503250122,1.552104363903397,-8.531557063061875,11.998799039366578,-1.3206527741919347,-0.04812659785020555,0.6535736648461248,0.0,50.0,20.0,1.0,0.0,0.0,0.0,-369.28932188134524,70.0,79.28932188134524,0.9238795325112867,0.0,0.3826834323650898,0.0
3.583400011062622,0.9422386116482089,-8.493164107216725,11.257074301571386,-1.1660110776871249,0.047447480464608185,0.6717322916137533,0.0,50.0,20.0,1.0,0.0,0.0,0.0,-369.28932188134524,70.0,79.28932188134524,0.9238795325112867,0.0,0.3826834323650898,0.0
3.6159658432006836,1.5718206003173187,-7.817221732685379,10.970854392613617,-1.3492012730564975,0.17870057190169525,0.8347311173422612,0.0,50.0,20.0,1.0,0.0,0.0,0.0,-369.28932188134524,70.0,79.28932188134524,0.9238795325112867,0.0,0.3826834323650898,0.0
3.643169403076172,2.10847572497324,-7.437363615163853,11.051795527205806,-1.2845383616576047,0.10222750185825805,0.8598285793436101,0.0,50.0,20.0,1.0,0.0,0.0,0.0,-369.28932188134524,70.0,79.28932188134524,0.9238795325112867,0.0,0.3826834323650898,0.0
3.672926425933838,2.058057501959917,-6.801780254831953,10.36718770338946,-1.1013920920304274,-0.0747460933149362,0.9674971414560455,0.0,50.0,20.0,1.0,0.0,0.0,0.0,-369.28932188134524,70.0,79.28932188134524,0.9238795325112867,0.0,0.3826834323650898,0.0
3.705944061279297,2.8142466575030256,-6.858753058161716,10.669963883367103,-1.1088086128357346,0.012644272508104293,0.8268728533214462,0.0,50.0,20.0,1.0,0.0,0.0,0.0,-369.28932188134524,70.0,79.28932188134524,0.9238795325112867,0.0,0.3826834323650898,0.0
3.7351245880126953,3.0248705915006626,-7.33150719142262,10.981491851830564,-1.139901593818658,0.10683021171536222,0.8984893371331283,0.0,50.0,20.0,1.0,0.0,0.0,0.0,-369.28932188134524,70.0,79.28932188134524,0.9238795325112867,0.0,0.3826834323650898,0.0
3.7654402256011963,3.4810399590130605,-7.769264377647436,10.810720059311345,-1.0931793097703688,-0.028932284454443458,0.8992101819504187,0.0,50.0,20.0,1.0,0.0,0.0,0.0,-369.28932188134524,70.0,79.28932188134524,0.9238795325112867,0.0,0.3826834323650898,0.0
3.7943050861358643,4.154768877500372,-7.713978958401909,10.334406934055938,-0.9354476646076284,-0.1634649892124734,0.9135505501774419,0.0,50.0,20.0,1.0,0.0,0.0,0.0,-369.28932188134524,70.0,79.28932188134524,0.9238795325112867,0.0,0.3826834323650898,0.0
3.824277877807617,4.567470011478133,-8.48687414050523,9.615788466094378,-1.0281849228091515,-0.26778461356020306,1.1110073466979462,0.0,50.0,20.0,1.0,0.0,0.0,0.0,-369.28932188134524,70.0,79.28932188134524,0.9238795325112867,0.0,0.3826834323650898,0.0
3.857081174850464,5.192551103637454,-9.277131427124354,9.36498019046501,-0.8785050909052174,-0.2468625306265,1.1071396831825477,0.0,50.0,20.0,1.0,0.0,0.0,0.0,-369.28932188134524,70.0,79.28932188134524,0.9238795325112867,0.0,0.3826834323650898,0.0
3.8864634037017822,4.922544538612781,-9.223191711346722,8.701152000642752,-0.9445905043506,-0.44630164568338576,1.257065668283685,0.0,50.0,20.0,1.0,0.0,0.0,0.0,-369.28932188134524,70.0,79.28932188134524,0.9238795325112867,0.0,0.3826834323650898,0.0
3.916682004928589,5.182366021276506,-9.715840693628168,9.400792701975591,-0.9222771431828839,-0.5888321206578921,1.3642241595920925,0.0,50.0,20.0,1.0,0.0,0.0,0.0,-369.28932188134524,70.0,79.28932188134524,0.9238795325112867,0.0,0.3826834323650898,0.0
3.946244955062866,4.881266106832889,-10.1651353665813,9.186336602808293,-0.8340170716145335,-0.5996905031589428,1.311180264986049,0.0,50.0,20.0,1.0,0.0,0.0,0.0,-369.28932188134524,70.0,79.28932188134524,0.9238795325112867,0.0,0.3826834323650898,0.0
3.9760870933532715,4.596147895721729,-10.616085654307291,8.823215903370041,-0.7275023431177274,-0.7717260493370599,1.4083620464259474,0.0,50.0,20.0,1.0,0.0,0.0,0.0,-369.28932188134524,70.0,79.28932188134524,0.9238795325112867,0.0,0.3826834323650898,0.0
4.008622646331787,5.119370701274605,-10.953809288198475,9.304567484906547,-0.8645801495905306,-0.8328806583317264,1.4102271976434289,0.0,50.0,20.0,1.0,0.0,0.0,0.0,-369.28932188134524,70.0,79.28932188134524,0.9238795325112867,0.0,0.3826834323650898,0.0
4.03834867477417,4.7010077588505865,-10.731191797194734,8.853890434107766,-0.7200174344710953,-0.7028913616624946,1.5,0.0,50.0,20.0,1.0,0.0,0.0,0.0,-369.28932188134524,70.0,79.28932188134524,0.9238795325112867,0.0,0.3826834323650898,0.0
4.068426609039307,5.342805849288722,-10.976709735018158,9.172828418954843,-0.8045722645924342,-0.5706640715205815,1.4739388949910932,0.0,50.0,20.0,1.0,0.0,0.0,0.0,-369.28932188134524,70.0,79.28932188134524,0.9238795325112867,0.0,0.3826834323650898,0.0
4.101259469985962,4.892228941532455,-11.392061032347844,8.959341494444242,-0.9691820843173398,-0.5196061926546195,1.29239557040783,0.0,50.0,20.0,1.0,0.0,0.0,0.0,-369.28932188134524,70.0,79.28932188134524,0.9238795325112867,0.0,0.3826834323650898,0.0
4.130689382553101,5.643750246871736,-12.02696368516455,9.510427622949928,-1.0566336715992366,-0.3917878553320847,1.4855513083310181,0.0,50.0,20.0,1.0,0.0,0.0,0.0,-369.28932188134524,70.0,79.28932188134524,0.9238795325112867,0.0,0.3826834323650898,0.0
4.16038179397583,4.856710514135285,-11.808457076992548,10.240602269198959,-0.8926858354179452,-0.5302016105673211,1.5,0.0,50.0,20.0,1.0,0.0,0.0,0.0,-369.28932188134524,70.0,79.28932188134524,0.9238795325112867,0.0,0.3826834323650898,0.0
4.191202640533447,4.90002495437197,-12.500631537214733,10.681260555743666,-0.7678250760444147,-0.40677901760076285,1.5,0.0,50.0,20.0,1.0,0.0,0.0,0.0,-369.28932188134524,70.0,79.28932188134524,0.9238795325112867,0.0,0.3826834323650898,0.0
4.222413063049316,4.349957407044026,-13.0,10.86364221042982,-0.8326478504585236,-0.23390506391947402,1.3033329876529307,0.0,50.0,20.0,1.0,0.0,0.0,0.0,-369.28932188134524,70.0,79.28932188134524,0.9238795325112867,0.0,0.3826834323650898,0.0
4.254460573196411,4.266044417136119,-13.0,11.250308603955403,-0.7556255923116535,-0.1604124621318589,1.3620887229221585,0.0,50.0,20.0,1.0,0.0,0.0,0.0,-369.28932188134524,70.0,79.28932188134524,0.9238795325112867,0.0,0.3826834323650898,0.0
4.282568693161011,5.01857195137849,-12.491196199486941,11.604185608797534,-0.7399341334876869,-0.253121035960399,1.3295884536692577,0.0,50.0,20.0,1.0,0.0,0.0,0.0,-369.28932188134524,70.0,79.28932188134524,0.9238795325112867,0.0,0.3826834323650898,0.0
4.312479496002197,4.5309391676482935,-11.860907372303181,11.013249905792538,-0.830853364487095,-0.4210687346392616,1.2087170625330208,0.0,50.0,20.0,1.0,0.0,0.0,0.0,-369.28932188134524,70.0,79.28932188134524,0.9238795325112867,0.0,0.3826834323650898,0.0
4.342730522155762,4.095488767783784,-12.357307346958665,10.597814337561129,-0.8230667488085581,-0.5190542764868104,1.1348351717172442,0.0,50.0,20.0,1.0,0.0,0.0,0.0,-369.28932188134524,70.0,79.28932188134524,0.9238795325112867,0.0,0.3826834323650898,0.0
4.372686147689819,4.0256436711460655,-12.283913463871722,10.40922306407944,-0.9127721187554219,-0.46997269137471165,1.0644540421507793,0.0,50.0,20.0,1.0,0.0,0.0,0.0,-369.28932188134524,70.0,79.28932188134524,0.9238795325112867,0.0,0.3826834323650898,0.0
4.40481162071228,4.09043921335539,-12.786840699002711,11.125013941806483,-0.9938438409235864,-0.40773506387369074,1.1207193732882117,0.0,50.0,20.0,1.0,0.0,0.0,0.0,-369.28932188134524,70.0,79.28932188134524,0.9238795325112867,0.0,0.3826834323650898,0.0
4.433969259262085,4.324587476281434,-12.456728127559007,10.51456661157189,-1.027903412601305,-0.45160785534468034,0.9580631197573186,0.0,50.0,20.0,1.0,0.0,0.0,0.0,-369.28932188134524,70.0,79.28932188134524,0.9238795325112867,0.0,0.3826834323650898,0.0
4.465285301208496,3.541166439577131,-12.051031625431646,10.538867579734767,-1.1663655297529623,-0.37020520888062014,0.9685107654540985,0.0,50.0,20.0,1.0,0.0,0.0,0.0,-369.28932188134524,70.0,79.28932188134524,0.9238795325112867,0.0,0.3826834323650898,0.0
4.494343996047974,2.939046175829228,-11.476567775235129,11.008980526251683,-1.0641201707665302,-0.440947410928167,0.9168824938894916,0.0,50.0,20.0,1.0,0.0,0.0,0.0,-369.28932188134524,70.0,79.28932188134524,0.9238795325112867,0.0,0.3826834323650898,0.0
4.524463176727295,3.6482177189218117,-10.683507677981249,11.723103747789619,-0.9431022427466853,-0.44081266063145513,0.7649667540133631,0.0,50.0,20.0,1.0,0.0,0.0,0.0,-369.28932188134524,70.0,79.28932188134524,0.9238795325112867,0.0,0.3826834323650898,0.0
4.5563483238220215,3.1500693191388622,-10.642946471135575,11.178957618987946,-1.1317287968241185,-0.3647179687113364,0.9088845716565763,0.0,50.0,20.0,1.0,0.0,0.0,0.0,-369.28932188134524,70.0,79.28932188134524,0.9238795325112867,0.0,0.3826834323650898,0.0
4.586151599884033,2.414070617801144,-11.272485261315412,10.493816050129368,-1.233045131159235,-0.2889835324056325,0.8216950118246883,0.0,50.0,20.0,1.0,0.0,0.0,0.0,-369.28932188134524,70.0,79.28932188134524,0.9238795325112867,0.0,0.3826834323650898,0.0
4.61934232711792,3.188286607361054,-10.700683290727227,11.277936556304752,-1.2199885745143795,-0.1218601448791714,0.7785291858420276,0.0,50.0,20.0,1.0,0.0,0.0,0.0,-369.28932188134524,70.0,79.28932188134524,0.9238795325112867,0.0,0.3826834323650898,0.0
4.64758825302124,3.478424275761488,-10.165889190214894,10.997672204117787,-1.1175006236160279,-0.040149774756629786,0.8362943954836217,0.0,50.0,20.0,1.0,0.0,0.0,0.0,-369.28932188134524,70.0,79.28932188134524,0.9238795325112867,0.0,0.3826834323650898,0.0
4.676263093948364,3.1006047727284334,-10.825957340697608,10.453785991495733,-1.2362254972506015,-0.07388691075412979,0.8525693763561579,0.0,50.0,20.0,1.0,0.0,0.0,0.0,-369.28932188134524,70.0,79.28932188134524,0.9238795325112867,0.0,0.3826834323650898,0.0
4.709639549255371,2.601409370062508,-10.420339858008377,10.907646923160259,-1.151624287951845,-0.19344103718401756,0.8715199926655373,0.0,50.0,20.0,1.0,0.0,0.0,0.0,-369.28932188134524,70.0,79.28932188134524,0.9238795325112867,0.0,0.3826834323650898,0.0
4.738381385803223,3.214085040155372,-10.449385490479811,10.98038543749569,-1.0338760612980087,-0.23689674762686974,0.9916992653451304,0.0,50.0,20.0,1.0,0.0,0.0,0.0,-369.28932188134524,70.0,79.28932188134524,0.9238795325112867,0.0,0.3826834323650898,0.0
4.768385887145996,2.422557594044666,-9.709737403292394,10.22299466349769,-1.077336524696643,-0.2654499407538355,1.138385243471967,0.0,50.0,20.0,1.0,0.0,0.0,0.0,-369.28932188134524,70.0,79.28932188134524,0.9238795325112867,0.0,0.3826834323650898,0.0
4.800256013870239,2.322493664200829,-9.363747381486652,9.909698089834563,-1.2415923235489774,-0.34958737861463524,1.172527913600297,0.0,50.0,20.0,1.0,0.0,0.0,0.0,-369.28932188134524,70.0,79.28932188134524,0.9238795325112867,0.0,0.3826834323650898,0.0
4.830406427383423,3.1132163452115673,-8.890296158267773,9.547013467642646,-1.1374536364292769,-0.5401437091348471,1.3054815213299087,0.0,50.0,20.0,1.0,0.0,0.0,0.0,-369.28932188134524,70.0,79.28932188134524,0.9238795325112867,0.0,0.3826834323650898,0.0
4.8611907958984375,3.84316098640863,-9.634222901887886,9.330793829525955,-1.271001546010223,-0.633174374648004,1.2524766772018658,0.0,50.0,20.0,1.0,0.0,0.0,0.0,-369.28932188134524,70.0,79.28932188134524,0.9238795325112867,0.0,0.3826834323650898,0.0
4.891007900238037,3.7809292601800166,-9.067551400049643,9.737061520970771,-1.2931720861322176,-0.46650654442487277,1.1152096057506713,0.0,50.0,20.0,1.0,0.0,0.0,0.0,-369.28932188134524,70.0,79.28932188134524,0.9238795325112867,0.0,0.3826834323650898,0.0
4.920514822006226,4.134265981798915,-9.459654857902935,9.608813684235763,-1.1663645662040791,-0.5778711811404608,1.2563210277499286,0.0,50.0,20.0,1.0,0.0,0.0,0.0,-369.28932188134524,70.0,79.28932188134524,0.9238795325112867,0.0,0.3826834323650898,0.0
4.951966762542725,3.3988689291650074,-9.768664359070225,8.89960821281983,-1.1614626405837598,-0.4568733314148145,1.2497745619748168,0.0,50.0,20.0,1.0,0.0,0.0,0.0,-369.28932188134524,70.0,79.28932188134524,0.9238795325112867,0.0,0.3826834323650898,0.0
4.98244047164917,2.741799048894557,-10.292944146401187,9.614258625501787,-1.1781868697419027,-0.6227055821341481,1.42867018593041,0.0,50.0,20.0,1.0,0.0,0.0,0.0,-369.28932188134524,70.0,79.28932188134524,0.9238795325112867,0.0,0.3826834323650898,0.0
5.012532949447632,2.5397633587526256,-10.922914083576,9.777309961968502,-1.2316769302586243,-0.6013583291732232,1.4490467816668255,0.0,50.0,20.0,1.0,0.0,0.0,0.0,-369.28932188134524,70.0,79.28932188134524,0.9238795325112867,0.0,0.3826834323650898,0.0
