# Timestamp, Fx, Fy, Fz, Tx, Ty, Tz, FemurPosX, FemurPosY, FemurPosZ, FemurQuatW, FemurQuatX, FemurQuatY, FemurQuatZ, TibiaPosX, TibiaPosY, TibiaPosZ, TibiaQuatW, TibiaQuatX, TibiaQuatY, TibiaQuatZ
0.04264092445373535,9.95172768522298,-3.676778671156631,7.086827026678782,0.6967233076306283,1.806845909442773,-1.3635411009724454,0.0,50.0,20.0,1.0,0.0,0.0,0.0,-344.2448201670558,70.0,121.17387408685448,0.8025774913151549,0.0,0.5965478777384698,0.0
0.08383774757385254,10.318937415755736,-3.2968730146307945,6.828425593827304,0.5307570596181089,1.8307928011783567,-1.5188973983350949,0.0,50.0,20.0,1.0,0.0,0.0,0.0,-344.2448201670558,70.0,121.17387408685448,0.8025774913151549,0.0,0.5965478777384698,0.0
0.12446141242980957,10.661442565178032,-3.9092328532330667,7.106525703034376,0.5795651617573523,1.8044158025393868,-1.6806939742204114,0.0,50.0,20.0,1.0,0.0,0.0,0.0,-344.2448201670558,70.0,121.17387408685448,0.8025774913151549,0.0,0.5965478777384698,0.0
0.1654202938079834,10.197936836611817,-4.207450613135112,6.739142755637397,0.6862924661353496,1.913538495394566,-1.746486128742548,0.0,50.0,20.0,1.0,0.0,0.0,0.0,-344.2448201670558,70.0,121.17387408685448,0.8025774913151549,0.0,0.5965478777384698,0.0
0.20593833923339844,9.411602544239441,-3.448959014403561,7.237689511582829,0.5680933631562359,1.9161355805372506,-1.6426031864250643,0.0,50.0,20.0,1.0,0.0,0.0,0.0,-344.2448201670558,70.0,121.17387408685448,0.8025774913151549,0.0,0.5965478777384698,0.0
0.24635100364685059,8.872838435078265,-4.08488314723891,7.987331074137816,0.6488884681379465,1.718650376719732,-1.4791239077001308,0.0,50.0,20.0,1.0,0.0,0.0,0.0,-344.2448201670558,70.0,121.17387408685448,0.8025774913151549,0.0,0.5965478777384698,0.0
0.28690671920776367,8.187573559529518,-3.976212767353213,7.583234329544918,0.6205660856226803,1.9041490346417698,-1.461270238549309,0.0,50.0,20.0,1.0,0.0,0.0,0.0,-344.2448201670558,70.0,121.17387408685448,0.8025774913151549,0.0,0.5965478777384698,0.0
0.32709431648254395,8.378943337340424,-3.827341996905924,7.094587222809827,0.5714559811041506,1.9078278858084006,-1.4885360722454497,0.0,50.0,20.0,1.0,0.0,0.0,0.0,-344.2448201670558,70.0,121.17387408685448,0.8025774913151549,0.0,0.5965478777384698,0.0
0.3675048351287842,7.79253488528217,-4.5536929383269396,7.179067282954894,0.6287971723457064,2.0650122596007283,-1.3476205271153394,0.0,50.0,20.0,1.0,0.0,0.0,0.0,-344.2448201670558,70.0,121.17387408685448,0.8025774913151549,0.0,0.5965478777384698,0.0
0.40847063064575195,7.393107464769188,-5.045332333311147,7.168505032157545,0.6812994263850883,2.258588979611734,-1.1975197890800282,0.0,50.0,20.0,1.0,0.0,0.0,0.0,-344.2448201670558,70.0,121.17387408685448,0.8025774913151549,0.0,0.5965478777384698,0.0
0.44788098335266113,7.689920238959523,-5.287510029970819,7.414610551541108,0.8505417792656138,2.3198082935972963,-1.3809523478565597,0.0,50.0,20.0,1.0,0.0,0.0,0.0,-344.2448201670558,70.0,121.17387408685448,0.8025774913151549,0.0,0.5965478777384698,0.0
0.4887723922729492,7.277198713041125,-5.831497493772652,7.296001528530257,0.6944950301630143,2.3822497566511336,-1.4377002727114558,0.0,50.0,20.0,1.0,0.0,0.0,0.0,-344.2448201670558,70.0,121.17387408685448,0.8025774913151549,0.0,0.5965478777384698,0.0
0.5294139385223389,7.73217555282165,-5.062391725537927,8.040198916737065,0.497276187642034,2.3528106394937667,-1.4433046379064798,0.0,50.0,20.0,1.0,0.0,0.0,0.0,-344.2448201670558,70.0,121.17387408685448,0.8025774913151549,0.0,0.5965478777384698,0.0
0.5692958831787109,8.168283794243276,-4.613579754405799,7.583075937676561,0.637919670190235,2.470139908614784,-1.3570234992846015,0.0,50.0,20.0,1.0,0.0,0.0,0.0,-344.2448201670558,70.0,121.17387408685448,0.8025774913151549,0.0,0.5965478777384698,0.0
0.6092739105224609,8.048716985398032,-3.8964092464202897,7.74862847974303,0.48882350226233395,2.4624238272848573,-1.4835058288672054,0.0,50.0,20.0,1.0,0.0,0.0,0.0,-344.2448201670558,70.0,121.17387408685448,0.8025774913151549,0.0,0.5965478777384698,0.0
0.649735689163208,7.667246526664184,-3.9751505117587236,8.519425423870175,0.519405898896926,2.5,-1.5144553015447453,0.0,50.0,20.0,1.0,0.0,0.0,0.0,-344.2448201670558,70.0,121.17387408685448,0.8025774913151549,0.0,0.5965478777384698,0.0
0.6903033256530762,8.338200719858746,-4.638855635074795,9.265259894406748,0.33666237730647475,2.460672172100512,-1.6581433452063097,0.0,50.0,20.0,1.0,0.0,0.0,0.0,-344.2448201670558,70.0,121.17387408685448,0.8025774913151549,0.0,0.5965478777384698,0.0
0.7306327819824219,8.21554728533465,-5.171510937654919,9.853566772750984,0.49696658419232487,2.3397874003853505,-1.4882771789356495,0.0,50.0,20.0,1.0,0.0,0.0,0.0,-344.2448201670558,70.0,121.17387408685448,0.8025774913151549,0.0,0.5965478777384698,0.0
0.7926936149597168,7.6322096423989,-5.701379113572425,10.235260525307691,0.5803493644112967,2.1747821895834956,-1.2938556013705504,0.0,50.0,20.0,1.0,0.0,0.0,0.0,-344.2448201670558,70.0,121.17387408685448,0.8025774913151549,0.0,0.5965478777384698,0.0
0.8369147777557373,8.243789949431767,-6.136466605872816,9.875231664288703,0.5004113972314894,2.371662883285702,-1.4043747403548548,0.0,50.0,20.0,1.0,0.0,0.0,0.0,-344.2448201670558,70.0,121.17387408685448,0.8025774913151549,0.0,0.5965478777384698,0.0
0.8783340454101562,8.593689445916217,-6.806432921112036,10.14560479512896,0.4822370191788568,2.3667260415902605,-1.2745998888352097,0.0,50.0,20.0,1.0,0.0,0.0,0.0,-344.2448201670558,70.0,121.17387408685448,0.8025774913151549,0.0,0.5965478777384698,0.0
0.9194338321685791,9.042518197385842,-7.110053032982548,9.350981160065448,0.3258340470207154,2.3185393141531794,-1.2837852129889258,0.0,50.0,20.0,1.0,0.0,0.0,0.0,-344.2448201670558,70.0,121.17387408685448,0.8025774913151549,0.0,0.5965478777384698,0.0
0.9642806053161621,9.182324009992458,-7.45780839072524,8.76805814674385,0.19468725749031907,2.3297017656892964,-1.3088025189632475,0.0,50.0,20.0,1.0,0.0,0.0,0.0,-344.2448201670558,70.0,121.17387408685448,0.8025774913151549,0.0,0.5965478777384698,0.0
1.0063769817352295,9.42926754633995,-7.664795180923665,9.047161369245298,-0.6987520793001512,2.3828708859266063,-2.0694181909891474,0.0,50.0,20.0,1.0,0.0,0.0,0.0,-344.2448201670558,70.0,121.17387408685448,0.8025774913151549,0.0,0.5965478777384698,0.0
1.0476219654083252,9.169422966080443,-7.788299662644389,8.307001482928413,-0.8220293982527876,2.309531481224455,-2.031159001495634,0.0,50.0,20.0,1.0,0.0,0.0,0.0,-344.2448201670558,70.0,121.17387408685448,0.8025774913151549,0.0,0.5965478777384698,0.0
1.0876882076263428,8.809015967252734,-8.266066487325794,7.783188775438308,-0.8893838504867787,2.1280016934778843,-1.8991656861992112,0.0,50.0,20.0,1.0,0.0,0.0,0.0,-344.2448201670558,70.0,121.17387408685448,0.8025774913151549,0.0,0.5965478777384698,0.0
1.1277992725372314,8.286589913941885,-8.081112535075864,7.876665866035197,-1.037705678718846,2.22997233415172,-1.7569287738116146,0.0,50.0,20.0,1.0,0.0,0.0,0.0,-344.2448201670558,70.0,121.17387408685448,0.8025774913151549,0.0,0.5965478777384698,0.0
1.1678049564361572,8.907377789301782,-8.827982285146984,7.771034700291813,-1.1625778434198761,2.0604658587957405,-1.8366260636949123,0.0,50.0,20.0,1.0,0.0,0.0,0.0,-344.2448201670558,70.0,121.17387408685448,0.8025774913151549,0.0,0.5965478777384698,0.0
1.2077035903930664,8.994350645583824,-8.501078491574019,8.398352817166248,-1.2298148862746947,2.1120769083305175,-1.8551952018476512,0.0,50.0,20.0,1.0,0.0,0.0,0.0,-344.2448201670558,70.0,121.17387408685448,0.8025774913151549,0.0,0.5965478777384698,0.0
1.2472774982452393,8.339222379527419,-7.81073787743033,8.679294778597576,-1.2007275138134605,2.2918141966862455,-1.9314864820229825,0.0,50.0,20.0,1.0,0.0,0.0,0.0,-344.2448201670558,70.0,121.17387408685448,0.8025774913151549,0.0,0.5965478777384698,0.0
1.2878305912017822,7.901781218249276,-7.674568976990514,7.918295978543943,-1.3302649792931551,2.2691920959737626,-2.0195479980348834,0.0,50.0,20.0,1.0,0.0,0.0,0.0,-344.2448201670558,70.0,121.17387408685448,0.8025774913151549,0.0,0.5965478777384698,0.0
1.3280205726623535,7.525514428549197,-7.1070485878682925,8.092688977916989,-1.200612513295496,2.121042021502093,-1.8689567109290088,0.0,50.0,20.0,1.0,0.0,0.0,0.0,-344.2448201670558,70.0,121.17387408685448,0.8025774913151549,0.0,0.5965478777384698,0.0
1.368398904800415,7.249227072092774,-7.050279797354201,8.828555160675375,-1.113585781126538,2.2974208227812474,-1.7207747721469497,0.0,50.0,20.0,1.0,0.0,0.0,0.0,-344.2448201670558,70.0,121.17387408685448,0.8025774913151549,0.0,0.5965478777384698,0.0
1.4089775085449219,7.768649457081178,-6.884594567005981,9.12849489341377,-0.9505793607891849,2.2302643752482045,-1.7233694065595637,0.0,50.0,20.0,1.0,0.0,0.0,0.0,-344.2448201670558,70.0,121.17387408685448,0.8025774913151549,0.0,0.5965478777384698,0.0
1.4490323066711426,7.739828923826427,-6.717298991752725,8.409281811805569,-0.9497043264619907,2.234549455464162,-1.580080691461945,0.0,50.0,20.0,1.0,0.0,0.0,0.0,-344.2448201670558,70.0,121.17387408685448,0.8025774913151549,0.0,0.5965478777384698,0.0
1.4894752502441406,7.741016766928026,-6.066603052590974,7.979305716543094,-0.7878742283698561,2.1798038401766457,-1.5420661578238795,0.0,50.0,20.0,1.0,0.0,0.0,0.0,-344.2448201670558,70.0,121.17387408685448,0.8025774913151549,0.0,0.5965478777384698,0.0
1.5298845767974854,7.5182253997378385,-6.425127686107012,8.749558747141945,-0.7308129193860315,2.247363828428048,-1.6766309244238013,0.0,50.0,20.0,1.0,0.0,0.0,0.0,-344.2448201670558,70.0,121.17387408685448,0.8025774913151549,0.0,0.5965478777384698,0.0
1.5707437992095947,8.246756933795126,-6.068663367192009,8.25422839632423,-0.8940177649124779,2.14414822783015,-1.5048173093825383,0.0,50.0,20.0,1.0,0.0,0.0,0.0,-344.2448201670558,70.0,121.17387408685448,0.8025774913151549,0.0,0.5965478777384698,0.0
1.6123418807983398,7.8422863160391625,-5.881630250287935,7.903465829653662,-1.0404954421609924,2.210497816557417,-1.4553299760619163,0.0,50.0,20.0,1.0,0.0,0.0,0.0,-344.2448201670558,70.0,121.17387408685448,0.8025774913151549,0.0,0.5965478777384698,0.0
1.653808832168579,7.435399826521165,-6.183030716458015,7.651818410141388,-1.0770510017915258,2.129005393342234,-1.432627757907841,0.0,50.0,20.0,1.0,0.0,0.0,0.0,-344.2448201670558,70.0,121.17387408685448,0.8025774913151549,0.0,0.5965478777384698,0.0
1.6941921710968018,6.915357216060039,-6.588551074864068,7.109538185415853,-0.9769117207523805,2.285783346663188,-1.3887539013069865,0.0,50.0,20.0,1.0,0.0,0.0,0.0,-344.2448201670558,70.0,121.17387408685448,0.8025774913151549,0.0,0.5965478777384698,0.0
1.7339394092559814,7.48407253031315,-7.330783098247151,7.089664946353312,-1.0458358698840189,2.442300438934445,-1.4716019632475013,0.0,50.0,20.0,1.0,0.0,0.0,0.0,-344.2448201670558,70.0,121.17387408685448,0.8025774913151549,0.0,0.5965478777384698,0.0
1.77406907081604,8.171847148653507,-8.021664940658898,6.476593562742064,-0.8708604995541653,2.5,-1.5153533512451443,0.0,50.0,20.0,1.0,0.0,0.0,0.0,-344.2448201670558,70.0,121.17387408685448,0.8025774913151549,0.0,0.5965478777384698,0.0
1.8140804767608643,8.025359467332478,-8.204061500047848,6.801532739643772,-0.9944222640380113,2.5,-1.7019433304071416,0.0,50.0,20.0,1.0,0.0,0.0,0.0,-344.2448201670558,70.0,121.17387408685448,0.8025774913151549,0.0,0.5965478777384698,0.0
1.8542404174804688,7.368614362251924,-7.99588433434552,6.275246819178288,-1.14663427369594,2.5,-1.6981498105011836,0.0,50.0,20.0,1.0,0.0,0.0,0.0,-344.2448201670558,70.0,121.17387408685448,0.8025774913151549,0.0,0.5965478777384698,0.0
1.894026279449463,6.5773970922271445,-8.40541011940423,5.9824917715690935,-1.036048366978867,2.5,-1.5571408991137536,0.0,50.0,20.0,1.0,0.0,0.0,0.0,-344.2448201670558,70.0,121.17387408685448,0.8025774913151549,0.0,0.5965478777384698,0.0
1.9348201751708984,6.227309788844911,-8.684081566763794,6.53722061666557,-0.9169822430823551,2.371138087455985,-1.459759995388706,0.0,50.0,20.0,1.0,0.0,0.0,0.0,-344.2448201670558,70.0,121.17387408685448,0.8025774913151549,0.0,0.5965478777384698,0.0
1.9786913394927979,5.678483739716016,-7.904853113328728,6.036232411084202,-0.8228269050295594,2.3848821503793065,-1.5011434393332603,0.0,50.0,20.0,1.0,0.0,0.0,0.0,-344.2448201670558,70.0,121.17387408685448,0.8025774913151549,0.0,0.5965478777384698,0.0
2.0201776027679443,5.594391221480965,-7.53338007657727,6.431146111894012,-0.9246406772175096,2.3052847175589153,-1.3391314983853908,0.0,50.0,20.0,1.0,0.0,0.0,0.0,-344.2448201670558,70.0,121.17387408685448,0.8025774913151549,0.0,0.5965478777384698,0.0
2.061063766479492,6.114879798147736,-7.801720402435411,6.24302145506624,-0.7906836748143353,2.3293061529902466,-1.3800732311451571,0.0,50.0,20.0,1.0,0.0,0.0,0.0,-344.2448201670558,70.0,121.17387408685448,0.8025774913151549,0.0,0.5965478777384698,0.0
2.101451873779297,5.639907297473329,-7.354032890125559,5.838991424291296,-0.6271453147043257,2.433077640235655,-1.2504535222372801,0.0,50.0,20.0,1.0,0.0,0.0,0.0,-344.2448201670558,70.0,121.17387408685448,0.8025774913151549,0.0,0.5965478777384698,0.0
2.1419565677642822,5.468570490300029,-6.673361567664243,5.737174566788492,-0.8105820439096374,2.5,-1.0508928317347161,0.0,50.0,20.0,1.0,0.0,0.0,0.0,-344.2448201670558,70.0,121.17387408685448,0.8025774913151549,0.0,0.5965478777384698,0.0
2.1821913719177246,6.1284423860941075,-6.681026271462934,5.020029460465073,-0.8338193344140648,2.4786465916189444,-1.1298347424692274,0.0,50.0,20.0,1.0,0.0,0.0,0.0,-344.2448201670558,70.0,121.17387408685448,0.8025774913151549,0.0,0.5965478777384698,0.0
2.221845865249634,5.917101709216069,-6.560777106520454,5.714805967555856,-0.9804048244570699,2.446364530228424,-1.1497364334591094,0.0,50.0,20.0,1.0,0.0,0.0,0.0,-344.2448201670558,70.0,121.17387408685448,0.8025774913151549,0.0,0.5965478777384698,0.0
2.2617316246032715,5.641178679767354,-7.047705960059939,5.941044963415709,-0.9034705766341584,2.285749015438669,-1.3340603627878818,0.0,50.0,20.0,1.0,0.0,0.0,0.0,-344.2448201670558,70.0,121.17387408685448,0.8025774913151549,0.0,0.5965478777384698,0.0
2.301591634750366,5.02251771383913,-7.13768221613343,5.98887869267052,-1.0747426804594584,2.1741951580677292,-1.5159003546250178,0.0,50.0,20.0,1.0,0.0,0.0,0.0,-344.2448201670558,70.0,121.17387408685448,0.8025774913151549,0.0,0.5965478777384698,0.0
2.341691732406616,5.304792801424686,-6.599809211071117,5.340642014272787,-0.9582531173368536,2.3146012453017244,-1.510741176920754,0.0,50.0,20.0,1.0,0.0,0.0,0.0,-344.2448201670558,70.0,121.17387408685448,0.8025774913151549,0.0,0.5965478777384698,0.0
2.3827857971191406,4.783300487064441,-6.090964584147169,5.497329942879175,-1.108144048126961,2.3048312672137823,-1.5048391119133409,0.0,50.0,20.0,1.0,0.0,0.0,0.0,-344.2448201670558,70.0,121.17387408685448,0.8025774913151549,0.0,0.5965478777384698,0.0
2.423025608062744,4.563714552331367,-5.862719870504133,5.409177120228796,-1.1370541906179044,2.2132504034886815,-1.378381550147242,0.0,50.0,20.0,1.0,0.0,0.0,0.0,-344.2448201670558,70.0,121.17387408685448,0.8025774913151549,0.0,0.5965478777384698,0.0
2.463449239730835,3.795128869351251,-6.481195921230631,4.719839360162564,-1.2803464604565775,2.055409900862586,-1.3793473575678088,0.0,50.0,20.0,1.0,0.0,0.0,0.0,-344.2448201670558,70.0,121.17387408685448,0.8025774913151549,0.0,0.5965478777384698,0.0
2.5042526721954346,4.577218010192852,-5.9709970969276736,4.453683207678001,-1.3666309272021684,1.8692556093670425,-1.5473906786743012,0.0,50.0,20.0,1.0,0.0,0.0,0.0,-344.2448201670558,70.0,121.17387408685448,0.8025774913151549,0.0,0.5965478777384698,0.0
2.544316530227661,4.614981473939944,-5.562035990195152,5.049417554057162,-1.4143300226579578,1.7046502792596214,-1.4478252106389506,0.0,50.0,20.0,1.0,0.0,0.0,0.0,-344.2448201670558,70.0,121.17387408685448,0.8025774913151549,0.0,0.5965478777384698,0.0
2.5859310626983643,3.911193620678448,-5.042915261278486,4.652163923391648,-1.2266481643163951,1.8352539433241573,-1.6355935243518425,0.0,50.0,20.0,1.0,0.0,0.0,0.0,-344.2448201670558,70.0,121.17387408685448,0.8025774913151549,0.0,0.5965478777384698,0.0
2.6303789615631104,4.673809280986687,-4.332185384577214,3.9112634170667673,-1.3925003739258088,1.9313917829349947,-1.5013728266350255,0.0,50.0,20.0,1.0,0.0,0.0,0.0,-344.2448201670558,70.0,121.17387408685448,0.8025774913151549,0.0,0.5965478777384698,0.0
2.6720211505889893,5.000642314368876,-4.4968386748470754,3.2123072393447254,-1.484430788638138,1.8838915552836548,-1.3903960873335643,0.0,50.0,20.0,1.0,0.0,0.0,0.0,-344.2448201670558,70.0,121.17387408685448,0.8025774913151549,0.0,0.5965478777384698,0.0
2.712867259979248,4.311234786003906,-4.82998286894347,3.858127932477077,-1.3836225036820728,1.9578797858499157,-1.5159775926435677,0.0,50.0,20.0,1.0,0.0,0.0,0.0,-344.2448201670558,70.0,121.17387408685448,0.8025774913151549,0.0,0.5965478777384698,0.0
2.752913236618042,4.684868831745006,-4.257237785928568,3.4808501462419663,-1.4233757324188712,2.019330997850049,-1.487652048151286,0.0,50.0,20.0,1.0,0.0,0.0,0.0,-344.2448201670558,70.0,121.17387408685448,0.8025774913151549,0.0,0.5965478777384698,0.0
2.794004440307617,5.456934594962441,-3.5027634232289095,4.19342730865477,-1.295705378247682,2.140925110308862,-1.6846053111323973,0.0,50.0,20.0,1.0,0.0,0.0,0.0,-344.2448201670558,70.0,121.17387408685448,0.8025774913151549,0.0,0.5965478777384698,0.0
2.838685989379883,5.715859203829449,-3.962663692508358,3.459073742640988,-1.3697163320258663,2.2752178016112947,-1.7316557386453013,0.0,50.0,20.0,1.0,0.0,0.0,0.0,-344.2448201670558,70.0,121.17387408685448,0.8025774913151549,0.0,0.5965478777384698,0.0
2.8803975582122803,5.91241114204084,-4.574576186832498,3.9589214650672355,-1.2222835104931395,2.2051649835229115,-1.5941674091561913,0.0,50.0,20.0,1.0,0.0,0.0,0.0,-344.2448201670558,70.0,121.17387408685448,0.8025774913151549,0.0,0.5965478777384698,0.0
2.9220468997955322,5.376142297524549,-4.90546970825834,3.9007187783808446,-1.063932555110514,2.272965094480674,-1.5443820732825762,0.0,50.0,20.0,1.0,0.0,0.0,0.0,-344.2448201670558,70.0,121.17387408685448,0.8025774913151549,0.0,0.5965478777384698,0.0
2.971426486968994,5.716639799567037,-5.353240376570436,4.079884293529217,-0.9447256007004121,2.3283592628938097,-1.5433411503695662,0.0,50.0,20.0,1.0,0.0,0.0,0.0,-344.2448201670558,70.0,121.17387408685448,0.8025774913151549,0.0,0.5965478777384698,0.0
3.0134756565093994,5.177059789690656,-5.2011118754317875,4.642807037897658,-0.8039716174766047,2.357920244227167,-1.5852557037589485,0.0,50.0,20.0,1.0,0.0,0.0,0.0,-344.2448201670558,70.0,121.17387408685448,0.8025774913151549,0.0,0.5965478777384698,0.0
3.054126024246216,5.381918117116209,-5.47138133301561,4.260796804686196,-0.7372271694060505,2.2079254990645585,-1.7737691352090603,0.0,50.0,20.0,1.0,0.0,0.0,0.0,-344.2448201670558,70.0,121.17387408685448,0.8025774913151549,0.0,0.5965478777384698,0.0
3.094170570373535,4.961054575164891,-4.67486220835662,3.5253795925080755,-0.825381329651323,2.3399235055652636,-1.9055813097547147,0.0,50.0,20.0,1.0,0.0,0.0,0.0,-344.2448201670558,70.0,121.17387408685448,0.8025774913151549,0.0,0.5965478777384698,0.0
3.1353464126586914,5.48963013711107,-5.115774443565168,3.2344396928398567,-0.7951844549135411,2.306486992871204,-1.9678624033206529,0.0,50.0,20.0,1.0,0.0,0.0,0.0,-344.2448201670558,70.0,121.17387408685448,0.8025774913151549,0.0,0.5965478777384698,0.0
3.1758511066436768,6.072347024540187,-4.909876547655193,3.4295945488425,-0.8407764643923116,2.2385399576873395,-1.8097076702701373,0.0,50.0,20.0,1.0,0.0,0.0,0.0,-344.2448201670558,70.0,121.17387408685448,0.8025774913151549,0.0,0.5965478777384698,0.0
3.2155301570892334,6.327060928480312,-4.464689445984317,3.095005185418081,-0.9380461886356981,2.2993226695568296,-1.931625834414607,0.0,50.0,20.0,1.0,0.0,0.0,0.0,-344.2448201670558,70.0,121.17387408685448,0.8025774913151549,0.0,0.5965478777384698,0.0
3.2554373741149902,6.144747275212141,-4.728838323490787,3.0243509277802456,-0.8169329735579411,2.434239194153762,-2.099768884819952,0.0,50.0,20.0,1.0,0.0,0.0,0.0,-344.2448201670558,70.0,121.17387408685448,0.8025774913151549,0.0,0.5965478777384698,0.0
3.2950973510742188,6.20391580684309,-4.475811010449478,2.7854552706021733,-1.0000518513893208,2.3365617641528362,-2.0719311159461293,0.0,50.0,20.0,1.0,0.0,0.0,0.0,-344.2448201670558,70.0,121.17387408685448,0.8025774913151549,0.0,0.5965478777384698,0.0
3.3346173763275146,6.7946969310029806,-3.787761705248684,3.1755064810539486,-0.8608595786257234,2.284627681664942,-1.8766955844162903,0.0,50.0,20.0,1.0,0.0,0.0,0.0,-344.2448201670558,70.0,121.17387408685448,0.8025774913151549,0.0,0.5965478777384698,0.0
3.375253677368164,7.295046246859528,-3.482344265663438,3.8636727143330614,-0.6654825141550769,2.125154014150076,-1.7676341381649956,0.0,50.0,20.0,1.0,0.0,0.0,0.0,-344.2448201670558,70.0,121.17387408685448,0.8025774913151549,0.0,0.5965478777384698,0.0
3.4160408973693848,7.957026912129139,-3.200489987400214,3.502092813680761,-0.8265919350678912,2.0846248720218794,-1.7033771542216953,0.0,50.0,20.0,1.0,0.0,0.0,0.0,-344.2448201670558,70.0,121.17387408685448,0.8025774913151549,0.0,0.5965478777384698,0.0
3.4572386741638184,8.713641424831996,-3.433787278564232,3.2564026992522734,-0.7129296977824935,2.211357998107669,-1.5242631442097179,0.0,50.0,20.0,1.0,0.0,0.0,0.0,-344.2448201670558,70.0,121.17387408685448,0.8025774913151549,0.0,0.5965478777384698,0.0
3.5755162239074707,8.583236387563156,-2.8937882519152223,2.573918989342348,-0.8361090566567301,2.047988627179576,-1.6236760160836545,0.0,50.0,20.0,1.0,0.0,0.0,0.0,-344.2448201670558,70.0,121.17387408685448,0.8025774913151549,0.0,0.5965478777384698,0.0
3.6194889545440674,8.232205163080886,-2.775997211716188,2.336367207760742,-0.9772131164850266,2.0799404259374237,-1.5950263487276612,0.0,50.0,20.0,1.0,0.0,0.0,0.0,-344.2448201670558,70.0,121.17387408685448,0.8025774913151549,0.0,0.5965478777384698,0.0
3.6637120246887207,7.442706156712567,-2.8999304389839087,3.056606804058151,-0.8010986305001662,2.117925132897868,-1.7792593437248834,0.0,50.0,20.0,1.0,0.0,0.0,0.0,-344.2448201670558,70.0,121.17387408685448,0.8025774913151549,0.0,0.5965478777384698,0.0
3.7085816860198975,8.216061300415651,-2.126931347807469,2.7945316991750184,-0.8102328612697697,2.0584247976305434,-1.5849106723095794,0.0,50.0,20.0,1.0,0.0,0.0,0.0,-344.2448201670558,70.0,121.17387408685448,0.8025774913151549,0.0,0.5965478777384698,0.0
3.7526328563690186,8.739184482207648,-2.0696881153384368,2.1809209741639455,-0.6643779765941539,2.054247859328951,-1.395460811126971,0.0,50.0,20.0,1.0,0.0,0.0,0.0,-344.2448201670558,70.0,121.17387408685448,0.8025774913151549,0.0,0.5965478777384698,0.0
3.797544240951538,8.981156754220452,-1.487955895969945,1.7942212272483409,-0.6520749737706399,1.9373073158633256,-1.3968040376371198,0.0,50.0,20.0,1.0,0.0,0.0,0.0,-344.2448201670558,70.0,121.17387408685448,0.8025774913151549,0.0,0.5965478777384698,0.0
3.8413209915161133,9.618989212009893,-2.180044574769612,1.4131083863596825,-0.743654642527765,1.9358478091743758,-1.2337654458477367,0.0,50.0,20.0,1.0,0.0,0.0,0.0,-344.2448201670558,70.0,121.17387408685448,0.8025774913151549,0.0,0.5965478777384698,0.0
3.8852996826171875,9.84798146862129,-2.1898380652139555,1.7936237348652995,-0.669446789515727,2.0088910130914317,-1.1135690303630703,0.0,50.0,20.0,1.0,0.0,0.0,0.0,-344.2448201670558,70.0,121.17387408685448,0.8025774913151549,0.0,0.5965478777384698,0.0
3.929982900619507,10.109070279127188,-2.750605890552804,1.5555833245841084,-0.5471881348437886,1.9577378179164189,-1.2685913891691412,0.0,50.0,20.0,1.0,0.0,0.0,0.0,-344.2448201670558,70.0,121.17387408685448,0.8025774913151549,0.0,0.5965478777384698,0.0
3.977174997329712,10.21309056183461,-3.2689555178176724,1.1536150503560734,-0.7041944580673055,2.0207076112573197,-1.3209397827435128,0.0,50.0,20.0,1.0,0.0,0.0,0.0,-344.2448201670558,70.0,121.17387408685448,0.8025774913151549,0.0,0.5965478777384698,0.0
4.021174430847168,9.700202704824223,-2.7992619449051257,1.8390502383544598,-0.6194328118250186,1.9014851746689092,-1.1981143807499748,0.0,50.0,20.0,1.0,0.0,0.0,0.0,-344.2448201670558,70.0,121.17387408685448,0.8025774913151549,0.0,0.5965478777384698,0.0
4.065726041793823,9.203592017411177,-3.4257451936596017,2.2501345344434247,-0.5354393764976175,1.898283797276004,-1.0920675451141395,0.0,50.0,20.0,1.0,0.0,0.0,0.0,-344.2448201670558,70.0,121.17387408685448,0.8025774913151549,0.0,0.5965478777384698,0.0
4.109970331192017,8.69826328090165,-3.1521767972477885,2.670974245856212,-0.5696674250276257,1.9430684117128545,-1.1254997161941795,0.0,50.0,20.0,1.0,0.0,0.0,0.0,-344.2448201670558,70.0,121.17387408685448,0.8025774913151549,0.0,0.5965478777384698,0.0
4.154318571090698,8.682872091013044,-2.646290273952804,2.0514129100974055,-0.7171386492989676,1.7835303288108453,-1.0314071581823403,0.0,50.0,20.0,1.0,0.0,0.0,0.0,-344.2448201670558,70.0,121.17387408685448,0.8025774913151549,0.0,0.5965478777384698,0.0
4.198502063751221,9.04040779393872,-1.8463473468010791,2.4179830064198558,-0.664559474509779,1.8600131628993395,-0.8929223930018271,0.0,50.0,20.0,1.0,0.0,0.0,0.0,-344.2448201670558,70.0,121.17387408685448,0.8025774913151549,0.0,0.5965478777384698,0.0
4.2421019077301025,9.653193378679541,-1.8983506009570845,2.3114657153769818,-0.509404249536543,1.7400871911720495,-1.066701724127995,0.0,50.0,20.0,1.0,0.0,0.0,0.0,-344.2448201670558,70.0,121.17387408685448,0.8025774913151549,0.0,0.5965478777384698,0.0
4.2859790325164795,10.293047122650398,-2.5541233972836666,2.212162526929821,-0.37318894625559335,1.5532782710872777,-1.1536548507172388,0.0,50.0,20.0,1.0,0.0,0.0,0.0,-344.2448201670558,70.0,121.17387408685448,0.8025774913151549,0.0,0.5965478777384698,0.0
4.33016562461853,9.604223871133144,-2.908670127349537,2.5160161749002103,-0.49351370210965223,1.4578525928931243,-1.0816037946635064,0.0,50.0,20.0,1.0,0.0,0.0,0.0,-344.2448201670558,70.0,121.17387408685448,0.8025774913151549,0.0,0.5965478777384698,0.0
4.373162746429443,8.915232829018603,-3.298893915636643,2.6651731954652296,-0.36100846191944935,1.6233998441816124,-1.2320294366597104,0.0,50.0,20.0,1.0,0.0,0.0,0.0,-344.2448201670558,70.0,121.17387408685448,0.8025774913151549,0.0,0.5965478777384698,0.0
4.416070938110352,9.045767021016609,-3.2843147421390584,2.528129410218633,-0.23606408349896296,1.7573953793954236,-1.2011004732264026,0.0,50.0,20.0,1.0,0.0,0.0,0.0,-344.2448201670558,70.0,121.17387408685448,0.8025774913151549,0.0,0.5965478777384698,0.0
4.459089994430542,8.573419552345399,-2.592650962622062,2.6663861911379216,-0.37119058968787805,1.9418829999591316,-1.0589476302880678,0.0,50.0,20.0,1.0,0.0,0.0,0.0,-344.2448201670558,70.0,121.17387408685448,0.8025774913151549,0.0,0.5965478777384698,0.0
4.502478122711182,8.293130694524166,-2.2015096868724973,2.9994700518663056,-0.20361299362154572,1.7887645500103109,-1.1875840836173415,0.0,50.0,20.0,1.0,0.0,0.0,0.0,-344.2448201670558,70.0,121.17387408685448,0.8025774913151549,0.0,0.5965478777384698,0.0
4.545469045639038,8.487323585007045,-1.9554907117020812,2.5711664512011723,-0.21212333312568565,1.9376557149717457,-1.0361764545744319,0.0,50.0,20.0,1.0,0.0,0.0,0.0,-344.2448201670558,70.0,121.17387408685448,0.8025774913151549,0.0,0.5965478777384698,0.0
4.589484691619873,8.175989545947594,-1.27816321618569,2.787019266815798,-0.3200722296112807,2.058976409117196,-0.9499568042641652,0.0,50.0,20.0,1.0,0.0,0.0,0.0,-344.2448201670558,70.0,121.17387408685448,0.8025774913151549,0.0,0.5965478777384698,0.0
4.633201837539673,7.729892508569001,-1.8822327624775728,2.1879041302161983,-0.2594806691418194,2.003578753167195,-0.9365255425676248,0.0,50.0,20.0,1.0,0.0,0.0,0.0,-344.2448201670558,70.0,121.17387408685448,0.8025774913151549,0.0,0.5965478777384698,0.0
4.67669939994812,7.674689032069778,-1.6620932385480007,1.6227265985342496,-0.15185054343106846,2.186890046459362,-1.0976827272951968,0.0,50.0,20.0,1.0,0.0,0.0,0.0,-344.2448201670558,70.0,121.17387408685448,0.8025774913151549,0.0,0.5965478777384698,0.0
4.721243381500244,7.108699878462425,-1.546581283356502,1.7788654974565477,-0.07439784443339098,2.3637373708434732,-1.2056191567329155,0.0,50.0,20.0,1.0,0.0,0.0,0.0,-344.2448201670558,70.0,121.17387408685448,0.8025774913151549,0.0,0.5965478777384698,0.0
4.76481556892395,6.484787765483803,-2.224002503621912,1.0536832292529508,-0.07004395424454216,2.206914186346311,-1.0665087652276668,0.0,50.0,20.0,1.0,0.0,0.0,0.0,-344.2448201670558,70.0,121.17387408685448,0.8025774913151549,0.0,0.5965478777384698,0.0
4.808557510375977,6.58326686635056,-2.613855488119033,1.3537430257461005,-0.23886064098780707,2.392952068280865,-0.9440555609396413,0.0,50.0,20.0,1.0,0.0,0.0,0.0,-344.2448201670558,70.0,121.17387408685448,0.8025774913151549,0.0,0.5965478777384698,0.0
4.854703187942505,7.1535296351561115,-1.970013185278007,1.8051725846964317,-0.29061290319067407,2.5,-1.1375322631201161,0.0,50.0,20.0,1.0,0.0,0.0,0.0,-344.2448201670558,70.0,121.17387408685448,0.8025774913151549,0.0,0.5965478777384698,0.0
4.903622388839722,7.396642105142955,-2.7470460397239993,1.3516802474848801,-0.18440083817050434,2.3201040949459606,-1.2048856916838382,0.0,50.0,20.0,1.0,0.0,0.0,0.0,-344.2448201670558,70.0,121.17387408685448,0.8025774913151549,0.0,0.5965478777384698,0.0
