# Timestamp, Fx, Fy, Fz, Tx, Ty, Tz, FemurPosX, FemurPosY, FemurPosZ, FemurQuatW, FemurQuatX, FemurQuatY, FemurQuatZ, TibiaPosX, TibiaPosY, TibiaPosZ, TibiaQuatW, TibiaQuatX, TibiaQuatY, TibiaQuatZ
0.016049861907958984,1.1508895528098053,3.8073565408687813,-5.92949152309169,0.8595553061541736,-0.7887023235132931,1.426032855605691,0.0,50.0,20.0,1.0,0.0,0.0,0.0,-346.2792584386692,70.0,115.12274951785564,0.8212102364259238,0.0,0.5706257508992021,0.0
0.03292989730834961,0.9212231224094459,4.259576377366236,-6.083420545514226,0.9143286760696832,-0.9724794822625396,1.4667559702568163,0.0,50.0,20.0,1.0,0.0,0.0,0.0,-345.19517388342933,70.0,118.1873461495776,0.8118271178348947,0.0,0.5838978769852551,0.0
0.06611013412475586,0.23724974052082015,3.8312485235409586,-6.2495541247723185,0.7720082709866126,-1.163581623250967,1.5,0.0,50.0,20.0,1.0,0.0,0.0,0.0,-344.70372492926884,70.0,119.69125608601472,0.8071825813097843,0.0,0.5903018553503568,0.0
0.09947729110717773,-0.1329405147410886,3.8874660522509084,-6.407508941707387,0.6230588436379099,-1.1602135329674546,1.5,0.0,50.0,20.0,1.0,0.0,0.0,0.0,-344.24482016706827,70.0,121.17387408681321,0.8025774913152834,0.0,0.596547877738297,0.0
0.13271093368530273,-0.4542969140013406,4.1726621444969165,-6.466073114965263,0.4844213521719294,-1.2489857218471523,1.5,0.0,50.0,20.0,1.0,0.0,0.0,0.0,-343.8174971963403,70.0,122.63348479575829,0.7980179045743325,0.0,0.6026337394958827,0.0
0.15103816986083984,-0.09323895282640743,3.5456883948207514,-6.702598109085684,0.6565907032261293,-1.1144282769635467,1.5,0.0,50.0,20.0,1.0,0.0,0.0,0.0,-343.42074064106765,70.0,124.06842346327393,0.7935098504011342,0.0,0.6085574067549993,0.0
0.18276739120483398,0.29981515092303207,3.2307799893287337,-6.945831508946527,0.711621325645961,-1.0669097893986055,1.5,0.0,50.0,20.0,1.0,0.0,0.0,0.0,-342.7146320478772,70.0,126.85789157358211,0.7846722514095229,0.0,0.6199108467093559,0.0
0.21605253219604492,-0.36723274689728885,2.966092773770651,-6.455623891669456,0.5786921942721177,-0.8926937802941448,1.4985956307615187,0.0,50.0,20.0,1.0,0.0,0.0,0.0,-342.4030321787923,70.0,128.2093627420824,0.7803545260262081,0.0,0.6253373599189577,0.0
0.249528169631958,-0.6755174864429503,3.091461753652766,-6.569255658425147,0.6288660728757585,-0.9786122636971331,1.5,0.0,50.0,20.0,1.0,0.0,0.0,0.0,-342.1175139713176,70.0,129.53004814747248,0.7761119502124919,0.0,0.6305951480445774,0.0
0.28274965286254883,-1.3575059579666227,2.406952594415894,-7.335202812900341,0.5347332934161254,-0.8611336654493615,1.5,0.0,50.0,20.0,1.0,0.0,0.0,0.0,-341.8568776459275,70.0,130.8185627599608,0.7719502485265459,0.0,0.6356829506914622,0.0
0.31605029106140137,-1.3811674731728034,3.1033290984766273,-7.97951264980048,0.5224093694216254,-0.9551372026540732,1.430162744013067,0.0,50.0,20.0,1.0,0.0,0.0,0.0,-341.40535475432216,70.0,133.29383560242093,0.7638918915578927,0.0,0.645344232183185,0.0
0.3499572277069092,-2.072023705511351,3.6916607690956624,-7.28091586052815,0.6749050452806842,-1.1384471181719868,1.3610392813587797,0.0,50.0,20.0,1.0,0.0,0.0,0.0,-341.21198824520945,70.0,134.4781208117262,0.7600061815152355,0.0,0.6499158438279767,0.0
0.36627817153930664,-1.7755271338860432,3.408143716778972,-6.6471503032305215,0.8061317938875325,-1.0097027382068302,1.1819800428353342,0.0,50.0,20.0,1.0,0.0,0.0,0.0,-341.03855452996385,70.0,135.62528920356795,0.7562232170346004,0.0,0.6543137214042204,0.0
0.399456262588501,-2.1298290845916905,3.1360304443615243,-5.976120145573545,0.6087071251368632,-1.037884870259432,1.2689195291704713,0.0,50.0,20.0,1.0,0.0,0.0,0.0,-340.88380579816186,70.0,136.73425286900485,0.7525481616846696,0.0,0.6585372156112548,0.0
0.4327540397644043,-1.687787217773032,3.763670721484016,-6.003445170007911,0.44154774563091004,-1.1142836782094605,1.2933034575552718,0.0,50.0,20.0,1.0,0.0,0.0,0.0,-340.74650052371277,70.0,137.8039825471323,0.7489860394322035,0.0,0.662585777643666,0.0
0.4660322666168213,-1.7601455427846169,4.136507671085471,-5.573568203830363,0.26091424041464695,-1.0908924973007992,1.1390068106222446,0.0,50.0,20.0,1.0,0.0,0.0,0.0,-340.5193158801759,70.0,139.821911424448,0.7422199423875379,0.0,0.6701563676652188,0.0
0.49936771392822266,-2.1699182503500465,4.016270968119788,-4.997974525712743,0.22034440517018394,-0.9954998712097685,1.03626291524038,0.0,50.0,20.0,1.0,0.0,0.0,0.0,-340.4270297181542,70.0,140.76833767674242,0.739025244234788,0.0,0.6736777333293064,0.0
0.5167617797851562,-2.8356071101183153,4.019266409662868,-5.2115107853437665,0.06002165760560629,-0.8779955169203452,1.1766517337144826,0.0,50.0,20.0,1.0,0.0,0.0,0.0,-340.34738281498187,70.0,141.6719817377583,0.735962017573739,0.0,0.6770228273025891,0.0
0.549447774887085,-2.2791934624390393,4.746293848624552,-5.141200444829249,0.22050731086637237,-0.8716742991406876,1.0104024484018255,0.0,50.0,20.0,1.0,0.0,0.0,0.0,-340.27923804179386,70.0,142.53209303253044,0.7330344704291523,0.0,0.680191491539443,0.0
0.582993745803833,-3.065580838920551,4.741867796983289,-4.407795695217839,0.21357342096160992,-0.7613666126815001,1.041426705900956,0.0,50.0,20.0,1.0,0.0,0.0,0.0,-340.1730821836569,70.0,144.1189729392664,0.7276023194738098,0.0,0.6859991725186934,0.0
0.6160306930541992,-3.832043378390715,4.906054279231201,-3.663122884514566,0.06127324938922196,-0.8132225450749431,0.9786507184650801,0.0,50.0,20.0,1.0,0.0,0.0,0.0,-340.13298464743394,70.0,144.84449376197267,0.7251051862937795,0.0,0.6886381261663221,0.0
0.6494491100311279,-4.217618041235452,4.268416712186144,-3.0003857822379034,-0.06558811113847465,-0.8624901517732831,1.0060419415923068,0.0,50.0,20.0,1.0,0.0,0.0,0.0,-340.1002238603435,70.0,145.52398310475508,0.7227586626780924,0.0,0.6911005104351865,0.0
0.6828110218048096,-4.8843814284838025,4.523603466252774,-3.422301276485772,0.015098323216259785,-0.7465980776644825,1.1967191544406872,0.0,50.0,20.0,1.0,0.0,0.0,0.0,-340.07387305261256,70.0,146.15693438845867,0.7205659775882474,0.0,0.6933863799803782,0.0
0.6994614601135254,-4.277424251993288,5.11297598562342,-3.313890413179719,0.066687956593975,-0.7971800694914242,1.0123594397459987,0.0,50.0,20.0,1.0,0.0,0.0,0.0,-340.0530580630315,70.0,146.74288510361734,0.718530148624199,0.0,0.6954958127250563,0.0
0.732957124710083,-3.6722279880396225,5.337326457794333,-2.680045345684608,-0.06275182827526835,-0.7089076970610471,0.873302887313518,0.0,50.0,20.0,1.0,0.0,0.0,0.0,-340.02481975072465,70.0,147.77214584747793,0.7149400469708005,0.0,0.6991857616094521,0.0
0.7660608291625977,-3.3366384652805734,5.89780614198996,-3.4512274455578664,-0.01277001507402506,-0.6322571485404416,0.7584622429007751,0.0,50.0,20.0,1.0,0.0,0.0,0.0,-340.01593708189347,70.0,148.21473744560745,0.713390715367086,0.0,0.7007664997900779,0.0
0.7994751930236816,-2.690346456906347,6.54022959687593,-2.9039526659051074,-0.19593897994607243,-0.8036903429177897,0.6126634070917736,0.0,50.0,20.0,1.0,0.0,0.0,0.0,-340.009676420061,70.0,148.6088887970066,0.712008115132803,0.0,0.7021712355152645,0.0
0.8328151702880859,-3.027044771265375,6.938493140841582,-3.6525925892040867,-0.09494930267783849,-0.7321381781566048,0.4632107724663767,0.0,50.0,20.0,1.0,0.0,0.0,0.0,-340.0054672200577,70.0,148.95433556001504,0.7107941489629221,0.0,0.7034000837361872,0.0
0.8510947227478027,-2.8622831728302485,7.306921119767026,-3.7997709985855517,-0.08997227674434247,-0.7649065807408013,0.44673764884612643,0.0,50.0,20.0,1.0,0.0,0.0,0.0,-340.00280617447595,70.0,149.25084913363628,0.7097504873769503,0.0,0.7044531536363375,0.0
0.8832497596740723,-2.8015619448181144,6.57954223556061,-3.630042344571072,-0.27435588405676703,-0.8006297792487527,0.5443738656697503,0.0,50.0,20.0,1.0,0.0,0.0,0.0,-340.00046106371326,70.0,149.69633483889956,0.7081795858435219,0.0,0.7060323464222428,0.0
0.9161791801452637,-2.3859254624227346,6.174758344339404,-3.9884181145377537,-0.2627158164173574,-0.6502468487928086,0.6960419511745684,0.0,50.0,20.0,1.0,0.0,0.0,0.0,-340.0001200945775,70.0,149.84501967520544,0.7076545072448651,0.0,0.7065586305297156,0.0
0.9494874477386475,-2.652501398510866,6.160279588092389,-4.424420914979405,-0.3794761908994184,-0.6824108677520464,0.6333957943632724,0.0,50.0,20.0,1.0,0.0,0.0,0.0,-340.0000155708158,70.0,149.94419531458178,0.7073040530260597,0.0,0.7069094542958871,0.0
0.982832670211792,-2.9617726946006733,6.538694557891684,-4.895189620961607,-0.3787909876829342,-0.6373444844407483,0.49585943052544534,0.0,50.0,20.0,1.0,0.0,0.0,0.0,-340.00000019227275,70.0,149.99379882627198,0.7071287053066365,0.0,0.7070848563866715,0.0
1.0160973072052002,-2.9541640872339707,6.1066754022073315,-5.002083121401222,-0.2058950633715803,-0.7027837323735001,0.48328423317042074,0.0,50.0,20.0,1.0,0.0,0.0,0.0,-340.0000155708158,70.0,149.94419531458607,0.7073040530260446,0.0,0.7069094542959022,0.0
1.0499722957611084,-2.9474289735482326,5.32969276262632,-4.786444051030836,-0.19660639116229017,-0.6568592139263221,0.3060920880308202,0.0,50.0,20.0,1.0,0.0,0.0,0.0,-340.0001200945775,70.0,149.84501967521263,0.7076545072448397,0.0,0.706558630529741,0.0
1.0662949085235596,-3.486763949592796,5.145387292898684,-5.486467993249676,-0.07541368220392541,-0.6511742415082028,0.34235185530630124,0.0,50.0,20.0,1.0,0.0,0.0,0.0,-340.0004610637132,70.0,149.6963348389096,0.7081795858434864,0.0,0.7060323464222783,0.0
1.0995097160339355,-3.413205514338758,4.351354597399447,-4.880602820175255,-0.16532064054298024,-0.6057213712591647,0.2930675871593371,0.0,50.0,20.0,1.0,0.0,0.0,0.0,-340.00125884545344,70.0,149.49823560708631,0.7088785664446122,0.0,0.7053305452306965,0.0
1.132786512374878,-3.6358800590548324,3.946364271955237,-5.314689683280709,0.03010755057549569,-0.4549690749496991,0.4579654016796828,0.0,50.0,20.0,1.0,0.0,0.0,0.0,-340.00280617447584,70.0,149.25084913365205,0.7097504873768948,0.0,0.7044531536363935,0.0
1.166078805923462,-2.9029083336900716,3.383823086754023,-5.565046020652318,0.01355698611609979,-0.5182357390526475,0.3940858935368443,0.0,50.0,20.0,1.0,0.0,0.0,0.0,-340.0096764200607,70.0,148.60888879702796,0.7120081151327281,0.0,0.7021712355153404,0.0
1.19944429397583,-3.3867394507887383,3.408465797524456,-5.926284440507296,0.043513832827842686,-0.6179237616806389,0.5480595061776825,0.0,50.0,20.0,1.0,0.0,0.0,0.0,-340.01593708189307,70.0,148.2147374456317,0.713390715367001,0.0,0.7007664997901644,0.0
1.2328457832336426,-2.973146599744315,3.4864463099439345,-5.788580084386784,-0.0507010022508205,-0.7800813552401525,0.4849201732432894,0.0,50.0,20.0,1.0,0.0,0.0,0.0,-340.0248197507241,70.0,147.772145847505,0.7149400469707059,0.0,0.6991857616095489,0.0
1.24951171875,-2.980937899932556,3.0444632078617087,-6.125124177512238,0.022573325531350247,-0.8355855293686472,0.44861924549731724,0.0,50.0,20.0,1.0,0.0,0.0,0.0,-340.0369603454336,70.0,147.28141525429314,0.7166539776827687,0.0,0.697428904098092,0.0
1.2836551666259766,-3.0593744184675415,2.6994105589703787,-5.5086743399268245,0.2096916191478028,-0.7308374985197952,0.32062428951159216,0.0,50.0,20.0,1.0,0.0,0.0,0.0,-340.0738730526112,70.0,146.156934388494,0.7205659775881248,0.0,0.6933863799805056,0.0
1.3165943622589111,-2.776553093213832,2.2102043508648515,-5.8033868934724016,0.09234963216834084,-0.9023301409971954,0.1660264646432625,0.0,50.0,20.0,1.0,0.0,0.0,0.0,-340.1002238603418,70.0,145.52398310479293,0.7227586626779615,0.0,0.6911005104353234,0.0
1.3500592708587646,-2.672527274335016,1.8041881856942314,-5.955672820725976,-0.017468894411967334,-1.0097856383727337,0.36383184310203187,0.0,50.0,20.0,1.0,0.0,0.0,0.0,-340.13298464743184,70.0,144.8444937620132,0.7251051862936397,0.0,0.6886381261664692,0.0
1.3833234310150146,-3.2612860955377974,1.948672331521106,-5.199025758281078,-0.14776290084022006,-1.2084827209805777,0.3065363530787708,0.0,50.0,20.0,1.0,0.0,0.0,0.0,-340.17308218365434,70.0,144.11897293930974,0.7276023194736608,0.0,0.6859991725188513,0.0
1.4009158611297607,-3.3769039769560103,2.537135157730793,-4.894559733849262,-0.13120407620547758,-1.2676249764663985,0.4941185129420746,0.0,50.0,20.0,1.0,0.0,0.0,0.0,-340.22149261962255,70.0,143.34797286957118,0.7302466265941556,0.0,0.6831836241800998,0.0
1.4330339431762695,-3.8508922224233113,3.250553210005446,-5.397202626611067,0.018072846674847376,-1.2191604822326187,0.36056057211866704,0.0,50.0,20.0,1.0,0.0,0.0,0.0,-340.3473828149776,70.0,141.67198173780938,0.7359620175735655,0.0,0.6770228273027777,0.0
1.4666593074798584,-4.253304810019566,2.75445486396192,-5.857090306415049,-0.01048274552698697,-1.0985787538769496,0.5062951199852505,0.0,50.0,20.0,1.0,0.0,0.0,0.0,-340.42702971814924,70.0,140.768337676796,0.7390252442346067,0.0,0.6736777333295053,0.0
1.5000667572021484,-4.774204791314638,2.8608279276,-5.433632270739169,-0.16136691925470784,-0.9919430622602554,0.6656619273525402,0.0,50.0,20.0,1.0,0.0,0.0,0.0,-340.5193158801702,70.0,139.82191142450375,0.7422199423873501,0.0,0.6701563676654269,0.0
1.5333621501922607,-4.1617380992275566,3.2921429433386233,-5.676163342501624,-0.3107245165861076,-0.8637383952810372,0.6828643951576064,0.0,50.0,20.0,1.0,0.0,0.0,0.0,-340.62540852334735,70.0,138.83350686883313,0.7455417263009726,0.0,0.666458951732337,0.0
1.5510258674621582,-4.887197231327079,3.5407978933124657,-6.283209044620721,-0.30881928220675126,-0.9496962731659457,0.7822318602302252,0.0,50.0,20.0,1.0,0.0,0.0,0.0,-340.7465005237053,70.0,137.80398254719313,0.7489860394320006,0.0,0.6625857776438955,0.0
1.584151029586792,-5.3957882918802325,2.978423192368437,-6.612962365089333,-0.3105259913375812,-0.9811033257773959,0.7154908226665837,0.0,50.0,20.0,1.0,0.0,0.0,0.0,-341.03855452995435,70.0,135.6252892036333,0.7562232170343843,0.0,0.6543137214044701,0.0
1.616771936416626,-6.059955079700828,3.3648179846920736,-7.094935330104358,-0.13728234594192823,-1.0324395165753277,0.6719512389476137,0.0,50.0,20.0,1.0,0.0,0.0,0.0,-341.2119882451989,70.0,134.47812081179376,0.7600061815150132,0.0,0.6499158438282366,0.0
1.6499428749084473,-5.887414554763719,3.086770501539051,-7.599813645407135,-0.2867940151134214,-1.1913221066831134,0.8536154305993323,0.0,50.0,20.0,1.0,0.0,0.0,0.0,-341.40535475431034,70.0,133.29383560249062,0.7638918915576647,0.0,0.6453442321834549,0.0
1.6829521656036377,-5.732499633081528,2.6534788304442007,-7.767665334315001,-0.3383040294847595,-1.3395324771493315,0.7880901057617374,0.0,50.0,20.0,1.0,0.0,0.0,0.0,-341.6199029739365,70.0,132.0735806937824,0.7678750526818071,0.0,0.6405996436690484,0.0
1.7166106700897217,-5.700054356815577,3.160531662145916,-7.975477072342579,-0.3777363036249337,-1.302108019166753,0.9582325541490653,0.0,50.0,20.0,1.0,0.0,0.0,0.0,-342.1175139713018,70.0,129.53004814754806,0.7761119502122484,0.0,0.630595148044877,0.0
1.7509069442749023,-5.486897614269805,3.606556098043753,-8.354075991484734,-0.32976222318801696,-1.479206983349915,0.9380251676640214,0.0,50.0,20.0,1.0,0.0,0.0,0.0,-342.403032178775,70.0,128.20936274215978,0.7803545260259602,0.0,0.625337359919267,0.0
1.7666232585906982,-5.911683985150326,2.880561561834886,-7.6808914363915255,-0.38595887937718526,-1.5,0.9634482190964648,0.0,50.0,20.0,1.0,0.0,0.0,0.0,-342.7146320478584,70.0,126.85789157366126,0.7846722514092707,0.0,0.6199108467096751,0.0
1.800100564956665,-5.245553746695644,3.6278845250169383,-8.06451200177994,-0.33117199302141004,-1.5,0.8425839320900801,0.0,50.0,20.0,1.0,0.0,0.0,0.0,-343.0534874086911,70.0,125.47707814343514,0.7890593192421115,0.0,0.6143170115804832,0.0
1.8330821990966797,-4.539237773844674,3.528651751177177,-8.516432322068964,-0.453897751880265,-1.5,1.0393818549135971,0.0,50.0,20.0,1.0,0.0,0.0,0.0,-343.42074064104554,70.0,124.06842346335631,0.7935098504008746,0.0,0.6085574067553376,0.0
1.8666257858276367,-4.432437024030802,3.2433060462706074,-8.223960848348986,-0.6533366232910671,-1.5,1.1853019164561274,0.0,50.0,20.0,1.0,0.0,0.0,0.0,-344.2448201670427,70.0,121.17387408689805,0.8025774913150192,0.0,0.5965478777386525,0.0
1.8998973369598389,-4.17416212944104,3.63454970920133,-7.779948700838421,-0.7894578279086746,-1.5,1.3069543039084588,0.0,50.0,20.0,1.0,0.0,0.0,0.0,-344.7037249292413,70.0,119.69125608610123,0.8071825813095163,0.0,0.5903018553507232,0.0
1.9178228378295898,-4.766914327351918,4.096212041220833,-7.2315660994895765,-0.8416708643446109,-1.4255166393945515,1.1410607905569994,0.0,50.0,20.0,1.0,0.0,0.0,0.0,-345.1951738833999,70.0,118.1873461496653,0.8118271178346246,0.0,0.5838978769856306,0.0
1.950951099395752,-4.760809703658596,4.623507834060498,-7.573660318138615,-0.9573053757619554,-1.5,1.1175284572605644,0.0,50.0,20.0,1.0,0.0,0.0,0.0,-345.72007132037095,70.0,116.66390772504883,0.8165050283830197,0.0,0.5773383224983806,0.0
1.9835057258605957,-4.264511482990384,5.323439283860685,-6.9968116812492305,-0.8113103392144636,-1.5,1.0405978416157553,0.0,50.0,20.0,1.0,0.0,0.0,0.0,-346.8735085394341,70.0,113.56572234495175,0.8259366732838791,0.0,0.5637629038210644,0.0
2.016834259033203,-3.677450496434842,4.555328238501564,-7.75596599654353,-0.9003580280101611,-1.5,0.9054946233336009,0.0,50.0,20.0,1.0,0.0,0.0,0.0,-347.5035224260856,70.0,111.99471567770665,0.8306782900807428,0.0,0.5567527084698675,0.0
2.0499298572540283,-3.8807508355946565,4.454441112466123,-7.06231361819022,-0.9274786772451041,-1.4598473036531945,0.7585114543246365,0.0,50.0,20.0,1.0,0.0,0.0,0.0,-348.16992403345705,70.0,110.41165388679445,0.8354290697396325,0.0,0.5495982800500492,0.0
2.0832583904266357,-4.4938498873440285,3.700015528265704,-7.4300929324338805,-0.8176306139529803,-1.484687101639463,0.7248002254402288,0.0,50.0,20.0,1.0,0.0,0.0,0.0,-348.8732563129294,70.0,108.81849219624247,0.8401830389973293,0.0,0.5423029236332886,0.0
2.101031541824341,-4.995963613999326,3.0897566729645667,-7.2010460614478315,-0.6493856921516803,-1.296468624680005,0.809648276087321,0.0,50.0,20.0,1.0,0.0,0.0,0.0,-349.61397739741517,70.0,107.21721236192037,0.8449342803972378,0.0,0.5348701354624334,0.0
2.133538007736206,-5.721435173069934,3.725198480887249,-7.543769964352479,-0.5572881011046066,-1.41816405633133,0.776995843004116,0.0,50.0,20.0,1.0,0.0,0.0,0.0,-351.20897355813634,70.0,103.99833021073829,0.8544052603690526,0.0,0.519607208431226,0.0
2.166780471801758,-5.088616022459729,3.954212710928043,-7.672168773976862,-0.5837688211381713,-1.5,0.7176057141578773,0.0,50.0,20.0,1.0,0.0,0.0,0.0,-352.06371067525413,70.0,102.38478163659667,0.8591135500136269,0.0,0.5117850214523509,0.0
2.200164318084717,-5.83064162304463,3.357180608640776,-7.414764285543205,-0.45971903770005634,-1.5,0.7619979837084436,0.0,50.0,20.0,1.0,0.0,0.0,0.0,-352.956755327202,70.0,100.7712121129168,0.8637962372199917,0.0,0.5038413049409347,0.0
2.233450174331665,-5.789073939775022,3.724159084591906,-6.8713645322705945,-0.4761664710358173,-1.5,0.5943761934421455,0.0,50.0,20.0,1.0,0.0,0.0,0.0,-353.8880954025587,70.0,99.15966280008398,0.8684478602654163,0.0,0.4957805099037475,0.0
2.250958204269409,-5.917976264225385,4.486876348959386,-7.227123222619509,-0.5437105683878242,-1.5,0.41195352269726937,0.0,50.0,20.0,1.0,0.0,0.0,0.0,-354.8576180610123,70.0,97.55217070501826,0.8730630827580036,0.0,0.4876072738640096,0.0
2.28436279296875,-5.580979246242873,4.093406636225054,-7.481752839073585,-0.4857988116364493,-1.5,0.44623057517455655,0.0,50.0,20.0,1.0,0.0,0.0,0.0,-356.9102487425441,70.0,94.35745120886259,0.8821636718634966,0.0,0.470942943512601,0.0
2.31685209274292,-5.455419807854786,4.887623876775747,-7.418705677622961,-0.2916202136832328,-1.5,0.30793650279251733,0.0,50.0,20.0,1.0,0.0,0.0,0.0,-357.9926178574303,70.0,92.77422543885899,0.8866390882460039,0.0,0.4624620278404433,0.0
2.350156784057617,-6.166915171475906,5.46915370566981,-7.78427229537891,-0.40746484605842725,-1.3251223157914167,0.42255075640099793,0.0,50.0,20.0,1.0,0.0,0.0,0.0,-359.11169127892833,70.0,91.2030484442892,0.8910582235626099,0.0,0.4538890197189683,0.0
2.3833065032958984,-5.820007775967935,6.184530393009992,-8.37276221003105,-0.29369219367626803,-1.3182677909677376,0.618727325451079,0.0,50.0,20.0,1.0,0.0,0.0,0.0,-360.2668415671827,70.0,89.64584980030568,0.8954165237466146,0.0,0.44522943411406257,0.0
2.416903018951416,-6.473918139083244,6.2272065672252825,-8.839566884744759,-0.12081710898580794,-1.2754762411933476,0.7184702245369304,0.0,50.0,20.0,1.0,0.0,0.0,0.0,-362.68235390502537,70.0,86.58090506533337,0.9039333353037342,0.0,0.42767338627352863,0.0
2.4345006942749023,-5.987237763064511,6.661522313567922,-8.345154114505993,-0.11756961915430361,-1.3364460400761509,0.7160513608851611,0.0,50.0,20.0,1.0,0.0,0.0,0.0,-363.940956327441,70.0,85.07680017423851,0.9080836961033975,0.0,0.4187887305923985,0.0
2.4666197299957275,-5.964901925745305,6.309680729180364,-8.629899221443614,-0.21268193217683928,-1.3572870105350625,0.5355035131206234,0.0,50.0,20.0,1.0,0.0,0.0,0.0,-365.2321202453886,70.0,83.59394487699207,0.9121569358476861,0.0,0.4098410965056583,0.0
2.4999358654022217,-6.042407953518583,5.833347114560347,-8.63840077902817,-0.07346186193218135,-1.2061917786605716,0.34849599172241064,0.0,50.0,20.0,1.0,0.0,0.0,0.0,-366.55472510114953,70.0,82.13401739433603,0.9161495036446399,0.0,0.4008367335607854,0.0
2.533510208129883,-6.753246782538168,5.8640231406367755,-8.72347216072672,-0.039580578295331126,-1.0273841176022052,0.504302698034486,0.0,50.0,20.0,1.0,0.0,0.0,0.0,-367.9075589664785,70.0,80.69862955302956,0.9200580700340888,0.0,0.3917820156223966,0.0
2.566894769668579,-7.292802180771012,5.307019653400923,-8.276327946556156,0.021632877468174883,-1.2066886675372923,0.34898554879015165,0.0,50.0,20.0,1.0,0.0,0.0,0.0,-370.6986295529558,70.0,77.90755896654942,0.9276110203998511,0.0,0.37354758041345565,0.0
2.5998075008392334,-7.092039818723414,4.685338843191869,-8.972220860041176,-0.11525922395607974,-1.3870758810666806,0.39932988158916044,0.0,50.0,20.0,1.0,0.0,0.0,0.0,-372.1340173942605,70.0,76.5547251012193,0.931249899057124,0.0,0.3643811541587963,0.0
2.6168229579925537,-6.432875020572454,4.412123273234608,-8.17641497073861,-0.25160055169652146,-1.393072341454869,0.5745236772314462,0.0,50.0,20.0,1.0,0.0,0.0,0.0,-373.5939448769153,70.0,75.23212024545674,0.9347937733921404,0.0,0.3551909362966399,0.0
2.6510534286499023,-6.743381339182461,5.081860519502148,-8.337584421617933,-0.3159266461009865,-1.5,0.41153724560212257,0.0,50.0,20.0,1.0,0.0,0.0,0.0,-375.076800174161,70.0,73.9409563275071,0.9382404906858713,0.0,0.3459837881137431,0.0
2.6835551261901855,-6.695111052796395,5.32175421322896,-8.612252010719896,-0.4175532769206259,-1.4963646842687341,0.5873713820005739,0.0,50.0,20.0,1.0,0.0,0.0,0.0,-378.10452007249205,70.0,71.4573392063685,0.9448350670715803,0.0,0.32754647919317115,0.0
2.7168095111846924,-5.906882312419502,5.14778550868023,-9.291811520017266,-0.37502460308379426,-1.4389085379814819,0.5740644466386331,0.0,50.0,20.0,1.0,0.0,0.0,0.0,-379.6458498002248,70.0,70.26684156724392,0.9479798479734579,0.0,0.3183303438822941,0.0
2.7499465942382812,-5.333204468574878,4.803052555172087,-9.887486729542694,-0.44579433977644345,-1.5,0.45255925120557,0.0,50.0,20.0,1.0,0.0,0.0,0.0,-381.2030484442081,70.0,69.11169127898731,0.9510213160624021,0.0,0.30912530856424,0.0
2.7829930782318115,-5.666157883531893,4.551707151453378,-9.111699238570983,-0.51059207002656,-1.5,0.27605428767348617,0.0,50.0,20.0,1.0,0.0,0.0,0.0,-382.7742254387772,70.0,67.99261785748735,0.9539585476909168,0.0,0.29993847583702354,0.0
2.7999134063720703,-5.670759696035246,4.185692480893134,-9.835065668753003,-0.6027240845888051,-1.5,0.0983045372776869,0.0,50.0,20.0,1.0,0.0,0.0,0.0,-384.35745120877976,70.0,66.91024874259958,0.9567908634006713,0.0,0.29077696558186633,0.0
2.833446502685547,-6.025532525163484,3.6892244616284766,-10.12700674692409,-0.4060483145559902,-1.5,0.18037067772549797,0.0,50.0,20.0,1.0,0.0,0.0,0.0,-387.55217070493455,70.0,64.85761806106387,0.9621392361268096,0.0,0.27255841631716193,0.0
2.866821050643921,-6.307494038296192,3.1656210858629965,-10.875754984724633,-0.3615937484202094,-1.5,0.22336231036432072,0.0,50.0,20.0,1.0,0.0,0.0,0.0,-389.1596628000005,70.0,63.88809540260797,0.9646551316335595,0.0,0.2635156105680267,0.0
2.9002559185028076,-6.360172843784383,2.825926755550119,-10.33392963825338,-0.28533333628861596,-1.5,0.08483467599833813,0.0,50.0,20.0,1.0,0.0,0.0,0.0,-390.77121211283315,70.0,62.956755327249354,0.9670657802671715,0.0,0.2545265735365303,0.0
2.9207465648651123,-6.728911791620681,2.8528776536135787,-10.77540595196675,-0.23292362276147266,-1.4585937352108311,-0.09786410397158465,0.0,50.0,20.0,1.0,0.0,0.0,0.0,-392.3847816365125,70.0,62.063710675299674,0.9693716762024263,0.0,0.24559835784568748,0.0
2.9510045051574707,-6.103010648038444,2.0971666604756134,-10.805147993102269,-0.19982247878863194,-1.5,-0.18960629223904085,0.0,50.0,20.0,1.0,0.0,0.0,0.0,-393.9983302106542,70.0,61.208973558179935,0.9715735341234344,0.0,0.23673797285374332,0.0
2.984287977218628,-5.974503455588097,2.5120406259202612,-11.112498896751653,-0.3009391139854168,-1.5,-0.2024892855643137,0.0,50.0,20.0,1.0,0.0,0.0,0.0,-397.21721236183714,70.0,59.61397739745453,0.9756690591654157,0.0,0.21924845948665783,0.0
3.016876459121704,-5.972782137578745,3.0198000493230346,-10.628045753088484,-0.302662967281059,-1.5,-0.12291419227391245,0.0,50.0,20.0,1.0,0.0,0.0,0.0,-398.8184921961591,70.0,58.87325631296707,0.9775651990712254,0.0,0.21063304955499118,0.0
3.0501255989074707,-6.506380095239063,2.9643140716428036,-10.25534839317594,-0.32177768774335175,-1.4098343230610824,0.060304960442725625,0.0,50.0,20.0,1.0,0.0,0.0,0.0,-400.41165388671163,70.0,58.16992403349279,0.9793622311650251,0.0,0.202112889661852,0.0
3.083482027053833,-7.100856801111993,2.7322958407266102,-10.773134301852757,-0.3176819624184599,-1.4448144533011111,0.036075342599475535,0.0,50.0,20.0,1.0,0.0,0.0,0.0,-401.99471567762487,70.0,57.50352242611925,0.9810618675034739,0.0,0.19369463629795283,0.0
3.1168649196624756,-7.647002480635613,2.9524829009314084,-11.136988847333528,-0.22919296755165308,-1.335860982902195,0.08299756329525501,0.0,50.0,20.0,1.0,0.0,0.0,0.0,-405.1227495178646,70.0,56.27925843866585,0.9841766649370787,0.0,0.1771899889760402,0.0
3.151121139526367,-8.14517628339313,3.082669200527858,-11.178781280681859,-0.23989414553796934,-1.3554060597322586,0.233681050517117,0.0,50.0,20.0,1.0,0.0,0.0,0.0,-406.6639077249689,70.0,55.7200713203992,0.9855960853199469,0.0,0.16911639956549454,0.0
3.166625738143921,-7.404761171159742,3.298425202994868,-10.599769136596038,-0.07192441910360925,-1.2117278205473285,0.43271841434251945,0.0,50.0,20.0,1.0,0.0,0.0,0.0,-408.1873461495868,70.0,55.19517388342622,0.9869266085088946,0.0,0.1611703118354341,0.0
3.199958324432373,-7.149431626589263,3.128103251850135,-11.202090863385733,-0.24597048233992158,-1.2624435653102102,0.4658630206350739,0.0,50.0,20.0,1.0,0.0,0.0,0.0,-409.6912560860242,70.0,54.7037249292658,0.9881707217650556,0.0,0.1533578320345232,0.0
3.233457088470459,-6.602507229036297,3.616535654807386,-11.170585582864131,-0.10609043946202662,-1.1206441893684005,0.31233122328733154,0.0,50.0,20.0,1.0,0.0,0.0,0.0,-411.1738740868226,70.0,54.24482016706543,0.9893310361879247,0.0,0.14568493688548284,0.0
3.26682448387146,-6.01574696445217,3.2916583669984547,-10.541732398584903,-0.017968255060691773,-1.1542678943559623,0.32327719694132645,0.0,50.0,20.0,1.0,0.0,0.0,0.0,-414.06842346328335,70.0,53.42074064106514,0.9914112652147313,0.0,0.13078112709915632,0.0
3.300039291381836,-6.567819893233945,2.6128148384319205,-10.470143556453683,-0.10116318213241858,-1.3284659423186178,0.4764759072939697,0.0,50.0,20.0,1.0,0.0,0.0,0.0,-415.477078143364,70.0,53.05348740870912,0.9923369200813071,0.0,0.12356147070808744,0.0
3.3178436756134033,-7.344618000711223,2.4804749439426006,-10.963737520540686,-0.27013695127733156,-1.2186161728125886,0.3370735410317889,0.0,50.0,20.0,1.0,0.0,0.0,0.0,-416.8578915735919,70.0,52.71463204787487,0.9931902334198749,0.0,0.11650390654125897,0.0
3.3509411811828613,-8.104171719336966,1.9311499948607511,-10.217713499226717,-0.3140164774534535,-1.0857926094979602,0.3227312218565858,0.0,50.0,20.0,1.0,0.0,0.0,0.0,-418.209362742092,70.0,52.40303217879014,0.9939742648107391,0.0,0.10961368935470935,0.0
3.3835227489471436,-7.516068010029922,1.8323122515356949,-10.36935580925672,-0.3437908557285811,-1.1694293299602463,0.46255392683277863,0.0,50.0,20.0,1.0,0.0,0.0,0.0,-420.8185627599703,70.0,51.85687764592568,0.9953469805903726,0.0,0.0963555303531064,0.0
3.4168944358825684,-7.359786860753821,1.53921476943525,-10.626816421502605,-0.5171011095481955,-1.1059192275491778,0.29782828263930666,0.0,50.0,20.0,1.0,0.0,0.0,0.0,-422.0735806937206,70.0,51.619902973947745,0.9959420089193252,0.0,0.08999730479152566,0.0
3.4501144886016846,-7.458612037552231,1.8368315075009107,-10.395233145059112,-0.6726381365242253,-1.2989469840198105,0.37284753062001463,0.0,50.0,20.0,1.0,0.0,0.0,0.0,-423.29383560243065,70.0,51.40535475432053,0.9964804193903648,0.0,0.08382585383759979,0.0
3.4834702014923096,-7.709428715830864,1.7233319749247173,-10.899323688946055,-0.804323504927923,-1.282920655646497,0.48589720493913896,0.0,50.0,20.0,1.0,0.0,0.0,0.0,-424.4781208117356,70.0,51.21198824520799,0.9969654250644603,0.0,0.07784562432173017,0.0
3.5009708404541016,-6.918918468168218,2.416652042252328,-10.437073701875594,-0.879135355115326,-1.1566145680378332,0.6294514179735955,0.0,50.0,20.0,1.0,0.0,0.0,0.0,-425.6252892035773,70.0,51.03855452996248,0.9974002342842053,0.0,0.0720608954274952,0.0
3.533463478088379,-6.405910967725097,2.0038347974889295,-10.214421988870162,-0.7462767767491315,-1.2169505149526836,0.6275008437704266,0.0,50.0,20.0,1.0,0.0,0.0,0.0,-427.8039825471417,70.0,50.74650052371163,0.9981320039861671,0.0,0.06109421100692083,0.0
3.566720962524414,-6.942399961480609,2.286752273485011,-10.717872346081242,-0.8749105167801514,-1.125757520448258,0.5621335502397555,0.0,50.0,20.0,1.0,0.0,0.0,0.0,-428.8335068687836,70.0,50.62540852335292,0.9984352544773424,0.0,0.055919966172777856,0.0
3.5998966693878174,-6.482899805798558,1.8358397447341064,-11.012706539562284,-0.7336872355509332,-0.9563582017252958,0.6926679056568739,0.0,50.0,20.0,1.0,0.0,0.0,0.0,-429.8219114244566,70.0,50.51931588017504,0.9987008664255402,0.0,0.05095664236265208,0.0
3.6330044269561768,-5.867698916040967,1.2750862020073448,-10.357546673309473,-0.5597530525852211,-0.7829335436917217,0.8792548188361216,0.0,50.0,20.0,1.0,0.0,0.0,0.0,-430.7683376767509,70.0,50.42702971815342,0.9989318552380002,0.0,0.04620766809488526,0.0
3.650940418243408,-6.639385831439291,1.4131515973587525,-11.049762855915297,-0.3989210677219834,-0.9685240885928219,1.0712854777127259,0.0,50.0,20.0,1.0,0.0,0.0,0.0,-431.6719817377666,70.0,50.34738281498119,0.9991311655258753,0.0,0.04167630111833249,0.0
3.684262275695801,-6.717407369958037,1.4268094041339432,-10.832973569161227,-0.49434082739655894,-1.1213996176607888,1.1694743412811393,0.0,50.0,20.0,1.0,0.0,0.0,0.0,-433.3479728695329,70.0,50.221492619625096,0.999446115056672,0.0,0.03327856815016928,0.0
3.716695785522461,-7.342163721090408,1.7479841314706435,-10.48275563851767,-0.4949468264578081,-1.2172245932413792,1.0627892933935474,0.0,50.0,20.0,1.0,0.0,0.0,0.0,-434.11897293927393,70.0,50.17308218365646,0.9995672008833212,0.0,0.02941786733062572,0.0
3.750093936920166,-7.118746803462518,1.5146443324542078,-10.758861762328813,-0.6388066121317861,-1.137212906121604,1.0557080875502556,0.0,50.0,20.0,1.0,0.0,0.0,0.0,-434.8444937619797,70.0,50.1329846474336,0.9996674830976708,0.0,0.02578610550602727,0.0
3.7830851078033447,-7.853797882063561,2.0121150651211255,-11.31494044466631,-0.7350245230370038,-1.096082625336685,0.9760033558406316,0.0,50.0,20.0,1.0,0.0,0.0,0.0,-435.52398310476184,70.0,50.10022386034319,0.9997494089512051,0.0,0.022385694130760983,0.0
3.8169097900390625,-7.9271270370751425,1.4907271097334704,-11.794883172044552,-0.7283186981011478,-1.2651398189938283,1.121661795854613,0.0,50.0,20.0,1.0,0.0,0.0,0.0,-436.7428851036233,70.0,50.05305806303126,0.9998673460438858,0.0,0.01628773511438256,0.0
3.834468126296997,-8.04396399118843,1.9822314180540526,-11.797072912339585,-0.5839207395121604,-1.4217713947556245,1.2303412250658439,0.0,50.0,20.0,1.0,0.0,0.0,0.0,-437.28141525426895,70.0,50.03696034543428,0.99990759486706,0.0,0.013594179900656294,0.0
3.866840124130249,-8.34341303038135,1.6288092502887936,-11.877109108640385,-0.5539056633236056,-1.3494715380398454,1.256458317223903,0.0,50.0,20.0,1.0,0.0,0.0,0.0,-437.7721458474831,70.0,50.02481975072456,0.9999379486980066,0.0,0.01113996201173134,0.0
3.9001822471618652,-8.797384429544774,2.41085258943811,-12.251955380681206,-0.5595559419871065,-1.1638414524949117,1.146635054151556,0.0,50.0,20.0,1.0,0.0,0.0,0.0,-438.21473744561223,70.0,50.0159370818934,0.9999601565015144,0.0,0.008926668441639377,0.0
3.9335687160491943,-9.11924640413495,2.167344303611894,-12.565973611932415,-0.6795494163019805,-1.020395121275706,1.3235821870110493,0.0,50.0,20.0,1.0,0.0,0.0,0.0,-438.60888879701076,70.0,50.00967642006093,0.9999758086572371,0.0,0.006955724283256511,0.0
3.966762065887451,-9.09220372235135,1.8196899338380907,-11.808242882485347,-0.4847433570448822,-1.1613003505441037,1.4036875688193988,0.0,50.0,20.0,1.0,0.0,0.0,0.0,-439.25084913363946,70.0,50.00280617447592,0.9999929845392018,0.0,0.0037457806101796865,0.0
3.9997355937957764,-9.377301451824408,1.495183298711202,-11.415754003010372,-0.5408063772283288,-0.9845435139847282,1.2751288739588587,0.0,50.0,20.0,1.0,0.0,0.0,0.0,-439.4982356070761,70.0,50.00125884545349,0.999996852881414,0.0,0.0025088298602047427,0.0
4.016807556152344,-10.051330840624633,1.5663834936103287,-11.149301562633756,-0.5948122342550565,-0.9221829545703286,1.4327216773432092,0.0,50.0,20.0,1.0,0.0,0.0,0.0,-439.69633483890163,70.0,50.00046106371322,0.9999988473400526,0.0,0.0015183275556070938,0.0
4.051008462905884,-9.880237482601434,1.3186218838642714,-11.27776635166325,-0.6353981858359895,-0.8841877865443569,1.3860631874053613,0.0,50.0,20.0,1.0,0.0,0.0,0.0,-439.84501967520697,70.0,50.00012009457748,0.9999996997635112,0.0,0.0007749018566190095,0.0
4.083523988723755,-10.421598000298562,2.0040300736474532,-11.93448212507562,-0.8301569452461017,-1.0657863865803783,1.3620170500762077,0.0,50.0,20.0,1.0,0.0,0.0,0.0,-439.9937988262723,70.0,50.00000019227278,0.9999999995193181,0.0,3.100586865324209e-05,0.0
4.1169047355651855,-10.500143112628866,1.9138111843672692,-11.569865157642019,-0.690439062906357,-1.0454737262158973,1.30215392968447,0.0,50.0,20.0,1.0,0.0,0.0,0.0,-439.9937988262731,70.0,50.00000019227278,0.9999999995193181,0.0,3.100586864923104e-05,0.0
4.149792432785034,-10.491464071342731,1.8415206227169594,-11.927999737861553,-0.6454935276473986,-1.1436387209554844,1.4341741914307087,0.0,50.0,20.0,1.0,0.0,0.0,0.0,-439.9441953145851,70.0,50.000015570815776,0.9999999610729597,0.0,0.0002790234379359467,0.0
4.183091402053833,-9.726202174374176,2.4637619185777186,-11.696728144853186,-0.5674799736161864,-1.2075693630901152,1.5,0.0,50.0,20.0,1.0,0.0,0.0,0.0,-439.845019675211,70.0,50.00012009457747,0.9999996997635112,0.0,0.0007749018565988671,0.0
4.199960708618164,-9.262134608937762,2.830753313513947,-11.81026934506438,-0.418689722677843,-1.244081682220183,1.5,0.0,50.0,20.0,1.0,0.0,0.0,0.0,-439.69633483890726,70.0,50.0004610637132,0.9999988473400526,0.0,0.0015183275555789293,0.0
4.233745098114014,-9.657190484691931,2.1547840126079887,-11.268518502091924,-0.5618935184703412,-1.2469022842703064,1.4806352557985285,0.0,50.0,20.0,1.0,0.0,0.0,0.0,-439.25084913364833,70.0,50.00280617447585,0.999992984539202,0.0,0.003745780610135478,0.0
4.266777276992798,-9.318473844881215,1.7125908319836998,-11.562007606697845,-0.6693664530856352,-1.1321089361493932,1.5,0.0,50.0,20.0,1.0,0.0,0.0,0.0,-438.95433556002916,70.0,50.00546722005758,0.999986331856447,0.0,0.005228393662289397,0.0
4.29996657371521,-9.23746250660862,1.3249506711506274,-11.720992244663709,-0.5374616342583167,-1.242689560184212,1.5,0.0,50.0,20.0,1.0,0.0,0.0,0.0,-438.60888879702276,70.0,50.00967642006077,0.9999758086572376,0.0,0.00695572428319639,0.0
4.333027124404907,-9.341060739239213,1.013157757329543,-11.56328961585206,-0.5021217949976905,-1.437635488113048,1.384058391601585,0.0,50.0,20.0,1.0,0.0,0.0,0.0,-438.2147374456257,70.0,50.01593708189314,0.9999601565015149,0.0,0.008926668441571977,0.0
4.35095477104187,-10.132488459177383,1.3915897799586758,-12.10252263369225,-0.6974858763708977,-1.4981554957713323,1.3096498592805388,0.0,50.0,20.0,1.0,0.0,0.0,0.0,-437.7721458474983,70.0,50.02481975072422,0.9999379486980075,0.0,0.011139962011655482,0.0
4.384223222732544,-9.990036331625852,2.042654837197565,-11.653010254936943,-0.6189124172877045,-1.4615337004412408,1.202217804740544,0.0,50.0,20.0,1.0,0.0,0.0,0.0,-436.7428851036416,70.0,50.05305806303066,0.9998673460438873,0.0,0.016287735114291147,0.0
4.416746377944946,-10.087180405249699,2.6877777533525755,-11.577411075558405,-0.6015268718321363,-1.5,1.1562104182748425,0.0,50.0,20.0,1.0,0.0,0.0,0.0,-436.1569343884848,70.0,50.07387305261156,0.9998153003114836,0.0,0.01921887777831535,0.0
4.450110197067261,-9.33343834226844,1.933483418404807,-10.822769141926766,-0.6334051417419536,-1.5,1.3057003813968315,0.0,50.0,20.0,1.0,0.0,0.0,0.0,-435.523983104783,70.0,50.100223860342254,0.9997494089512076,0.0,0.022385694130655154,0.0
4.483572721481323,-9.95400859242536,1.7275171016583029,-11.390291412753191,-0.7382338837596123,-1.4242175075119055,1.2456892940964566,0.0,50.0,20.0,1.0,0.0,0.0,0.0,-434.84449376200257,70.0,50.13298464743241,0.9996674830976738,0.0,0.025786105505912992,0.0
4.516631841659546,-9.374544615189897,0.9797762146096805,-11.065950058703265,-0.7505891695283553,-1.5,1.2171996819783217,0.0,50.0,20.0,1.0,0.0,0.0,0.0,-433.3479728695587,70.0,50.221492619623376,0.9994461150566764,0.0,0.03327856815004008,0.0
4.550994873046875,-9.332207798988016,1.275692220500653,-11.218991096493063,-0.5521189285891017,-1.5,1.1867747011488576,0.0,50.0,20.0,1.0,0.0,0.0,0.0,-432.5320930325656,70.0,50.27923804179119,0.9993016610568823,0.0,0.037365628710834674,0.0
4.566673278808594,-8.880886604189616,1.4308598219225783,-11.61907645589152,-0.3639391118775754,-1.4357990771518798,1.29879779319345,0.0,50.0,20.0,1.0,0.0,0.0,0.0,-431.6719817377953,70.0,50.347382814978786,0.9991311655258813,0.0,0.04167630111818878,0.0
4.600378036499023,-8.557545657892033,0.6941895383337953,-11.484682659928323,-0.18361998030605786,-1.3183725241768711,1.2071057058455181,0.0,50.0,20.0,1.0,0.0,0.0,0.0,-430.76833767678096,70.0,50.427029718150635,0.9989318552380071,0.0,0.04620766809473445,0.0
4.624800205230713,-9.082440507730482,1.4688523688420183,-12.278303719378798,-0.1371886593564628,-1.316435680505523,1.2041190760882503,0.0,50.0,20.0,1.0,0.0,0.0,0.0,-429.82191142448806,70.0,50.51931588017183,0.9987008664255483,0.0,0.05095664236249423,0.0
4.666608095169067,-8.729894544120043,1.6097986100241202,-11.60908081126431,-0.15785042037379368,-1.4138558622282198,1.2059765578650241,0.0,50.0,20.0,1.0,0.0,0.0,0.0,-427.8039825471758,70.0,50.74650052370744,0.9981320039861775,0.0,0.06109421100674928,0.0
4.699719667434692,-9.22262266118686,2.171238758561266,-11.579212430549365,-0.15567145041994082,-1.2372899902569696,1.2542681701266913,0.0,50.0,20.0,1.0,0.0,0.0,0.0,-426.73425286904967,70.0,50.88380579815586,0.9977880391191412,0.0,0.06647577747404897,0.0
4.71677041053772,-9.026639421356828,2.500167871037348,-11.674639081479183,-0.04308233424368865,-1.3976414809322149,1.3502301259738774,0.0,50.0,20.0,1.0,0.0,0.0,0.0,-425.625289203614,70.0,51.03855452995715,0.9974002342842186,0.0,0.07206089542731038,0.0
4.750949859619141,-8.312002417352277,1.8426026763804275,-10.93649246033663,0.026166299317600034,-1.4947247043586598,1.3431567150570631,0.0,50.0,20.0,1.0,0.0,0.0,0.0,-424.4781208117735,70.0,51.211988245202036,0.9969654250644753,0.0,0.07784562432153891,0.0
4.783067464828491,-8.769658554713054,1.0625355418169673,-10.255911303084112,-0.023321856283907844,-1.4406540898279436,1.3177181184287619,0.0,50.0,20.0,1.0,0.0,0.0,0.0,-422.07358069376085,70.0,51.61990297394043,0.9959420089193436,0.0,0.089997304791322,0.0
4.816723823547363,-9.026532198576179,1.1490344540569188,-11.02080548316499,-0.09292992572694134,-1.5,1.2647923685191396,0.0,50.0,20.0,1.0,0.0,0.0,0.0,-420.8185627600117,70.0,51.85687764591759,0.995346980590393,0.0,0.09635553035289675,0.0
4.850204229354858,-9.461135369003902,0.9495402858250899,-11.658496024910827,-0.02171289730263301,-1.3538971138069955,1.3822282920288849,0.0,50.0,20.0,1.0,0.0,0.0,0.0,-419.53004814752467,70.0,52.11751397130668,0.9946921283208522,0.0,0.10289591758924856,0.0
4.868651390075684,-9.36784527770683,1.1616301140153322,-11.1948456912402,0.15894864804750639,-1.4578304519942205,1.4982269447801944,0.0,50.0,20.0,1.0,0.0,0.0,0.0,-418.20936274213545,70.0,52.40303217878045,0.9939742648107635,0.0,0.10961368935448815,0.0
4.900068759918213,-9.501247763052701,1.8394081274540592,-11.67644662411961,0.2580521983589831,-1.4022860295845954,1.4469263560506431,0.0,50.0,20.0,1.0,0.0,0.0,0.0,-416.8578915736364,70.0,52.71463204786431,0.9931902334199015,0.0,0.11650390654103224,0.0
