# Timestamp, Fx, Fy, Fz, Tx, Ty, Tz, FemurPosX, FemurPosY, FemurPosZ, FemurQuatW, FemurQuatX, FemurQuatY, FemurQuatZ, TibiaPosX, TibiaPosY, TibiaPosZ, TibiaQuatW, TibiaQuatX, TibiaQuatY, TibiaQuatZ
0.0242307186126709,-0.6544113706452557,5.232033303533649,-3.2529418935030305,-0.39011755592236014,2.445309790312848,0.18530424816583285,0.0,50.0,20.0,1.0,0.0,0.0,0.0,-425.05641398631064,70.0,51.1228578636525,0.9971889042111016,0.0,0.0749285614319564,0.0
0.056261539459228516,-0.5759222909425898,5.1422317622629965,-3.1566811722397152,-0.4184641633486884,2.4457862704486497,0.1640352973324371,0.0,50.0,20.0,1.0,0.0,0.0,0.0,-426.7342528690367,70.0,50.883805798157596,0.9977880391191368,0.0,0.06647577747411414,0.0
0.08999109268188477,-0.5027268261025388,5.05649584735587,-3.0647321952146425,-0.44659402952083777,2.445123530445178,0.14397794845598885,0.0,50.0,20.0,1.0,0.0,0.0,0.0,-428.32382885109405,70.0,50.68400417202949,0.9982885249965826,0.0,0.058480944419079306,0.0
0.12282109260559082,-0.43481400925424213,4.975240495148683,-2.9771442642800805,-0.47449639181245945,2.443419842839584,0.12515843872079838,0.0,50.0,20.0,1.0,0.0,0.0,0.0,-429.8219114244761,70.0,50.51931588017304,0.9987008664255452,0.0,0.05095664236255402,0.0
0.1559889316558838,-0.37214537031144745,4.898860316660779,-2.8939544770278625,-0.5021602457679648,2.4407710534199745,0.10760046520352111,0.0,50.0,20.0,1.0,0.0,0.0,0.0,-431.22555562529396,70.0,50.38569818587699,0.9990352892018455,0.0,0.0439145867495639,0.0
0.18583416938781738,-0.3146600887845464,4.827728446431359,-2.815187082706199,-0.529574457645896,2.437270051343115,0.09132514234580424,0.0,50.0,20.0,1.0,0.0,0.0,0.0,-432.53209303255494,70.0,50.279238041791984,0.9993016610568803,0.0,0.037365628710888124,0.0
0.21773719787597656,-0.26228039091430344,4.762195690159992,-2.740852982194422,-0.5567278871370012,2.433006235717846,0.07635095506561418,0.0,50.0,20.0,1.0,0.0,0.0,0.0,-433.739121468808,70.0,50.19618544355302,0.9995094160548138,0.0,0.03131975762621873,0.0
0.25055766105651855,-0.21491709531231074,4.702589952207241,-2.6709493703918037,-0.5836095152472722,2.428064983197789,0.06269371284505601,0.0,50.0,20.0,1.0,0.0,0.0,0.0,-434.8444937619931,70.0,50.132984647432906,0.9996674830976726,0.0,0.025786105505960503,0.0
0.2818944454193115,-0.17247521395702028,4.649215912369057,-2.605459513612381,-0.6102085725271057,2.422527121641459,0.05036650937979591,0.0,50.0,20.0,1.0,0.0,0.0,0.0,-435.84630592531784,70.0,50.086303113467224,0.9997842189355981,0.0,0.020772952783273044,0.0
0.31539487838745117,-0.13485952015433178,4.602354910829,-2.5443526495658926,-0.6365146631081461,2.4164684153168685,0.0393796915623973,0.0,50.0,20.0,1.0,0.0,0.0,0.0,-436.74288510363374,70.0,50.05305806303092,0.9998673460438867,0.0,0.016287735114330334,0.0
0.3479804992675781,-0.10198000133030065,4.562264991221044,-2.4875839934555994,-0.6625178803831486,2.409959067436989,0.029740840714820846,0.0,50.0,20.0,1.0,0.0,0.0,0.0,-437.5327776210272,70.0,50.03044056447635,0.9999238956928763,0.0,0.012337050797566963,0.0
0.38009119033813477,-0.07375712162282183,4.529181044613181,-2.435094830784721,-0.6882089106272861,2.4030632459976253,0.02145476810518364,0.0,50.0,20.0,1.0,0.0,0.0,0.0,-438.2147374456197,70.0,50.015937081893256,0.9999601565015147,0.0,0.008926668441602016,0.0
0.41411662101745605,-0.05012682651082074,4.503314992161991,-2.3868126757175916,-0.7135791214004363,2.395838638938891,0.014523525905597577,0.0,50.0,20.0,1.0,0.0,0.0,0.0,-438.7877153643855,70.0,50.007348440186604,0.9999816287307818,0.0,0.006061534536155309,0.0
0.44677042961120605,-0.031045228533606972,4.484855941318992,-2.34265147331336,-0.7386206321714222,2.388336044558487,0.008946433898788353,0.0,50.0,20.0,1.0,0.0,0.0,0.0,-439.25084913364424,70.0,50.00280617447589,0.9999929845392019,0.0,0.003745780610155969,0.0
0.4787907600402832,-0.016492918959742486,4.473970249848516,-2.302511824611652,-0.7633263652438997,2.380599002868907,0.004720121448574167,0.0,50.0,20.0,1.0,0.0,0.0,0.0,-439.6034548402822,70.0,50.000786243409365,0.9999980343895447,0.0,0.0019827296958631405,0.0
0.5084648132324219,-0.006478854629866048,4.470801433554355,-2.266281215332869,-0.7876900757137855,2.3726634732179184,0.0018385835385428743,0.0,50.0,20.0,1.0,0.0,0.0,0.0,-439.8450196752091,70.0,50.00012009457747,0.9999996997635112,0.0,0.0007749018566085023,0.0
0.5248253345489502,-0.0010437718301340641,4.4754698574927945,-2.2338342317629634,-0.8117063598225138,2.3645575629955706,0.00029324907586802425,0.0,50.0,20.0,1.0,0.0,0.0,0.0,-439.9751962845666,70.0,50.000003076121544,0.9999999923096962,0.0,0.0001240185781207288,0.0
0.5551567077636719,-0.0002630798238861643,4.488072156553269,-2.205032751106266,-0.8353706416629905,2.3563013116512628,7.305916911237113e-05,0.0,50.0,20.0,1.0,0.0,0.0,0.0,-439.9937988262727,70.0,50.00000019227278,0.9999999995193181,0.0,3.1005868651280164e-05,0.0
0.5854277610778809,-0.004249185626940503,4.508680339606991,-2.1797260980811455,-0.858679138722819,2.3479065335655562,0.001164552729563409,0.0,50.0,20.0,1.0,0.0,0.0,0.0,-439.90080082007694,70.0,50.000049202398586,0.999999876993996,0.0,0.0004959959606258396,0.0
0.6182272434234619,-0.013153198989026582,4.537340541970531,-2.1577511646655854,-0.8816288071935195,2.339376722591034,0.0035519565176045293,0.0,50.0,20.0,1.0,0.0,0.0,0.0,-439.69633483890453,70.0,50.00046106371322,0.9999988473400526,0.0,0.0015183275555926193,0.0
0.6466391086578369,-0.027165962760942765,4.574071403736748,-2.1389324955301285,-0.9042172683223408,2.3307070203235685,0.007217276654562861,0.0,50.0,20.0,1.0,0.0,0.0,0.0,-439.380694048332,70.0,50.00191771769707,0.9999952056942647,0.0,0.003096544604121571,0.0
0.6772112846374512,-0.046518349492098585,4.618862066626619,-2.123082347671289,-0.9264427173281865,2.321884249417781,0.012140388636045382,0.0,50.0,20.0,1.0,0.0,0.0,0.0,-438.9543355600242,70.0,50.005467220057625,0.9999863318564468,0.0,0.005228393662314075,0.0
0.707866907119751,-0.07148076100538316,4.671669799429831,-2.110000738910471,-0.9483038165448613,2.3128870125441185,0.018299122999719645,0.0,50.0,20.0,1.0,0.0,0.0,0.0,-438.4178855243361,70.0,50.012516214348636,0.9999687089745642,0.0,0.007910819915986737,0.0
0.7423417568206787,-0.10236176479289222,4.732417281789657,-2.099475506056937,-0.9697995744990343,2.3036858569215273,0.025669344000167283,0.0,50.0,20.0,1.0,0.0,0.0,0.0,-437.77214584749134,70.0,50.024819750724376,0.999937948698007,0.0,0.011139962011690227,0.0
0.7698721885681152,-0.1395058004672726,4.800989597901062,-2.0912823994179828,-0.9909292125875467,2.294243503766458,0.034225018905345406,0.0,50.0,20.0,1.0,0.0,0.0,0.0,-437.0181023802741,70.0,50.04446845428977,0.9998888226840777,0.0,0.01491114587980553,0.0
0.8019347190856934,-0.18328989239341034,4.877231015316979,-2.08518524569887,-1.011692020903831,2.2845151414877423,0.04393827583268514,0.0,50.0,20.0,1.0,0.0,0.0,0.0,-436.15693438847615,70.0,50.0738730526119,0.9998153003114828,0.0,0.01921887777835859,0.0
0.8295929431915283,-0.23411931226103383,4.960941648952438,-2.0809362158403824,-1.0320872045936433,2.274448781034549,0.05477944836845869,0.0,50.0,20.0,1.0,0.0,0.0,0.0,-435.1900250809262,70.0,50.11574627961683,0.999710592422585,0.0,0.024056836826235148,0.0
0.8587961196899414,-0.2924221489459699,5.051874135705119,-2.0782762376107815,-1.0521137219151508,2.2639856714731903,0.0667171055448258,0.0,50.0,20.0,1.0,0.0,0.0,0.0,-434.1189729392879,70.0,50.17308218365564,0.9995672008833232,0.0,0.029417867330555517,0.0
0.8902173042297363,-0.3586427635959547,5.1497304696985156,-2.076935594373222,-1.0717701149573593,2.2530607736258137,0.07971806607131676,0.0,50.0,20.0,1.0,0.0,0.0,0.0,-432.9456035654518,70.0,50.24913288124141,0.9993769737160212,0.0,0.03529397124449245,0.0
0.9218361377716064,-0.4332341362188008,5.254159170459283,-2.076634750935197,-1.0910543337530008,2.241603289444627,0.09374739602181913,0.0,50.0,20.0,1.0,0.0,0.0,0.0,-431.6719817377836,70.0,50.34738281497977,0.9991311655258789,0.0,0.04167630111824746,0.0
0.9517669677734375,-0.5166491464383788,5.364752974472043,-2.077085444306554,-1.1099635543257358,2.2295372447116155,0.10876838945912161,0.0,50.0,20.0,1.0,0.0,0.0,0.0,-430.30042334722856,70.0,50.471520594570464,0.9988205029068775,0.0,0.04855515392677003,0.0
0.9824173450469971,-0.6093308751742131,5.48104725233789,-2.077992071156584,-1.1284939910536378,2.216782122636421,0.12474253173574187,0.0,50.0,20.0,1.0,0.0,0.0,0.0,-428.83350686880374,70.0,50.62540852335066,0.998435254477348,0.0,0.05591996617267673,0.0
1.012159824371338,-0.7117020646526087,5.6025193568742,-2.079053394497236,-1.146640703626877,2.203253545964569,0.14162944544542713,0.0,50.0,20.0,1.0,0.0,0.0,0.0,-427.2740840138111,70.0,50.813049939457954,0.9979653051598087,0.0,0.06375931067138177,0.0
1.0417814254760742,-0.8241539293066092,5.72858909966758,-2.079964579547172,-1.1643973988414547,2.18886400529428,0.15938681922144812,0.0,50.0,20.0,1.0,0.0,0.0,0.0,-425.6252892036003,70.0,51.03855452995914,0.9974002342842136,0.0,0.07206089542737941,0.0
1.073023796081543,-0.9470345667309166,5.8586205328971275,-2.0804195530333534,-1.1817562275156295,2.1735236314229702,0.17797031979641498,0.0,50.0,20.0,1.0,0.0,0.0,0.0,-423.89054750728275,70.0,51.30610180773644,0.9967293970588597,0.0,0.08081156500577232,0.0
1.1040735244750977,-1.0806372719716812,5.991925178407947,-2.0801136618724922,-1.1987075769537738,2.157141009694204,0.19733348796764102,0.0,50.0,20.0,1.0,0.0,0.0,0.0,-422.07358069374635,70.0,51.61990297394307,0.9959420089193369,0.0,0.08999730479139538,0.0
1.1332542896270752,-1.225189105376886,6.1277667967589275,-2.078746587118703,-1.2152398596256186,2.139624034481965,0.21742761936872781,0.0,50.0,20.0,1.0,0.0,0.0,0.0,-420.1784110628731,70.0,51.98416142271918,0.9950272322335726,0.0,0.09960324850925259,0.0
1.163158893585205,-1.380840098971197,6.26536772631947,-2.0760254485048026,-1.23133929908902,2.1208808021200327,0.2382016312509897,0.0,50.0,20.0,1.0,0.0,0.0,0.0,-418.20936274212085,70.0,52.403032178783704,0.9939742648107552,0.0,0.10961368935456256,0.0
1.1938393115997314,-1.5476535039409256,6.403916748976562,-2.0716680153907725,-1.246989714673416,2.1008205407459806,0.2596019168484078,0.0,50.0,20.0,1.0,0.0,0.0,0.0,-416.17106016260004,70.0,52.88058059159552,0.9927724296343158,0.0,0.12001209504869748,0.0
1.2265124320983887,-1.7255974781465306,6.5425783587110145,-2.065405923209266,-1.2621723070704192,2.0793545756639986,0.2815721893591122,0.0,50.0,20.0,1.0,0.0,0.0,0.0,-414.0684234633147,70.0,53.42074064105674,0.9914112652147525,0.0,0.13078112709899578,0.0
1.255875587463379,-1.914538584822064,6.680503227656687,-2.0569877823367646,-1.2768654477583163,2.0563973289147244,0.30405331814773745,0.0,50.0,20.0,1.0,0.0,0.0,0.0,-411.9066606130497,70.0,54.02727323822862,0.9898806159375265,0.0,0.1419026644962776,0.0
1.2852973937988281,-2.1142374209183243,6.816839587676403,-2.04618206030946,-1.2910444761272164,2.0318673517427275,0.32698316047853515,0.0,50.0,20.0,1.0,0.0,0.0,0.0,-409.6912560860577,70.0,54.70372492925516,0.9881707217650826,0.0,0.1533578320343496,0.0
1.3175077438354492,-2.3243466173905265,6.950745180714573,-2.032779619627907,-1.3046815092760498,2.005688388532632,0.3502963929493757,0.0,50.0,20.0,1.0,0.0,0.0,0.0,-407.4279559796097,70.0,55.45338743067653,0.986272306640827,0.0,0.1651270333815231,0.0
1.3471696376800537,-2.5444113580800503,7.081399384514513,-2.016595802627301,-1.3177452707203399,1.9777904704917253,0.3739243478281552,0.0,50.0,20.0,1.0,0.0,0.0,0.0,-405.1227495179,70.0,56.279258438652676,0.9841766649371121,0.0,0.17718998897585442,0.0
1.378117322921753,-2.773872454904974,7.208015096746571,-1.9974719718554959,-1.3302009456696509,1.9481110368267494,0.3977948607055673,0.0,50.0,20.0,1.0,0.0,0.0,0.0,-402.78184694682335,70.0,57.184004162481145,0.9818757452893896,0.0,0.18952577875425214,0.0
1.4073164463043213,-3.012071902759819,7.329849963217576,-1.9752764381253354,-1.3420100720815793,1.9165960803195405,0.42183213727144575,0.0,50.0,20.0,1.0,0.0,0.0,0.0,-400.41165388674915,70.0,58.16992403347662,0.9793622311650664,0.0,0.20211288966165192,0.0
1.4380664825439453,-3.258260726580382,7.446216565166639,-1.9499047371868108,-1.3531304783322715,1.883201312963867,0.4459566485810349,0.0,50.0,20.0,1.0,0.0,0.0,0.0,-398.0187422744501,70.0,59.238918033217786,0.976629617528524,0.0,0.2149292678210415,0.0
1.470372200012207,-3.511608834038638,7.556491234583181,-1.9212792475354106,-1.3635162799952278,1.8478933455903273,0.47008506586792526,0.0,50.0,20.0,1.0,0.0,0.0,0.0,-395.6098180895451,70.0,60.39245706997248,0.9736722829834161,0.0,0.2279523751792519,0.0
1.4991505146026611,-3.771216507695111,7.6601212404454095,-1.889348173677166,-1.3731179497950694,1.8106508730832216,0.4941302477211923,0.0,50.0,20.0,1.0,0.0,0.0,0.0,-393.1916861238844,70.0,61.63155680858104,0.9704855567998396,0.0,0.2411592503780545,0.0
1.529916763305664,-4.036127115518611,7.756630176316558,-1.8540839486608065,-1.3818824761711226,1.7714658537976966,0.518001294182844,0.0,50.0,20.0,1.0,0.0,0.0,0.0,-390.7712121128726,70.0,62.95675532722703,0.9670657802672292,0.0,0.25452657353631103,0.0
1.5597853660583496,-4.30534059126469,7.845621473319943,-1.8154811346263404,-1.3897536268801098,1.7303446680558032,0.5416036839072897,0.0,50.0,20.0,1.0,0.0,0.0,0.0,-388.35528260444266,70.0,64.36809493458048,0.9634103618537105,0.0,0.268030734567703,0.0
1.5898308753967285,-4.577827236306376,7.926780054466254,-1.7735539188290548,-1.3966723344825311,1.6873092361171722,0.5648395117844599,0.0,50.0,20.0,1.0,0.0,0.0,0.0,-385.95076299293453,70.0,65.86510843321861,0.9595178256988803,0.0,0.28164790460092726,0.0
1.6217176914215088,-4.852541419610875,7.999872229697425,-1.7283333141134278,-1.402577220154343,1.6423980708298729,0.5876078451466642,0.0,50.0,20.0,1.0,0.0,0.0,0.0,-383.56445419025437,70.0,67.44681006068815,0.9553878530191595,0.0,0.2953541100161648,0.0
1.651240348815918,-5.128434798117683,8.064744000371638,-1.6798641769271143,-1.4074052707813698,1.5956672344063516,0.6098052166011227,0.0,50.0,20.0,1.0,0.0,0.0,0.0,-381.2030484442482,70.0,69.11169127895813,0.9510213160624789,0.0,0.30912530856400394,0.0
1.6813364028930664,-5.404468739983442,8.121317993679822,-1.6282021531776012,-1.411092681460824,1.5471911626921948,0.6313262703720842,0.0,50.0,20.0,1.0,0.0,0.0,0.0,-378.87308484323563,70.0,70.85772151739799,0.9464203043114672,0.0,0.3229374669916607,0.0
1.711442470550537,-5.679625701727217,8.16958928013798,-1.57341065359836,-1.4135758711081006,1.497063314295019,0.652064576507108,0.0,50.0,20.0,1.0,0.0,0.0,0.0,-376.58090506529436,70.0,72.68235390505741,0.9415881427007845,0.0,0.3367666395670554,0.0
1.74114990234375,-5.952919381207848,8.209620341230714,-1.5155579472300846,-1.4147926726656315,1.4453965965637758,0.6719136231324911,0.0,50.0,20.0,1.0,0.0,0.0,0.0,-374.3326099405782,70.0,74.58253595629355,0.9365294016839686,0.0,0.3505890468646558,0.0
1.7739262580871582,-6.2234035364085605,8.241535451433329,-1.454714445719191,-1.4146836913612573,1.3923235163518477,0.6907679909283754,0.0,50.0,20.0,1.0,0.0,0.0,0.0,-372.13401739429935,70.0,76.55472510118344,0.9312498990572202,0.0,0.3643811541585503,0.0
1.8039047718048096,-6.490179421220027,8.265514722233396,-1.390950233944813,-1.4131938146555039,1.3379960015813976,0.7085247060449118,0.0,50.0,20.0,1.0,0.0,0.0,0.0,-369.9906223269014,70.0,78.59490888021048,0.925756693521007,0.0,0.37811974875831655,0.0
1.8333740234375,-6.75240184119157,8.281788028995392,-1.3243328853855325,-1.4102738462516906,1.2825848407396718,0.7250847578773773,0.0,50.0,20.0,1.0,0.0,0.0,0.0,-367.90755896651586,70.0,80.69862955299072,0.9200580700341943,0.0,0.3917820156221488,0.0
1.863664150238037,-7.009283873276383,8.290629008253328,-1.2549255847315564,-1.4058822243726947,1.226278692444888,0.7403547567631096,0.0,50.0,20.0,1.0,0.0,0.0,0.0,-365.8895661974134,70.0,82.86101280483578,0.9141635170886121,0.0,0.4053456105895053,0.0
1.8929743766784668,-7.260100323788434,8.292349276692997,-1.1827855663221087,-1.3999867722525445,1.169282626837398,0.7542486943197032,0.0,50.0,20.0,1.0,0.0,0.0,0.0,-363.9409563274763,70.0,85.0768001741971,0.9080836961035114,0.0,0.4187887305921514,0.0
1.9292759895324707,-7.504190018859433,8.287292986590366,-1.10796286550786,-1.3925664175142272,1.1118161752042748,0.7666897566473164,0.0,50.0,20.0,1.0,0.0,0.0,0.0,-362.06558770857447,70.0,87.34038476985273,0.9018304032082398,0.0,0.4320901802277664,0.0
1.955333948135376,-7.74095703296808,8.275831798038686,-1.0304993711848631,-1.3836128080492538,1.0541108839101156,0.7776121290471727,0.0,50.0,20.0,1.0,0.0,0.0,0.0,-360.2668415672161,70.0,89.6458498002616,0.8954165237467376,0.0,0.4452294341138151,0.0
1.9849333763122559,-7.96987096526754,8.25836031746739,-0.950428161470517,-1.3731317464812738,0.9964073927853085,0.7869627215102957,0.0,50.0,20.0,1.0,0.0,0.0,0.0,-358.5476033401955,70.0,91.98700939984332,0.8888559798981966,0.0,0.4581866944807723,0.0
2.017676830291748,-8.190466372203316,8.235292025629693,-0.867773100574062,-1.3611443644834684,0.9389520853668659,0.7947027382933359,0.0,50.0,20.0,1.0,0.0,0.0,0.0,-356.9102487425748,70.0,94.35745120881677,0.8821636718636265,0.0,0.4709429435123578,0.0
2.04795503616333,-8.402341459950087,8.207055696765456,-0.7825486730278112,-1.3476879630323384,0.8819933869081826,0.8008090135842437,0.0,50.0,20.0,1.0,0.0,0.0,0.0,-355.35663472469696,70.0,96.75058014521079,0.8753554131174069,0.0,0.4834799899955053,0.0
2.0787863731384277,-8.605156132957948,8.174092293955475,-0.6947600312097051,-1.3328164555419046,0.8257778134659464,0.8052750394178103,0.0,50.0,20.0,1.0,0.0,0.0,0.0,-353.8880954025866,70.0,99.15966280003673,0.8684478602655523,0.0,0.4957805099035093,0.0
2.1070847511291504,-8.798629486578012,8.136852313395066,-0.6044032331097476,-1.31660036752529,0.7705458989427025,0.8081116219877912,0.0,50.0,20.0,1.0,0.0,0.0,0.0,-352.5054429736093,70.0,101.57787188943806,0.8614584380878799,0.0,0.50782808060129,0.0
2.137437105178833,-8.982536823243294,8.095793541861608,-0.5114656491991418,-1.299126368066454,0.7165281440614674,0.8093471180573039,0.0,50.0,20.0,1.0,0.0,0.0,0.0,-351.20897355816146,70.0,103.99833021068983,0.8544052603691944,0.0,0.5196072084309927,0.0
2.169830322265625,-9.156706263651689,8.05137918637187,-0.4159265197156383,-1.2804963333761845,0.6639411396390786,0.809027223365449,0.0,50.0,20.0,1.0,0.0,0.0,0.0,-349.99847783990043,70.0,106.41415357177166,0.8473070471447418,0.0,0.5311033495082274,0.0
2.1996657848358154,-9.321015017232133,8.004076332242288,-0.31775764639588283,-1.2608259689561856,0.6129840147456224,0.8072143082292867,0.0,50.0,20.0,1.0,0.0,0.0,0.0,-348.8732563129514,70.0,108.81849219619377,0.8401830389974742,0.0,0.542302923633064,0.0
2.2294890880584717,-9.475385370074864,7.954354684833292,-0.21692420543159885,-1.2402430420344317,0.5638353479674975,0.8039863199628463,0.0,50.0,20.0,1.0,0.0,0.0,0.0,-347.8321388858228,70.0,111.20457014495469,0.8330529090491351,0.0,0.55319332129444,0.0
2.2591044902801514,-9.619780443522007,7.902685550601479,-0.11338567101811682,-1.2188852976341413,0.5166506577736629,0.7994352950941195,0.0,50.0,20.0,1.0,0.0,0.0,0.0,-346.87350853945304,70.0,113.56572234490339,0.8259366732840254,0.0,0.56376290382085,0.0
2.290151596069336,-9.75419977268554,7.849541014212135,-0.0070968411655985,-1.1968981479241032,0.4715605577632167,0.7936655445602238,0.0,50.0,20.0,1.0,0.0,0.0,0.0,-345.99532869171503,70.0,115.89542886618707,0.8188545998338561,0.0,0.5740009968030851,0.0
2.3221354484558105,-9.878674751156714,7.7953932699850474,0.1019910406403738,-1.174432234016328,0.42866962705984335,0.7867915903701638,0.0,50.0,20.0,1.0,0.0,0.0,0.0,-345.1951738834158,70.0,118.1873461496178,0.8118271178347709,0.0,0.5838978769854271,0.0
2.3515686988830566,-9.993263985924441,7.740714067559404,0.21392907287081953,-1.1516409615583747,0.38805600852552335,0.7789359414985417,0.0,50.0,20.0,1.0,0.0,0.0,0.0,-344.4702633717382,70.0,120.43533494634278,0.804874726443989,0.0,0.5934447528891917,0.0
2.380932331085205,-10.098048604847015,7.685974233157361,0.3287693964235579,-1.1286781065610991,0.3497717110688053,0.770226799570545,0.0,50.0,20.0,1.0,0.0,0.0,0.0,-343.81749719632944,70.0,122.63348479579652,0.7980179045742127,0.0,0.6026337394960414,0.0
2.412268877029419,-10.193127557744535,7.631643229068766,0.4465638115606776,-1.1056955768834917,0.3138435600480324,0.7607957814854358,0.0,50.0,20.0,1.0,0.0,0.0,0.0,-343.2334942707871,70.0,124.77613493220738,0.7912770218696883,0.0,0.6114578273773563,0.0
2.442387104034424,-10.278612951138646,7.578188714909665,0.5673623146879055,-1.082841399175823,0.2802747138642995,0.7507757373775612,0.0,50.0,20.0,1.0,0.0,0.0,0.0,-342.7146320478686,70.0,126.85789157361837,0.7846722514094073,0.0,0.6199108467095021,0.0
2.4728875160217285,-10.354625455732176,7.526076074822084,0.6912115587223051,-1.0602579826586456,0.24904664667446888,0.740298729536559,0.0,50.0,20.0,1.0,0.0,0.0,0.0,-342.25708730989385,70.0,128.87364160925307,0.7782234845812189,0.0,0.6279874266625609,0.0
2.5046536922454834,-10.421289824797494,7.475767875128541,0.818153241539096,-1.0380806917195122,0.22012148718173913,0.7294942226251485,0.0,50.0,20.0,1.0,0.0,0.0,0.0,-341.856877645921,70.0,130.81856275999436,0.7719502485264372,0.0,0.6356829506915942,0.0
2.5327935218811035,-10.478730560671254,7.427723217119685,0.9482224280372712,-1.0164367405864858,0.19344460129528085,0.7184875192739434,0.0,50.0,20.0,1.0,0.0,0.0,0.0,-341.5099031935905,70.0,132.6881303417542,0.7658716265087961,0.0,0.6429935082944237,0.0
2.564664840698242,-10.52706776551688,7.382396949755593,1.0814458126373416,-0.9954444065913699,0.16894731105396424,0.7073984592619067,0.0,50.0,20.0,1.0,0.0,0.0,0.0,-341.2119882452046,70.0,134.4781208117571,0.7600061815151339,0.0,0.6499158438280955,0.0
2.592942953109741,-10.566413211436252,7.340238707243985,1.2178399304334224,-0.9752125446495931,0.14654965212522264,0.6963403860877789,0.0,50.0,20.0,1.0,0.0,0.0,0.0,-340.95892234370024,70.0,136.1846123225298,0.7543718833488898,0.0,0.6564473029974676,0.0
2.625685930252075,-10.596866663949157,7.301691736880582,1.3574093266740104,-0.9558403750119912,0.12616308577804805,0.6854193725405147,0.0,50.0,20.0,1.0,0.0,0.0,0.0,-340.74650052370936,70.0,137.80398254716025,0.7489860394321103,0.0,0.6625857776437715,0.0
2.6553452014923096,-10.618512491907726,7.267191483367567,1.5001446956505256,-0.9374175091587968,0.10769309687185386,0.6747336872819264,0.0,50.0,20.0,1.0,0.0,0.0,0.0,-340.5705623848872,70.0,139.33290407175465,0.7438652294879945,0.0,0.6683296494685637,0.0
2.6854162216186523,-10.631416596197726,7.237163897237809,1.6460210013503345,-0.9200241746797081,0.09104162565981945,0.6643734775564323,0.0,50.0,20.0,1.0,0.0,0.0,0.0,-340.4270297181519,70.0,140.76833767676692,0.7390252442347051,0.0,0.6736777333293973,0.0
2.718920946121216,-10.635623689243392,7.212023437175993,1.7949955933222088,-0.9037315986838902,0.07610929690806252,0.6544206387983745,0.0,50.0,20.0,1.0,0.0,0.0,0.0,-340.31194243948573,70.0,142.10752384789188,0.7344810281828528,0.0,0.6786292207379958,0.0
2.7473933696746826,-10.631154957530953,7.192170739107553,1.9470063320768602,-0.8886025101672641,0.06279742412340325,0.6449488398113287,0.0,50.0,20.0,1.0,0.0,0.0,0.0,-340.2214926196242,70.0,143.34797286954634,0.7302466265942407,0.0,0.6831836241800089,0.0
2.7777152061462402,-10.618006140242574,7.177989929077698,2.1019697390151246,-0.8746917242579961,0.05100977901226107,0.6360236719497244,0.0,50.0,20.0,1.0,0.0,0.0,0.0,-340.15205643053196,70.0,144.48745385975522,0.7263351366285565,0.0,0.6873407228578677,0.0
2.8075666427612305,-10.596146058765436,7.16984556230914,2.2597791864017847,-0.8620467748204436,0.040654126381997335,0.6277028919138797,0.0,50.0,20.0,1.0,0.0,0.0,0.0,-340.10022386034274,70.0,145.5239831047724,0.7227586626780326,0.0,0.6911005104352492,0.0
2.83711838722229,-10.565515634373439,7.1680791775419905,2.4203031433997975,-0.850708566047593,0.03164353248356472,0.6200367299635484,0.0,50.0,20.0,1.0,0.0,0.0,0.0,-340.0628260768704,70.0,146.45581204531342,0.7195282758679001,0.0,0.6944631453335498,0.0
2.8698570728302,-10.526027434757173,7.173005463942725,2.583383494821068,-0.8407120180260613,0.023897460381326223,0.6130682381961959,0.0,50.0,20.0,1.0,0.0,0.0,0.0,-340.03696034543407,70.0,147.281415254277,0.716653977682825,0.0,0.6974289040980342,0.0
2.9001574516296387,-10.47756579417428,7.184908047633825,2.748833950258698,-0.8320866855252507,0.017342669529498565,0.6068336567208544,0.0,50.0,20.0,1.0,0.0,0.0,0.0,-340.02001242927105,70.0,147.99947872870962,0.7141446676664693,0.0,0.6999981383143444,0.0
2.929783344268799,-10.41998755654146,7.204034916340441,2.916438562904105,-0.8248573332427804,0.011913938600790052,0.6013627788510225,0.0,50.0,20.0,1.0,0.0,0.0,0.0,-340.0096764200608,70.0,148.6088887970164,0.7120081151327687,0.0,0.7021712355152993,0.0
2.9592180252075195,-10.353123495358329,7.230593513861953,3.085950379896185,-0.8190444543109684,0.007554631039592427,0.5966792996712889,0.0,50.0,20.0,1.0,0.0,0.0,0.0,-340.00397196199276,70.0,149.10872191653496,0.7102509348232674,0.0,0.7039485844738057,0.0
2.989765167236328,-10.276780468322363,7.264745551114924,3.257090249757089,-0.8146647219782785,0.004217122083169061,0.592801135391846,0.0,50.0,20.0,1.0,0.0,0.0,0.0,-340.0012588454535,70.0,149.4982356070793,0.7088785664446369,0.0,0.7053305452306716,0.0
3.0215587615966797,-10.190744367048548,7.306601597379958,3.4295458175404674,-0.8117313670205665,0.0018631043719398292,0.58974070373227,0.0,50.0,20.0,1.0,0.0,0.0,0.0,-340.0002489559713,70.0,149.7768607334384,0.7078952580239594,0.0,0.7063174241565842,0.0
3.0538156032562256,-10.094783922444215,7.356215534067843,3.602970744844517,-0.8102544756422181,0.0004637869861794762,0.587505158149721,0.0,50.0,20.0,1.0,0.0,0.0,0.0,-340.0000155708158,70.0,149.94419531458377,0.7073040530260527,0.0,0.7069094542958941,0.0
3.0811846256256104,-9.988655422846211,7.413578973641362,3.7769841997588074,-0.8102412044551707,5.0753387524438096e-17,0.5860965710555168,0.0,50.0,20.0,1.0,0.0,0.0,0.0,-340.0,70.0,150.0,0.7071067811865476,0.0,0.7071067811865475,0.0
3.1119022369384766,-9.872108393735513,7.478615767967989,3.951170670844544,-0.8116959106492043,0.0004622136017537888,0.5855120632771609,0.0,50.0,20.0,1.0,0.0,0.0,0.0,-340.0000155708158,70.0,149.9441953145841,0.7073040530260515,0.0,0.7069094542958954,0.0
3.143110990524292,-9.744892273414187,7.551176752795536,4.125080168865703,-0.8146201967737877,0.001850477633343896,0.5857438789627717,0.0,50.0,20.0,1.0,0.0,0.0,0.0,-340.0002489559713,70.0,149.77686073343912,0.7078952580239568,0.0,0.7063174241565867,0.0
3.174074172973633,-9.606764097265414,7.631034897412864,4.298228889386659,-0.8190128707281169,0.004174284169206017,0.5867794069408051,0.0,50.0,20.0,1.0,0.0,0.0,0.0,-340.00125884545344,70.0,149.49823560708037,0.7088785664446331,0.0,0.7053305452306755,0.0
3.2050490379333496,-9.45749717316815,7.717881049715473,4.470100417438498,-0.8248698226895339,0.0074523525953113234,0.5886011512907574,0.0,50.0,20.0,1.0,0.0,0.0,0.0,-340.0039719619927,70.0,149.10872191653638,0.7102509348232624,0.0,0.7039485844738107,0.0
3.2337820529937744,-9.296890691771985,7.811320485295612,4.640147560883159,-0.8321838218855175,0.011712333659638122,0.5911866555978765,0.0,50.0,20.0,1.0,0.0,0.0,0.0,-340.0096764200608,70.0,148.60888879701818,0.7120081151327624,0.0,0.7021712355153057,0.0
3.265307664871216,-9.124780167739402,7.910870482890304,4.807794900332569,-0.8409442374087442,0.01699042624900529,0.5945083870971435,0.0,50.0,20.0,1.0,0.0,0.0,0.0,-340.020012429271,70.0,147.99947872871175,0.7141446676664618,0.0,0.6999981383143521,0.0
3.2927894592285156,-8.941048552629146,8.015959155287138,4.972442138891466,-0.8511366887565127,0.02333089831016909,0.5985335886879525,0.0,50.0,20.0,1.0,0.0,0.0,0.0,-340.03696034543395,70.0,147.2814152542795,0.7166539776828162,0.0,0.6974289040980431,0.0
3.3253397941589355,-8.745637798709497,8.125925762130612,5.133468323051921,-0.8627426334999169,0.030785501493685107,0.603224108634594,0.0,50.0,20.0,1.0,0.0,0.0,0.0,-340.0628260768703,70.0,146.45581204531626,0.7195282758678901,0.0,0.69446314533356,0.0
3.3555665016174316,-8.538560588644485,8.24002271650016,5.290236985519446,-0.8757389014912923,0.03941276788822858,0.6085362196528417,0.0,50.0,20.0,1.0,0.0,0.0,0.0,-340.10022386034257,70.0,145.52398310477557,0.7227586626780216,0.0,0.6911005104352607,0.0
3.385420560836792,-8.319911882809835,8.357419468418469,5.442102230855757,-0.8900971873136474,0.049277176774579406,0.6144204409897701,0.0,50.0,20.0,1.0,0.0,0.0,0.0,-340.1520564305318,70.0,144.48745385975872,0.7263351366285444,0.0,0.6873407228578805,0.0
3.4174530506134033,-8.089879879113022,8.477208403985323,5.588415745592001,-0.9057835152457652,0.06044817981490096,0.6208213789746945,0.0,50.0,20.0,1.0,0.0,0.0,0.0,-340.221492619624,70.0,143.34797286955012,0.7302466265942277,0.0,0.6831836241800228,0.0
3.4474005699157715,-7.848755935505855,8.598412838013102,5.72853466687345,-0.9227576938066272,0.0729990746580455,0.6276776032649696,0.0,50.0,20.0,1.0,0.0,0.0,0.0,-340.3119424394854,70.0,142.10752384789606,0.7344810281828386,0.0,0.6786292207380111,0.0
3.477909803390503,-7.596942979073611,8.719997101641855,5.861830189824662,-0.9409727798536383,0.08700571972792463,0.6349215775095992,0.0,50.0,20.0,1.0,0.0,0.0,0.0,-340.4270297181515,70.0,140.76833767677138,0.73902524423469,0.0,0.6736777333294138,0.0
3.510120153427124,-7.334961923509433,8.840878636892334,5.987696736895378,-0.9603745750912988,0.10254508708345225,0.6424796642520956,0.0,50.0,20.0,1.0,0.0,0.0,0.0,-340.57056238488667,70.0,139.33290407175946,0.7438652294879784,0.0,0.6683296494685816,0.0
3.537618637084961,-7.063455643690604,8.959941911756575,6.105561456709228,-0.9809011804978963,0.11969365575874882,0.6502722244096655,0.0,50.0,20.0,1.0,0.0,0.0,0.0,-340.74650052370873,70.0,137.80398254716536,0.7489860394320933,0.0,0.6625857776437907,0.0
3.5688600540161133,-6.783190114825074,9.076053868255444,6.214893770368228,-1.0024826363429482,0.13852565489868307,0.6582138313970801,0.0,50.0,20.0,1.0,0.0,0.0,0.0,-340.95892234369944,70.0,136.18461232253517,0.754371883348872,0.0,0.6564473029974881,0.0
3.600369930267334,-6.4950524144803525,9.188080519333553,6.315214645015169,-1.025040676849371,0.15911117418181142,0.6662136187042323,0.0,50.0,20.0,1.0,0.0,0.0,0.0,-341.2119882452037,70.0,134.47812081176275,0.7600061815151152,0.0,0.6499158438281173,0.0
3.6293435096740723,-6.200045405868646,9.294904226700018,6.406105252644599,-1.048488628825962,0.18151416822614078,0.6741757772958009,0.0,50.0,20.0,1.0,0.0,0.0,0.0,-341.5099031935895,70.0,132.68813034176011,0.7658716265087768,0.0,0.6429935082944466,0.0
3.6588947772979736,-5.8992790638893835,9.395441128846757,6.487214670612208,-1.0727314824303278,0.20579039151077158,0.6820002154309561,0.0,50.0,20.0,1.0,0.0,0.0,0.0,-341.8568776459198,70.0,130.81856276000045,0.7719502485264175,0.0,0.6356829506916182,0.0
3.6897847652435303,-5.593958562469009,9.488658153476853,6.558266301337363,-1.0976661593262367,0.23198531027070923,0.6895833883243992,0.0,50.0,20.0,1.0,0.0,0.0,0.0,-342.2570873098924,70.0,128.8736416092595,0.7782234845811983,0.0,0.6279874266625866,0.0
3.7224934101104736,-5.28536940128285,9.573589046373963,6.619062732544695,-1.1231819986556049,0.2601320471389575,0.6968192985147716,0.0,50.0,20.0,1.0,0.0,0.0,0.0,-342.714632047867,70.0,126.85789157362498,0.7846722514093862,0.0,0.6199108467095288,0.0
3.751495361328125,-4.97485999948941,9.649348881391235,6.669488823944111,-1.1491614743616938,0.2902494222109465,0.7036006600324946,0.0,50.0,20.0,1.0,0.0,0.0,0.0,-343.2334942707853,70.0,124.77613493221423,0.7912770218696666,0.0,0.6114578273773844,0.0
3.7811951637268066,-4.663822311462985,9.71514658246237,6.709512887163281,-1.175481148554162,0.322340159824782,0.7098202107778119,0.0,50.0,20.0,1.0,0.0,0.0,0.0,-343.8174971963274,70.0,122.63348479580353,0.7980179045741909,0.0,0.6026337394960704,0.0
3.81243634223938,-4.353671114259985,9.7702950837315,6.739185916858252,-1.2020128550815,0.35638933284266605,0.7153721483986828,0.0,50.0,20.0,1.0,0.0,0.0,0.0,-344.470263371736,70.0,120.43533494634998,0.8048747264439666,0.0,0.5934447528892222,0.0
3.841200351715088,-4.045822671324028,9.81421887058266,6.758638924942275,-1.2286250957779152,0.39236311486254993,0.7201536560048567,0.0,50.0,20.0,1.0,0.0,0.0,0.0,-345.19517388341336,70.0,118.18734614962511,0.8118271178347484,0.0,0.5838978769854585,0.0
3.874315023422241,-3.7416734882588036,9.846458773041176,6.768078519231189,-1.2551846196977952,0.430207905092458,0.7240664759771074,0.0,50.0,20.0,1.0,0.0,0.0,0.0,-345.99532869171236,70.0,115.89542886619444,0.8188545998338336,0.0,0.5740009968031172,0.0
3.903033971786499,-3.4425798451331757,9.866674013375519,6.7677809455769955,-1.2815581439293335,0.4698498804209667,0.7270184836751417,0.0,50.0,20.0,1.0,0.0,0.0,0.0,-346.8735085394501,70.0,113.565722344911,0.8259366732840026,0.0,0.5637629038208837,0.0
3.933769702911377,-3.1498387204451266,9.874641631765817,6.758084873235061,-1.3076141642715249,0.5111950147582159,0.7289252087164464,0.0,50.0,20.0,1.0,0.0,0.0,0.0,-347.8321388858195,70.0,111.20457014496239,0.833052909049112,0.0,0.5531933212944747,0.0
3.962846040725708,-2.8646706224482106,9.870253519106495,6.739383243229761,-1.3332247961383967,0.5541295876809679,0.7297112502599408,0.0,50.0,20.0,1.0,0.0,0.0,0.0,-348.87325631294794,70.0,108.81849219620152,0.8401830389974511,0.0,0.5423029236330997,0.0
3.9939520359039307,-2.5882047239581114,9.853511368146007,6.7121145175010755,-1.3582675813666334,0.5985211838825315,0.7293115347321751,0.0,50.0,20.0,1.0,0.0,0.0,0.0,-349.9984778398966,70.0,106.41415357177947,0.8473070471447188,0.0,0.5311033495082641,0.0
4.026116609573364,-2.321466567673752,9.824519909739326,6.676753663420349,-1.3826271957499343,0.6442201633201892,0.7276723697443477,0.0,50.0,20.0,1.0,0.0,0.0,0.0,-351.2089735581574,70.0,103.99833021069766,0.8544052603691715,0.0,0.5196072084310305,0.0
4.055025100708008,-2.065368480645654,9.78347882927616,6.633803186449328,-1.406196995370924,0.691061560873277,0.7247522563122201,0.0,50.0,20.0,1.0,0.0,0.0,0.0,-352.505442973605,70.0,101.57787188944592,0.8614584380878572,0.0,0.5078280806013287,0.0
4.084844589233398,-1.8207027175000305,9.73067376109036,6.583784487160625,-1.4288803470234048,0.7388673553897938,0.7205224323464156,0.0,50.0,20.0,1.0,0.0,0.0,0.0,-353.88809540258194,70.0,99.15966280004456,0.8684478602655298,0.0,0.4957805099035487,0.0
4.117815732955933,-1.5881372489333252,9.666466739493538,6.527229772107678,-1.4505916986960905,0.7874490326495012,0.7149671329108309,0.0,50.0,20.0,1.0,0.0,0.0,0.0,-355.3566347246921,70.0,96.75058014521844,0.875355413117385,0.0,0.483479989995545,0.0
4.147715330123901,-1.3682140289526414,9.591286448856811,6.4646746958091965,-1.4712573593661198,0.8366103561059666,0.7080835659706238,0.0,50.0,20.0,1.0,0.0,0.0,0.0,-356.91024874256965,70.0,94.35745120882447,0.8821636718636047,0.0,0.4709429435123987,0.0
4.177145004272461,-1.1613495130982279,9.50561856724448,6.396651857709964,-1.4908159721309457,0.8861502539251686,0.6998816152364736,0.0,50.0,20.0,1.0,0.0,0.0,0.0,-358.54760334019005,70.0,91.98700939985093,0.8888559798981752,0.0,0.4581866944808139,0.0
4.209101438522339,-0.9678371601243932,9.409996443730687,6.323685226999139,-1.5092186797888365,0.9358657309315108,0.6903832932951248,0.0,50.0,20.0,1.0,0.0,0.0,0.0,-360.2668415672104,70.0,89.64584980026913,0.8954165237467167,0.0,0.4452294341138574,0.0
4.237540006637573,-0.7878516294207588,9.30499229338106,6.246285522311041,-1.5264289961951008,0.985554719218011,0.6796219777079654,0.0,50.0,20.0,1.0,0.0,0.0,0.0,-362.06558770856856,70.0,87.34038476986012,0.9018304032082193,0.0,0.4320901802278091,0.0
4.269250154495239,-0.6214543828549606,9.191209039761787,6.16494653435747,-1.5424224090707825,1.0350187905679902,0.6676414696196392,0.0,50.0,20.0,1.0,0.0,0.0,0.0,-363.94095632747013,70.0,85.07680017420435,0.9080836961034915,0.0,0.4187887305921946,0.0
4.299265384674072,-0.468600409196901,9.069272885553007,6.080142348314103,-1.557185749680725,1.0840656663691444,0.6544949183940973,0.0,50.0,20.0,1.0,0.0,0.0,0.0,-365.88956619740696,70.0,82.86101280484286,0.9141635170885927,0.0,0.405345610589549,0.0
4.329542636871338,-0.32914580822814543,8.939826649199398,5.992325399429986,-1.5707163714988688,1.1325114751325336,0.6402436569158484,0.0,50.0,20.0,1.0,0.0,0.0,0.0,-367.9075589665092,70.0,80.69862955299763,0.9200580700341755,0.0,0.39178201562219284,0.0
4.3595335483551025,-0.20285599666418275,8.803523870439372,5.901925279400698,-1.5830211835303052,1.1801827228206754,0.624955990733659,0.0,50.0,20.0,1.0,0.0,0.0,0.0,-369.99062232689465,70.0,78.59490888021709,0.9257566935209891,0.0,0.37811974875836024,0.0
4.389238119125366,-0.08941432618951399,8.661023660192221,5.809348201706745,-1.5941155845374984,1.2269179558351941,0.6087059806380752,0.0,50.0,20.0,1.0,0.0,0.0,0.0,-372.1340173942923,70.0,76.55472510118993,0.9312498990572028,0.0,0.36438115415859484,0.0
4.421031713485718,0.011569067140416727,8.512986250275768,5.7149770303155565,-1.6040223424205058,1.2725691098316392,0.5915722531147648,0.0,50.0,20.0,1.0,0.0,0.0,0.0,-374.33260994057105,70.0,74.58253595629984,0.9365294016839518,0.0,0.3505890468647005,0.0
4.452048063278198,0.10054833491094696,8.36006918503106,5.619171776745684,-1.6127704589710146,1.317002548901882,0.5736368669972196,0.0,50.0,20.0,1.0,0.0,0.0,0.0,-376.580905065287,70.0,72.68235390506342,0.9415881427007685,0.0,0.3367666395671001,0.0
4.480908393859863,0.17803303678383842,8.20292408919115,5.522270474391028,-1.6203940547655258,1.3600998087523966,0.5549842581181056,0.0,50.0,20.0,1.0,0.0,0.0,0.0,-378.8730848432282,70.0,70.85772151740376,0.9464203043114519,0.0,0.32293746699170534,0.0
4.5117833614349365,0.24457941350663248,8.042193943214176,5.424590345199119,-1.6269313026864856,1.4017580642175915,0.5357002773142598,0.0,50.0,20.0,1.0,0.0,0.0,0.0,-381.2030484442406,70.0,69.11169127896365,0.9510213160624643,0.0,0.3091253085640486,0.0
4.541411399841309,0.3007818970084043,7.878510797787774,5.3264291814294,-1.632423432004303,1.4418903458910426,0.5158713311559648,0.0,50.0,20.0,1.0,0.0,0.0,0.0,-383.56445419024664,70.0,67.44681006069341,0.9553878530191459,0.0,0.2953541100162092,0.0
4.5753114223480225,0.34726492568920425,7.712493862366304,5.228066873587784,-1.63691381856578,1.4804255330873044,0.49558362951104684,0.0,50.0,20.0,1.0,0.0,0.0,0.0,-385.95076299292685,70.0,65.86510843322351,0.9595178256988676,0.0,0.2816479046009709,0.0
4.6040308475494385,0.3846751196300834,7.544747907606173,5.129767024204488,-1.6404471707516246,1.517308151102561,0.47492253967137554,0.0,50.0,20.0,1.0,0.0,0.0,0.0,-388.3552826044349,70.0,64.3680949345852,0.9634103618536983,0.0,0.26803073456774684,0.0
4.634633302688599,0.4136738597517761,7.375861927736434,5.031778595505585,-1.64306881571091,1.5524980001976558,0.45397204331926055,0.0,50.0,20.0,1.0,0.0,0.0,0.0,-390.7712121128649,70.0,62.95675532723139,0.9670657802672179,0.0,0.2545265735363539,0.0
4.663092136383057,0.43493030651635983,7.206408015696163,4.934337546966853,-1.644824086074498,1.5859696422495368,0.4328142900728114,0.0,50.0,20.0,1.0,0.0,0.0,0.0,-393.19168612387654,70.0,61.631556808585174,0.970485556799829,0.0,0.24115925037809746,0.0
4.693408250808716,0.4491148871566273,7.036940410867715,4.837668426079097,-1.6457578039283896,1.6177117689397227,0.41152923964590726,0.0,50.0,20.0,1.0,0.0,0.0,0.0,-395.60981808953744,70.0,60.39245706997629,0.9736722829834064,0.0,0.22795237517929368,0.0
4.729804992675781,0.4568932752027907,6.867994686128764,4.741985882331758,-1.6459138562622038,1.6477264729509238,0.39019438367910375,0.0,50.0,20.0,1.0,0.0,0.0,0.0,-398.01874227444233,70.0,59.23891803322138,0.9766296175285147,0.0,0.21492926782108324,0.0
4.7545671463012695,0.45892088185909896,6.700087047516727,4.647496080427767,-1.6453348543237114,1.6760284411473148,0.36888453791432135,0.0,50.0,20.0,1.0,0.0,0.0,0.0,-400.4116538867413,70.0,58.16992403347999,0.9793622311650577,0.0,0.20211288966169363,0.0
4.785231351852417,0.4558378752169029,6.5337137259044145,4.554397994116347,-1.6440618682065027,1.7026440862816363,0.3476716954681275,0.0,50.0,20.0,1.0,0.0,0.0,0.0,-402.78184694681573,70.0,57.1840041624842,0.9818757452893818,0.0,0.18952577875429247,0.0
4.818078994750977,0.44826474008253625,6.369350445631088,4.462884566830121,-1.642134227462245,1.7276106315127346,0.32662493238170964,0.0,50.0,20.0,1.0,0.0,0.0,0.0,-405.1227495178925,70.0,56.279258438655475,0.984176664937105,0.0,0.17718998897589383,0.0
4.847618579864502,0.43679838811338734,6.2074519599660585,4.373143729611475,-1.6395893784483442,1.7509751599934738,0.3058103572801573,0.0,50.0,20.0,1.0,0.0,0.0,0.0,-407.4279559796024,70.0,55.45338743067903,0.9862723066408206,0.0,0.16512703338156107,0.0
4.879204511642456,0.4220088248151178,6.048451647572514,4.285359270681974,-1.636462789390635,1.7727936400293094,0.2852910977658072,0.0,50.0,20.0,1.0,0.0,0.0,0.0,-409.69125608605043,70.0,54.70372492925746,0.9881707217650767,0.0,0.15335783203438716,0.0
4.9075376987457275,0.40443637663150506,5.892761167770066,4.1997115545086015,-1.6327878946651142,1.7931299348139573,0.26512731702394604,0.0,50.0,20.0,1.0,0.0,0.0,0.0,-411.90666061304273,70.0,54.02727323823066,0.9898806159375213,0.0,0.1419026644963136,0.0
4.937986373901367,0.3845894777812223,5.740770175360015,4.116378091401713,-1.6285960705032223,1.81205480450404,0.24537625497571475,0.0,50.0,20.0,1.0,0.0,0.0,0.0,-414.06842346330774,70.0,53.420740641058586,0.9914112652147479,0.0,0.13078112709903117,0.0
4.969802141189575,0.3629430126318632,5.592846098069203,4.0355339615691,-1.6239166351368257,1.829644907372782,0.22609228912879292,0.0,50.0,20.0,1.0,0.0,0.0,0.0,-416.1710601625932,70.0,52.88058059159718,0.9927724296343116,0.0,0.12001209504873218,0.0
4.99967622756958,0.33993720526210486,5.449333981286766,3.957352100161273,-1.618776867270594,1.8459818059512885,0.2073270110219507,0.0,50.0,20.0,1.0,0.0,0.0,0.0,-418.20936274211437,70.0,52.40303217878515,0.9939742648107517,0.0,0.10961368935459553,0.0
5.030054807662964,0.3159770434934151,5.310556405709657,3.8820034521649918,-1.6132020376619334,1.8611509833919329,0.18912931481571446,0.0,50.0,20.0,1.0,0.0,0.0,0.0,-420.17841106286687,70.0,51.98416142272045,0.9950272322335695,0.0,0.0996032485092843,0.0
