# Timestamp, Fx, Fy, Fz, Tx, Ty, Tz, FemurPosX, FemurPosY, FemurPosZ, FemurQuatW, FemurQuatX, FemurQuatY, FemurQuatZ, TibiaPosX, TibiaPosY, TibiaPosZ, TibiaQuatW, TibiaQuatX, TibiaQuatY, TibiaQuatZ
0.0434412956237793,-9.130415243565807,1.2783097638111651,-4.89997051942506,-0.9732110862348242,0.7185441397417632,1.143989376118684,0.0,50.0,20.0,1.0,0.0,0.0,0.0,-352.06371067526675,70.0,102.38478163657338,0.8591135500136947,0.0,0.5117850214522371,0.0
0.09341955184936523,-9.389557014900962,1.1921789620865435,-4.6132172227656305,-1.1552511805761743,0.7350750298728358,1.0742056532683812,0.0,50.0,20.0,1.0,0.0,0.0,0.0,-352.06371067526675,70.0,102.38478163657338,0.8591135500136947,0.0,0.5117850214522371,0.0
0.14064240455627441,-9.070447016094821,1.1798080776550721,-5.11090947556716,-1.3003749379691416,0.7315756580820433,1.222575254560705,0.0,50.0,20.0,1.0,0.0,0.0,0.0,-352.06371067526675,70.0,102.38478163657338,0.8591135500136947,0.0,0.5117850214522371,0.0
0.18577003479003906,-8.49184417460722,1.185123113201551,-5.042134368891959,-1.1840596605614118,0.7707409993142114,1.1217735044991395,0.0,50.0,20.0,1.0,0.0,0.0,0.0,-352.06371067526675,70.0,102.38478163657338,0.8591135500136947,0.0,0.5117850214522371,0.0
0.23165440559387207,-8.23462413774921,1.3914971105887306,-4.715588001708102,-1.2359904251800742,0.6303766732206044,1.117127047684362,0.0,50.0,20.0,1.0,0.0,0.0,0.0,-352.06371067526675,70.0,102.38478163657338,0.8591135500136947,0.0,0.5117850214522371,0.0
0.2772042751312256,-8.885698469697953,0.9962432656723541,-4.186707943397938,-1.0567682200698192,0.4394346346311605,1.2515983204634518,0.0,50.0,20.0,1.0,0.0,0.0,0.0,-352.06371067526675,70.0,102.38478163657338,0.8591135500136947,0.0,0.5117850214522371,0.0
0.322218656539917,-9.069874534914923,0.8165996165073629,-3.639276722737196,-0.8871024294460961,0.6113448354100506,1.1640870470447646,0.0,50.0,20.0,1.0,0.0,0.0,0.0,-352.06371067526675,70.0,102.38478163657338,0.8591135500136947,0.0,0.5117850214522371,0.0
0.3669860363006592,-9.641449043048883,0.19732624747425964,-4.3445267219425014,-1.0494314049891669,0.7933687378922558,1.0475691979011157,0.0,50.0,20.0,1.0,0.0,0.0,0.0,-352.06371067526675,70.0,102.38478163657338,0.8591135500136947,0.0,0.5117850214522371,0.0
0.4121856689453125,-10.163952746771264,-0.28546397651571287,-4.613862129183779,-0.9333138552144573,0.6641138637045239,1.0536255134742185,0.0,50.0,20.0,1.0,0.0,0.0,0.0,-352.06371067526675,70.0,102.38478163657338,0.8591135500136947,0.0,0.5117850214522371,0.0
0.4571523666381836,-10.26071988900379,-0.12078499093896367,-4.044165693101058,-0.7835838631453745,0.6601442344917018,0.9727273235812784,0.0,50.0,20.0,1.0,0.0,0.0,0.0,-352.06371067526675,70.0,102.38478163657338,0.8591135500136947,0.0,0.5117850214522371,0.0
0.5027110576629639,-10.59321067640906,-0.21211591796671225,-3.4358439446586813,-0.9347588310239361,0.516990410861219,1.11848387627574,0.0,50.0,20.0,1.0,0.0,0.0,0.0,-352.06371067526675,70.0,102.38478163657338,0.8591135500136947,0.0,0.5117850214522371,0.0
0.5488171577453613,-11.107998828076585,-0.12013472793934188,-3.3600280993795586,-1.0289720929838941,0.5192255402396698,0.9890315824137357,0.0,50.0,20.0,1.0,0.0,0.0,0.0,-352.06371067526675,70.0,102.38478163657338,0.8591135500136947,0.0,0.5117850214522371,0.0
0.5984220504760742,-11.187028741191753,0.5751114686780925,-3.4470456874300233,-1.0153575824927348,0.4420014802951592,1.037165941586843,0.0,50.0,20.0,1.0,0.0,0.0,0.0,-352.06371067526675,70.0,102.38478163657338,0.8591135500136947,0.0,0.5117850214522371,0.0
0.6446881294250488,-11.975395651888501,0.25347571422238885,-2.81174277716868,-1.019202603125394,0.5834251849192469,0.9801319678150926,0.0,50.0,20.0,1.0,0.0,0.0,0.0,-352.06371067526675,70.0,102.38478163657338,0.8591135500136947,0.0,0.5117850214522371,0.0
0.6904311180114746,-12.411107012360414,-0.5002327011625245,-3.146838214972052,-0.8971778805319603,0.48992695896638944,0.7925463841413802,0.0,50.0,20.0,1.0,0.0,0.0,0.0,-352.06371067526675,70.0,102.38478163657338,0.8591135500136947,0.0,0.5117850214522371,0.0
0.7366735935211182,-12.694405017840815,-0.910148068473027,-2.4147740770371975,-1.0060336458061634,0.33514120709193707,0.6950674218424553,0.0,50.0,20.0,1.0,0.0,0.0,0.0,-352.06371067526675,70.0,102.38478163657338,0.8591135500136947,0.0,0.5117850214522371,0.0
0.7829179763793945,-12.114453660343303,-0.41887873054193503,-3.1510264099265317,-0.8070060270205919,0.38181784924139334,0.8613796885021268,0.0,50.0,20.0,1.0,0.0,0.0,0.0,-352.06371067526675,70.0,102.38478163657338,0.8591135500136947,0.0,0.5117850214522371,0.0
0.8287324905395508,-12.479236944802063,-0.02301435354001935,-2.633490676400706,-0.8770684425362925,0.2527695476045543,0.8079261078866106,0.0,50.0,20.0,1.0,0.0,0.0,0.0,-352.06371067526675,70.0,102.38478163657338,0.8591135500136947,0.0,0.5117850214522371,0.0
0.8738954067230225,-12.750075177474326,0.5970607409206679,-2.5753500855650326,-1.0102220172703127,0.08405947037880546,0.7941840501158055,0.0,50.0,20.0,1.0,0.0,0.0,0.0,-352.06371067526675,70.0,102.38478163657338,0.8591135500136947,0.0,0.5117850214522371,0.0
0.9199655055999756,-12.304301025082824,1.1862608912307995,-2.716028246619854,-1.0458664961259934,0.23130392053340215,0.8268350940137448,0.0,50.0,20.0,1.0,0.0,0.0,0.0,-352.06371067526675,70.0,102.38478163657338,0.8591135500136947,0.0,0.5117850214522371,0.0
0.9654824733734131,-12.40506752628316,1.0794510995065614,-3.3220909065306126,-1.1647092797054504,0.28347597800503305,0.7323246930148265,0.0,50.0,20.0,1.0,0.0,0.0,0.0,-352.06371067526675,70.0,102.38478163657338,0.8591135500136947,0.0,0.5117850214522371,0.0
1.0116121768951416,-12.365050090607559,0.9508539673801848,-3.71967285762888,-0.9751464282614914,0.43123495201309714,0.6454281597211916,0.0,50.0,20.0,1.0,0.0,0.0,0.0,-352.06371067526675,70.0,102.38478163657338,0.8591135500136947,0.0,0.5117850214522371,0.0
1.0571868419647217,-12.795437718381883,0.46409578162066284,-4.216223519129724,-0.8506681859264806,0.44793021747545547,0.5077585105712354,0.0,50.0,20.0,1.0,0.0,0.0,0.0,-352.06371067526675,70.0,102.38478163657338,0.8591135500136947,0.0,0.5117850214522371,0.0
1.1036937236785889,-12.39517389716621,0.14728093924934194,-3.7279857514888812,-0.7983998217358942,0.3140060612302684,0.6536453103317343,0.0,50.0,20.0,1.0,0.0,0.0,0.0,-352.06371067526675,70.0,102.38478163657338,0.8591135500136947,0.0,0.5117850214522371,0.0
1.157050609588623,-11.610939195332726,-0.6312000400619544,-3.921588439158889,-0.9181183226916935,0.5066177812053394,0.7816013854034023,0.0,50.0,20.0,1.0,0.0,0.0,0.0,-352.06371067526675,70.0,102.38478163657338,0.8591135500136947,0.0,0.5117850214522371,0.0
1.2061290740966797,-11.593613063666716,-0.19375365973445846,-3.166254320743805,-1.0875667501819615,0.6149041037184675,0.6407031747618308,0.0,50.0,20.0,1.0,0.0,0.0,0.0,-352.06371067526675,70.0,102.38478163657338,0.8591135500136947,0.0,0.5117850214522371,0.0
1.2540292739868164,-12.130059769800427,-0.596379385012382,-3.19137019252861,-0.960255422570906,0.6059266273277362,0.698752029858619,0.0,50.0,20.0,1.0,0.0,0.0,0.0,-352.06371067526675,70.0,102.38478163657338,0.8591135500136947,0.0,0.5117850214522371,0.0
1.3037970066070557,-12.25706574287583,-1.1676676471081253,-3.30428759484593,-0.9587416058421399,0.5996965755207372,0.622440755730057,0.0,50.0,20.0,1.0,0.0,0.0,0.0,-352.06371067526675,70.0,102.38478163657338,0.8591135500136947,0.0,0.5117850214522371,0.0
1.3505198955535889,-12.737654546013923,-0.8152731983474268,-3.241624283137628,-0.8830525420609117,0.5932268442772592,0.47723517241542734,0.0,50.0,20.0,1.0,0.0,0.0,0.0,-352.06371067526675,70.0,102.38478163657338,0.8591135500136947,0.0,0.5117850214522371,0.0
1.3968658447265625,-13.0,-0.3873809001297348,-3.3882274093721296,-0.6922835242446981,0.5419918215292158,0.5032313834747756,0.0,50.0,20.0,1.0,0.0,0.0,0.0,-352.06371067526675,70.0,102.38478163657338,0.8591135500136947,0.0,0.5117850214522371,0.0
1.4426631927490234,-13.0,0.218104340222657,-2.7037209522234646,-0.8510325855847312,0.49963169136635344,0.46328096980827294,0.0,50.0,20.0,1.0,0.0,0.0,0.0,-352.06371067526675,70.0,102.38478163657338,0.8591135500136947,0.0,0.5117850214522371,0.0
1.4881620407104492,-13.0,0.6984885401474468,-2.8968262118551804,-0.865307600172488,0.6075664136719647,0.2636482072443117,0.0,50.0,20.0,1.0,0.0,0.0,0.0,-352.06371067526675,70.0,102.38478163657338,0.8591135500136947,0.0,0.5117850214522371,0.0
1.533527135848999,-13.0,0.8876890908162824,-2.370388973103598,-0.731065998552939,0.7090026234705872,0.39810596088852557,0.0,50.0,20.0,1.0,0.0,0.0,0.0,-352.06371067526675,70.0,102.38478163657338,0.8591135500136947,0.0,0.5117850214522371,0.0
1.581390142440796,-13.0,1.0709492141972916,-3.0551478666156573,-0.8685081585508694,0.6571388305979863,0.45735595762121706,0.0,50.0,20.0,1.0,0.0,0.0,0.0,-352.06371067526675,70.0,102.38478163657338,0.8591135500136947,0.0,0.5117850214522371,0.0
1.6350538730621338,-13.0,0.759143778154165,-2.925864028298915,-0.7480311129911317,0.571930667080268,0.501415008378032,0.0,50.0,20.0,1.0,0.0,0.0,0.0,-352.06371067526675,70.0,102.38478163657338,0.8591135500136947,0.0,0.5117850214522371,0.0
1.6812012195587158,-13.0,1.077127304741349,-2.1875764145628525,-0.7753533360983353,0.39800416873196154,0.6148728319876433,0.0,50.0,20.0,1.0,0.0,0.0,0.0,-352.06371067526675,70.0,102.38478163657338,0.8591135500136947,0.0,0.5117850214522371,0.0
1.7285268306732178,-12.273938873511705,0.31244280419093373,-2.1099815373385464,-0.7978309929307257,0.46672872001830523,0.6653131469188795,0.0,50.0,20.0,1.0,0.0,0.0,0.0,-352.06371067526675,70.0,102.38478163657338,0.8591135500136947,0.0,0.5117850214522371,0.0
1.7750182151794434,-12.89366836563516,0.16078936758601625,-1.854514015231395,-0.6929105107846114,0.3608413940703336,0.8522699611972562,0.0,50.0,20.0,1.0,0.0,0.0,0.0,-352.06371067526675,70.0,102.38478163657338,0.8591135500136947,0.0,0.5117850214522371,0.0
1.8204479217529297,-13.0,0.37445826529646775,-1.3385425926518397,-0.5722632416284634,0.35980816884111005,0.9347084872648703,0.0,50.0,20.0,1.0,0.0,0.0,0.0,-352.06371067526675,70.0,102.38478163657338,0.8591135500136947,0.0,0.5117850214522371,0.0
1.8660070896148682,-13.0,0.20716147224849202,-0.640193680936334,-0.40320444543632794,0.331762111424878,1.1224462457507847,0.0,50.0,20.0,1.0,0.0,0.0,0.0,-352.06371067526675,70.0,102.38478163657338,0.8591135500136947,0.0,0.5117850214522371,0.0
1.911172866821289,-12.395202997460078,0.3329392404232431,-0.8532496536263728,-0.4668416315618471,0.264553193212437,1.010715771312801,0.0,50.0,20.0,1.0,0.0,0.0,0.0,-352.06371067526675,70.0,102.38478163657338,0.8591135500136947,0.0,0.5117850214522371,0.0
1.956308126449585,-12.281471917757147,0.6598684602939818,-0.10324273303709341,-0.5174007808449119,0.33378621533576586,0.8611276840505038,0.0,50.0,20.0,1.0,0.0,0.0,0.0,-352.06371067526675,70.0,102.38478163657338,0.8591135500136947,0.0,0.5117850214522371,0.0
2.007086992263794,-12.944375103452186,0.48470223303592896,0.07102260494621326,-0.3853269657837435,0.2513687229658751,1.0433350247701236,0.0,50.0,20.0,1.0,0.0,0.0,0.0,-352.06371067526675,70.0,102.38478163657338,0.8591135500136947,0.0,0.5117850214522371,0.0
2.053846597671509,-13.0,0.6491494744934112,-0.5248844720660151,-0.364663099805759,0.2711877839352378,1.0708730433349523,0.0,50.0,20.0,1.0,0.0,0.0,0.0,-352.06371067526675,70.0,102.38478163657338,0.8591135500136947,0.0,0.5117850214522371,0.0
2.0998620986938477,-13.0,1.2796938876219444,-1.077312021539397,-0.5094462076605559,0.25749410236919823,1.099055810585168,0.0,50.0,20.0,1.0,0.0,0.0,0.0,-352.06371067526675,70.0,102.38478163657338,0.8591135500136947,0.0,0.5117850214522371,0.0
2.145897388458252,-12.944938861757567,0.7592911388078292,-1.157672418594137,-0.6456465476713213,0.30873186930930785,1.1604860395128602,0.0,50.0,20.0,1.0,0.0,0.0,0.0,-352.06371067526675,70.0,102.38478163657338,0.8591135500136947,0.0,0.5117850214522371,0.0
2.1921322345733643,-13.0,1.5549373565042948,-1.039660538706236,-0.7148092830826226,0.46985938400274146,1.3333206534237756,0.0,50.0,20.0,1.0,0.0,0.0,0.0,-352.06371067526675,70.0,102.38478163657338,0.8591135500136947,0.0,0.5117850214522371,0.0
2.237797260284424,-13.0,2.036664160768166,-1.5755805343841578,-0.8898789173266324,0.6573530509238548,1.2847086000606964,0.0,50.0,20.0,1.0,0.0,0.0,0.0,-352.06371067526675,70.0,102.38478163657338,0.8591135500136947,0.0,0.5117850214522371,0.0
2.28305721282959,-13.0,1.6531656059314281,-0.9660710825690473,-0.92078783971059,0.6700237456877061,1.1220226408538563,0.0,50.0,20.0,1.0,0.0,0.0,0.0,-352.06371067526675,70.0,102.38478163657338,0.8591135500136947,0.0,0.5117850214522371,0.0
2.328160524368286,-13.0,1.7140476886881166,-1.511114599150026,-1.0141843294742405,0.572153504197709,1.1704946849597329,0.0,50.0,20.0,1.0,0.0,0.0,0.0,-352.06371067526675,70.0,102.38478163657338,0.8591135500136947,0.0,0.5117850214522371,0.0
2.3744192123413086,-12.554361209319946,2.2125748879890104,-0.8358538302529877,-0.8574596740465616,0.4511292522422754,1.1317301342086297,0.0,50.0,20.0,1.0,0.0,0.0,0.0,-352.06371067526675,70.0,102.38478163657338,0.8591135500136947,0.0,0.5117850214522371,0.0
2.419811725616455,-12.198158795012212,2.352666783302497,-1.1122711513046042,-0.7044614692069604,0.6299440299339977,1.2213331910142373,0.0,50.0,20.0,1.0,0.0,0.0,0.0,-352.06371067526675,70.0,102.38478163657338,0.8591135500136947,0.0,0.5117850214522371,0.0
2.4651715755462646,-11.94074984800437,2.5816423165771702,-1.182409640037008,-0.6592672390892403,0.6251543490339504,1.0289333291350249,0.0,50.0,20.0,1.0,0.0,0.0,0.0,-352.06371067526675,70.0,102.38478163657338,0.8591135500136947,0.0,0.5117850214522371,0.0
2.5102434158325195,-12.44973647949072,3.1100158728603247,-1.3682296632869335,-0.5125681940574934,0.7963003231063337,0.8588351812573916,0.0,50.0,20.0,1.0,0.0,0.0,0.0,-352.06371067526675,70.0,102.38478163657338,0.8591135500136947,0.0,0.5117850214522371,0.0
2.5556118488311768,-11.933540105064877,2.8593619725229473,-1.4194711860204192,-0.3418889892349621,0.8062667026071305,0.7587303118105971,0.0,50.0,20.0,1.0,0.0,0.0,0.0,-352.06371067526675,70.0,102.38478163657338,0.8591135500136947,0.0,0.5117850214522371,0.0
2.604015588760376,-12.73183126630757,2.206004657387523,-1.4580073060262373,-0.40865719798964595,0.9839257430162702,0.8780674913846769,0.0,50.0,20.0,1.0,0.0,0.0,0.0,-352.06371067526675,70.0,102.38478163657338,0.8591135500136947,0.0,0.5117850214522371,0.0
2.650055408477783,-13.0,2.2282952371184064,-1.7802143329239288,-0.28638140641334037,0.9279467715691258,0.8737853853437347,0.0,50.0,20.0,1.0,0.0,0.0,0.0,-352.06371067526675,70.0,102.38478163657338,0.8591135500136947,0.0,0.5117850214522371,0.0
2.696429967880249,-13.0,1.6099426109443231,-1.6700942032060708,-0.28538327584869494,0.8964963287535543,1.0644541946627861,0.0,50.0,20.0,1.0,0.0,0.0,0.0,-352.06371067526675,70.0,102.38478163657338,0.8591135500136947,0.0,0.5117850214522371,0.0
2.7427515983581543,-12.65136205524974,1.978968837036897,-1.2057849046249338,-0.24326683120368958,0.9199116941030165,1.1119079993187517,0.0,50.0,20.0,1.0,0.0,0.0,0.0,-352.06371067526675,70.0,102.38478163657338,0.8591135500136947,0.0,0.5117850214522371,0.0
2.787846803665161,-12.980723437475213,1.2883355942930828,-1.8741331425652532,-0.3713618097833319,0.9461597092441089,0.9184117234224656,0.0,50.0,20.0,1.0,0.0,0.0,0.0,-352.06371067526675,70.0,102.38478163657338,0.8591135500136947,0.0,0.5117850214522371,0.0
2.8343701362609863,-12.676306601030316,1.5030269869953428,-1.922110923724229,-0.3636479049653492,0.8950551612621606,1.015495504395754,0.0,50.0,20.0,1.0,0.0,0.0,0.0,-352.06371067526675,70.0,102.38478163657338,0.8591135500136947,0.0,0.5117850214522371,0.0
2.879580497741699,-13.0,0.8270100296536385,-1.2691006985526616,-0.5314053912559937,0.7552428222118572,0.8922726418842772,0.0,50.0,20.0,1.0,0.0,0.0,0.0,-352.06371067526675,70.0,102.38478163657338,0.8591135500136947,0.0,0.5117850214522371,0.0
2.9246838092803955,-12.621776334704998,0.9346463859156042,-1.1220662481807406,-0.4233898593304635,0.8089398005265884,0.9030622274118665,0.0,50.0,20.0,1.0,0.0,0.0,0.0,-352.06371067526675,70.0,102.38478163657338,0.8591135500136947,0.0,0.5117850214522371,0.0
2.971327304840088,-11.84471668030777,1.3302309873048943,-1.0882005638017411,-0.570880200674384,1.0067206183342927,1.017150326266374,0.0,50.0,20.0,1.0,0.0,0.0,0.0,-352.06371067526675,70.0,102.38478163657338,0.8591135500136947,0.0,0.5117850214522371,0.0
3.01723051071167,-11.730955408214504,1.246065859008207,-1.218838231691651,-0.44409197086219676,1.0913249125226603,1.1732127270106507,0.0,50.0,20.0,1.0,0.0,0.0,0.0,-352.06371067526675,70.0,102.38478163657338,0.8591135500136947,0.0,0.5117850214522371,0.0
3.0621774196624756,-11.043513234203349,1.2201388059330496,-0.4737901423817139,-0.3402631984437367,0.8932908774444462,1.0191797332449009,0.0,50.0,20.0,1.0,0.0,0.0,0.0,-352.06371067526675,70.0,102.38478163657338,0.8591135500136947,0.0,0.5117850214522371,0.0
3.1078457832336426,-11.570212411473788,0.9196807025409826,-0.4926954240394157,-0.4201675692276008,0.7862817152847215,0.8205631598598199,0.0,50.0,20.0,1.0,0.0,0.0,0.0,-352.06371067526675,70.0,102.38478163657338,0.8591135500136947,0.0,0.5117850214522371,0.0
3.1532797813415527,-11.84497910038176,1.148991674816944,-1.162751648978383,-0.27014828985833866,0.8661799175437296,0.8912024045667282,0.0,50.0,20.0,1.0,0.0,0.0,0.0,-352.06371067526675,70.0,102.38478163657338,0.8591135500136947,0.0,0.5117850214522371,0.0
3.1983821392059326,-11.364913846906553,0.8641218413886468,-1.781117367972911,-0.3332797634658444,1.0595555952609723,0.8538021527906445,0.0,50.0,20.0,1.0,0.0,0.0,0.0,-352.06371067526675,70.0,102.38478163657338,0.8591135500136947,0.0,0.5117850214522371,0.0
3.244676113128662,-11.10739707342995,1.3001781381291493,-1.8015008433837174,-0.41411629729819965,0.8651671045949645,0.6652570993963559,0.0,50.0,20.0,1.0,0.0,0.0,0.0,-352.06371067526675,70.0,102.38478163657338,0.8591135500136947,0.0,0.5117850214522371,0.0
3.289850950241089,-11.51344903753437,1.4369499325284847,-1.951920719446082,-0.28069380176119396,1.0301722903663766,0.807118379231045,0.0,50.0,20.0,1.0,0.0,0.0,0.0,-352.06371067526675,70.0,102.38478163657338,0.8591135500136947,0.0,0.5117850214522371,0.0
3.335540294647217,-10.771798420204627,1.5168055658179511,-2.358437592603363,-0.25329143762132933,0.9945288414216255,0.6755343321135463,0.0,50.0,20.0,1.0,0.0,0.0,0.0,-352.06371067526675,70.0,102.38478163657338,0.8591135500136947,0.0,0.5117850214522371,0.0
3.381326198577881,-10.16065378187735,1.9649118570919237,-2.2223923541344837,-0.4269196105112576,0.9208101882719991,0.7393274110370481,0.0,50.0,20.0,1.0,0.0,0.0,0.0,-352.06371067526675,70.0,102.38478163657338,0.8591135500136947,0.0,0.5117850214522371,0.0
3.4266819953918457,-9.586393892707283,1.9708404558067496,-1.8607304698772578,-0.3499153389950592,0.9882413214785251,0.7812685893376052,0.0,50.0,20.0,1.0,0.0,0.0,0.0,-352.06371067526675,70.0,102.38478163657338,0.8591135500136947,0.0,0.5117850214522371,0.0
3.4717695713043213,-8.896424366520138,2.6437587560727707,-1.1058305032497222,-0.27883383817051133,0.9909784208949224,0.7956247318249728,0.0,50.0,20.0,1.0,0.0,0.0,0.0,-352.06371067526675,70.0,102.38478163657338,0.8591135500136947,0.0,0.5117850214522371,0.0
3.518890857696533,-9.471742863663899,1.9830764338437308,-0.43958201330487623,-0.24982093087086005,1.0503891481862973,0.8055306206618309,0.0,50.0,20.0,1.0,0.0,0.0,0.0,-352.06371067526675,70.0,102.38478163657338,0.8591135500136947,0.0,0.5117850214522371,0.0
3.5647783279418945,-9.859726499732467,2.1357658176326098,-0.7558323232007904,-0.23930214038938014,1.2487376258282392,0.7652574826097756,0.0,50.0,20.0,1.0,0.0,0.0,0.0,-352.06371067526675,70.0,102.38478163657338,0.8591135500136947,0.0,0.5117850214522371,0.0
3.614776849746704,-10.41083875792294,2.5656108178850285,-1.3934174172072045,-0.43771983551765653,1.3201461268437713,0.7550141899419516,0.0,50.0,20.0,1.0,0.0,0.0,0.0,-352.06371067526675,70.0,102.38478163657338,0.8591135500136947,0.0,0.5117850214522371,0.0
3.6606550216674805,-10.253024102217061,2.160230405004412,-1.7186118033243691,-0.513631313833028,1.2656613857432721,0.6532695502270434,0.0,50.0,20.0,1.0,0.0,0.0,0.0,-352.06371067526675,70.0,102.38478163657338,0.8591135500136947,0.0,0.5117850214522371,0.0
3.7134597301483154,-10.868987279613489,2.408298288824533,-1.505070877475453,-0.6941635719877951,1.081725605692029,0.5619560364550295,0.0,50.0,20.0,1.0,0.0,0.0,0.0,-352.06371067526675,70.0,102.38478163657338,0.8591135500136947,0.0,0.5117850214522371,0.0
3.7599294185638428,-11.272802606724579,1.6919261854892356,-1.6093408646505734,-0.6069728742123368,1.0022846422187384,0.6305670516173721,0.0,50.0,20.0,1.0,0.0,0.0,0.0,-352.06371067526675,70.0,102.38478163657338,0.8591135500136947,0.0,0.5117850214522371,0.0
3.80601167678833,-11.284402642861664,1.905621886533891,-0.9222048040235464,-0.4941246168060927,1.124161055111831,0.7975826775974038,0.0,50.0,20.0,1.0,0.0,0.0,0.0,-352.06371067526675,70.0,102.38478163657338,0.8591135500136947,0.0,0.5117850214522371,0.0
3.8516972064971924,-11.47451729615687,1.226830724463418,-1.5976349145673405,-0.585857071652138,1.0438242316553572,0.97646608377126,0.0,50.0,20.0,1.0,0.0,0.0,0.0,-352.06371067526675,70.0,102.38478163657338,0.8591135500136947,0.0,0.5117850214522371,0.0
3.8972525596618652,-12.178411135874432,1.8401681312948983,-2.1164263390145326,-0.4457929014624795,1.1478506532099362,0.8496967031076914,0.0,50.0,20.0,1.0,0.0,0.0,0.0,-352.06371067526675,70.0,102.38478163657338,0.8591135500136947,0.0,0.5117850214522371,0.0
3.942918062210083,-12.57048863126111,1.4537179532780644,-1.6117426753848771,-0.49153619773600277,1.0419681657561606,0.8429424782633592,0.0,50.0,20.0,1.0,0.0,0.0,0.0,-352.06371067526675,70.0,102.38478163657338,0.8591135500136947,0.0,0.5117850214522371,0.0
3.988083839416504,-12.735106389895114,2.163919421642867,-1.6599399933451122,-0.39748014882659066,0.9874278426117423,1.0386306052328362,0.0,50.0,20.0,1.0,0.0,0.0,0.0,-352.06371067526675,70.0,102.38478163657338,0.8591135500136947,0.0,0.5117850214522371,0.0
4.03582501411438,-12.578378085098763,2.665824098294543,-1.1293003980104386,-0.49280898979586546,1.1367157065430469,1.1767280446456005,0.0,50.0,20.0,1.0,0.0,0.0,0.0,-352.06371067526675,70.0,102.38478163657338,0.8591135500136947,0.0,0.5117850214522371,0.0
4.098341464996338,-12.149969062507914,3.333252972987108,-1.7321011181734751,-0.6230033089556704,1.2182132476431002,1.3482686944744433,0.0,50.0,20.0,1.0,0.0,0.0,0.0,-352.06371067526675,70.0,102.38478163657338,0.8591135500136947,0.0,0.5117850214522371,0.0
4.145021677017212,-11.54423939850877,3.148880387778984,-1.418316406536915,-0.7961826859584076,1.144248966489269,1.5,0.0,50.0,20.0,1.0,0.0,0.0,0.0,-352.06371067526675,70.0,102.38478163657338,0.8591135500136947,0.0,0.5117850214522371,0.0
4.191390037536621,-11.733762212188235,3.8584423779778048,-0.742658107578436,-0.663558374670542,1.2160136314867538,1.5,0.0,50.0,20.0,1.0,0.0,0.0,0.0,-352.06371067526675,70.0,102.38478163657338,0.8591135500136947,0.0,0.5117850214522371,0.0
4.237856864929199,-12.313174596942515,3.2448494540447914,-0.942769311822913,-0.6041019160238321,1.3407147962623265,1.5,0.0,50.0,20.0,1.0,0.0,0.0,0.0,-352.06371067526675,70.0,102.38478163657338,0.8591135500136947,0.0,0.5117850214522371,0.0
4.2845213413238525,-11.711142722058954,3.5006701971429486,-1.4103204805156195,-0.5569122278492713,1.5,1.4438321489995,0.0,50.0,20.0,1.0,0.0,0.0,0.0,-352.06371067526675,70.0,102.38478163657338,0.8591135500136947,0.0,0.5117850214522371,0.0
4.330214262008667,-12.064387266638958,3.0382700004604173,-0.6864906337804315,-0.5560449142032903,1.5,1.359140702929607,0.0,50.0,20.0,1.0,0.0,0.0,0.0,-352.06371067526675,70.0,102.38478163657338,0.8591135500136947,0.0,0.5117850214522371,0.0
4.376014232635498,-11.677227941599012,2.9640984679793525,-0.29634821685931034,-0.6790178164791727,1.5,1.1773925395640201,0.0,50.0,20.0,1.0,0.0,0.0,0.0,-352.06371067526675,70.0,102.38478163657338,0.8591135500136947,0.0,0.5117850214522371,0.0
4.421970844268799,-11.808392205720965,2.7572855262448788,-0.8337769030012205,-0.851972446898482,1.3272515500067819,1.2462911141686475,0.0,50.0,20.0,1.0,0.0,0.0,0.0,-352.06371067526675,70.0,102.38478163657338,0.8591135500136947,0.0,0.5117850214522371,0.0
4.467788934707642,-12.40485254131404,2.2535481892927214,-0.49110464546217547,-0.6651227521630588,1.3773081177576252,1.2876958575614972,0.0,50.0,20.0,1.0,0.0,0.0,0.0,-352.06371067526675,70.0,102.38478163657338,0.8591135500136947,0.0,0.5117850214522371,0.0
4.513713121414185,-11.64065188971065,2.678049089767019,0.09869224217193051,-0.5878469994124896,1.2750595308034247,1.2449027878128123,0.0,50.0,20.0,1.0,0.0,0.0,0.0,-352.06371067526675,70.0,102.38478163657338,0.8591135500136947,0.0,0.5117850214522371,0.0
4.559227228164673,-12.362090413175045,3.3399516885032554,0.8875169117947572,-0.4041316299537971,1.2648176850465684,1.3773262234921895,0.0,50.0,20.0,1.0,0.0,0.0,0.0,-352.06371067526675,70.0,102.38478163657338,0.8591135500136947,0.0,0.5117850214522371,0.0
4.608746767044067,-12.026705177205512,3.661729384520926,1.4533513024512354,-0.6011003831468975,1.0885994122781033,1.2019008078791253,0.0,50.0,20.0,1.0,0.0,0.0,0.0,-352.06371067526675,70.0,102.38478163657338,0.8591135500136947,0.0,0.5117850214522371,0.0
4.6556220054626465,-12.783303733200347,3.4955832594287073,2.1151518853658393,-0.4777276960221243,1.2134623782028884,1.2253271455764627,0.0,50.0,20.0,1.0,0.0,0.0,0.0,-352.06371067526675,70.0,102.38478163657338,0.8591135500136947,0.0,0.5117850214522371,0.0
4.701505184173584,-12.461061065687842,3.2101544873046852,1.479632327524285,-0.666000481487212,1.056064438515302,1.408836734375404,0.0,50.0,20.0,1.0,0.0,0.0,0.0,-352.06371067526675,70.0,102.38478163657338,0.8591135500136947,0.0,0.5117850214522371,0.0
4.748066425323486,-11.735537946598555,3.420080187907502,1.7272577485261877,-0.49506797310224315,1.067043595979239,1.3472231628377311,0.0,50.0,20.0,1.0,0.0,0.0,0.0,-352.06371067526675,70.0,102.38478163657338,0.8591135500136947,0.0,0.5117850214522371,0.0
4.7931365966796875,-12.429907222407458,3.4541566665920254,1.1045143988529447,-0.6799586241551541,0.9411615305869545,1.4716306170823377,0.0,50.0,20.0,1.0,0.0,0.0,0.0,-352.06371067526675,70.0,102.38478163657338,0.8591135500136947,0.0,0.5117850214522371,0.0
4.838095426559448,-12.084751363702033,2.7070263610442997,1.034645814381806,-0.625986541880774,1.0831490550711238,1.392107360578114,0.0,50.0,20.0,1.0,0.0,0.0,0.0,-352.06371067526675,70.0,102.38478163657338,0.8591135500136947,0.0,0.5117850214522371,0.0
4.88355827331543,-11.937079980199956,2.976720386350836,0.9297538615540253,-0.7216203091751334,1.2668539718088343,1.4879812895121152,0.0,50.0,20.0,1.0,0.0,0.0,0.0,-352.06371067526675,70.0,102.38478163657338,0.8591135500136947,0.0,0.5117850214522371,0.0
4.9291582107543945,-12.602019970078373,2.3805801171352066,1.685381981389988,-0.8967541929518339,1.1511486480443827,1.3482140973565813,0.0,50.0,20.0,1.0,0.0,0.0,0.0,-352.06371067526675,70.0,102.38478163657338,0.8591135500136947,0.0,0.5117850214522371,0.0
4.974391460418701,-12.764694888441923,2.066321265909823,2.1772110818830566,-1.0332020263373403,1.1941129986119434,1.1656461793305675,0.0,50.0,20.0,1.0,0.0,0.0,0.0,-352.06371067526675,70.0,102.38478163657338,0.8591135500136947,0.0,0.5117850214522371,0.0
5.019583225250244,-12.259269100417042,2.343521938282411,2.337844421469048,-1.220544224667546,1.2386000085794917,1.0330892213686513,0.0,50.0,20.0,1.0,0.0,0.0,0.0,-352.06371067526675,70.0,102.38478163657338,0.8591135500136947,0.0,0.5117850214522371,0.0
5.064990758895874,-12.016997983740126,2.072871591838567,1.673842395245014,-1.308171697613354,1.2167843549584225,1.1973016437307915,0.0,50.0,20.0,1.0,0.0,0.0,0.0,-352.06371067526675,70.0,102.38478163657338,0.8591135500136947,0.0,0.5117850214522371,0.0
5.1102330684661865,-12.082601839135492,2.808540465058428,1.9018357588572337,-1.4619329804783912,1.1664747418465042,1.0464836998616869,0.0,50.0,20.0,1.0,0.0,0.0,0.0,-352.06371067526675,70.0,102.38478163657338,0.8591135500136947,0.0,0.5117850214522371,0.0
5.1553168296813965,-11.512022564673813,3.061202096340309,1.2974621504484258,-1.5,1.3448083291456707,0.9000753433251577,0.0,50.0,20.0,1.0,0.0,0.0,0.0,-352.06371067526675,70.0,102.38478163657338,0.8591135500136947,0.0,0.5117850214522371,0.0
5.201203107833862,-10.809673068705266,2.4227264978405256,2.0192015167103197,-1.5,1.1744855210637217,1.0090451176498358,0.0,50.0,20.0,1.0,0.0,0.0,0.0,-352.06371067526675,70.0,102.38478163657338,0.8591135500136947,0.0,0.5117850214522371,0.0
