# Timestamp, Fx, Fy, Fz, Tx, Ty, Tz, FemurPosX, FemurPosY, FemurPosZ, FemurQuatW, FemurQuatX, FemurQuatY, FemurQuatZ, TibiaPosX, TibiaPosY, TibiaPosZ, TibiaQuatW, TibiaQuatX, TibiaQuatY, TibiaQuatZ
0.022603750228881836,-5.47274,2.29441,-2.26963,-3.46665,3.44179,-0.0693355,-0.224878,0.698683,0.0828964,0.128961,0.981546,0.0295449,-0.169771,-0.00149165,0.556578,0.117059,0.731696,0.956206,-0.0908953,0.252397
0.04247426986694336,-5.45312,2.25697,-2.26097,-3.44367,3.427,-0.0693376,-0.224815,0.698563,0.0832336,0.128955,0.98158,0.0301104,-0.169311,-0.00149138,0.556578,0.117069,0.731675,0.956207,-0.0909121,0.252383
0.06345057487487793,-5.60126,2.37075,-2.27561,-3.55448,3.65778,-0.0693321,-0.226983,0.700648,0.0468793,0.128962,0.981251,0.0205038,-0.185817,-0.00149223,0.556576,0.117109,0.730542,0.956207,-0.0908183,0.252402
0.08274149894714355,-5.42633,2.327,-2.22747,-3.42277,3.42117,-0.0694357,-0.224859,0.698132,0.0855674,0.128615,0.982082,0.0295233,-0.165294,-0.0014842,0.556812,0.116858,0.731806,0.956747,-0.0911322,0.250348
0.10336947441101074,-5.64014,2.34755,-2.29974,-3.5623,3.67382,-0.0693351,-0.227008,0.700682,0.0459134,0.128952,0.981,0.0213272,-0.187285,-0.00149377,0.556578,0.117107,0.730551,0.956211,-0.0908874,0.252361
0.12242913246154785,-5.37764,2.28032,-2.21623,-3.40902,3.37696,-0.0693344,-0.224819,0.698127,0.0855682,0.128964,0.981845,0.0303523,-0.166544,-0.00148964,0.556577,0.117069,0.73177,0.9562,-0.0908818,0.252423
0.14309144020080566,-5.40707,2.30468,-2.23137,-3.4219,3.40394,-0.0693353,-0.224847,0.698552,0.0832015,0.128947,0.981801,0.0294739,-0.168153,-0.0014902,0.55659,0.117099,0.731711,0.956221,-0.0908953,0.252326
0.1626269817352295,-5.42539,2.32084,-2.22116,-3.42044,3.43188,-0.0693356,-0.225105,0.698145,0.0816655,0.128963,0.982164,0.029182,-0.166831,-0.00148799,0.556575,0.117091,0.731746,0.956206,-0.0908073,0.252415
0.18266892433166504,-5.64134,2.34386,-2.29746,-3.56928,3.68261,-0.0693352,-0.22701,0.700718,0.0465067,0.128958,0.981129,0.0204433,-0.186559,-0.00149349,0.55657,0.11707,0.73058,0.9562,-0.0909453,0.252398
0.20282244682312012,-5.62395,2.37712,-2.28277,-3.58608,3.66919,-0.0693363,-0.227021,0.700731,0.0464874,0.128959,0.981168,0.0206528,-0.186336,-0.00149358,0.556576,0.117083,0.730565,0.956209,-0.0908481,0.252394
0.22240686416625977,-5.64955,2.36521,-2.29944,-3.593,3.6847,-0.0693333,-0.227032,0.700791,0.0465858,0.128961,0.981089,0.0206661,-0.186729,-0.00149406,0.556576,0.117097,0.730622,0.95621,-0.0908216,0.252394
0.24247074127197266,-5.64566,2.29417,-2.3075,-3.54132,3.68047,-0.0693369,-0.227007,0.700683,0.045914,0.128963,0.981005,0.0212228,-0.187271,-0.00149682,0.556583,0.117023,0.730548,0.956228,-0.0908012,0.252368
0.26331019401550293,-5.67877,2.35376,-2.31278,-3.55782,3.7088,-0.0693597,-0.226987,0.700652,0.0468492,0.128961,0.981287,0.0207414,-0.185611,-0.00147468,0.556536,0.116746,0.730527,0.956204,-0.0912127,0.252435
0.28296971321105957,-5.59157,2.32164,-2.28372,-3.52822,3.64361,-0.0693353,-0.227,0.700678,0.0459153,0.128952,0.980966,0.0211051,-0.18749,-0.00148989,0.556579,0.117096,0.730569,0.95622,-0.0908583,0.252343
0.30267906188964844,-5.34356,2.30632,-2.20038,-3.40658,3.35367,-0.0693372,-0.224544,0.698402,0.0875017,0.128953,0.981932,0.029771,-0.165125,-0.0014865,0.556577,0.117151,0.731707,0.956193,-0.0908636,0.252416
0.32247042655944824,-5.66385,2.3303,-2.3057,-3.5631,3.6987,-0.0693596,-0.226983,0.700651,0.0469242,0.128967,0.981255,0.0205771,-0.185777,-0.00146972,0.556536,0.116768,0.730544,0.956198,-0.0911395,0.252477
0.3429687023162842,-5.65605,2.09684,-2.48665,-3.78782,3.50652,-0.0693333,-0.22718,0.700196,0.0458255,0.128965,0.9746,0.024584,-0.21783,-0.00149523,0.556578,0.117092,0.729393,0.956208,-0.0908046,0.252408
0.3627326488494873,-5.42022,2.28461,-2.23272,-3.46207,3.41044,-0.0693608,-0.224853,0.698551,0.0830762,0.128964,0.981805,0.029446,-0.168195,-0.00147005,0.556537,0.116776,0.731715,0.956199,-0.0911414,0.252467
0.40328121185302734,-5.64324,2.35107,-2.29295,-3.57084,3.68335,-0.0693637,-0.226989,0.700663,0.0469129,0.128964,0.981266,0.0207311,-0.185704,-0.00146563,0.556535,0.116818,0.730531,0.956194,-0.0910494,0.2525
0.4234950542449951,-5.63085,2.32527,-2.2928,-3.57566,3.66842,-0.0694391,-0.227,0.700668,0.0458861,0.128634,0.98097,0.021131,-0.18747,-0.00148894,0.5568,0.116806,0.730567,0.956727,-0.0910861,0.250466
0.44309401512145996,-5.43786,2.36857,-2.23138,-3.45286,3.43745,-0.0693361,-0.224893,0.698508,0.0831817,0.128963,0.982095,0.0282362,-0.166652,-0.00149005,0.55658,0.117085,0.731771,0.956199,-0.0908503,0.252429
0.4633474349975586,-5.39988,2.30193,-2.23879,-3.46149,3.38546,-0.0693314,-0.224967,0.69843,0.0842582,0.128963,0.981433,0.0296414,-0.169741,-0.00149735,0.556574,0.117054,0.731811,0.956202,-0.0909489,0.252398
0.48288846015930176,-5.61702,2.33512,-2.28887,-3.56041,3.65802,-0.0693308,-0.227002,0.700685,0.0459424,0.128964,0.980988,0.0212773,-0.187349,-0.00149451,0.55658,0.117059,0.73055,0.956206,-0.0909095,0.252395
0.5029938220977783,-5.60784,2.37682,-2.2806,-3.55823,3.66021,-0.0693279,-0.227021,0.700727,0.0464594,0.128962,0.981166,0.0205917,-0.186363,-0.00148915,0.556576,0.117118,0.730568,0.956205,-0.0908633,0.252388
0.5224590301513672,-5.42472,2.27854,-2.24805,-3.43268,3.40717,-0.0693322,-0.224812,0.698564,0.0832236,0.128975,0.981579,0.0301093,-0.169322,-0.00149016,0.556572,0.117077,0.731674,0.956197,-0.090789,0.252462
0.5426187515258789,-5.4578,2.34279,-2.23665,-3.44657,3.44415,-0.0693295,-0.22481,0.698352,0.084302,0.128959,0.982174,0.029316,-0.165434,-0.00149108,0.55658,0.117078,0.731706,0.956217,-0.0908862,0.252351
0.5631353855133057,-5.44145,2.24167,-2.22297,-3.43813,3.39066,-0.0693347,-0.224787,0.698339,0.0841044,0.128849,0.98193,0.0304297,-0.166777,-0.00162652,0.556197,0.116023,0.73168,0.955923,-0.0955504,0.25223
0.58247971534729,-5.45142,2.28675,-2.26718,-3.43535,3.42581,-0.0693316,-0.224968,0.698424,0.0842502,0.128963,0.981457,0.0296545,-0.169603,-0.00149497,0.556576,0.117045,0.73181,0.956198,-0.0909768,0.252407
0.6025800704956055,-5.6538,2.35458,-2.2878,-3.58856,3.67907,-0.0693541,-0.226984,0.700644,0.0468123,0.128926,0.981251,0.0206079,-0.185825,-0.00148269,0.556484,0.116494,0.730543,0.95608,-0.092799,0.252446
0.622551679611206,-5.67101,2.344,-2.31429,-3.57784,3.69519,-0.0693319,-0.226999,0.700669,0.0458966,0.128957,0.980974,0.0210981,-0.187453,-0.00149,0.556578,0.117104,0.730568,0.956211,-0.0908679,0.252368
0.6428806781768799,-5.56809,2.31562,-2.26448,-3.53635,3.62614,-0.0693598,-0.22697,0.700597,0.0462526,0.128962,0.981077,0.0212021,-0.186813,-0.00146731,0.556539,0.116773,0.730528,0.956208,-0.0911285,0.252441
0.6628592014312744,-5.43063,2.29568,-2.23018,-3.45831,3.41311,-0.0694388,-0.224781,0.698341,0.0841674,0.128621,0.981931,0.0303766,-0.166748,-0.00148847,0.556807,0.116827,0.731679,0.956739,-0.0911336,0.250392
0.6833202838897705,-5.57227,2.34692,-2.26571,-3.54628,3.63474,-0.0693579,-0.227007,0.700723,0.046584,0.128965,0.981127,0.0204892,-0.186549,-0.00146778,0.556537,0.116788,0.73058,0.956188,-0.0911953,0.252484
0.7028100490570068,-5.39116,2.3284,-2.21856,-3.45376,3.38268,-0.0693338,-0.22454,0.698403,0.0875017,0.128963,0.981924,0.0296956,-0.165187,-0.00149282,0.556582,0.117085,0.731704,0.956208,-0.0908292,0.252404
0.7225902080535889,-5.60255,2.33996,-2.27954,-3.55397,3.65729,-0.0693315,-0.227011,0.700717,0.0464539,0.128963,0.981141,0.0204341,-0.186514,-0.00149372,0.556574,0.117071,0.730582,0.956201,-0.090911,0.252405
0.743011474609375,-5.46261,2.2863,-2.26236,-3.45923,3.42986,-0.0693332,-0.224812,0.698563,0.0832625,0.128957,0.981576,0.030142,-0.169312,-0.00149276,0.556579,0.117088,0.731677,0.956201,-0.0909349,0.252392
0.7624399662017822,-5.61028,2.36114,-2.28072,-3.56256,3.66187,-0.0693312,-0.227013,0.70073,0.0464881,0.128966,0.981173,0.020557,-0.186324,-0.00149164,0.556577,0.117051,0.730566,0.956212,-0.0908744,0.25239
0.8025960922241211,-5.39203,2.31321,-2.21902,-3.46066,3.39586,-0.0693303,-0.224941,0.698584,0.0825367,0.12896,0.981807,0.029061,-0.168517,-0.00148992,0.556583,0.1171,0.731771,0.956225,-0.0907866,0.252347
0.8226635456085205,-5.62698,2.35984,-2.28579,-3.58021,3.67177,-0.0693347,-0.227021,0.700731,0.0465254,0.128959,0.981169,0.0205352,-0.186335,-0.00149251,0.556575,0.117062,0.730563,0.956199,-0.0909596,0.252402
0.842623233795166,-5.5933,2.3358,-2.27616,-3.57291,3.63769,-0.0693323,-0.227014,0.70075,0.0459914,0.128965,0.98093,0.0214363,-0.187619,-0.00149411,0.556575,0.117073,0.730609,0.956208,-0.0908489,0.2524
0.8631067276000977,-5.66352,2.33982,-2.31165,-3.5634,3.69587,-0.0693341,-0.227035,0.700789,0.0465454,0.128965,0.981101,0.020719,-0.186668,-0.00149584,0.556568,0.117079,0.730623,0.956186,-0.0909295,0.252455
0.8826794624328613,-5.39049,2.28289,-2.22339,-3.42156,3.39378,-0.0693352,-0.224851,0.698548,0.0831032,0.128947,0.981803,0.0294756,-0.16819,-0.00149085,0.556579,0.11709,0.731719,0.956215,-0.0909453,0.252331
0.9030163288116455,-5.47149,2.33184,-2.24959,-3.45217,3.4635,-0.0693366,-0.224896,0.698512,0.0831731,0.128955,0.982093,0.0283003,-0.166658,-0.00149411,0.556586,0.117074,0.731774,0.956223,-0.0908281,0.252351
0.9224255084991455,-5.5976,2.34509,-2.27802,-3.55028,3.65345,-0.0693322,-0.227007,0.700729,0.0464814,0.128949,0.981129,0.0205032,-0.18656,-0.00149053,0.556587,0.117111,0.730582,0.956214,-0.0909277,0.252335
0.942643404006958,-5.47071,2.30347,-2.25048,-3.42845,3.45258,-0.0693337,-0.224859,0.698124,0.0855436,0.128956,0.982088,0.0295415,-0.165268,-0.00149148,0.556576,0.117073,0.731812,0.956202,-0.0909641,0.252383
0.9634847640991211,-5.58228,2.33641,-2.26919,-3.56352,3.64,-0.0693329,-0.227031,0.700792,0.0465644,0.128966,0.981101,0.0207248,-0.186662,-0.0014912,0.556581,0.117081,0.730625,0.956211,-0.0907951,0.252407
0.9828906059265137,-5.64091,2.32599,-2.3029,-3.53537,3.68466,-0.0693309,-0.227019,0.700729,0.0465101,0.128958,0.981168,0.0206179,-0.186336,-0.00149205,0.556572,0.1171,0.730566,0.956208,-0.0908898,0.252374
1.0025944709777832,-5.56092,2.37979,-2.25483,-3.56822,3.62798,-0.0693294,-0.227016,0.700719,0.0464084,0.128959,0.981139,0.0204085,-0.186538,-0.00149366,0.556576,0.117096,0.730583,0.956208,-0.090902,0.252373
1.02266263961792,-5.60238,2.3801,-2.27589,-3.5666,3.6533,-0.0693598,-0.227018,0.700728,0.046586,0.128957,0.981148,0.0206624,-0.186417,-0.00146911,0.556542,0.116791,0.730566,0.956203,-0.091182,0.252431
1.0432519912719727,-5.66095,2.32931,-2.30802,-3.54907,3.6995,-0.0693329,-0.226983,0.700647,0.0468716,0.128975,0.981251,0.0205067,-0.185822,-0.00149523,0.556571,0.117042,0.730541,0.956201,-0.0908282,0.252451
1.0630064010620117,-5.64355,2.33229,-2.29995,-3.54242,3.68709,-0.0693382,-0.226985,0.700651,0.0468339,0.12897,0.981249,0.0205294,-0.185838,-0.0014948,0.556566,0.117046,0.730546,0.956184,-0.0908977,0.252489
1.082529067993164,-5.62507,2.40037,-2.28678,-3.58029,3.67214,-0.0693336,-0.22701,0.700721,0.0464808,0.128965,0.981138,0.0203875,-0.186528,-0.00149272,0.556578,0.11708,0.730576,0.956199,-0.0908703,0.252427
1.1029188632965088,-5.62893,2.35362,-2.28987,-3.58668,3.66331,-0.0693336,-0.227008,0.70068,0.0459346,0.128966,0.980977,0.021385,-0.187396,-0.00149392,0.55658,0.11707,0.730552,0.956206,-0.0908334,0.252416
1.1225337982177734,-5.66099,2.33106,-2.29803,-3.60201,3.69292,-0.069333,-0.22702,0.700731,0.0465139,0.128958,0.981175,0.0205906,-0.186301,-0.00149264,0.556567,0.11705,0.730565,0.956197,-0.0910251,0.252392
1.142662525177002,-5.38874,2.31974,-2.20993,-3.43882,3.39222,-0.0693361,-0.225024,0.698395,0.0839431,0.128926,0.981962,0.0281648,-0.167067,-0.00150427,0.556503,0.116637,0.731897,0.95609,-0.0926777,0.252388
1.1632583141326904,-5.38583,2.35129,-2.20158,-3.44367,3.39021,-0.0693584,-0.224805,0.698369,0.0844948,0.128974,0.982168,0.029389,-0.165358,-0.00147381,0.556539,0.116744,0.731696,0.956193,-0.0911436,0.252504
1.1830334663391113,-5.6379,2.38278,-2.29303,-3.57409,3.67978,-0.0693321,-0.227018,0.700725,0.0465639,0.128954,0.981164,0.0205723,-0.186349,-0.00149201,0.556579,0.117082,0.730572,0.956213,-0.090934,0.252347
1.2234795093536377,-5.54981,2.33529,-2.24854,-3.5639,3.61849,-0.0693321,-0.227018,0.700725,0.0465639,0.128954,0.981164,0.0205723,-0.186349,-0.00149201,0.556579,0.117082,0.730572,0.956213,-0.090934,0.252347
1.2432973384857178,-5.48647,2.30317,-2.27485,-3.44213,3.45912,-0.0693625,-0.22502,0.69839,0.084064,0.128957,0.981671,0.0290294,-0.168561,-0.00146758,0.556543,0.116756,0.73186,0.956206,-0.0912002,0.252428
1.2627637386322021,-5.37712,2.31716,-2.21598,-3.46666,3.37872,-0.0693331,-0.224987,0.698408,0.0838904,0.128952,0.981704,0.0292501,-0.168418,-0.00149141,0.556586,0.117081,0.731862,0.956224,-0.0908831,0.252326
1.282637596130371,-5.75814,2.25429,-2.28861,-3.57819,3.65646,-0.0691358,-0.226994,0.700674,0.0459133,0.128008,0.980961,0.0211127,-0.187515,-0.000799892,0.556296,0.11873,0.730566,0.954983,-0.106378,0.250188
1.3034133911132812,-5.42127,2.39746,-2.23924,-3.44355,3.45099,-0.0694076,-0.224802,0.698362,0.0844666,0.12903,0.982179,0.0294713,-0.165293,-0.00167502,0.55695,0.11606,0.731691,0.957101,-0.0862933,0.251079
1.3230657577514648,-5.37296,2.337,-2.20901,-3.43731,3.39259,-0.0693325,-0.225024,0.698407,0.0839309,0.128966,0.981961,0.0281561,-0.167081,-0.00149718,0.556573,0.117053,0.731895,0.956206,-0.0908823,0.252406
1.342726707458496,-5.41082,2.28464,-2.24078,-3.42916,3.39603,-0.0693302,-0.22481,0.698572,0.0832429,0.128967,0.981574,0.0301508,-0.169332,-0.00149289,0.55657,0.117079,0.731678,0.956198,-0.0908907,0.252421
1.3623921871185303,-5.66017,2.38312,-2.30743,-3.5675,3.69765,-0.0693335,-0.227015,0.700718,0.0464663,0.128956,0.981143,0.0203726,-0.186506,-0.00149063,0.556581,0.117084,0.730581,0.956206,-0.0909223,0.252377
1.3831148147583008,-5.55688,2.36386,-2.25813,-3.53565,3.62615,-0.0693384,-0.227028,0.700725,0.0464322,0.128962,0.981177,0.0206758,-0.186299,-0.00149459,0.556576,0.117078,0.730571,0.956204,-0.0908241,0.252424
1.4025213718414307,-5.45733,2.4152,-2.24162,-3.46523,3.44285,-0.0693321,-0.224934,0.698302,0.0846156,0.128955,0.982008,0.0283855,-0.166418,-0.00149062,0.556581,0.117112,0.731865,0.956211,-0.090879,0.252362
1.4226982593536377,-5.3923,2.40928,-2.21868,-3.45064,3.45869,-0.0693541,-0.22515,0.698149,0.0816394,0.129051,0.98238,0.0284564,-0.165695,-0.00174885,0.557043,0.116552,0.731779,0.957268,-0.0848036,0.250723
1.4433972835540771,-5.39575,2.34784,-2.22498,-3.44371,3.39985,-0.069335,-0.224912,0.698667,0.0828643,0.128955,0.981782,0.0286546,-0.168572,-0.00149177,0.556582,0.117126,0.731732,0.956216,-0.0907842,0.252371
1.4625976085662842,-5.58134,2.4261,-2.28867,-3.59082,3.68186,-0.0693572,-0.227013,0.700718,0.0465074,0.129055,0.981137,0.0204869,-0.186516,-0.00175126,0.557033,0.116506,0.730578,0.957271,-0.0847901,0.250738
1.483412742614746,-5.61904,2.42598,-2.2975,-3.58881,3.69653,-0.0694048,-0.227011,0.700733,0.0465576,0.128591,0.981156,0.0206122,-0.18639,-0.00165832,0.557357,0.116359,0.730565,0.957791,-0.0869378,0.248068
1.5029165744781494,-5.46497,2.33121,-2.24814,-3.42178,3.45794,-0.0693585,-0.224889,0.698507,0.0831947,0.128945,0.9821,0.0284199,-0.166586,-0.00146156,0.556547,0.11682,0.731766,0.956206,-0.0912581,0.252379
1.5231950283050537,-5.37381,2.33636,-2.2531,-3.45038,3.41369,-0.0693567,-0.224966,0.698417,0.0842403,0.129038,0.981462,0.0296826,-0.169575,-0.00174553,0.557039,0.116556,0.731812,0.957285,-0.0848194,0.250652
1.5423243045806885,-5.37022,2.34182,-2.19768,-3.45011,3.37644,-0.0693294,-0.22486,0.69813,0.0855709,0.128967,0.98208,0.0295327,-0.165299,-0.00149284,0.556574,0.117072,0.73181,0.956196,-0.0909238,0.252422
1.5627586841583252,-5.32542,2.42023,-2.21541,-3.47516,3.38484,-0.06935,-0.225021,0.698373,0.084019,0.129044,0.981692,0.0290188,-0.168463,-0.00174797,0.55704,0.116555,0.731862,0.957287,-0.0848104,0.250645
1.5831735134124756,-5.59277,2.38018,-2.2999,-3.55066,3.67447,-0.0694099,-0.22701,0.700678,0.0459111,0.129033,0.980985,0.0213114,-0.187367,-0.00167775,0.55695,0.116058,0.730552,0.957103,-0.0862328,0.251095
1.6227352619171143,-5.44836,2.31797,-2.24546,-3.43778,3.42138,-0.0693589,-0.224825,0.698128,0.0855229,0.128962,0.98185,0.0303507,-0.166538,-0.00146878,0.556549,0.116749,0.731772,0.95622,-0.0911267,0.252408
1.6429367065429688,-5.36072,2.37824,-2.23034,-3.44295,3.41181,-0.0693593,-0.224851,0.698548,0.0831452,0.129044,0.981814,0.0294781,-0.168107,-0.00174221,0.557034,0.116595,0.731714,0.957255,-0.0848129,0.250751
1.6664185523986816,-5.67233,2.26652,-2.3003,-3.54936,3.67768,-0.0693409,-0.227011,0.700718,0.0464252,0.12885,0.981148,0.0203744,-0.186489,-0.0016267,0.556196,0.116004,0.73058,0.955927,-0.0954856,0.252249
1.6857860088348389,-5.52191,2.40923,-2.26684,-3.56179,3.64745,-0.0693727,-0.227011,0.700715,0.0464626,0.129114,0.981137,0.0204677,-0.186528,-0.00178781,0.557051,0.116277,0.730582,0.957326,-0.0840432,0.250884
1.7133138179779053,-5.46911,2.3215,-2.25235,-3.49219,3.44142,-0.0693311,-0.224856,0.698547,0.0830661,0.128964,0.981809,0.0294754,-0.168176,-0.00149452,0.556573,0.117093,0.731722,0.956195,-0.0909015,0.252423
1.7430880069732666,-5.55812,2.38236,-2.28372,-3.55099,3.66826,-0.0693548,-0.227011,0.700718,0.0465153,0.129048,0.981137,0.0203654,-0.186527,-0.00174506,0.557039,0.116567,0.730579,0.957259,-0.0848458,0.250738
1.7633147239685059,-5.59615,2.35166,-2.27506,-3.56378,3.65242,-0.0693347,-0.227015,0.700716,0.0464897,0.128964,0.981136,0.0204877,-0.186526,-0.00148878,0.55658,0.117094,0.73058,0.956206,-0.0908044,0.252416
1.7828991413116455,-5.54703,2.40479,-2.27578,-3.56138,3.65937,-0.069358,-0.227008,0.700721,0.0464818,0.129039,0.981132,0.0204466,-0.186549,-0.00174522,0.557045,0.116578,0.730578,0.957266,-0.0848524,0.250701
1.8025004863739014,-5.41417,2.34563,-2.22759,-3.43298,3.42029,-0.0693347,-0.224934,0.698289,0.0845796,0.128965,0.982008,0.0283995,-0.166434,-0.00149055,0.556576,0.117115,0.731866,0.956199,-0.0907847,0.252438
1.8230032920837402,-5.55654,2.41147,-2.27731,-3.56066,3.66721,-0.0693585,-0.226982,0.700649,0.0468959,0.129061,0.981252,0.0205737,-0.185803,-0.00174697,0.557031,0.11653,0.730545,0.957246,-0.0847966,0.250818
1.8425953388214111,-5.58627,2.39256,-2.29898,-3.55922,3.68359,-0.0693547,-0.227035,0.700792,0.0465172,0.129043,0.981098,0.020772,-0.186683,-0.00174481,0.557041,0.116549,0.730625,0.957279,-0.0848347,0.250673
1.8633723258972168,-5.66156,2.3417,-2.30689,-3.58425,3.68726,-0.0693327,-0.22701,0.700676,0.0459013,0.128955,0.980993,0.0212781,-0.187332,-0.00149174,0.556578,0.117115,0.73055,0.956208,-0.0908823,0.25237
1.8829946517944336,-5.52694,2.43022,-2.26277,-3.55724,3.64701,-0.0693564,-0.226981,0.700643,0.0468867,0.129046,0.981254,0.0206026,-0.185789,-0.00175154,0.557036,0.116525,0.730544,0.957285,-0.084787,0.250676
1.9034268856048584,-5.54573,2.39872,-2.27699,-3.55637,3.65981,-0.0693561,-0.22701,0.700723,0.0464974,0.129061,0.981138,0.0204361,-0.186515,-0.00175618,0.557031,0.116508,0.730578,0.95727,-0.0847398,0.250758
1.922565221786499,-5.57822,2.32968,-2.26872,-3.54159,3.64146,-0.0693354,-0.227019,0.700729,0.0465264,0.128962,0.981168,0.0205125,-0.186346,-0.00149294,0.556573,0.117122,0.730566,0.956197,-0.0908187,0.252433
1.942953109741211,-5.33943,2.35344,-2.23631,-3.45465,3.38773,-0.0693551,-0.224975,0.698433,0.0841699,0.129047,0.981436,0.029645,-0.169763,-0.00175108,0.557035,0.116571,0.731814,0.95727,-0.0847847,0.250712
1.963244915008545,-5.39459,2.31359,-2.21866,-3.44875,3.39645,-0.0693357,-0.224869,0.698487,0.0829462,0.128962,0.981873,0.0293808,-0.167873,-0.00148948,0.556581,0.117076,0.731751,0.956215,-0.0907983,0.252391
2.00251841545105,-5.54998,2.43304,-2.27919,-3.55961,3.66355,-0.0693568,-0.22701,0.700716,0.0464621,0.129064,0.981138,0.0203975,-0.186532,-0.00175863,0.557021,0.116499,0.730583,0.957268,-0.0847209,0.250775
2.0225462913513184,-5.62295,2.37805,-2.28585,-3.57771,3.67089,-0.0693296,-0.22701,0.700718,0.0464831,0.128969,0.981139,0.0203709,-0.186521,-0.00149315,0.556578,0.117037,0.730578,0.956217,-0.0908525,0.252382
2.042651414871216,-5.58028,2.40584,-2.29766,-3.55251,3.67966,-0.0693574,-0.227031,0.700792,0.0465657,0.129051,0.981095,0.0207723,-0.18669,-0.001745,0.557035,0.116559,0.730623,0.957259,-0.0847967,0.250756
2.0627243518829346,-5.31672,2.3952,-2.21358,-3.43853,3.38071,-0.0693555,-0.224989,0.6984,0.0838474,0.129036,0.981717,0.029234,-0.168366,-0.00174923,0.557049,0.116555,0.73186,0.957281,-0.0848838,0.250646
2.0830647945404053,-5.63979,2.37513,-2.30111,-3.54098,3.68428,-0.0693349,-0.227023,0.700725,0.0464782,0.12896,0.981169,0.0206136,-0.186337,-0.00149314,0.556583,0.117043,0.730565,0.956221,-0.0908644,0.25236
2.102656126022339,-5.54962,2.40371,-2.28147,-3.54232,3.66343,-0.0693562,-0.227011,0.700723,0.0464979,0.129046,0.981136,0.0204141,-0.186531,-0.00174403,0.557044,0.116561,0.730581,0.957271,-0.0848065,0.250707
2.1230368614196777,-5.39893,2.36077,-2.21244,-3.41933,3.39937,-0.069436,-0.224852,0.698134,0.0857816,0.128627,0.982097,0.029546,-0.165088,-0.00148442,0.556813,0.116813,0.731791,0.956737,-0.0911303,0.250409
2.142550468444824,-5.54373,2.41985,-2.26665,-3.57807,3.65598,-0.0693567,-0.226989,0.700661,0.0469893,0.129058,0.981268,0.0208199,-0.185665,-0.00174993,0.557029,0.116525,0.73053,0.957265,-0.0847601,0.250761
2.162885904312134,-5.62663,2.32967,-2.28921,-3.56669,3.67241,-0.0693579,-0.227009,0.700716,0.0464599,0.12896,0.981144,0.0204256,-0.186496,-0.00146294,0.556547,0.116796,0.730581,0.956208,-0.0911263,0.252431
2.1824610233306885,-5.61793,2.33082,-2.28777,-3.55595,3.66833,-0.0693366,-0.227009,0.700718,0.0465111,0.128961,0.981134,0.0203571,-0.186543,-0.00149196,0.556568,0.117097,0.730581,0.956186,-0.0909097,0.25245
2.2031033039093018,-5.45032,2.32723,-2.25532,-3.42299,3.44139,-0.0693325,-0.224911,0.698676,0.0829079,0.12896,0.981777,0.0285912,-0.168593,-0.00149587,0.556581,0.117065,0.731731,0.956216,-0.0908737,0.252365
2.2228779792785645,-5.46257,2.27411,-2.23652,-3.43978,3.42574,-0.0693363,-0.225024,0.698398,0.0839127,0.128855,0.981969,0.0282278,-0.167027,-0.00162708,0.556195,0.11599,0.731899,0.955918,-0.0955495,0.252264
2.242610216140747,-5.39435,2.3391,-2.2114,-3.43257,3.39564,-0.0693328,-0.224855,0.698125,0.0855678,0.128968,0.982085,0.0295646,-0.165266,-0.00149106,0.556574,0.117065,0.731806,0.956197,-0.0908804,0.252435
2.2632436752319336,-5.62489,2.34138,-2.29442,-3.53953,3.67303,-0.0693318,-0.227006,0.700724,0.04645,0.128956,0.981133,0.0204552,-0.186552,-0.00149319,0.556571,0.117086,0.730582,0.956199,-0.090979,0.252381
2.2829625606536865,-5.63716,2.34884,-2.29673,-3.57093,3.6716,-0.0693321,-0.227001,0.700683,0.0459013,0.128962,0.981005,0.02131,-0.187267,-0.00149124,0.556581,0.117114,0.730547,0.956209,-0.0908028,0.252395
2.302468776702881,-5.47474,2.35226,-2.25513,-3.48252,3.44408,-0.0693287,-0.224855,0.698553,0.0831191,0.128962,0.9818,0.0294543,-0.168206,-0.00149187,0.556579,0.117107,0.73172,0.956199,-0.0909084,0.252398
2.3232603073120117,-5.59841,2.3592,-2.27584,-3.5451,3.65585,-0.0693323,-0.226987,0.70065,0.0468502,0.128959,0.981242,0.020535,-0.185871,-0.00149049,0.556579,0.117098,0.730545,0.956205,-0.0908861,0.252388
2.3431360721588135,-5.38995,2.33468,-2.21605,-3.43398,3.40632,-0.0694387,-0.225022,0.698399,0.0839399,0.128625,0.981972,0.0281666,-0.16701,-0.00148727,0.556805,0.116811,0.731892,0.956738,-0.0911235,0.250409
2.3828134536743164,-5.43613,2.34056,-2.22954,-3.40768,3.43359,-0.0693347,-0.224815,0.698351,0.0842038,0.128962,0.982194,0.0291956,-0.165386,-0.00149545,0.556571,0.117057,0.731708,0.9562,-0.0909282,0.252412
2.403013229370117,-5.61882,2.36311,-2.28277,-3.574,3.66679,-0.0693324,-0.227017,0.700732,0.0465143,0.128973,0.981167,0.0205153,-0.186351,-0.0014927,0.556565,0.117031,0.730566,0.956188,-0.0909364,0.252466
2.423419713973999,-5.66782,2.36465,-2.30577,-3.58602,3.70063,-0.0693334,-0.22702,0.700729,0.0465014,0.128967,0.981181,0.0205658,-0.186275,-0.00149152,0.556578,0.117042,0.730567,0.956205,-0.0908907,0.252413
2.442654609680176,-5.45279,2.33044,-2.24977,-3.44532,3.43403,-0.0693341,-0.224854,0.698559,0.0831255,0.128964,0.981815,0.0293848,-0.168123,-0.00149247,0.556572,0.117051,0.731713,0.956203,-0.0909015,0.252412
2.4631998538970947,-5.59805,2.37236,-2.27371,-3.55969,3.64496,-0.0694655,-0.226966,0.700593,0.0463329,0.12862,0.981078,0.0212133,-0.186785,-0.00145072,0.556762,0.116511,0.730527,0.956709,-0.0915978,0.250486
2.4834322929382324,-5.66166,2.11333,-2.4928,-3.78215,3.51699,-0.0693329,-0.227096,0.700119,0.0450102,0.128965,0.974482,0.0236704,-0.218631,-0.00149251,0.556581,0.117075,0.729361,0.956207,-0.0908431,0.252406
2.5026683807373047,-5.39598,2.34534,-2.21432,-3.42222,3.41146,-0.0693397,-0.224895,0.698507,0.0831814,0.128949,0.982102,0.0282578,-0.166606,-0.00149112,0.556583,0.117112,0.731773,0.956202,-0.0909055,0.252384
2.5228564739227295,-5.59689,2.32735,-2.28054,-3.51626,3.6577,-0.0693335,-0.226984,0.700646,0.0468145,0.128963,0.981257,0.0205349,-0.185801,-0.00149067,0.556582,0.11709,0.730543,0.956215,-0.0907853,0.252391
2.5430257320404053,-5.4335,2.32182,-2.23485,-3.41913,3.41473,-0.0693316,-0.224777,0.698338,0.0843556,0.128952,0.981949,0.0304823,-0.166526,-0.00148808,0.556583,0.117101,0.73166,0.956218,-0.090894,0.252336
2.563295602798462,-5.64336,2.33701,-2.30582,-3.52592,3.68678,-0.0693326,-0.22702,0.700732,0.0464299,0.128955,0.981168,0.0206884,-0.186346,-0.00148881,0.556582,0.117139,0.730569,0.956214,-0.0908058,0.252363
2.5826642513275146,-5.64178,2.38079,-2.29972,-3.53634,3.68813,-0.0694381,-0.226984,0.700648,0.0468804,0.128627,0.981246,0.0205316,-0.185841,-0.00148627,0.556807,0.116827,0.730545,0.956736,-0.0910906,0.25042
2.6029138565063477,-5.65384,2.34429,-2.30741,-3.58262,3.68017,-0.0693338,-0.227021,0.700746,0.0459986,0.128957,0.980926,0.0214455,-0.187641,-0.00148953,0.556585,0.117161,0.73061,0.95622,-0.0906993,0.252371
2.623124122619629,-5.60262,2.36327,-2.28412,-3.52649,3.66171,-0.0694347,-0.227014,0.700719,0.0463952,0.128631,0.981143,0.0203985,-0.186522,-0.00148487,0.55681,0.116802,0.730581,0.956739,-0.0911132,0.250411
2.643319845199585,-5.64445,2.3188,-2.30398,-3.53757,3.68663,-0.0693323,-0.227021,0.700725,0.0465085,0.128958,0.981166,0.0206223,-0.186348,-0.00149199,0.55658,0.117119,0.730566,0.956204,-0.0908552,0.252393
2.6625325679779053,-5.62259,2.33983,-2.29216,-3.54658,3.67179,-0.0693323,-0.227016,0.700721,0.0464659,0.128964,0.981133,0.0204142,-0.186554,-0.00149184,0.556581,0.117052,0.730582,0.956206,-0.0909133,0.252398
2.6827874183654785,-5.60467,2.36611,-2.27854,-3.57467,3.64914,-0.0693321,-0.227007,0.700679,0.0459042,0.128964,0.981006,0.0212806,-0.18726,-0.00149308,0.556583,0.117065,0.730551,0.956218,-0.0908213,0.252378
2.702378034591675,-5.62334,2.36832,-2.28849,-3.55994,3.67197,-0.0693364,-0.22702,0.700726,0.0464637,0.128955,0.981166,0.0204724,-0.186373,-0.00148989,0.556582,0.117092,0.730567,0.956207,-0.0908856,0.252385
2.723375082015991,-5.50882,2.36451,-2.26111,-3.44085,3.47903,-0.0693347,-0.224804,0.69836,0.0845334,0.128955,0.982186,0.0294386,-0.165221,-0.00149362,0.556585,0.117103,0.73169,0.956219,-0.0908145,0.252358
2.74269437789917,-5.41391,2.31287,-2.24693,-3.45089,3.39781,-0.0693325,-0.224968,0.698431,0.084252,0.128961,0.981444,0.0295859,-0.169686,-0.00149196,0.556581,0.117087,0.731811,0.956226,-0.0907709,0.252355
2.76349139213562,-5.54283,2.41138,-2.27449,-3.55896,3.65692,-0.0693558,-0.227014,0.70072,0.0464556,0.129048,0.981135,0.0204739,-0.186538,-0.00173947,0.557048,0.11658,0.730578,0.957255,-0.0848324,0.250748
2.802922010421753,-5.70251,2.09125,-2.51719,-3.77405,3.53891,-0.0693313,-0.227179,0.700198,0.0458632,0.12896,0.974588,0.0245269,-0.217883,-0.00149181,0.556587,0.117108,0.7294,0.956223,-0.0907723,0.252356
2.8232486248016357,-5.59538,2.35175,-2.27636,-3.5579,3.64593,-0.0694399,-0.227006,0.700683,0.0459066,0.12862,0.981008,0.021205,-0.187261,-0.00148123,0.556809,0.116869,0.730556,0.956745,-0.0910237,0.250391
2.84294056892395,-5.65345,2.34385,-2.30501,-3.54384,3.69156,-0.0694659,-0.227014,0.700733,0.0465203,0.128621,0.98117,0.020566,-0.186331,-0.00145702,0.556765,0.116505,0.730567,0.956708,-0.0916016,0.250491
2.8632333278656006,-5.62428,2.30269,-2.29801,-3.54547,3.66267,-0.0693315,-0.227022,0.70075,0.0458881,0.128962,0.980936,0.0213579,-0.187625,-0.00149153,0.556582,0.117087,0.730608,0.956208,-0.0908565,0.252391
2.8831095695495605,-5.5802,2.34434,-2.26317,-3.55666,3.64272,-0.0693361,-0.226987,0.700654,0.0468433,0.128954,0.981259,0.0205359,-0.185782,-0.00149101,0.556581,0.11712,0.730546,0.956207,-0.090842,0.252385
2.90250301361084,-5.44902,2.28767,-2.25757,-3.46667,3.42581,-0.0693334,-0.224883,0.698675,0.082875,0.128963,0.981566,0.0295497,-0.169664,-0.00149511,0.556575,0.117095,0.731696,0.956199,-0.0908605,0.252421
2.9228427410125732,-5.63099,2.3166,-2.29524,-3.55229,3.67814,-0.0693343,-0.227013,0.700721,0.0464812,0.128968,0.981145,0.0204047,-0.186487,-0.00149234,0.55658,0.117088,0.730582,0.956197,-0.090819,0.252449
2.942737102508545,-5.52078,2.34959,-2.23678,-3.56368,3.59725,-0.0693404,-0.227035,0.700795,0.046503,0.128968,0.981098,0.020685,-0.1867,-0.00149614,0.556576,0.117051,0.730623,0.956196,-0.0908295,0.252466
2.9634528160095215,-5.61662,2.36091,-2.29159,-3.52775,3.66888,-0.0693364,-0.227019,0.700731,0.0465047,0.12895,0.981166,0.0205514,-0.186357,-0.00149263,0.556586,0.117077,0.730568,0.956216,-0.0909161,0.252344
2.982555866241455,-5.63161,2.36003,-2.29566,-3.55995,3.674,-0.0693336,-0.227036,0.700795,0.0465687,0.128954,0.9811,0.0207079,-0.186669,-0.00149081,0.556579,0.11711,0.730624,0.956203,-0.0909128,0.252381
3.003075361251831,-5.45742,2.36725,-2.2448,-3.43354,3.45626,-0.0693597,-0.224972,0.698604,0.082556,0.128956,0.982059,0.0278146,-0.167243,-0.00146046,0.556545,0.116833,0.731803,0.956202,-0.0911212,0.252439
3.0233094692230225,-5.47965,2.30513,-2.2616,-3.46412,3.45127,-0.0693375,-0.224857,0.698548,0.0831095,0.128957,0.981802,0.0295676,-0.168177,-0.00149319,0.556581,0.117078,0.73172,0.956199,-0.090911,0.252411
3.0430572032928467,-5.47404,2.29967,-2.27004,-3.47173,3.44179,-0.0693338,-0.224886,0.698686,0.0828722,0.128958,0.981537,0.0295324,-0.16984,-0.00149684,0.556583,0.117054,0.731698,0.956219,-0.0908887,0.252355
3.062730312347412,-5.46799,2.24826,-2.24287,-3.43482,3.42201,-0.0693402,-0.224944,0.698579,0.0824543,0.128853,0.981834,0.029091,-0.168395,-0.00162507,0.556197,0.11601,0.731775,0.955909,-0.0955442,0.252292
3.082948923110962,-5.66056,2.37036,-2.30498,-3.58327,3.69641,-0.0693327,-0.227014,0.700721,0.0464955,0.128965,0.981134,0.0203993,-0.186545,-0.00149422,0.556575,0.117058,0.73058,0.95621,-0.0908611,0.252398
3.1033666133880615,-5.63302,2.36567,-2.29377,-3.56045,3.67712,-0.0693292,-0.227025,0.700734,0.0465055,0.128964,0.981158,0.020607,-0.186388,-0.00149339,0.556576,0.117111,0.73057,0.9562,-0.0908618,0.252409
3.1230733394622803,-5.66351,2.4062,-2.30902,-3.57677,3.69504,-0.0693322,-0.227033,0.700798,0.0465132,0.128958,0.981103,0.0207518,-0.186664,-0.00149333,0.556577,0.117081,0.730622,0.956198,-0.090963,0.252394
3.163235664367676,-5.40338,2.33788,-2.22318,-3.42762,3.41329,-0.0693344,-0.224941,0.698303,0.0845516,0.128964,0.982001,0.0283018,-0.166507,-0.00149563,0.556576,0.117054,0.731869,0.956202,-0.0908997,0.252416
3.1826844215393066,-5.45306,2.28615,-2.26337,-3.41597,3.42728,-0.0693372,-0.224811,0.698571,0.0832372,0.128956,0.98157,0.0300818,-0.169375,-0.00149328,0.556578,0.11709,0.731677,0.956199,-0.0909101,0.252407
3.2034060955047607,-5.66831,2.33298,-2.31608,-3.55596,3.70017,-0.0693309,-0.227036,0.700796,0.0464949,0.128961,0.981094,0.0207339,-0.186714,-0.00149371,0.556579,0.117157,0.730623,0.956199,-0.0908011,0.252415
3.2257704734802246,-5.44483,2.2813,-2.24531,-3.38351,3.4535,-0.0693327,-0.224892,0.698504,0.0832044,0.128961,0.982111,0.0283033,-0.166534,-0.00149035,0.556587,0.117089,0.73177,0.956207,-0.0908591,0.252394
3.244152069091797,-5.35273,2.33656,-2.18675,-3.42853,3.36766,-0.0693639,-0.224799,0.698363,0.0846194,0.128948,0.982169,0.0294513,-0.165275,-0.00146313,0.556538,0.116826,0.731687,0.95619,-0.0912384,0.252446
3.263317584991455,-5.54522,2.38382,-2.27401,-3.52952,3.64266,-0.0694042,-0.226999,0.700681,0.0459531,0.128597,0.980999,0.0211727,-0.187297,-0.00166499,0.557342,0.116353,0.73055,0.957794,-0.086871,0.248084
3.282587766647339,-5.56204,2.3302,-2.25698,-3.55488,3.62814,-0.0693582,-0.227014,0.700719,0.0464501,0.128956,0.981149,0.0204219,-0.186472,-0.00146459,0.556545,0.116815,0.730576,0.9562,-0.0911821,0.252433
3.3027544021606445,-5.55532,2.41114,-2.28284,-3.56843,3.65733,-0.069356,-0.226999,0.700673,0.0458951,0.129055,0.98097,0.0210915,-0.187473,-0.00174836,0.557038,0.116549,0.730566,0.957251,-0.0848337,0.250779
3.3234703540802,-5.44174,2.33987,-2.22895,-3.4379,3.43233,-0.0693597,-0.224815,0.698359,0.0842797,0.128955,0.98218,0.0292905,-0.165414,-0.00146794,0.556541,0.116827,0.731708,0.956192,-0.0911916,0.252454
3.342426300048828,-5.3879,2.30883,-2.22081,-3.43291,3.3901,-0.069335,-0.224848,0.698558,0.0831598,0.128954,0.981799,0.0294196,-0.168193,-0.00149099,0.556582,0.11714,0.731716,0.956202,-0.0908514,0.252394
3.363480806350708,-5.32956,2.41928,-2.19925,-3.44671,3.3961,-0.0693563,-0.22481,0.698356,0.0842631,0.129047,0.982179,0.0292747,-0.16543,-0.00174833,0.55704,0.116561,0.731708,0.957265,-0.0848227,0.250724
3.382504940032959,-5.38996,2.35597,-2.20571,-3.43131,3.41281,-0.0693323,-0.225188,0.698313,0.0805347,0.128955,0.9821,0.0281678,-0.167931,-0.00149415,0.556582,0.117111,0.731808,0.956216,-0.0908496,0.252355
3.403269052505493,-5.64291,2.37024,-2.30105,-3.55261,3.6877,-0.0693349,-0.227013,0.700725,0.0464634,0.128961,0.98116,0.0203339,-0.186418,-0.00149391,0.556583,0.117082,0.730579,0.956209,-0.09084,0.252397
3.42293643951416,-5.61663,2.37619,-2.31075,-3.56584,3.69153,-0.0694076,-0.226995,0.700681,0.0458752,0.129049,0.980971,0.0210696,-0.187477,-0.00168204,0.556944,0.116061,0.730568,0.957073,-0.0862318,0.251207
3.4425039291381836,-5.573,2.43231,-2.27712,-3.57771,3.66866,-0.0694068,-0.226979,0.700645,0.0468864,0.129032,0.981245,0.0205131,-0.185846,-0.00167131,0.55695,0.116087,0.730543,0.957077,-0.0863676,0.251135
3.4634411334991455,-5.41825,2.32741,-2.21939,-3.4267,3.416,-0.0693598,-0.224816,0.698367,0.0844172,0.128956,0.982175,0.0293857,-0.165358,-0.00147045,0.556544,0.116783,0.731694,0.956201,-0.0912174,0.25243
3.4830245971679688,-5.55872,2.39217,-2.27904,-3.5729,3.64718,-0.0694094,-0.227017,0.700751,0.045877,0.129025,0.980936,0.0214304,-0.18762,-0.00167593,0.556961,0.116073,0.730608,0.957101,-0.0863029,0.251071
3.5034844875335693,-5.45662,2.3717,-2.24896,-3.47901,3.42845,-0.0693563,-0.224898,0.69831,0.0845856,0.128968,0.981755,0.0293527,-0.167754,-0.00146483,0.55654,0.116811,0.731834,0.95619,-0.0911293,0.25249
3.5227138996124268,-5.43001,2.30708,-2.23882,-3.46157,3.41672,-0.0693335,-0.224847,0.698555,0.0831968,0.128958,0.981784,0.0294933,-0.16825,-0.00149191,0.556577,0.117098,0.731716,0.956208,-0.0908676,0.252383
3.5432956218719482,-5.3644,2.38058,-2.2288,-3.44748,3.41291,-0.0694134,-0.224919,0.698666,0.0828198,0.129031,0.981802,0.0285804,-0.168489,-0.00167475,0.556955,0.116084,0.731733,0.957083,-0.0862688,0.251146
3.5826785564422607,-5.61193,2.367,-2.28348,-3.55866,3.66425,-0.0693395,-0.22701,0.700724,0.0464443,0.128957,0.981141,0.0204201,-0.186514,-0.00149426,0.556583,0.117061,0.730581,0.956205,-0.0908972,0.252401
3.6031150817871094,-5.52905,2.42838,-2.26489,-3.54755,3.64801,-0.0693557,-0.22699,0.700662,0.0468992,0.12905,0.981274,0.020751,-0.185662,-0.00175053,0.557032,0.116598,0.730532,0.95726,-0.0847556,0.250749
3.622957468032837,-5.59013,2.35513,-2.27532,-3.5232,3.65119,-0.0693328,-0.226987,0.700665,0.0469079,0.12897,0.981281,0.0206844,-0.185634,-0.00149221,0.556571,0.117112,0.730531,0.95619,-0.0908099,0.252464
3.643547773361206,-5.41919,2.30728,-2.23705,-3.4243,3.41362,-0.0693336,-0.224846,0.698553,0.083202,0.12895,0.981808,0.0294454,-0.168119,-0.00148914,0.556587,0.11715,0.731714,0.956213,-0.0908319,0.252354
3.6630349159240723,-5.62287,2.45386,-2.31834,-3.57923,3.70035,-0.0693552,-0.227017,0.700747,0.0459056,0.129056,0.980925,0.0214338,-0.18767,-0.00174926,0.557033,0.116524,0.730609,0.957261,-0.0848287,0.250755
3.68338942527771,-5.44625,2.34918,-2.24605,-3.41714,3.42028,-0.0693347,-0.224821,0.698137,0.0855608,0.128965,0.981841,0.0303764,-0.166569,-0.00149707,0.556577,0.117071,0.731771,0.956202,-0.0908556,0.252424
3.7045607566833496,-5.54684,2.43946,-2.27749,-3.56183,3.65692,-0.069356,-0.227035,0.700799,0.0465288,0.129048,0.981104,0.0207089,-0.186656,-0.00174398,0.557038,0.116565,0.730621,0.957254,-0.0848674,0.25075
3.7300209999084473,-5.3985,2.32175,-2.21866,-3.41262,3.3898,-0.06936,-0.224789,0.698338,0.0841482,0.128952,0.98193,0.0304276,-0.166754,-0.00146489,0.556548,0.116818,0.731675,0.956214,-0.0911284,0.252397
3.752274751663208,-5.46578,2.31119,-2.25118,-3.42284,3.43721,-0.069331,-0.224783,0.698345,0.0843907,0.128967,0.981934,0.0305459,-0.166584,-0.00149341,0.556581,0.117063,0.731658,0.956203,-0.0908836,0.252415
3.769845485687256,-5.57741,2.39693,-2.29738,-3.55548,3.67432,-0.0693563,-0.226995,0.700669,0.0458661,0.129057,0.980966,0.0210385,-0.18751,-0.00174765,0.557036,0.116562,0.730565,0.957258,-0.0847457,0.250777
3.7874181270599365,-5.62607,2.32847,-2.29302,-3.53412,3.65563,-0.0693559,-0.227002,0.700684,0.0459534,0.128915,0.980988,0.0212391,-0.187347,-0.0014852,0.556489,0.116542,0.730551,0.956105,-0.0926861,0.252372
3.805036783218384,-5.61415,2.40412,-2.30549,-3.56171,3.69815,-0.0694124,-0.227016,0.700714,0.0464637,0.129026,0.981143,0.0203868,-0.186503,-0.00166929,0.556949,0.116147,0.730579,0.957066,-0.0863168,0.251166
3.8225514888763428,-5.60918,2.35879,-2.28189,-3.57805,3.65298,-0.0693357,-0.226998,0.700671,0.0458727,0.128963,0.980974,0.0210898,-0.187459,-0.00149156,0.556576,0.117155,0.730563,0.956191,-0.0907717,0.252456
3.843424081802368,-5.63761,2.33863,-2.29486,-3.57124,3.68145,-0.0693334,-0.227013,0.700724,0.0464627,0.128964,0.981141,0.0204235,-0.186509,-0.00149199,0.556584,0.1171,0.730579,0.956204,-0.0908195,0.252415
3.8630871772766113,-5.57475,2.11115,-2.48077,-3.75731,3.50327,-0.0693573,-0.227114,0.700117,0.0455152,0.129053,0.974469,0.0230998,-0.218642,-0.00175056,0.557033,0.116551,0.729364,0.957257,-0.0848019,0.250766
3.88287615776062,-5.6158,2.35084,-2.285,-3.56315,3.66724,-0.0693325,-0.227017,0.700726,0.0464351,0.128965,0.981146,0.0203824,-0.186497,-0.00149556,0.556575,0.117078,0.730582,0.956204,-0.0908575,0.252411
3.9035146236419678,-5.5688,2.41801,-2.28937,-3.56345,3.67201,-0.0693568,-0.227032,0.700797,0.0465646,0.129049,0.981093,0.0206784,-0.186709,-0.0017444,0.557037,0.116548,0.730624,0.957253,-0.0848816,0.250756
3.922744035720825,-5.4716,2.32281,-2.26446,-3.46801,3.4474,-0.0693331,-0.225017,0.69839,0.0840592,0.128967,0.981676,0.0290462,-0.16853,-0.00148918,0.556581,0.117118,0.731859,0.956206,-0.0907382,0.252427
3.9632625579833984,-5.38955,2.31686,-2.22859,-3.43141,3.39321,-0.0693355,-0.225022,0.698382,0.0840135,0.128969,0.981679,0.0290249,-0.168542,-0.00149451,0.556575,0.117117,0.731867,0.956202,-0.0907217,0.252451
3.983203172683716,-5.58275,2.37901,-2.29033,-3.54143,3.67782,-0.0694079,-0.226982,0.70065,0.0468857,0.129042,0.981237,0.020542,-0.185886,-0.00167959,0.556953,0.11602,0.730545,0.957099,-0.0862374,0.251126
4.003490209579468,-5.61498,2.32017,-2.29384,-3.53445,3.66131,-0.0694379,-0.227,0.700676,0.0459212,0.128633,0.980965,0.0211586,-0.187486,-0.00148582,0.556817,0.116833,0.730567,0.956745,-0.0909697,0.250428
4.022959232330322,-5.34882,2.37947,-2.22329,-3.46253,3.40113,-0.0693569,-0.22485,0.698549,0.0832018,0.129055,0.981791,0.029533,-0.168201,-0.00174707,0.557044,0.116528,0.731712,0.957259,-0.0848215,0.250762
4.043428421020508,-5.63904,2.37537,-2.291,-3.56828,3.68117,-0.069334,-0.226985,0.700658,0.0469691,0.128955,0.981281,0.0207788,-0.185608,-0.00149462,0.556586,0.117103,0.730527,0.956221,-0.0908173,0.25235
4.06339955329895,-5.57581,2.35631,-2.26535,-3.55455,3.63991,-0.0693343,-0.227012,0.700719,0.0464499,0.128956,0.981147,0.0203527,-0.186492,-0.00148967,0.556591,0.117132,0.73058,0.95621,-0.0908037,0.252383
4.083055257797241,-5.43034,2.32824,-2.23766,-3.42158,3.43354,-0.0693312,-0.224937,0.698307,0.0845174,0.12896,0.982004,0.0283585,-0.166496,-0.00148994,0.556588,0.117125,0.73187,0.956204,-0.0908404,0.252394
4.10250186920166,-5.63626,2.33021,-2.28569,-3.55505,3.66923,-0.0693346,-0.226991,0.700665,0.0469765,0.128925,0.981265,0.0207219,-0.185696,-0.00150453,0.556518,0.116683,0.730531,0.956089,-0.0926316,0.252386
4.123159408569336,-5.44723,2.33213,-2.23049,-3.43099,3.44582,-0.0693351,-0.225108,0.698148,0.0816518,0.128962,0.982165,0.0291775,-0.166834,-0.00148625,0.556584,0.117112,0.731745,0.956209,-0.0907721,0.252409
4.143012285232544,-5.62599,2.34392,-2.29384,-3.55534,3.67047,-0.0693314,-0.227034,0.700795,0.0465584,0.128966,0.981098,0.0207529,-0.186675,-0.0014925,0.556585,0.117058,0.730623,0.95621,-0.090857,0.252398
4.162388324737549,-5.42203,2.2848,-2.23629,-3.42177,3.40686,-0.0693311,-0.224818,0.698145,0.0857751,0.128966,0.981853,0.0304211,-0.166378,-0.00148773,0.556585,0.117097,0.731756,0.956205,-0.0908165,0.252413
4.182905435562134,-5.38868,2.29229,-2.21539,-3.40469,3.39784,-0.0693337,-0.224863,0.698143,0.0855418,0.128961,0.982061,0.0294869,-0.165438,-0.00149319,0.55658,0.117101,0.731808,0.95621,-0.0908116,0.252393
4.202613353729248,-5.64148,2.38612,-2.29626,-3.57306,3.68231,-0.0693627,-0.227012,0.700718,0.046503,0.128961,0.981135,0.0204544,-0.186529,-0.00146828,0.556537,0.116772,0.730583,0.956206,-0.0911176,0.252452
4.223498344421387,-5.59653,2.35527,-2.2782,-3.54731,3.65444,-0.0693362,-0.227011,0.700721,0.0464814,0.128967,0.981142,0.0204317,-0.186499,-0.00149394,0.556575,0.117083,0.730577,0.956208,-0.0907664,0.252428
4.250072479248047,-5.42053,2.27086,-2.24403,-3.44755,3.40083,-0.0693608,-0.224813,0.698565,0.0832577,0.128952,0.98156,0.0301439,-0.169407,-0.00146245,0.556547,0.116842,0.731673,0.956205,-0.0911192,0.252423
4.26806902885437,-5.40951,2.35789,-2.21732,-3.46535,3.39158,-0.0693322,-0.224784,0.698346,0.0841276,0.128962,0.981924,0.0303877,-0.166806,-0.0014916,0.556582,0.117063,0.731682,0.956207,-0.0909079,0.252388
4.2855353355407715,-5.59723,2.31626,-2.28597,-3.53522,3.64211,-0.069361,-0.227017,0.700745,0.0459425,0.128957,0.980925,0.0214014,-0.187664,-0.00146441,0.556546,0.116785,0.730613,0.956194,-0.0912202,0.252453
4.303164958953857,-5.60051,2.3352,-2.27842,-3.55176,3.65548,-0.0693631,-0.22701,0.700715,0.0464731,0.128954,0.981144,0.0204026,-0.186495,-0.00146338,0.556543,0.116818,0.730581,0.95621,-0.0910872,0.252427
4.343054533004761,-5.60056,2.3964,-2.27266,-3.58412,3.65422,-0.0693323,-0.227006,0.700723,0.0464943,0.128966,0.981128,0.0203698,-0.186579,-0.00148745,0.556577,0.117101,0.73058,0.956192,-0.0908707,0.252443
4.3626179695129395,-5.71197,2.32295,-2.33296,-3.58929,3.72196,-0.0693342,-0.227004,0.700683,0.0459521,0.12896,0.980989,0.0212971,-0.187336,-0.00149501,0.556584,0.117073,0.730548,0.956215,-0.0908494,0.252376
4.383335828781128,-5.42714,2.32907,-2.22816,-3.46088,3.40676,-0.0693318,-0.224785,0.698344,0.0841846,0.128958,0.981918,0.0304007,-0.166809,-0.00149025,0.556585,0.117097,0.731681,0.956217,-0.0908457,0.252359
4.402432203292847,-5.64642,2.34416,-2.30228,-3.56796,3.67788,-0.0693352,-0.227008,0.700683,0.045912,0.12895,0.981008,0.0213108,-0.187245,-0.00148843,0.556581,0.117097,0.730551,0.95622,-0.0908719,0.252337
4.42270040512085,-5.42602,2.3303,-2.22978,-3.4292,3.40719,-0.0693582,-0.224779,0.698334,0.0841814,0.128957,0.981935,0.0304095,-0.166712,-0.00146091,0.556551,0.116799,0.731677,0.956213,-0.0911324,0.252408
4.442847013473511,-5.40307,2.32602,-2.21823,-3.41505,3.40451,-0.0693381,-0.224859,0.698133,0.0855246,0.128959,0.98208,0.0295338,-0.165327,-0.00149081,0.556577,0.117077,0.731808,0.956201,-0.0908745,0.252417
4.463155031204224,-5.64444,2.31377,-2.30585,-3.56622,3.67442,-0.0693332,-0.227016,0.700746,0.0459287,0.128963,0.980918,0.0214192,-0.187703,-0.00149223,0.556581,0.11709,0.730608,0.956218,-0.0907722,0.252382
4.482758283615112,-5.56342,2.42784,-2.2889,-3.55601,3.66288,-0.0693583,-0.227003,0.700683,0.0459476,0.129052,0.980997,0.0212773,-0.187298,-0.00174704,0.557035,0.116569,0.73055,0.957254,-0.084785,0.250774
4.502817630767822,-5.64619,2.35298,-2.29734,-3.5695,3.68647,-0.0694724,-0.227007,0.700721,0.0464527,0.128609,0.981135,0.0204176,-0.186548,-0.00145496,0.556768,0.116531,0.730578,0.956719,-0.091545,0.250455
4.522999048233032,-5.38131,2.38443,-2.24749,-3.45052,3.42882,-0.0693554,-0.225022,0.698383,0.0839752,0.129059,0.981689,0.0289989,-0.168507,-0.00175649,0.557032,0.116518,0.731862,0.957276,-0.0847077,0.250741
4.543266773223877,-5.5962,2.33839,-2.27005,-3.56315,3.65129,-0.0693355,-0.226994,0.700656,0.0469216,0.128968,0.981261,0.0208086,-0.185721,-0.00149197,0.556573,0.117093,0.730533,0.956202,-0.0907753,0.252443
4.562676429748535,-5.66408,2.34254,-2.31051,-3.57714,3.68989,-0.0693364,-0.227004,0.700685,0.0459503,0.128966,0.980997,0.0213169,-0.187294,-0.00149097,0.556578,0.117107,0.73055,0.956198,-0.0907806,0.252448
4.582894325256348,-5.62262,2.39613,-2.28917,-3.56626,3.67282,-0.069337,-0.227011,0.700719,0.0464432,0.128967,0.981137,0.0203235,-0.18655,-0.00149104,0.556579,0.117096,0.73058,0.956208,-0.0907311,0.252433
4.603189706802368,-5.65607,2.34929,-2.31442,-3.52893,3.69719,-0.0693384,-0.227008,0.700719,0.046519,0.128967,0.981134,0.0204178,-0.186534,-0.00149368,0.556576,0.117058,0.730578,0.956207,-0.0907898,0.252435
4.622476100921631,-5.43806,2.31596,-2.2294,-3.43281,3.43125,-0.0693333,-0.224809,0.698364,0.0844495,0.128962,0.98218,0.0294928,-0.165293,-0.00149401,0.556578,0.117071,0.73169,0.95621,-0.0908595,0.252392
4.642651557922363,-5.6274,2.31996,-2.3003,-3.52003,3.67739,-0.0693351,-0.227009,0.700717,0.0464946,0.128958,0.981138,0.0204554,-0.186518,-0.00148981,0.556581,0.117078,0.730581,0.956216,-0.0908499,0.25237
4.6630377769470215,-5.54841,2.30833,-2.26543,-3.50653,3.61381,-0.0693329,-0.226997,0.700671,0.0459407,0.128958,0.980951,0.0211663,-0.187553,-0.00148928,0.556578,0.117123,0.730565,0.956203,-0.0908563,0.252395
4.683387517929077,-5.68501,2.38019,-2.31988,-3.57974,3.7103,-0.0693336,-0.227033,0.700792,0.0465505,0.128965,0.981106,0.0207561,-0.186635,-0.00148847,0.556582,0.117121,0.730624,0.956201,-0.0907784,0.252431
4.702587127685547,-5.62492,2.33145,-2.29285,-3.55082,3.66042,-0.0693616,-0.226986,0.700671,0.0463179,0.12896,0.981043,0.0215371,-0.186939,-0.00146647,0.556531,0.11677,0.73057,0.956197,-0.0911959,0.252458
4.7241010665893555,-5.63442,2.31376,-2.30485,-3.53145,3.67338,-0.0693344,-0.226996,0.700678,0.0458386,0.128954,0.980971,0.0211248,-0.187477,-0.00148658,0.556586,0.117086,0.730565,0.956226,-0.0908276,0.252334
4.745848894119263,-5.60088,2.33049,-2.27666,-3.5646,3.64581,-0.0694688,-0.227006,0.700681,0.0459478,0.128624,0.981001,0.0212942,-0.187277,-0.00145619,0.556765,0.116538,0.730555,0.956707,-0.0914774,0.250525
4.7832605838775635,-5.35755,2.37714,-2.22675,-3.45935,3.40808,-0.0693572,-0.22485,0.698545,0.0831044,0.129045,0.981813,0.0295413,-0.168119,-0.00174401,0.557035,0.116563,0.731718,0.957267,-0.0848222,0.250717
4.80254054069519,-5.66902,2.32129,-2.31199,-3.55727,3.70227,-0.0693345,-0.227016,0.700728,0.0465129,0.128958,0.981167,0.0205614,-0.186349,-0.0014926,0.556576,0.117051,0.73056,0.956205,-0.090954,0.252386
4.822955846786499,-5.41942,2.35243,-2.22037,-3.42735,3.41791,-0.0693328,-0.224809,0.69835,0.0842672,0.128967,0.982166,0.0293293,-0.165494,-0.00148794,0.556571,0.117044,0.731707,0.95621,-0.0908663,0.252401
4.843519687652588,-5.4483,2.33585,-2.24693,-3.45096,3.43472,-0.0693304,-0.22495,0.698582,0.0823871,0.128968,0.981814,0.0290762,-0.168545,-0.00148885,0.556575,0.117055,0.731779,0.956204,-0.0908879,0.252413
4.862674236297607,-5.58336,2.36494,-2.26985,-3.57457,3.63484,-0.0693379,-0.226997,0.700677,0.0458937,0.128964,0.980958,0.0210664,-0.187542,-0.00149371,0.556582,0.117052,0.730566,0.95621,-0.0908227,0.252412
4.8832762241363525,-5.44957,2.2992,-2.24991,-3.44689,3.43371,-0.0693305,-0.224852,0.698559,0.083143,0.128962,0.981804,0.0294013,-0.16818,-0.00149015,0.556581,0.117103,0.731718,0.95621,-0.090842,0.252385
4.902497053146362,-5.6144,2.35098,-2.28378,-3.56327,3.66545,-0.0693326,-0.227011,0.700713,0.0464101,0.128963,0.981137,0.0203876,-0.18655,-0.00149275,0.556575,0.117051,0.730577,0.956209,-0.090899,0.252391
4.922988414764404,-5.40463,2.32662,-2.2127,-3.44023,3.40762,-0.0693354,-0.224807,0.698358,0.0842914,0.128958,0.982161,0.0293076,-0.165518,-0.00149117,0.556569,0.117088,0.731707,0.956198,-0.0909129,0.252408
4.943176031112671,-5.38977,2.36079,-2.217,-3.42716,3.38905,-0.0693327,-0.224859,0.698483,0.0831071,0.128962,0.981851,0.0294667,-0.167907,-0.00149217,0.556584,0.117061,0.731745,0.95621,-0.0908901,0.252385
4.962441444396973,-5.58233,2.34578,-2.27415,-3.52649,3.64757,-0.0694366,-0.22701,0.700728,0.0465474,0.128615,0.981138,0.0203315,-0.186518,-0.00148423,0.556811,0.116873,0.730579,0.956749,-0.0910822,0.250353
4.983025789260864,-5.38497,2.32042,-2.21815,-3.42111,3.38001,-0.0693295,-0.224529,0.698402,0.0876568,0.128963,0.981928,0.0297139,-0.16508,-0.00148819,0.556571,0.117058,0.731704,0.956197,-0.0909891,0.252401
5.003207683563232,-5.59144,2.34266,-2.27148,-3.56363,3.64904,-0.069332,-0.227004,0.700721,0.0464718,0.128962,0.981145,0.0204436,-0.186488,-0.00148921,0.556583,0.117084,0.730583,0.956207,-0.0908666,0.252394
5.022391080856323,-5.35202,2.35394,-2.22218,-3.43414,3.40025,-0.0693523,-0.224776,0.698341,0.0842453,0.129047,0.98191,0.0304168,-0.166827,-0.0017473,0.557038,0.116528,0.731678,0.957283,-0.0848356,0.250667
5.042681932449341,-5.62729,2.3266,-2.28329,-3.58653,3.65204,-0.0693349,-0.226992,0.700674,0.0459888,0.128927,0.980959,0.0211209,-0.187505,-0.00150891,0.5565,0.116618,0.730569,0.956089,-0.0927195,0.252385
5.0630576610565186,-5.57102,2.34418,-2.29385,-3.54654,3.66819,-0.0693594,-0.227006,0.700674,0.0459183,0.129046,0.980995,0.021216,-0.187321,-0.0017441,0.557032,0.116563,0.73055,0.957252,-0.0848619,0.25076
5.083348512649536,-5.32285,2.38166,-2.21647,-3.41055,3.38749,-0.0693551,-0.224847,0.698559,0.0831928,0.129048,0.981792,0.0294227,-0.168219,-0.00175071,0.557035,0.11653,0.731716,0.957278,-0.0848032,0.250695
5.102581262588501,-5.41765,2.39934,-2.20645,-3.41501,3.43471,-0.0693314,-0.225156,0.698134,0.0815206,0.128964,0.982404,0.0284316,-0.165616,-0.00148958,0.556581,0.117073,0.731786,0.956217,-0.0908221,0.252378
