# Timestamp, Fx, Fy, Fz, Tx, Ty, Tz, FemurPosX, FemurPosY, FemurPosZ, FemurQuatW, FemurQuatX, FemurQuatY, FemurQuatZ, TibiaPosX, TibiaPosY, TibiaPosZ, TibiaQuatW, TibiaQuatX, TibiaQuatY, TibiaQuatZ
0.018612146377563477,8.175989545947594,-1.27816321618569,2.787019266815798,-0.3200722296112807,2.058976409117196,-0.9499568042641652,0.0,50.0,20.0,1.0,0.0,0.0,0.0,-425.6252892036002,70.0,51.03855452995917,0.9974002342842136,0.0,0.07206089542738021,0.0
0.05014610290527344,7.729892508569001,-1.8822327624775728,2.1879041302161983,-0.2594806691418194,2.003578753167195,-0.9365255425676248,0.0,50.0,20.0,1.0,0.0,0.0,0.0,-424.4781208117595,70.0,51.21198824520424,0.9969654250644697,0.0,0.07784562432160975,0.0
0.08339524269104004,7.674689032069778,-1.6620932385480007,1.6227265985342496,-0.15185054343106846,2.186890046459362,-1.0976827272951968,0.0,50.0,20.0,1.0,0.0,0.0,0.0,-423.2938356024552,70.0,51.40535475431636,0.9964804193903752,0.0,0.08382585383747568,0.0
0.11685585975646973,7.108699878462425,-1.546581283356502,1.7788654974565477,-0.07439784443339098,2.3637373708434732,-1.2056191567329155,0.0,50.0,20.0,1.0,0.0,0.0,0.0,-422.07358069374624,70.0,51.619902973943084,0.9959420089193369,0.0,0.08999730479139609,0.0
0.13453888893127441,6.484787765483803,-2.224002503621912,1.0536832292529508,-0.07004395424454216,2.206914186346311,-1.0665087652276668,0.0,50.0,20.0,1.0,0.0,0.0,0.0,-420.8185627599969,70.0,51.85687764592049,0.9953469805903856,0.0,0.09635553035297144,0.0
0.16675972938537598,6.58326686635056,-2.613855488119033,1.3537430257461005,-0.23886064098780707,2.392952068280865,-0.9440555609396413,0.0,50.0,20.0,1.0,0.0,0.0,0.0,-419.5300481475099,70.0,52.117513971309776,0.9946921283208444,0.0,0.1028959175893237,0.0
0.2003946304321289,7.1535296351561115,-1.970013185278007,1.8051725846964317,-0.29061290319067407,2.5,-1.1375322631201161,0.0,50.0,20.0,1.0,0.0,0.0,0.0,-416.8578915736211,70.0,52.71463204786794,0.9931902334198923,0.0,0.11650390654111008,0.0
0.23351788520812988,7.396642105142955,-2.7470460397239993,1.3516802474848801,-0.18440083817050434,2.3201040949459606,-1.2048856916838382,0.0,50.0,20.0,1.0,0.0,0.0,0.0,-415.4770781433941,70.0,53.0534874087015,0.9923369200813262,0.0,0.12356147070793325,0.0
0.2668759822845459,7.876292454006279,-3.4828434959177144,1.2590585777729664,-0.16309832197375457,2.239161798867257,-1.2363996340783474,0.0,50.0,20.0,1.0,0.0,0.0,0.0,-414.06842346331445,70.0,53.420740641056796,0.9914112652147523,0.0,0.1307811270989969,0.0
0.2875828742980957,7.668972305854843,-4.214555118730355,1.8727415598278063,-0.1426977153491493,2.1160872648825233,-1.3358423357419154,0.0,50.0,20.0,1.0,0.0,0.0,0.0,-412.63348479579946,70.0,53.817497196328574,0.9904102756021653,0.0,0.13815746806323162,0.0
0.33347606658935547,7.161179130683389,-3.714960887374385,1.84777323450916,-0.1073997665336969,1.9647733671978727,-1.4278858235305838,0.0,50.0,20.0,1.0,0.0,0.0,0.0,-409.6912560860575,70.0,54.70372492925523,0.9881707217650824,0.0,0.15335783203435077,0.0
0.35067033767700195,6.914608205557072,-3.522498315713612,1.999497094756801,-0.16960946484649067,2.0924326343577055,-1.5818019923295557,0.0,50.0,20.0,1.0,0.0,0.0,0.0,-408.1873461496209,70.0,55.19517388341477,0.9869266085089236,0.0,0.1611703118352567,0.0
0.383425235748291,6.629119477485443,-3.0892197126204404,2.216717622543931,-0.2474838183934198,2.050870051288416,-1.6687283075212602,0.0,50.0,20.0,1.0,0.0,0.0,0.0,-406.6639077250038,70.0,55.720071320386864,0.9855960853199781,0.0,0.16911639956531224,0.0
0.4168050289154053,6.958575395492192,-2.4971956742339376,1.9043736306345789,-0.27256598726004994,2.1929102748386935,-1.7081530658624244,0.0,50.0,20.0,1.0,0.0,0.0,0.0,-405.1227495178998,70.0,56.27925843865275,0.9841766649371119,0.0,0.17718998897585536,0.0
0.43846893310546875,6.806949215069568,-3.197194088059736,2.612396917563873,-0.24351002948672584,2.2496110616574763,-1.7011574662149185,0.0,50.0,20.0,1.0,0.0,0.0,0.0,-403.56572234490653,70.0,56.87350853945179,0.9826659947829379,0.0,0.18538485023663331,0.0
0.48340368270874023,6.56640548743104,-2.6482504576258528,3.396944703421738,-0.35476388429492167,2.127658208540522,-1.631142600940373,0.0,50.0,20.0,1.0,0.0,0.0,0.0,-400.4116538867489,70.0,58.16992403347673,0.9793622311650662,0.0,0.20211288966165322,0.0
0.5172860622406006,5.951321651786826,-2.7455426286284728,2.972749987464611,-0.5139246652807977,2.249433178115747,-1.8205722955979446,0.0,50.0,20.0,1.0,0.0,0.0,0.0,-398.818492196197,70.0,58.87325631294998,0.9775651990712692,0.0,0.21063304955478826,0.0
0.5335354804992676,5.539406696339256,-2.461864770429865,3.5086398995903068,-0.6173436490713564,2.3268156286370343,-2.0174236524363454,0.0,50.0,20.0,1.0,0.0,0.0,0.0,-398.818492196197,70.0,58.87325631294998,0.9775651990712692,0.0,0.21063304955478826,0.0
0.566774845123291,4.810591937916987,-2.7406198809037003,3.61585920982302,-0.7467043504903987,2.402904897688819,-1.950543808834631,0.0,50.0,20.0,1.0,0.0,0.0,0.0,-397.2172123618751,70.0,59.61397739743657,0.9756690591654616,0.0,0.21924845948645305,0.0
0.5906369686126709,5.43959672074736,-2.1861694261107574,4.178142512856967,-0.7986949577554189,2.5,-1.8523106552239006,0.0,50.0,20.0,1.0,0.0,0.0,0.0,-395.6098180895449,70.0,60.39245706997261,0.9736722829834158,0.0,0.22795237517925318,0.0
0.6225295066833496,5.027343382511863,-1.4885929058836642,4.658125675420145,-0.7671527937491021,2.3062127267834347,-1.9662574426909896,0.0,50.0,20.0,1.0,0.0,0.0,0.0,-392.3847816365519,70.0,62.06371067527836,0.9693716762024813,0.0,0.24559835784547054,0.0
0.6534008979797363,5.6093356737267275,-1.1837169220571502,4.372804544172845,-0.6956041363904066,2.4089583768813347,-1.9403060772124903,0.0,50.0,20.0,1.0,0.0,0.0,0.0,-390.77121211287243,70.0,62.95675532722713,0.9670657802672289,0.0,0.2545265735363121,0.0
0.683319091796875,6.052068997314032,-1.9312922911441632,4.3020898133857175,-0.507008381570403,2.47226272242987,-1.771526311418831,0.0,50.0,20.0,1.0,0.0,0.0,0.0,-389.15966280004,70.0,63.88809540258464,0.96465513163362,0.0,0.26351561056780526,0.0
0.7168130874633789,5.466960715458185,-2.6465130216003088,4.495109783683552,-0.3298289007201024,2.286307276080828,-1.8142919574421121,0.0,50.0,20.0,1.0,0.0,0.0,0.0,-387.5521707049744,70.0,64.85761806103935,0.9621392361268732,0.0,0.272558416316937,0.0
0.7501428127288818,4.883882039292162,-2.8609144634378145,4.711760281007875,-0.2277545193573664,2.444498612685271,-1.7703627636805161,0.0,50.0,20.0,1.0,0.0,0.0,0.0,-384.35745120881995,70.0,66.91024874257266,0.9567908634007417,0.0,0.29077696558163496,0.0
0.7834162712097168,5.091335080257799,-2.6656469995806846,4.929020446825231,-0.39222425110095704,2.2512350272015023,-1.7806202649786032,0.0,50.0,20.0,1.0,0.0,0.0,0.0,-382.77422543881704,70.0,67.99261785745954,0.9539585476909898,0.0,0.2999384758367917,0.0
0.816814661026001,5.326693800283227,-2.1400460990077317,5.675301297328327,-0.2494712842737104,2.1350316066332615,-1.7383809937282917,0.0,50.0,20.0,1.0,0.0,0.0,0.0,-381.203048444248,70.0,69.1116912789583,0.9510213160624784,0.0,0.3091253085640053,0.0
0.8355028629302979,5.690600997202651,-1.604166717043417,5.5427977254738385,-0.2480899656585458,2.234348234932889,-1.675287056503418,0.0,50.0,20.0,1.0,0.0,0.0,0.0,-379.6458498002647,70.0,70.26684156721373,0.9479798479735375,0.0,0.318330343882057,0.0
0.8669877052307129,5.34064417400114,-1.166679931377178,4.793953025200568,-0.2038730808080338,2.2360399704451805,-1.53635394889463,0.0,50.0,20.0,1.0,0.0,0.0,0.0,-378.10452007253184,70.0,71.45733920633712,0.9448350670716632,0.0,0.3275464791929316,0.0
0.9001481533050537,5.838386278056122,-1.8354961032122485,4.08093808383367,-0.06937303526371502,2.1505013751341044,-1.7319290772660445,0.0,50.0,20.0,1.0,0.0,0.0,0.0,-375.0768001742002,70.0,73.9409563274737,0.9382404906859603,0.0,0.3459837881135018,0.0
0.9333837032318115,5.647318150697986,-2.6346613621595236,3.8115099196457978,-0.13177332857612792,2.271053310833528,-1.6121965758499235,0.0,50.0,20.0,1.0,0.0,0.0,0.0,-373.5939448769542,70.0,75.23212024542218,0.9347937733922328,0.0,0.3551909362963967,0.0
0.9668715000152588,5.768293145743971,-3.0088957912239898,3.258393562620904,0.003539349405295239,2.4465500250656333,-1.587461178893697,0.0,50.0,20.0,1.0,0.0,0.0,0.0,-372.1340173942991,70.0,76.5547251011836,0.9312498990572198,0.0,0.36438115415855143,0.0
0.986720085144043,5.758728931891401,-3.50575109521594,2.975513444871821,-0.07156552582266448,2.314719253689781,-1.4269343450203027,0.0,50.0,20.0,1.0,0.0,0.0,0.0,-370.6986295529937,70.0,77.907558966513,0.9276110203999492,0.0,0.3735475804132118,0.0
1.033423662185669,5.924851908603086,-3.436080387538172,2.5117002792722527,-0.2202242462427033,2.4351282294157386,-1.3674532415570053,0.0,50.0,20.0,1.0,0.0,0.0,0.0,-367.9075589665156,70.0,80.69862955299101,0.9200580700341935,0.0,0.3917820156221506,0.0
1.0505917072296143,5.209500009272702,-3.3915255906219755,1.7252010782596412,-0.10148112829601338,2.308877179750673,-1.1856690128825322,0.0,50.0,20.0,1.0,0.0,0.0,0.0,-366.55472510118614,70.0,82.13401739429641,0.9161495036447479,0.0,0.4008367335605384,0.0
1.083561658859253,5.517878541801269,-4.010487449858187,2.3811022158354613,-0.18127859578173813,2.4987984895004582,-1.0265401063139672,0.0,50.0,20.0,1.0,0.0,0.0,0.0,-365.23212024542465,70.0,83.59394487695144,0.9121569358477973,0.0,0.40984109650541056,0.0
1.1167993545532227,6.316913919668072,-3.2547165271270515,1.5914767946351054,-0.370670081810048,2.339050679312619,-0.8739093353412918,0.0,50.0,20.0,1.0,0.0,0.0,0.0,-363.9409563274761,70.0,85.07680017419734,0.9080836961035108,0.0,0.41878873059215277,0.0
1.1395962238311768,6.690556942173738,-3.1878281097270422,1.4211375334087606,-0.31386253113229523,2.3368787532613844,-1.048805884194666,0.0,50.0,20.0,1.0,0.0,0.0,0.0,-362.6823539050599,70.0,86.58090506529126,0.9039333353038507,0.0,0.4276733862732825,0.0
1.1834681034088135,7.226619638358041,-2.7653185563420415,1.9159351887253642,-0.15676174164817147,2.3973692077410047,-0.8721338935529548,0.0,50.0,20.0,1.0,0.0,0.0,0.0,-360.2668415672159,70.0,89.64584980026184,0.895416523746737,0.0,0.44522943411381644,0.0
1.216935634613037,7.306851302341795,-2.4493457748523606,2.5230058165506013,-0.18269741564675052,2.5,-1.01036038846947,0.0,50.0,20.0,1.0,0.0,0.0,0.0,-359.11169127896045,70.0,91.20304844424503,0.8910582235627338,0.0,0.45388901971872503,0.0
1.2335078716278076,6.788896336005185,-2.743300138485801,2.8363270905576092,-0.2733022924980806,2.3054930404443077,-0.9127899468529909,0.0,50.0,20.0,1.0,0.0,0.0,0.0,-357.9926178574616,70.0,92.77422543881406,0.8866390882461306,0.0,0.4624620278402004,0.0
1.2668375968933105,6.434452554024862,-2.7795423978546943,3.004302456805595,-0.19334224358961327,2.3035535650462546,-0.9855599271717255,0.0,50.0,20.0,1.0,0.0,0.0,0.0,-356.9102487425747,70.0,94.35745120881694,0.882163671863626,0.0,0.47094294351235877,0.0
1.2916781902313232,6.035260615559883,-2.5022186974727507,3.048013854376503,-0.3428542632313534,2.2457615721092106,-1.069371727848122,0.0,50.0,20.0,1.0,0.0,0.0,0.0,-355.86510843322066,70.0,95.9507629929313,0.8776367044713567,0.0,0.47932641797073583,0.0
1.3227612972259521,5.914942168653484,-2.97134184372663,2.910927919629446,-0.23664046165608071,2.2406490492386144,-1.0666041842684353,0.0,50.0,20.0,1.0,0.0,0.0,0.0,-353.88809540258643,70.0,99.15966280003701,0.8684478602655515,0.0,0.49578050990351075,0.0
1.3525700569152832,5.205066160806843,-3.7485842413273662,3.438067815084776,-0.07872463996009293,2.3051236863602425,-1.1955795330258507,0.0,50.0,20.0,1.0,0.0,0.0,0.0,-352.95675532722885,70.0,100.77121211286936,0.8637962372201289,0.0,0.5038413049406993,0.0
1.3834407329559326,5.184063689653241,-4.383637558602497,2.811984320102029,0.11826056946809332,2.157937681935488,-1.3285109040333443,0.0,50.0,20.0,1.0,0.0,0.0,0.0,-352.06371067528005,70.0,102.38478163654884,0.8591135500137661,0.0,0.5117850214521174,0.0
1.4168498516082764,4.695078677919666,-3.65317933175695,2.9396377086997885,0.11156141465486893,1.9662848488546494,-1.1676392926003458,0.0,50.0,20.0,1.0,0.0,0.0,0.0,-351.20897355816135,70.0,103.99833021069007,0.8544052603691937,0.0,0.519607208430994,0.0
1.4503328800201416,4.406844554827414,-3.2157567309914636,2.7933854599143606,0.2858848804807378,1.8905576220632312,-1.295970394167761,0.0,50.0,20.0,1.0,0.0,0.0,0.0,-349.613977397438,70.0,107.21721236187207,0.8449342803973807,0.0,0.5348701354622076,0.0
1.483666181564331,4.784164428212808,-3.5400159921423304,3.1295302285624764,0.21399849589044956,1.9528886862131527,-1.2139209473523533,0.0,50.0,20.0,1.0,0.0,0.0,0.0,-348.8732563129513,70.0,108.81849219619401,0.8401830389974734,0.0,0.5423029236330651,0.0
1.5168232917785645,4.115711244266639,-3.094319337289053,2.403713542409598,0.20597336947667164,1.994047630564589,-1.2699533694132574,0.0,50.0,20.0,1.0,0.0,0.0,0.0,-348.169924033478,70.0,110.41165388674588,0.8354290697397778,0.0,0.5495982800498282,0.0
1.5344648361206055,4.282736011869063,-3.231474027740577,2.0051326360396744,0.18105460612313762,1.8647423245426327,-1.0991112436651245,0.0,50.0,20.0,1.0,0.0,0.0,0.0,-347.5035224261054,70.0,111.99471567765849,0.8306782900808878,0.0,0.5567527084696512,0.0
1.5667433738708496,4.750827491615041,-3.248672998826005,2.349358093639087,0.28338738318484735,1.9426123391455665,-0.9353282875903233,0.0,50.0,20.0,1.0,0.0,0.0,0.0,-346.8735085394529,70.0,113.56572234490358,0.8259366732840249,0.0,0.5637629038208508,0.0
1.6003363132476807,5.07342148406871,-3.8230625585471794,2.8142591843216476,0.1903674029936035,1.8070309650928158,-1.0167370258794366,0.0,50.0,20.0,1.0,0.0,0.0,0.0,-345.7200713203879,70.0,116.66390772500087,0.8165050283831666,0.0,0.577338322498173,0.0
1.6335322856903076,5.58850542218074,-3.5098290081757493,2.960967541067256,0.3374865265439362,1.8720301250963471,-0.9701062326459924,0.0,50.0,20.0,1.0,0.0,0.0,0.0,-345.1951738834157,70.0,118.18734614961811,0.8118271178347699,0.0,0.5838978769854285,0.0
1.6668012142181396,5.400135441248478,-3.6922020244992133,3.1708988836264687,0.4108743669913154,1.7849889830764925,-0.7839922774683565,0.0,50.0,20.0,1.0,0.0,0.0,0.0,-344.7037249292561,70.0,119.6912560860547,0.8071825813096605,0.0,0.5903018553505262,0.0
1.6867072582244873,5.987151885438836,-3.228959026469293,3.198626492763612,0.23147363033270155,1.8556928167335005,-0.8213218855906378,0.0,50.0,20.0,1.0,0.0,0.0,0.0,-344.2448201670565,70.0,121.17387408685224,0.802577491315162,0.0,0.5965478777384604,0.0
1.733428955078125,6.037397701970464,-3.17509656705295,2.8602675416558907,0.19520929481395016,1.8275540489003088,-0.8012330558323086,0.0,50.0,20.0,1.0,0.0,0.0,0.0,-343.42074064105753,70.0,124.06842346331176,0.793509850401015,0.0,0.6085574067551547,0.0
1.7505366802215576,6.234517122146761,-2.814914175105545,3.4341355985269733,0.11488420730387566,2.0239517457737626,-0.96293471499352,0.0,50.0,20.0,1.0,0.0,0.0,0.0,-343.05348740870215,70.0,125.47707814339145,0.7890593192422498,0.0,0.6143170115803055,0.0
1.7833971977233887,6.3188667883881635,-2.887542193726306,4.013249341641224,0.2927285670474564,1.986730390079294,-0.7965287585451328,0.0,50.0,20.0,1.0,0.0,0.0,0.0,-342.7146320478686,70.0,126.85789157361853,0.7846722514094068,0.0,0.6199108467095028,0.0
1.816828727722168,5.605646620342329,-3.002773856432039,4.4599777614791565,0.14361745210534815,1.8978592016855649,-0.7271822580227474,0.0,50.0,20.0,1.0,0.0,0.0,0.0,-342.4030321787843,70.0,128.20936274211812,0.7803545260260938,0.0,0.6253373599191004,0.0
1.8395016193389893,5.400346455560964,-2.2586107577498726,5.052705102954015,0.1319248850785959,2.0639108852181334,-0.6738031802583788,0.0,50.0,20.0,1.0,0.0,0.0,0.0,-342.1175139713103,70.0,129.53004814750742,0.7761119502123794,0.0,0.6305951480447158,0.0
1.8834097385406494,5.308959241617718,-1.870334184790879,5.391398522787222,0.2809218619522494,2.15226306647857,-0.67241477559451,0.0,50.0,20.0,1.0,0.0,0.0,0.0,-341.6199029739435,70.0,132.07358069374385,0.7678750526819326,0.0,0.6405996436688982,0.0
1.9168095588684082,5.920424800698336,-1.1557316339981065,5.4469877352308975,0.29288149650354844,2.0175814206327845,-0.7449252969226746,0.0,50.0,20.0,1.0,0.0,0.0,0.0,-341.40535475431676,70.0,133.2938356024529,0.7638918915577881,0.0,0.6453442321833089,0.0
1.9334001541137695,6.590835356237134,-1.2973791530303902,5.719839474537496,0.14611979352387258,2.1529426311394104,-0.7186926246635763,0.0,50.0,20.0,1.0,0.0,0.0,0.0,-341.21198824520457,70.0,134.47812081175724,0.7600061815151333,0.0,0.6499158438280961,0.0
1.9668374061584473,6.613339079862462,-0.998658596485239,5.489682309782728,0.055131441593217534,2.075245787283582,-0.8815065283834935,0.0,50.0,20.0,1.0,0.0,0.0,0.0,-341.03855452995947,70.0,135.62528920359807,0.7562232170345008,0.0,0.6543137214043355,0.0
1.990743637084961,6.8031915107860215,-0.9398985285144301,5.731906022232846,0.044715649680740016,1.910656000541997,-1.0004537723372229,0.0,50.0,20.0,1.0,0.0,0.0,0.0,-340.88380579815794,70.0,136.73425286903395,0.752548161684573,0.0,0.6585372156113652,0.0
2.023090362548828,6.350006622348722,-1.5087965749691863,5.614032229889814,0.03977967342304933,1.8958869336922353,-1.0478745394913795,0.0,50.0,20.0,1.0,0.0,0.0,0.0,-340.62540852335087,70.0,138.8335068688017,0.745541726301078,0.0,0.6664589517322193,0.0
2.053494691848755,6.760052799429408,-1.6446087751359053,5.904620726388899,0.15299641803075897,2.0577398837095235,-1.05027498420651,0.0,50.0,20.0,1.0,0.0,0.0,0.0,-340.5193158801733,70.0,139.82191142447368,0.7422199423874514,0.0,0.6701563676653146,0.0
2.0834927558898926,7.542719231081727,-1.34393634373385,5.5129772270667,0.014562293169343099,1.9209334346195748,-0.9677113323282169,0.0,50.0,20.0,1.0,0.0,0.0,0.0,-340.4270297181519,70.0,140.768337676767,0.7390252442347047,0.0,0.6736777333293976,0.0
2.1168534755706787,8.240826339514038,-1.1205838473907614,5.595674499203888,-0.08777984686135397,1.834452079123713,-0.941870877834553,0.0,50.0,20.0,1.0,0.0,0.0,0.0,-340.34738281497994,70.0,141.67198173778178,0.7359620175736592,0.0,0.6770228273026759,0.0
2.1502768993377686,8.727490147058626,-1.742248891933342,5.5486673650066995,-0.07192076190533479,1.918069835941936,-0.7659783497185215,0.0,50.0,20.0,1.0,0.0,0.0,0.0,-340.2214926196242,70.0,143.34797286954637,0.7302466265942406,0.0,0.6831836241800091,0.0
2.1833839416503906,8.403182806721018,-2.007307447214204,5.5149266550218785,-0.026539449323853173,2.0362837252432544,-0.9468458795380723,0.0,50.0,20.0,1.0,0.0,0.0,0.0,-340.1730821836557,70.0,144.11897293928644,0.727602319473741,0.0,0.6859991725187664,0.0
2.2168171405792236,7.612913869514481,-2.042896241482622,5.899461086341378,-0.19418857544429896,2.221122722754846,-0.9140783136049881,0.0,50.0,20.0,1.0,0.0,0.0,0.0,-340.132984647433,70.0,144.84449376199132,0.7251051862937151,0.0,0.6886381261663899,0.0
2.2346928119659424,8.206214676188146,-2.4432017666564647,6.12983308097445,-0.26628645235574605,2.1038965541641437,-1.014586935626759,0.0,50.0,20.0,1.0,0.0,0.0,0.0,-340.10022386034274,70.0,145.52398310477253,0.7227586626780321,0.0,0.6911005104352496,0.0
2.2668161392211914,8.945655664494456,-3.1509499332125355,6.132163262614157,-0.23964439545928365,2.2863666904174216,-1.0142129369862485,0.0,50.0,20.0,1.0,0.0,0.0,0.0,-340.07387305261193,70.0,146.1569343884749,0.7205659775881911,0.0,0.6933863799804366,0.0
2.300292730331421,8.918435533258643,-2.491056530337974,5.4544746353947,-0.05081189364555247,2.346050234235246,-0.8272209719189405,0.0,50.0,20.0,1.0,0.0,0.0,0.0,-340.03696034543407,70.0,147.28141525427705,0.7166539776828248,0.0,0.6974289040980344,0.0
2.333495855331421,9.117739740168881,-2.8049866245840565,6.17521904430049,-0.09881925645158315,2.3810398337373346,-0.8431177368817891,0.0,50.0,20.0,1.0,0.0,0.0,0.0,-340.0248197507244,70.0,147.7721458474904,0.7149400469707569,0.0,0.6991857616094967,0.0
2.3668365478515625,9.234955028974985,-2.669512840933571,5.878724426103912,0.015012247847210863,2.481502224063041,-0.976609020816412,0.0,50.0,20.0,1.0,0.0,0.0,0.0,-340.0159370818933,70.0,148.21473744561865,0.7133907153670468,0.0,0.7007664997901178,0.0
2.38661789894104,9.66051427616879,-3.413104464361637,5.160017450517943,-0.03186777893748424,2.5,-1.0849256848450477,0.0,50.0,20.0,1.0,0.0,0.0,0.0,-340.0096764200608,70.0,148.60888879701645,0.7120081151327685,0.0,0.7021712355152996,0.0
2.4334726333618164,10.33703575822394,-3.5622224292050984,5.73308136796812,0.16608222693072208,2.5,-0.9413899183185899,0.0,50.0,20.0,1.0,0.0,0.0,0.0,-340.0028061744759,70.0,149.25084913364353,0.7097504873769249,0.0,0.7044531536363633,0.0
2.4505016803741455,9.781515524330013,-4.312927282322249,5.533687833045894,0.2581979227618669,2.452229565616777,-0.7539092023598206,0.0,50.0,20.0,1.0,0.0,0.0,0.0,-340.0012588454535,70.0,149.49823560707935,0.7088785664446368,0.0,0.7053305452306717,0.0
2.483625650405884,10.127439870674317,-4.531035698451766,5.648421136380726,0.3010886297916447,2.312172337798742,-0.9277168569468998,0.0,50.0,20.0,1.0,0.0,0.0,0.0,-340.0004610637132,70.0,149.6963348389042,0.7081795858435055,0.0,0.7060323464222592,0.0
2.516968250274658,10.838036597795341,-5.220662891609071,6.2395169126803065,0.3874036523333061,2.297200749844569,-0.9698937907540217,0.0,50.0,20.0,1.0,0.0,0.0,0.0,-340.0001200945775,70.0,149.84501967520876,0.7076545072448533,0.0,0.7065586305297273,0.0
2.5386340618133545,11.136698262163794,-5.75719327008948,5.542831841555501,0.5422570911259121,2.3524818333349224,-1.0185528370986388,0.0,50.0,20.0,1.0,0.0,0.0,0.0,-340.0000155708158,70.0,149.94419531458377,0.7073040530260527,0.0,0.7069094542958941,0.0
2.58345627784729,10.735669811145263,-5.254965319768008,5.8860280292394815,0.5713943382998427,2.1830494075219744,-1.0495749602058106,0.0,50.0,20.0,1.0,0.0,0.0,0.0,-340.00000019227275,70.0,149.99379882627278,0.7071287053066337,0.0,0.7070848563866744,0.0
2.6168055534362793,11.108252831970544,-4.484699680997604,6.462073619815424,0.556458927053445,2.0778730829129093,-1.1004758459121233,0.0,50.0,20.0,1.0,0.0,0.0,0.0,-340.0000155708158,70.0,149.9441953145841,0.7073040530260515,0.0,0.7069094542958954,0.0
2.6334846019744873,10.898755247841601,-4.122238865193613,6.282626536956998,0.4826030619346682,2.1431096967182652,-1.2656379664611865,0.0,50.0,20.0,1.0,0.0,0.0,0.0,-340.0001200945775,70.0,149.8450196752093,0.7076545072448515,0.0,0.7065586305297293,0.0
2.666949510574341,10.932854703737032,-3.439286222308163,5.943575878745282,0.6430275036262438,2.212627414261855,-1.395574736298752,0.0,50.0,20.0,1.0,0.0,0.0,0.0,-340.0004610637132,70.0,149.696334838905,0.7081795858435027,0.0,0.706032346422262,0.0
2.690704822540283,10.264527987558413,-3.5125844062643456,5.680773333457722,0.5250841075826109,2.0926708540073276,-1.4300650719697139,0.0,50.0,20.0,1.0,0.0,0.0,0.0,-340.00125884545344,70.0,149.49823560708035,0.7088785664446332,0.0,0.7053305452306753,0.0
2.723345994949341,9.821094184844066,-3.1349352031195767,5.134363624595162,0.4582779926702186,1.9466547047342124,-1.4064825348237573,0.0,50.0,20.0,1.0,0.0,0.0,0.0,-340.00546722005765,70.0,148.95433556002502,0.7107941489628871,0.0,0.7034000837362226,0.0
2.753297805786133,10.444555324307078,-3.9089944977792634,5.248402636093049,0.5795544038759608,1.7567184791373172,-1.514910340463393,0.0,50.0,20.0,1.0,0.0,0.0,0.0,-340.0096764200608,70.0,148.60888879701815,0.7120081151327625,0.0,0.7021712355153056,0.0
2.7834067344665527,10.779217980003201,-3.3708448398242687,5.941389659646874,0.7428353155370224,1.740062753460026,-1.4119650503845054,0.0,50.0,20.0,1.0,0.0,0.0,0.0,-340.01593708189324,70.0,148.21473744562053,0.7133907153670402,0.0,0.7007664997901245,0.0
2.8167502880096436,10.557233209799081,-4.076519151010525,6.629957647103319,0.6165320416490006,1.786788085286067,-1.3905254499747748,0.0,50.0,20.0,1.0,0.0,0.0,0.0,-340.02481975072436,70.0,147.77214584749254,0.7149400469707494,0.0,0.6991857616095043,0.0
2.8501179218292236,9.95172768522298,-3.676778671156631,7.086827026678782,0.6967233076306283,1.806845909442773,-1.3635411009724454,0.0,50.0,20.0,1.0,0.0,0.0,0.0,-340.0530580630309,70.0,146.74288510363488,0.7185301486241378,0.0,0.6954958127251194,0.0
2.883439779281616,10.318937415755736,-3.2968730146307945,6.828425593827304,0.5307570596181089,1.8307928011783567,-1.5188973983350949,0.0,50.0,20.0,1.0,0.0,0.0,0.0,-340.0738730526118,70.0,146.15693438847768,0.7205659775881814,0.0,0.6933863799804467,0.0
2.9173741340637207,10.661442565178032,-3.9092328532330667,7.106525703034376,0.5795651617573523,1.8044158025393868,-1.6806939742204114,0.0,50.0,20.0,1.0,0.0,0.0,0.0,-340.10022386034257,70.0,145.52398310477548,0.7227586626780218,0.0,0.6911005104352603,0.0
2.9355945587158203,10.197936836611817,-4.207450613135112,6.739142755637397,0.6862924661353496,1.913538495394566,-1.746486128742548,0.0,50.0,20.0,1.0,0.0,0.0,0.0,-340.13298464743286,70.0,144.84449376199456,0.725105186293704,0.0,0.6886381261664015,0.0
2.966846466064453,9.411602544239441,-3.448959014403561,7.237689511582829,0.5680933631562359,1.9161355805372506,-1.6426031864250643,0.0,50.0,20.0,1.0,0.0,0.0,0.0,-340.17308218365554,70.0,144.11897293928982,0.7276023194737293,0.0,0.6859991725187787,0.0
3.000314950942993,8.872838435078265,-4.08488314723891,7.987331074137816,0.6488884681379465,1.718650376719732,-1.4791239077001308,0.0,50.0,20.0,1.0,0.0,0.0,0.0,-340.27923804179187,70.0,142.53209303255665,0.733034470429063,0.0,0.6801914915395393,0.0
3.0333871841430664,8.187573559529518,-3.976212767353213,7.583234329544918,0.6205660856226803,1.9041490346417698,-1.461270238549309,0.0,50.0,20.0,1.0,0.0,0.0,0.0,-340.3473828149796,70.0,141.67198173778579,0.7359620175736457,0.0,0.6770228273026906,0.0
3.0668509006500244,8.378943337340424,-3.827341996905924,7.094587222809827,0.5714559811041506,1.9078278858084006,-1.4885360722454497,0.0,50.0,20.0,1.0,0.0,0.0,0.0,-340.4270297181515,70.0,140.76833767677124,0.7390252442346904,0.0,0.6736777333294134,0.0
3.0865511894226074,7.79253488528217,-4.5536929383269396,7.179067282954894,0.6287971723457064,2.0650122596007283,-1.3476205271153394,0.0,50.0,20.0,1.0,0.0,0.0,0.0,-340.5193158801728,70.0,139.8219114244781,0.7422199423874365,0.0,0.670156367665331,0.0
3.133554697036743,7.393107464769188,-5.045332333311147,7.168505032157545,0.6812994263850883,2.258588979611734,-1.1975197890800282,0.0,50.0,20.0,1.0,0.0,0.0,0.0,-340.74650052370873,70.0,137.8039825471652,0.7489860394320939,0.0,0.66258577764379,0.0
3.1506059169769287,7.689920238959523,-5.287510029970819,7.414610551541108,0.8505417792656138,2.3198082935972963,-1.3809523478565597,0.0,50.0,20.0,1.0,0.0,0.0,0.0,-340.8838057981573,70.0,136.7342528690389,0.7525481616845566,0.0,0.658537215611384,0.0
3.1834092140197754,7.277198713041125,-5.831497493772652,7.296001528530257,0.6944950301630143,2.3822497566511336,-1.4377002727114558,0.0,50.0,20.0,1.0,0.0,0.0,0.0,-341.03855452995873,70.0,135.62528920360316,0.7562232170344839,0.0,0.654313721404355,0.0
3.216918468475342,7.73217555282165,-5.062391725537927,8.040198916737065,0.497276187642034,2.3528106394937667,-1.4433046379064798,0.0,50.0,20.0,1.0,0.0,0.0,0.0,-341.21198824520377,70.0,134.47812081176258,0.7600061815151158,0.0,0.6499158438281166,0.0
3.2385270595550537,8.168283794243276,-4.613579754405799,7.583075937676561,0.637919670190235,2.470139908614784,-1.3570234992846015,0.0,50.0,20.0,1.0,0.0,0.0,0.0,-341.4053547543158,70.0,133.29383560245842,0.76389189155777,0.0,0.6453442321833303,0.0
3.2835001945495605,8.048716985398032,-3.8964092464202897,7.74862847974303,0.48882350226233395,2.4624238272848573,-1.4835058288672054,0.0,50.0,20.0,1.0,0.0,0.0,0.0,-341.8568776459198,70.0,130.81856276000036,0.7719502485264178,0.0,0.6356829506916178,0.0
3.3172357082366943,7.667246526664184,-3.9751505117587236,8.519425423870175,0.519405898896926,2.5,-1.5144553015447453,0.0,50.0,20.0,1.0,0.0,0.0,0.0,-342.11751397130905,70.0,129.53004814751333,0.7761119502123603,0.0,0.6305951480447393,0.0
3.333493947982788,8.338200719858746,-4.638855635074795,9.265259894406748,0.33666237730647475,2.460672172100512,-1.6581433452063097,0.0,50.0,20.0,1.0,0.0,0.0,0.0,-342.11751397130905,70.0,129.53004814751333,0.7761119502123603,0.0,0.6305951480447393,0.0
3.366746187210083,8.21554728533465,-5.171510937654919,9.853566772750984,0.49696658419232487,2.3397874003853505,-1.4882771789356495,0.0,50.0,20.0,1.0,0.0,0.0,0.0,-342.40303217878295,70.0,128.20936274212414,0.7803545260260745,0.0,0.6253373599191245,0.0
3.390542984008789,7.6322096423989,-5.701379113572425,10.235260525307691,0.5803493644112967,2.1747821895834956,-1.2938556013705504,0.0,50.0,20.0,1.0,0.0,0.0,0.0,-342.7146320478671,70.0,126.8578915736248,0.7846722514093869,0.0,0.619910846709528,0.0
3.4226324558258057,8.243789949431767,-6.136466605872816,9.875231664288703,0.5004113972314894,2.371662883285702,-1.4043747403548548,0.0,50.0,20.0,1.0,0.0,0.0,0.0,-343.4207406410558,70.0,124.06842346331824,0.7935098504009945,0.0,0.6085574067551813,0.0
3.453331708908081,8.593689445916217,-6.806432921112036,10.14560479512896,0.4822370191788568,2.3667260415902605,-1.2745998888352097,0.0,50.0,20.0,1.0,0.0,0.0,0.0,-343.8174971963275,70.0,122.63348479580331,0.7980179045741915,0.0,0.6026337394960695,0.0
3.4835422039031982,9.042518197385842,-7.110053032982548,9.350981160065448,0.3258340470207154,2.3185393141531794,-1.2837852129889258,0.0,50.0,20.0,1.0,0.0,0.0,0.0,-344.24482016705446,70.0,121.17387408685897,0.802577491315141,0.0,0.5965478777384887,0.0
3.5167739391326904,9.182324009992458,-7.45780839072524,8.76805814674385,0.19468725749031907,2.3297017656892964,-1.3088025189632475,0.0,50.0,20.0,1.0,0.0,0.0,0.0,-344.70372492925395,70.0,119.69125608606146,0.8071825813096395,0.0,0.5903018553505548,0.0
3.5503149032592773,9.42926754633995,-7.664795180923665,9.047161369245298,-0.6987520793001512,2.3828708859266063,-2.0694181909891474,0.0,50.0,20.0,1.0,0.0,0.0,0.0,-345.7200713203854,70.0,116.66390772500792,0.816505028383145,0.0,0.5773383224982035,0.0
3.5835158824920654,9.169422966080443,-7.788299662644389,8.307001482928413,-0.8220293982527876,2.309531481224455,-2.031159001495634,0.0,50.0,20.0,1.0,0.0,0.0,0.0,-346.27925843865125,70.0,115.12274951790391,0.821210236425777,0.0,0.5706257508994136,0.0
3.6168062686920166,8.809015967252734,-8.266066487325794,7.783188775438308,-0.8893838504867787,2.1280016934778843,-1.8991656861992112,0.0,50.0,20.0,1.0,0.0,0.0,0.0,-346.87350853945014,70.0,113.56572234491077,0.8259366732840032,0.0,0.5637629038208827,0.0
3.634674072265625,8.286589913941885,-8.081112535075864,7.876665866035197,-1.037705678718846,2.22997233415172,-1.7569287738116146,0.0,50.0,20.0,1.0,0.0,0.0,0.0,-347.50352242610245,70.0,111.99471567766565,0.8306782900808662,0.0,0.5567527084696834,0.0
3.6669423580169678,8.907377789301782,-8.827982285146984,7.771034700291813,-1.1625778434198761,2.0604658587957405,-1.8366260636949123,0.0,50.0,20.0,1.0,0.0,0.0,0.0,-348.1699240334749,70.0,110.41165388675307,0.8354290697397564,0.0,0.5495982800498609,0.0
3.700369119644165,8.994350645583824,-8.501078491574019,8.398352817166248,-1.2298148862746947,2.1120769083305175,-1.8551952018476512,0.0,50.0,20.0,1.0,0.0,0.0,0.0,-349.61397739743455,70.0,107.21721236187935,0.8449342803973592,0.0,0.5348701354622417,0.0
3.733391284942627,8.339222379527419,-7.81073787743033,8.679294778597576,-1.2007275138134605,2.2918141966862455,-1.9314864820229825,0.0,50.0,20.0,1.0,0.0,0.0,0.0,-350.3924570699705,70.0,105.60981808954921,0.8496769442277776,0.0,0.527303603674151,0.0
3.7669572830200195,7.901781218249276,-7.674568976990514,7.918295978543943,-1.3302649792931551,2.2691920959737626,-2.0195479980348834,0.0,50.0,20.0,1.0,0.0,0.0,0.0,-351.20897355815754,70.0,103.9983302106974,0.8544052603691722,0.0,0.5196072084310293,0.0
3.7866711616516113,7.525514428549197,-7.1070485878682925,8.092688977916989,-1.200612513295496,2.121042021502093,-1.8689567109290088,0.0,50.0,20.0,1.0,0.0,0.0,0.0,-352.063710675276,70.0,102.38478163655623,0.8591135500137446,0.0,0.5117850214521534,0.0
3.833723783493042,7.249227072092774,-7.050279797354201,8.828555160675375,-1.113585781126538,2.2974208227812474,-1.7207747721469497,0.0,50.0,20.0,1.0,0.0,0.0,0.0,-353.8880954025821,70.0,99.1596628000443,0.8684478602655306,0.0,0.49578050990354744,0.0
3.8505868911743164,7.768649457081178,-6.884594567005981,9.12849489341377,-0.9505793607891849,2.2302643752482045,-1.7233694065595637,0.0,50.0,20.0,1.0,0.0,0.0,0.0,-354.8576180610367,70.0,97.55217070497869,0.873063082758117,0.0,0.48760727386380687,0.0
3.8834097385406494,7.739828923826427,-6.717298991752725,8.409281811805569,-0.9497043264619907,2.234549455464162,-1.580080691461945,0.0,50.0,20.0,1.0,0.0,0.0,0.0,-355.865108433216,70.0,95.95076299293856,0.877636704471336,0.0,0.4793264179707737,0.0
3.916849136352539,7.741016766928026,-6.066603052590974,7.979305716543094,-0.7878742283698561,2.1798038401766457,-1.5420661578238795,0.0,50.0,20.0,1.0,0.0,0.0,0.0,-356.9102487425698,70.0,94.35745120882423,0.8821636718636054,0.0,0.4709429435123974,0.0
3.939779281616211,7.5182253997378385,-6.425127686107012,8.749558747141945,-0.7308129193860315,2.247363828428048,-1.6766309244238013,0.0,50.0,20.0,1.0,0.0,0.0,0.0,-357.9926178574566,70.0,92.77422543882122,0.8866390882461104,0.0,0.4624620278402391,0.0
3.983562469482422,8.246756933795126,-6.068663367192009,8.25422839632423,-0.8940177649124779,2.14414822783015,-1.5048173093825383,0.0,50.0,20.0,1.0,0.0,0.0,0.0,-360.2668415672106,70.0,89.6458498002689,0.8954165237467173,0.0,0.44522943411385607,0.0
4.016820192337036,7.8422863160391625,-5.881630250287935,7.903465829653662,-1.0404954421609924,2.210497816557417,-1.4553299760619163,0.0,50.0,20.0,1.0,0.0,0.0,0.0,-361.4573392063339,70.0,88.10452007253593,0.8997096196203086,0.0,0.4364889464381425,0.0
4.033413648605347,7.435399826521165,-6.183030716458015,7.651818410141388,-1.0770510017915258,2.129005393342234,-1.432627757907841,0.0,50.0,20.0,1.0,0.0,0.0,0.0,-362.68235390505424,70.0,86.5809050652982,0.9039333353038315,0.0,0.427673386273323,0.0
4.06690239906311,6.915357216060039,-6.588551074864068,7.109538185415853,-0.9769117207523805,2.285783346663188,-1.3887539013069865,0.0,50.0,20.0,1.0,0.0,0.0,0.0,-363.9409563274703,70.0,85.07680017420412,0.908083696103492,0.0,0.4187887305921933,0.0
4.090862274169922,7.48407253031315,-7.330783098247151,7.089664946353312,-1.0458358698840189,2.442300438934445,-1.4716019632475013,0.0,50.0,20.0,1.0,0.0,0.0,0.0,-365.2321202454187,70.0,83.59394487695819,0.9121569358477789,0.0,0.40984109650545164,0.0
4.123351097106934,8.171847148653507,-8.021664940658898,6.476593562742064,-0.8708604995541653,2.5,-1.5153533512451443,0.0,50.0,20.0,1.0,0.0,0.0,0.0,-367.9075589665094,70.0,80.69862955299743,0.9200580700341761,0.0,0.3917820156221915,0.0
4.153412103652954,8.025359467332478,-8.204061500047848,6.801532739643772,-0.9944222640380113,2.5,-1.7019433304071416,0.0,50.0,20.0,1.0,0.0,0.0,0.0,-369.2893218813402,70.0,79.2893218813503,0.9238795325112731,0.0,0.3826834323651228,0.0
4.183629512786865,7.368614362251924,-7.99588433434552,6.275246819178288,-1.14663427369594,2.5,-1.6981498105011836,0.0,50.0,20.0,1.0,0.0,0.0,0.0,-370.6986295529872,70.0,77.9075589665192,0.9276110203999325,0.0,0.3735475804132534,0.0
4.216850519180298,6.5773970922271445,-8.40541011940423,5.9824917715690935,-1.036048366978867,2.5,-1.5571408991137536,0.0,50.0,20.0,1.0,0.0,0.0,0.0,-372.1340173942925,70.0,76.55472510118973,0.9312498990572033,0.0,0.36438115415859346,0.0
4.2501702308654785,6.227309788844911,-8.684081566763794,6.53722061666557,-0.9169822430823551,2.371138087455985,-1.459759995388706,0.0,50.0,20.0,1.0,0.0,0.0,0.0,-375.0768001741933,70.0,73.94095632747954,0.9382404906859447,0.0,0.345983788113544,0.0
4.283454179763794,5.678483739716016,-7.904853113328728,6.036232411084202,-0.8228269050295594,2.3848821503793065,-1.5011434393332603,0.0,50.0,20.0,1.0,0.0,0.0,0.0,-376.58090506528725,70.0,72.68235390506324,0.9415881427007691,0.0,0.33676663956709874,0.0
4.316836357116699,5.594391221480965,-7.53338007657727,6.431146111894012,-0.9246406772175096,2.3052847175589153,-1.3391314983853908,0.0,50.0,20.0,1.0,0.0,0.0,0.0,-378.10452007252496,70.0,71.45733920634257,0.9448350670716488,0.0,0.32754647919297325,0.0
4.334693908691406,6.114879798147736,-7.801720402435411,6.24302145506624,-0.7906836748143353,2.3293061529902466,-1.3800732311451571,0.0,50.0,20.0,1.0,0.0,0.0,0.0,-379.6458498002577,70.0,70.26684156721906,0.9479798479735234,0.0,0.3183303438820989,0.0
4.366806268692017,5.639907297473329,-7.354032890125559,5.838991424291296,-0.6271453147043257,2.433077640235655,-1.2504535222372801,0.0,50.0,20.0,1.0,0.0,0.0,0.0,-381.20304844424084,70.0,69.11169127896348,0.9510213160624649,0.0,0.3091253085640472,0.0
4.400136947631836,5.468570490300029,-6.673361567664243,5.737174566788492,-0.8105820439096374,2.5,-1.0508928317347161,0.0,50.0,20.0,1.0,0.0,0.0,0.0,-384.35745120881273,70.0,66.91024874257751,0.956790863400729,0.0,0.2907769655816766,0.0
4.433563470840454,6.1284423860941075,-6.681026271462934,5.020029460465073,-0.8338193344140648,2.4786465916189444,-1.1298347424692274,0.0,50.0,20.0,1.0,0.0,0.0,0.0,-385.950762992927,70.0,65.86510843322343,0.9595178256988678,0.0,0.2816479046009701,0.0
4.466952085494995,5.917101709216069,-6.560777106520454,5.714805967555856,-0.9804048244570699,2.446364530228424,-1.1497364334591094,0.0,50.0,20.0,1.0,0.0,0.0,0.0,-387.55217070496707,70.0,64.85761806104384,0.9621392361268616,0.0,0.2725584163169782,0.0
4.487600564956665,5.641178679767354,-7.047705960059939,5.941044963415709,-0.9034705766341584,2.285749015438669,-1.3340603627878818,0.0,50.0,20.0,1.0,0.0,0.0,0.0,-389.1596628000328,70.0,63.88809540258892,0.9646551316336089,0.0,0.2635156105678459,0.0
4.5334272384643555,5.02251771383913,-7.13768221613343,5.98887869267052,-1.0747426804594584,2.1741951580677292,-1.5159003546250178,0.0,50.0,20.0,1.0,0.0,0.0,0.0,-392.3847816365445,70.0,62.06371067528234,0.969371676202471,0.0,0.245598357845511,0.0
4.550719738006592,5.304792801424686,-6.599809211071117,5.340642014272787,-0.9582531173368536,2.3146012453017244,-1.510741176920754,0.0,50.0,20.0,1.0,0.0,0.0,0.0,-393.9983302106857,70.0,61.20897355816359,0.9715735341234765,0.0,0.23673797285357073,0.0
4.5834362506866455,4.783300487064441,-6.090964584147169,5.497329942879175,-1.108144048126961,2.3048312672137823,-1.5048391119133409,0.0,50.0,20.0,1.0,0.0,0.0,0.0,-395.60981808953755,70.0,60.39245706997623,0.9736722829834065,0.0,0.227952375179293,0.0
4.616880893707275,4.563714552331367,-5.862719870504133,5.409177120228796,-1.1370541906179044,2.2132504034886815,-1.378381550147242,0.0,50.0,20.0,1.0,0.0,0.0,0.0,-397.2172123618679,70.0,59.61397739743998,0.9756690591654529,0.0,0.2192484594864921,0.0
4.638653755187988,3.795128869351251,-6.481195921230631,4.719839360162564,-1.2803464604565775,2.055409900862586,-1.3793473575678088,0.0,50.0,20.0,1.0,0.0,0.0,0.0,-398.8184921961897,70.0,58.87325631295326,0.9775651990712608,0.0,0.21063304955482723,0.0
4.683526039123535,4.577218010192852,-5.9709970969276736,4.453683207678001,-1.3666309272021684,1.8692556093670425,-1.5473906786743012,0.0,50.0,20.0,1.0,0.0,0.0,0.0,-401.99471567765426,70.0,57.50352242610717,0.9810618675035047,0.0,0.19369463629779693,0.0
4.71669602394104,4.614981473939944,-5.562035990195152,5.049417554057162,-1.4143300226579578,1.7046502792596214,-1.4478252106389506,0.0,50.0,20.0,1.0,0.0,0.0,0.0,-403.5657223448994,70.0,56.873508539454576,0.9826659947829308,0.0,0.18538485023667087,0.0
4.733665466308594,3.911193620678448,-5.042915261278486,4.652163923391648,-1.2266481643163951,1.8352539433241573,-1.6355935243518425,0.0,50.0,20.0,1.0,0.0,0.0,0.0,-405.1227495178927,70.0,56.27925843865539,0.9841766649371052,0.0,0.17718998897589266,0.0
4.766824007034302,4.673809280986687,-4.332185384577214,3.9112634170667673,-1.3925003739258088,1.9313917829349947,-1.5013728266350255,0.0,50.0,20.0,1.0,0.0,0.0,0.0,-406.6639077249968,70.0,55.72007132038934,0.9855960853199719,0.0,0.16911639956534869,0.0
4.790635347366333,5.000642314368876,-4.4968386748470754,3.2123072393447254,-1.484430788638138,1.8838915552836548,-1.3903960873335643,0.0,50.0,20.0,1.0,0.0,0.0,0.0,-408.1873461496141,70.0,55.19517388341707,0.9869266085089178,0.0,0.1611703118352923,0.0
4.8232972621917725,4.311234786003906,-4.82998286894347,3.858127932477077,-1.3836225036820728,1.9578797858499157,-1.5159775926435677,0.0,50.0,20.0,1.0,0.0,0.0,0.0,-411.17387408684834,70.0,54.24482016705767,0.9893310361879444,0.0,0.14568493688534975,0.0
4.853407382965088,4.684868831745006,-4.257237785928568,3.4808501462419663,-1.4233757324188712,2.019330997850049,-1.487652048151286,0.0,50.0,20.0,1.0,0.0,0.0,0.0,-412.6334847957929,70.0,53.817497196330436,0.9904102756021607,0.0,0.1381574680632653,0.0
4.883533239364624,5.456934594962441,-3.5027634232289095,4.19342730865477,-1.295705378247682,2.140925110308862,-1.6846053111323973,0.0,50.0,20.0,1.0,0.0,0.0,0.0,-414.0684234633081,70.0,53.4207406410585,0.991411265214748,0.0,0.1307811270990296,0.0
4.9167091846466064,5.715859203829449,-3.962663692508358,3.459073742640988,-1.3697163320258663,2.2752178016112947,-1.7316557386453013,0.0,50.0,20.0,1.0,0.0,0.0,0.0,-415.4770781433878,70.0,53.05348740870308,0.9923369200813222,0.0,0.12356147070796547,0.0
