# Timestamp, Fx, Fy, Fz, Tx, Ty, Tz, FemurPosX, FemurPosY, FemurPosZ, FemurQuatW, FemurQuatX, FemurQuatY, FemurQuatZ, TibiaPosX, TibiaPosY, TibiaPosZ, TibiaQuatW, TibiaQuatX, TibiaQuatY, TibiaQuatZ
0.01748514175415039,12.943274133760692,-5.803006791153612,-4.517822127537022,1.0974935401791883,1.1974434469447233,-0.013202151895108427,0.0,50.0,20.0,1.0,0.0,0.0,0.0,-355.8651084331941,70.0,95.95076299297261,0.877636704471239,0.0,0.47932641797095127,0.0
0.05053901672363281,12.841088189965784,-5.415080302497289,-4.82160915950674,1.286330180881511,1.2405941592432876,0.15585331939789737,0.0,50.0,20.0,1.0,0.0,0.0,0.0,-356.91024874254714,70.0,94.35745120885808,0.8821636718635094,0.0,0.47094294351257715,0.0
0.08336782455444336,13.0,-5.970467705299533,-5.177332360144554,1.2314367123287437,1.3610656415274096,0.05773669563907313,0.0,50.0,20.0,1.0,0.0,0.0,0.0,-357.99261785743306,70.0,92.77422543885496,0.8866390882460152,0.0,0.46246202784042145,0.0
0.11676812171936035,13.0,-5.17967287318443,-4.568915450839496,1.1985120997908971,1.323853045997694,0.14242273590828797,0.0,50.0,20.0,1.0,0.0,0.0,0.0,-359.11169127893095,70.0,91.20304844428566,0.8910582235626198,0.0,0.4538890197189488,0.0
0.1374504566192627,12.53720743631897,-5.606026076686951,-3.770260873767205,1.224760972236754,1.2943754004897146,0.23766888381773704,0.0,50.0,20.0,1.0,0.0,0.0,0.0,-360.26684156718574,70.0,89.6458498003017,0.8954165237466257,0.0,0.44522943411404026,0.0
0.16721248626708984,13.0,-6.142946323758752,-4.351123117445619,1.0550812209013574,1.4148395495910961,0.41790796510860184,0.0,50.0,20.0,1.0,0.0,0.0,0.0,-361.45733920630823,70.0,88.10452007256848,0.8997096196202181,0.0,0.436488946438329,0.0
0.20047950744628906,13.0,-6.510229976582957,-4.2582842328931365,0.9641736532889288,1.456254616264074,0.5374665205952884,0.0,50.0,20.0,1.0,0.0,0.0,0.0,-363.94095632744313,70.0,85.07680017423597,0.9080836961034044,0.0,0.4187887305923833,0.0
0.23392415046691895,13.0,-6.778668628271087,-4.5054273805107465,1.101426028920759,1.4179470288353797,0.3665928206275497,0.0,50.0,20.0,1.0,0.0,0.0,0.0,-365.2321202453908,70.0,83.59394487698957,0.912156935847693,0.0,0.40984109650564304,0.0
0.2666666507720947,13.0,-7.010706961695191,-4.720879724792097,1.2735582201925968,1.3065156023467386,0.43849959916166803,0.0,50.0,20.0,1.0,0.0,0.0,0.0,-366.55472510115146,70.0,82.13401739433395,0.9161495036446454,0.0,0.4008367335607726,0.0
0.2999734878540039,12.575270650811317,-6.978850520022756,-4.151197919390744,1.206136031657325,1.3234451102247604,0.6036873345343783,0.0,50.0,20.0,1.0,0.0,0.0,0.0,-367.90755896648005,70.0,80.69862955302796,0.9200580700340931,0.0,0.3917820156223863,0.0
0.3332805633544922,11.899716229646092,-7.089075942092143,-4.791475313947038,1.1525781425401107,1.4227096167050644,0.4483858860276228,0.0,50.0,20.0,1.0,0.0,0.0,0.0,-370.698629552957,70.0,77.90755896654827,0.9276110203998542,0.0,0.3735475804134479,0.0
0.3665904998779297,11.798299854646192,-6.972402692900648,-4.792944077907954,1.2913217335623477,1.4366602292669852,0.2838460709866709,0.0,50.0,20.0,1.0,0.0,0.0,0.0,-372.1340173942618,70.0,76.55472510121814,0.931249899057127,0.0,0.36438115415878847,0.0
0.38400769233703613,11.606544395756595,-7.378198726868217,-4.7229159501404245,1.4552700634320692,1.5,0.38848242354021834,0.0,50.0,20.0,1.0,0.0,0.0,0.0,-373.59394487691617,70.0,75.23212024545599,0.9347937733921424,0.0,0.3551909362966346,0.0
0.41665029525756836,11.480668559290736,-7.370377252279184,-5.182644682936832,1.5,1.5,0.19104460939029433,0.0,50.0,20.0,1.0,0.0,0.0,0.0,-375.07680017416146,70.0,73.94095632750671,0.9382404906858723,0.0,0.34598378811374036,0.0
0.4499366283416748,10.712827132256967,-6.781225837401108,-5.193323020738052,1.5,1.413873226608824,0.011747510579203452,0.0,50.0,20.0,1.0,0.0,0.0,0.0,-376.58090506525485,70.0,72.6823539050898,0.9415881427006986,0.0,0.3367666395672959,0.0
0.48346757888793945,10.40490575781354,-6.284769055325362,-5.594831532921743,1.5,1.5,-0.144773639837226,0.0,50.0,20.0,1.0,0.0,0.0,0.0,-379.6458498002249,70.0,70.26684156724392,0.9479798479734579,0.0,0.318330343882294,0.0
0.5167946815490723,11.03848836298701,-5.728300202088445,-6.096329433260319,1.3255556055046125,1.5,-0.25969396099451736,0.0,50.0,20.0,1.0,0.0,0.0,0.0,-381.20304844420764,70.0,69.11169127898764,0.9510213160624014,0.0,0.30912530856424253,0.0
0.533919095993042,11.581971083609904,-6.154034444695178,-6.787310658362314,1.4466755354515646,1.4706659061564369,-0.3124561007342121,0.0,50.0,20.0,1.0,0.0,0.0,0.0,-382.7742254387763,70.0,67.99261785748797,0.9539585476909153,0.0,0.29993847583702865,0.0
0.5672173500061035,10.998290100114378,-5.493326663482421,-7.540426142237284,1.4398482790504725,1.5,-0.31348836021113774,0.0,50.0,20.0,1.0,0.0,0.0,0.0,-384.35745120877885,70.0,66.91024874260017,0.9567908634006698,0.0,0.29077696558187144,0.0
0.6000361442565918,10.48437463807299,-5.631715879937996,-7.037568178476478,1.3073347322512958,1.3990678246016293,-0.48696044464946764,0.0,50.0,20.0,1.0,0.0,0.0,0.0,-387.5521707049328,70.0,64.85761806106498,0.9621392361268067,0.0,0.2725584163171721,0.0
0.6333250999450684,11.243424577843951,-5.625191348897936,-6.450050212216956,1.4595103872499107,1.362386450880259,-0.599425487123285,0.0,50.0,20.0,1.0,0.0,0.0,0.0,-389.1596627999982,70.0,63.88809540260931,0.9646551316335561,0.0,0.26351561056803935,0.0
0.6667392253875732,10.775455992017122,-6.245105975841878,-5.889879308110473,1.5,1.1641806976131437,-0.6965105656237112,0.0,50.0,20.0,1.0,0.0,0.0,0.0,-390.7712121128309,70.0,62.95675532725063,0.9670657802671682,0.0,0.25452657353654284,0.0
0.6849243640899658,11.172408777813786,-6.250140218500359,-6.166678947466835,1.4792087536942373,1.1909588877524269,-0.5365694459693431,0.0,50.0,20.0,1.0,0.0,0.0,0.0,-392.38478163651024,70.0,62.0637106753009,0.9693716762024231,0.0,0.24559835784569994,0.0
0.7172136306762695,11.239559159578471,-5.645936311806438,-6.222852154054452,1.5,1.2321785237541438,-0.5990286662303924,0.0,50.0,20.0,1.0,0.0,0.0,0.0,-393.9983302106515,70.0,61.20897355818134,0.9715735341234307,0.0,0.23673797285375817,0.0
0.750511884689331,11.866932952887828,-5.371203058141541,-6.477137239848688,1.5,1.4164859569957693,-0.7928657205470604,0.0,50.0,20.0,1.0,0.0,0.0,0.0,-397.21721236183356,70.0,59.61397739745624,0.9756690591654112,0.0,0.21924845948667732,0.0
0.7840976715087891,12.29465267139614,-6.075241430666718,-6.412557717190883,1.3719581123637727,1.5,-0.6024186271123987,0.0,50.0,20.0,1.0,0.0,0.0,0.0,-398.81849219615555,70.0,58.87325631296871,0.9775651990712213,0.0,0.2106330495550105,0.0
0.8174095153808594,12.54388349779966,-5.806710838735059,-6.283521959041816,1.2518374257079163,1.5,-0.5587072269608473,0.0,50.0,20.0,1.0,0.0,0.0,0.0,-400.4116538867076,70.0,58.169924033494524,0.9793622311650206,0.0,0.20211288966187346,0.0
0.8376595973968506,12.255590373872577,-5.6933317825514225,-6.323862518431567,1.205921753884022,1.4270893413231842,-0.7372406858283971,0.0,50.0,20.0,1.0,0.0,0.0,0.0,-401.99471567762083,70.0,57.503522426120895,0.9810618675034697,0.0,0.19369463629797404,0.0
0.8683104515075684,12.972617512683783,-6.0615250051333955,-6.217209734951578,1.1699204293728005,1.5,-0.8263478379847464,0.0,50.0,20.0,1.0,0.0,0.0,0.0,-403.56572234486623,70.0,56.87350853946758,0.9826659947828978,0.0,0.18538485023684617,0.0
0.901543140411377,13.0,-5.952344807537007,-6.924230304271547,1.2961782552077084,1.5,-0.9555590624959142,0.0,50.0,20.0,1.0,0.0,0.0,0.0,-406.66390772496413,70.0,55.72007132040089,0.9855960853199426,0.0,0.1691163995655194,0.0
0.934938907623291,12.36025958712837,-5.26012914082645,-7.11645995013952,1.4013683212102461,1.3584970510828778,-1.0351363662630158,0.0,50.0,20.0,1.0,0.0,0.0,0.0,-408.1873461495817,70.0,55.19517388342794,0.9869266085088902,0.0,0.1611703118354608,0.0
0.9673945903778076,13.0,-5.236165978722039,-7.740160987847452,1.3304528504717092,1.1719666630286247,-0.9253057702310481,0.0,50.0,20.0,1.0,0.0,0.0,0.0,-409.6912560860187,70.0,54.70372492926755,0.9881707217650512,0.0,0.15335783203455156,0.0
0.9889435768127441,12.929985017408868,-5.734588246113459,-8.008973235831826,1.2979253233166756,1.2739079391257535,-0.7652690379043918,0.0,50.0,20.0,1.0,0.0,0.0,0.0,-411.1738740868168,70.0,54.24482016706716,0.9893310361879204,0.0,0.1456849368855128,0.0
1.0339946746826172,13.0,-5.895027289891543,-8.73984412293782,1.4960630807424733,1.4352998070814793,-0.776698156174067,0.0,50.0,20.0,1.0,0.0,0.0,0.0,-414.0684234632777,70.0,53.420740641066644,0.9914112652147276,0.0,0.13078112709918516,0.0
1.0516784191131592,12.2027435159461,-5.566082054257657,-8.767286913464845,1.2977897846228004,1.2397251681889112,-0.9219628147096699,0.0,50.0,20.0,1.0,0.0,0.0,0.0,-415.4770781433581,70.0,53.053487408710595,0.9923369200813034,0.0,0.12356147070811764,0.0
1.0849080085754395,11.595766778759614,-5.645575700802118,-8.278081839284148,1.233073268578925,1.0531470303157995,-1.03889502410878,0.0,50.0,20.0,1.0,0.0,0.0,0.0,-416.8578915735858,70.0,52.71463204787635,0.9931902334198712,0.0,0.11650390654129045,0.0
1.1181931495666504,11.493092423202405,-5.225329676046613,-7.835823305883631,1.0704617715183509,1.2295235230034947,-0.9199851796185983,0.0,50.0,20.0,1.0,0.0,0.0,0.0,-418.209362742086,70.0,52.40303217879149,0.9939742648107357,0.0,0.10961368935474002,0.0
1.1409986019134521,12.208784550790691,-5.1744352405753435,-7.753702966510895,1.1722355156861708,1.3699496613366664,-1.0581563713849405,0.0,50.0,20.0,1.0,0.0,0.0,0.0,-419.530048147476,70.0,52.11751397131687,0.9946921283208265,0.0,0.10289591758949583,0.0
1.183244228363037,12.451190231189722,-5.958460447076373,-8.369537112173617,0.9818291149133671,1.3162683804573316,-1.2024850265217024,0.0,50.0,20.0,1.0,0.0,0.0,0.0,-422.07358069371435,70.0,51.619902973948896,0.9959420089193223,0.0,0.08999730479155747,0.0
1.2167155742645264,13.0,-6.335301499847017,-8.573097111120347,0.9188869365771946,1.178986782587121,-1.1342427695219437,0.0,50.0,20.0,1.0,0.0,0.0,0.0,-423.29383560242417,70.0,51.40535475432162,0.996480419390362,0.0,0.08382585383763237,0.0
1.233936071395874,13.0,-5.8954398569033195,-7.854516991153129,0.7610690508726599,1.1181984424796299,-1.001216757178804,0.0,50.0,20.0,1.0,0.0,0.0,0.0,-424.47812081172935,70.0,51.21198824520897,0.9969654250644578,0.0,0.07784562432176168,0.0
1.2671821117401123,12.663938571509481,-6.5942041947834795,-7.839219326271723,0.9414415315569358,1.046131875962111,-1.0219460380426735,0.0,50.0,20.0,1.0,0.0,0.0,0.0,-425.62528920357096,70.0,51.038554529963406,0.997400234284203,0.0,0.07206089542752729,0.0
1.300384283065796,11.892888925991533,-7.363831790920796,-7.1129657576889604,0.7774062852353474,0.9690612434501632,-1.1973670127345792,0.0,50.0,20.0,1.0,0.0,0.0,0.0,-427.80398254713515,70.0,50.74650052371243,0.9981320039861651,0.0,0.06109421100695364,0.0
1.3331904411315918,11.788134007494453,-8.10767071095753,-6.379674488184776,0.8612171198578058,0.9203488945784066,-1.186012245463505,0.0,50.0,20.0,1.0,0.0,0.0,0.0,-428.83350686877736,70.0,50.62540852335363,0.9984352544773406,0.0,0.055919966172809324,0.0
1.3665745258331299,11.265976587201973,-7.799797043586853,-7.108420350695301,0.7185980479637378,0.8237937426585481,-1.0788177878325313,0.0,50.0,20.0,1.0,0.0,0.0,0.0,-429.8219114244506,70.0,50.51931588017567,0.9987008664255387,0.0,0.05095664236268225,0.0
1.3999533653259277,11.646715901618514,-8.188175829459109,-7.424248370613987,0.6980384157400527,0.9544408397886082,-1.0551512237175105,0.0,50.0,20.0,1.0,0.0,0.0,0.0,-430.7683376767449,70.0,50.427029718153975,0.9989318552379988,0.0,0.0462076680949154,0.0
1.4170124530792236,12.254087643881629,-8.728551491394633,-8.151332018810354,0.5951394735349035,0.8905024882601872,-0.951062779698612,0.0,50.0,20.0,1.0,0.0,0.0,0.0,-431.67198173776063,70.0,50.347382814981685,0.9991311655258741,0.0,0.04167630111836245,0.0
1.4499022960662842,11.75709167639487,-7.9400122149121195,-7.720163158397628,0.46273633263279795,0.7353088833178015,-0.881733312062948,0.0,50.0,20.0,1.0,0.0,0.0,0.0,-433.3479728695273,70.0,50.221492619625465,0.9994461150566711,0.0,0.033278568150197294,0.0
1.483353614807129,11.821493951995892,-7.40476787787764,-7.606717954873492,0.5162759030502071,0.847227207306344,-0.9265122518111011,0.0,50.0,20.0,1.0,0.0,0.0,0.0,-434.1189729392684,70.0,50.173082183656774,0.9995672008833203,0.0,0.02941786733065322,0.0
1.5166473388671875,12.287515448117334,-7.420078871625958,-7.02505580139452,0.6569123678309969,0.7070501225286105,-0.8393372869584037,0.0,50.0,20.0,1.0,0.0,0.0,0.0,-434.8444937619744,70.0,50.13298464743387,0.9996674830976702,0.0,0.025786105506054074,0.0
1.5498805046081543,12.796393710885493,-8.083149900472193,-7.0454609973965905,0.6570977869215139,0.5698857921278766,-0.9139636742580193,0.0,50.0,20.0,1.0,0.0,0.0,0.0,-435.52398310475684,70.0,50.10022386034342,0.9997494089512046,0.0,0.022385694130786008,0.0
1.567089319229126,12.193368164538752,-8.86674684323061,-7.528271751542964,0.8396222866530003,0.40593611579221056,-0.9298100219036951,0.0,50.0,20.0,1.0,0.0,0.0,0.0,-436.15693438846034,70.0,50.0738730526125,0.9998153003114812,0.0,0.01921887777843771,0.0
1.6003696918487549,11.616220204126801,-9.589408180674445,-8.029285961786796,1.008568908961637,0.23911867807097342,-0.8181128894620424,0.0,50.0,20.0,1.0,0.0,0.0,0.0,-437.28141525426474,70.0,50.036960345434395,0.9999075948670597,0.0,0.013594179900677352,0.0
1.6337387561798096,12.410187906395208,-9.369231876454698,-7.8533772218681825,0.8596588159520278,0.12785403111236765,-0.8939942206307634,0.0,50.0,20.0,1.0,0.0,0.0,0.0,-437.7721458474792,70.0,50.024819750724646,0.9999379486980063,0.0,0.011139962011751086,0.0
1.666750192642212,12.603960767994911,-8.882797847289243,-7.465803440965765,0.7051140278532809,0.21186792146447747,-0.8581725962603148,0.0,50.0,20.0,1.0,0.0,0.0,0.0,-438.2147374456086,70.0,50.015937081893455,0.9999601565015142,0.0,0.008926668441657688,0.0
1.6898386478424072,11.870510512401426,-9.584366893787344,-6.730421738198376,0.8710785386662458,0.059598527294189685,-0.6766345811288795,0.0,50.0,20.0,1.0,0.0,0.0,0.0,-438.6088887970075,70.0,50.009676420060984,0.999975808657237,0.0,0.006955724283272685,0.0
1.7333049774169922,11.738782968875537,-9.530196334953247,-6.707828321674886,0.8496035953247421,-0.13736143464137843,-0.48719432203638724,0.0,50.0,20.0,1.0,0.0,0.0,0.0,-439.250849133637,70.0,50.002806174475936,0.9999929845392018,0.0,0.003745780610191981,0.0
1.7666316032409668,11.60959344961947,-9.83379236285391,-6.1561847616796825,0.6569275293909422,-0.22389627514573598,-0.5693385337792589,0.0,50.0,20.0,1.0,0.0,0.0,0.0,-439.498235607074,70.0,50.001258845453506,0.999996852881414,0.0,0.0025088298602151194,0.0
1.7834398746490479,11.95475398211256,-9.138867500570539,-6.2783039676631445,0.8442952090720994,-0.2689525292748347,-0.4449694756078464,0.0,50.0,20.0,1.0,0.0,0.0,0.0,-439.69633483890004,70.0,50.00046106371323,0.9999988473400526,0.0,0.0015183275556151597,0.0
1.8166491985321045,11.434540985970461,-8.655152479113625,-6.120093103070499,0.7747181216372292,-0.15804563032253932,-0.37339262581113564,0.0,50.0,20.0,1.0,0.0,0.0,0.0,-439.8450196752058,70.0,50.00012009457748,0.9999996997635112,0.0,0.0007749018566249389,0.0
1.8499393463134766,11.682014115304108,-8.779279099449171,-6.806526762061508,0.7681742323528266,-0.3248830938386946,-0.2796906555556066,0.0,50.0,20.0,1.0,0.0,0.0,0.0,-439.944195314582,70.0,50.000015570815776,0.9999999610729597,0.0,0.00027902343795168576,0.0
1.8833320140838623,11.92499110677833,-9.467725898724861,-7.135685055084816,0.6565615031258536,-0.5062636006021325,-0.4313204081077321,0.0,50.0,20.0,1.0,0.0,0.0,0.0,-439.9937988262734,70.0,50.00000019227278,0.9999999995193181,0.0,3.1005868647966686e-05,0.0
1.916680097579956,11.87012042745396,-9.057126663571754,-6.925492173035651,0.7867175309898107,-0.583912959925566,-0.4261004770779875,0.0,50.0,20.0,1.0,0.0,0.0,0.0,-439.9441953145859,70.0,50.000015570815776,0.9999999610729597,0.0,0.0002790234379321537,0.0
1.9339065551757812,11.641364306253347,-8.831372235801126,-7.656060698099483,0.5889094569889508,-0.5419943122346591,-0.4471859126420651,0.0,50.0,20.0,1.0,0.0,0.0,0.0,-439.8450196752123,70.0,50.00012009457747,0.9999996997635112,0.0,0.0007749018565923709,0.0
1.96701979637146,11.04031043942896,-8.41587025985906,-7.234637548503195,0.7585134610540567,-0.4636638776671482,-0.4869154551262013,0.0,50.0,20.0,1.0,0.0,0.0,0.0,-439.69633483890914,70.0,50.0004610637132,0.9999988473400527,0.0,0.0015183275555695993,0.0
1.9998853206634521,11.198229011567335,-8.486872391975297,-6.671510655567664,0.8239259121600009,-0.3820692870979323,-0.3853243339769039,0.0,50.0,20.0,1.0,0.0,0.0,0.0,-439.2508491336513,70.0,50.002806174475836,0.999992984539202,0.0,0.0037457806101205238,0.0
2.0333919525146484,11.33570307996266,-8.294965491736702,-5.945138359617585,0.9744373634708283,-0.23598119802331263,-0.489397383079969,0.0,50.0,20.0,1.0,0.0,0.0,0.0,-438.9543355600327,70.0,50.005467220057525,0.999986331856447,0.0,0.005228393662271696,0.0
2.0667266845703125,10.76112158495964,-8.557992323653142,-6.665765576745037,1.0237015311292368,-0.24841221883199732,-0.5933912637559536,0.0,50.0,20.0,1.0,0.0,0.0,0.0,-438.60888879702696,70.0,50.009676420060714,0.9999758086572377,0.0,0.006955724283175506,0.0
2.0848793983459473,11.261851616718825,-8.635414475772425,-6.315040059730793,1.2139006334774514,-0.1095300836277765,-0.6924781933152839,0.0,50.0,20.0,1.0,0.0,0.0,0.0,-438.21473744563053,70.0,50.01593708189307,0.9999601565015152,0.0,0.008926668441547736,0.0
2.1171202659606934,11.764704264400708,-7.954544177815571,-5.6786280420434,1.166280751333966,-0.026799513359884397,-0.7510420871021001,0.0,50.0,20.0,1.0,0.0,0.0,0.0,-437.7721458475037,70.0,50.024819750724106,0.9999379486980077,0.0,0.011139962011628453,0.0
2.1497387886047363,11.73269106719393,-8.078171926998765,-5.493627091798612,0.9848076390398448,-0.0025121153037266364,-0.7248501226341111,0.0,50.0,20.0,1.0,0.0,0.0,0.0,-436.7428851036484,70.0,50.05305806303045,0.9998673460438878,0.0,0.01628773511425697,0.0
2.183295965194702,11.296692967638553,-8.852638293595174,-5.018818851711927,1.0697656274441862,0.13693276425662593,-0.5919866104802876,0.0,50.0,20.0,1.0,0.0,0.0,0.0,-436.15693438849235,70.0,50.073873052611276,0.9998153003114844,0.0,0.019218877778277466,0.0
2.2163984775543213,10.90535998212103,-9.153164528859747,-4.488531612191491,0.8764166876592473,0.18347584719820967,-0.6339244279823537,0.0,50.0,20.0,1.0,0.0,0.0,0.0,-435.52398310479117,70.0,50.100223860341885,0.9997494089512085,0.0,0.022385694130614357,0.0
2.249929904937744,10.956498514427935,-9.763678182851733,-5.124041797865493,1.0464618610472063,0.3413610770084309,-0.5420799661477486,0.0,50.0,20.0,1.0,0.0,0.0,0.0,-434.8444937620113,70.0,50.13298464743197,0.999667483097675,0.0,0.02578610550586928,0.0
2.267845392227173,10.593100344736705,-9.521292334569956,-5.494034553924172,1.0799294869073865,0.46078559325598906,-0.5506751587482441,0.0,50.0,20.0,1.0,0.0,0.0,0.0,-434.11897293930775,70.0,50.17308218365446,0.9995672008833262,0.0,0.029417867330456333,0.0
2.3004093170166016,9.837671638834005,-9.18745051723698,-5.8845687668298705,1.1328521443386692,0.4735049603694905,-0.614095822665422,0.0,50.0,20.0,1.0,0.0,0.0,0.0,-432.53209303257677,70.0,50.27923804179035,0.9993016610568843,0.0,0.0373656287107789,0.0
2.3333706855773926,10.603942668087335,-8.612231564480602,-5.195981798760918,1.1499209770325616,0.37474352240397113,-0.7512311979367833,0.0,50.0,20.0,1.0,0.0,0.0,0.0,-431.671981737807,70.0,50.34738281497782,0.9991311655258838,0.0,0.04167630111813011,0.0
2.366544723510742,10.326499452836584,-8.177807328267843,-5.078515173242098,1.0553008135615396,0.26342689956302195,-0.7167288991263013,0.0,50.0,20.0,1.0,0.0,0.0,0.0,-430.7683376767935,70.0,50.42702971814947,0.9989318552380101,0.0,0.04620766809467151,0.0
2.3999314308166504,10.253244516545504,-8.215152618164021,-5.064107636108484,0.8739056797432221,0.1785587247498776,-0.8962238371565759,0.0,50.0,20.0,1.0,0.0,0.0,0.0,-429.8219114245012,70.0,50.519315880170495,0.9987008664255517,0.0,0.050956642362428355,0.0
2.433373212814331,10.2360408280739,-8.03811953744895,-4.984809467103919,0.7591730473322182,0.3382840355780414,-0.7806824294041967,0.0,50.0,20.0,1.0,0.0,0.0,0.0,-427.80398254719034,70.0,50.74650052370565,0.9981320039861821,0.0,0.06109421100667622,0.0
2.4665491580963135,9.608986905675739,-8.54345978214252,-4.273194566391579,0.6110482995844027,0.3393037228058961,-0.9292312111606336,0.0,50.0,20.0,1.0,0.0,0.0,0.0,-426.7342528690651,70.0,50.88380579815379,0.9977880391191463,0.0,0.0664757774739715,0.0
2.48349928855896,9.721918188807365,-8.181867582710868,-4.9468594081848405,0.6730316817157287,0.471271690784215,-0.8201151772856838,0.0,50.0,20.0,1.0,0.0,0.0,0.0,-425.62528920363025,70.0,51.038554529954794,0.9974002342842245,0.0,0.07206089542722846,0.0
2.516482353210449,10.284772703262696,-8.711145155545811,-5.335364025100257,0.6070909000280471,0.6673924917313818,-0.9596386774983592,0.0,50.0,20.0,1.0,0.0,0.0,0.0,-424.47812081179063,70.0,51.21198824519935,0.996965425064482,0.0,0.07784562432145248,0.0
2.5498929023742676,9.774306594601438,-9.349341788133803,-5.092298737331715,0.6183081225284531,0.7581979144128086,-0.9352891994938991,0.0,50.0,20.0,1.0,0.0,0.0,0.0,-423.2938356024874,70.0,51.40535475431092,0.9964804193903889,0.0,0.083825853837313,0.0
2.583345651626587,9.816437650554311,-9.135175830453596,-4.529103114261761,0.805807000018927,0.7664411062927919,-0.987535858946697,0.0,50.0,20.0,1.0,0.0,0.0,0.0,-420.8185627600307,70.0,51.85687764591388,0.9953469805904023,0.0,0.09635553035280016,0.0
2.616593599319458,9.996737614218077,-9.180631913955558,-4.353221406496288,0.7976012417852689,0.5989281359418299,-0.8264645933768915,0.0,50.0,20.0,1.0,0.0,0.0,0.0,-419.53004814754456,70.0,52.117513971302515,0.9946921283208626,0.0,0.10289591758914741,0.0
2.6339311599731445,9.56159345880304,-9.929474641234036,-3.772656136540941,0.7680791497831162,0.7463178436117127,-0.7607394960141389,0.0,50.0,20.0,1.0,0.0,0.0,0.0,-418.2093627421562,70.0,52.40303217877582,0.9939742648107751,0.0,0.10961368935438241,0.0
2.6671142578125,9.470312719433464,-10.223034660328977,-3.891018903280946,0.6010018181243604,0.5643508494797511,-0.7407355705946617,0.0,50.0,20.0,1.0,0.0,0.0,0.0,-416.8578915736576,70.0,52.71463204785927,0.9931902334199142,0.0,0.11650390654092388,0.0
2.6999919414520264,8.825684391261854,-9.91856107206284,-4.620838843157378,0.6167552790834345,0.5150240995553985,-0.683577631435583,0.0,50.0,20.0,1.0,0.0,0.0,0.0,-414.0684234633525,70.0,53.42074064104658,0.9914112652147781,0.0,0.13078112709880155,0.0
2.7333106994628906,9.545290016837853,-9.538511432885299,-4.033256974001805,0.6036858140766904,0.7030463227408984,-0.8567598458477186,0.0,50.0,20.0,1.0,0.0,0.0,0.0,-412.6334847958379,70.0,53.81749719631766,0.990410275602193,0.0,0.13815746806303397,0.0
2.766655683517456,8.897036732665075,-9.1089555342867,-3.2424926078887952,0.7788987525752002,0.6800671192737952,-0.7272572540204518,0.0,50.0,20.0,1.0,0.0,0.0,0.0,-411.1738740868941,70.0,54.2448201670439,0.9893310361879791,0.0,0.14568493688511333,0.0
2.7999684810638428,8.31106189463949,-8.935754834170801,-2.7746859462119966,0.5933381723071884,0.7238951324243031,-0.7606267191782594,0.0,50.0,20.0,1.0,0.0,0.0,0.0,-409.6912560860972,70.0,54.70372492924258,0.9881707217651143,0.0,0.15335783203414463,0.0
2.8170313835144043,8.264590435516018,-9.451966019484104,-3.5599896564670566,0.7106956235090418,0.5414744960356898,-0.5678220816748603,0.0,50.0,20.0,1.0,0.0,0.0,0.0,-408.18734614966127,70.0,55.19517388340124,0.9869266085089579,0.0,0.16117031183504665,0.0
2.8499631881713867,7.623746904729407,-9.183755071396835,-2.876546304015232,0.7129845414997461,0.4811207830198876,-0.3717797913517697,0.0,50.0,20.0,1.0,0.0,0.0,0.0,-405.1227495179412,70.0,56.27925843863734,0.9841766649371511,0.0,0.1771899889756379,0.0
2.8833067417144775,7.679874975829861,-8.44450793508908,-3.001440969959828,0.7867170295723593,0.30639212380962844,-0.3628087160759482,0.0,50.0,20.0,1.0,0.0,0.0,0.0,-403.5657223449484,70.0,56.87350853943542,0.9826659947829797,0.0,0.18538485023641244,0.0
2.9167492389678955,8.2655765905385,-8.399546293613335,-2.2360443707334294,0.9346300133865164,0.3331793459306016,-0.4512131397085579,0.0,50.0,20.0,1.0,0.0,0.0,0.0,-401.9947156777033,70.0,57.503522426087,0.9810618675035561,0.0,0.19369463629753678,0.0
2.9373812675476074,8.620528263603196,-8.08818705041547,-1.6254528736568972,0.9362716337608811,0.36612879228400924,-0.38609337653892906,0.0,50.0,20.0,1.0,0.0,0.0,0.0,-400.4116538867911,70.0,58.16992403345854,0.9793622311651126,0.0,0.2021128896614283,0.0
2.9670772552490234,8.435696212988233,-7.543292461309186,-1.7144149440607432,0.8810248362415222,0.3416191711664732,-0.5114110335450364,0.0,50.0,20.0,1.0,0.0,0.0,0.0,-398.8184921962395,70.0,58.87325631293075,0.9775651990713183,0.0,0.21063304955456014,0.0
3.0015065670013428,8.784697771402616,-7.355615382460363,-2.471215811060614,1.0444628510957708,0.509326719247314,-0.34775129967045293,0.0,50.0,20.0,1.0,0.0,0.0,0.0,-395.60981808958786,70.0,60.392457069951305,0.9736722829834705,0.0,0.22795237517901973,0.0
3.0348453521728516,8.005814575831833,-8.041386214302841,-3.129104983719125,1.0711513289498922,0.414703860652169,-0.4408739323823739,0.0,50.0,20.0,1.0,0.0,0.0,0.0,-393.99833021073624,70.0,61.20897355813743,0.9715735341235437,0.0,0.23673797285329443,0.0
3.0672552585601807,7.244719540812884,-8.632441855451155,-3.8695083602074067,0.9745259667350521,0.23386646695347638,-0.2750464100872624,0.0,50.0,20.0,1.0,0.0,0.0,0.0,-392.38478163659505,70.0,62.06371067525498,0.9693716762025416,0.0,0.24559835784523248,0.0
3.0891129970550537,6.544725554712731,-8.610253795740238,-3.723413432435056,0.8022279056708829,0.39190263863610475,-0.272975678887494,0.0,50.0,20.0,1.0,0.0,0.0,0.0,-390.7712121129152,70.0,62.956755327202956,0.9670657802672915,0.0,0.2545265735360745,0.0
3.1339545249938965,6.332415563895687,-9.110488913309576,-3.8174178841693065,0.7362328558300952,0.38607242282864995,-0.3708659423373868,0.0,50.0,20.0,1.0,0.0,0.0,0.0,-387.55217070501715,70.0,64.85761806101303,0.9621392361269417,0.0,0.27255841631669553,0.0
3.151714563369751,6.711939118514507,-8.627737168455196,-3.7799974675554395,0.7077670242610049,0.5589637400583294,-0.24795171576206249,0.0,50.0,20.0,1.0,0.0,0.0,0.0,-385.95076299297693,70.0,65.86510843319137,0.9595178256989514,0.0,0.28164790460068545,0.0
3.1849045753479004,6.000577511620724,-7.929202310574436,-3.5683170565543803,0.7128473135342701,0.5571544201394822,-0.11006106917384134,0.0,50.0,20.0,1.0,0.0,0.0,0.0,-384.35745120886236,70.0,66.91024874254425,0.9567908634008159,0.0,0.2907769655813907,0.0
3.218158006668091,6.115570510888661,-7.172331756417307,-2.7749199464868433,0.6751712885166273,0.5124726339250664,-0.11109572776435758,0.0,50.0,20.0,1.0,0.0,0.0,0.0,-382.7742254388592,70.0,67.99261785743012,0.9539585476910668,0.0,0.2999384758365465,0.0
3.241023540496826,5.40938324384687,-6.581849996799755,-2.4484191302727787,0.6548428647014495,0.44010502752057806,-0.06905330797483114,0.0,50.0,20.0,1.0,0.0,0.0,0.0,-381.2030484442899,70.0,69.11169127892785,0.9510213160625585,0.0,0.30912530856375914,0.0
3.2839183807373047,4.619002297210852,-6.2478332879711544,-1.885743575090135,0.7617709899123789,0.2851895944984221,-0.1703834554466889,0.0,50.0,20.0,1.0,0.0,0.0,0.0,-378.1045200725726,70.0,71.45733920630501,0.9448350670717482,0.0,0.32754647919268653,0.0
3.3172614574432373,4.133237035866361,-6.047735022443427,-1.9687077408685218,0.5710020333649435,0.369968548969397,-0.09483294266778655,0.0,50.0,20.0,1.0,0.0,0.0,0.0,-376.58090506533443,70.0,72.68235390502453,0.9415881427008719,0.0,0.3367666395668113,0.0
3.334838390350342,4.012217816309766,-6.404565302142171,-2.0392619761902653,0.41725290534420156,0.5044794412285518,-0.003578354863373573,0.0,50.0,20.0,1.0,0.0,0.0,0.0,-375.07680017424,70.0,73.9409563274397,0.9382404906860509,0.0,0.34598378811325614,0.0
3.3682522773742676,4.157413908357476,-6.5348261571846695,-1.7985333210389887,0.3115415772963411,0.6843213616785653,0.07477846917366124,0.0,50.0,20.0,1.0,0.0,0.0,0.0,-373.59394487699353,70.0,75.2321202453873,0.934793773392326,0.0,0.3551909362961511,0.0
3.4007248878479004,3.999912715852049,-6.268393158496383,-1.4463633946593932,0.4360661166263149,0.6710410420145868,0.24971217087782346,0.0,50.0,20.0,1.0,0.0,0.0,0.0,-370.69862955303176,70.0,77.90755896647639,0.9276110204000478,0.0,0.3735475804129669,0.0
3.4340929985046387,3.479511166062326,-5.52120695926799,-1.7248653462318115,0.2731668764256715,0.8309862350105686,0.1803770619885968,0.0,50.0,20.0,1.0,0.0,0.0,0.0,-369.2893218813836,70.0,79.28932188130689,0.9238795325113905,0.0,0.38268343236483915,0.0
3.4672396183013916,3.3951760997575735,-5.110708189872886,-1.0935594919608405,0.3030412978263845,0.7673798594267714,0.05625220972026773,0.0,50.0,20.0,1.0,0.0,0.0,0.0,-367.90755896655196,70.0,80.69862955295318,0.9200580700342963,0.0,0.39178201562190923,0.0
3.4848618507385254,3.2215138164960306,-5.421536249616845,-1.887576956910058,0.44216935424783715,0.8982077616340202,0.01146304749847718,0.0,50.0,20.0,1.0,0.0,0.0,0.0,-366.5547251012217,70.0,82.13401739425787,0.9161495036448531,0.0,0.400836733560298,0.0
3.5181963443756104,3.313470134141042,-5.151770008998396,-1.3943402317374176,0.40950350935561297,1.00403110495587,0.04794070527397104,0.0,50.0,20.0,1.0,0.0,0.0,0.0,-365.2321202454595,70.0,83.59394487691222,0.9121569358479049,0.0,0.40984109650517125,0.0
3.550346612930298,3.929544799336221,-5.309562398205344,-1.488841243698055,0.5821826763568102,0.8467037523462997,0.0660387499564146,0.0,50.0,20.0,1.0,0.0,0.0,0.0,-362.6823539050931,70.0,86.58090506525079,0.9039333353039626,0.0,0.42767338627304585,0.0
3.5840415954589844,4.519947424552976,-5.727700063711315,-1.9761160502623212,0.5664509682347765,0.8071193404548679,0.00391036012912116,0.0,50.0,20.0,1.0,0.0,0.0,0.0,-361.4573392063717,70.0,88.10452007248793,0.8997096196204419,0.0,0.4364889464378676,0.0
3.6170918941497803,4.0794134626092475,-5.541652043379829,-1.9631506162028378,0.5885074867755271,0.911942123637515,-0.15213486094248133,0.0,50.0,20.0,1.0,0.0,0.0,0.0,-360.26684156724707,70.0,89.6458498002207,0.8954165237468519,0.0,0.4452294341135854,0.0
3.63694167137146,3.4480975604345234,-6.1377670442999595,-2.2288669247274653,0.7682076333230263,0.8220807518198238,-0.18866998005799382,0.0,50.0,20.0,1.0,0.0,0.0,0.0,-359.1116912789907,70.0,91.20304844420343,0.8910582235628505,0.0,0.4538890197184959,0.0
3.6681251525878906,3.772365317013923,-6.701369990744988,-2.2578936476578515,0.8551439013737708,1.0081726649625165,-0.020781708029240425,0.0,50.0,20.0,1.0,0.0,0.0,0.0,-357.9926178574909,70.0,92.77422543877205,0.886639088246249,0.0,0.4624620278399733,0.0
3.7015082836151123,3.8101889172186993,-7.4122903097909925,-2.22682782649774,0.7322303564520154,0.9598187004615844,-0.20600716407027644,0.0,50.0,20.0,1.0,0.0,0.0,0.0,-355.8651084332481,70.0,95.95076299288866,0.8776367044714782,0.0,0.4793264179705133,0.0
3.734828233718872,3.9639993948776113,-6.6186677293641765,-1.8984445680198314,0.812682195358887,0.89568244162878,-0.028690281763513042,0.0,50.0,20.0,1.0,0.0,0.0,0.0,-354.8576180610676,70.0,97.55217070492846,0.8730630827582608,0.0,0.4876072738635492,0.0
3.767392635345459,4.092457873019402,-6.748811707601935,-2.0884486045873203,0.6469578731403693,1.0112284550104602,0.08956946974941463,0.0,50.0,20.0,1.0,0.0,0.0,0.0,-353.8880954026119,70.0,99.1596627999939,0.8684478602656757,0.0,0.4957805099032932,0.0
3.789011240005493,4.455227370408496,-7.388979939957892,-2.266643290845372,0.5362471952487075,0.9766012416895907,-0.08527545746635057,0.0,50.0,20.0,1.0,0.0,0.0,0.0,-352.95675532725306,70.0,100.77121211282653,0.8637962372202528,0.0,0.5038413049404868,0.0
3.8337743282318115,3.8760796055054922,-7.73095600790323,-2.0365189925089346,0.6566484483950175,0.9168912304159719,-0.02413735172311593,0.0,50.0,20.0,1.0,0.0,0.0,0.0,-351.20897355818363,70.0,103.99833021064713,0.8544052603693193,0.0,0.5196072084307873,0.0
3.8516883850097656,3.4336832522143266,-7.091857142956661,-1.9040653343108747,0.6489540716639093,0.8700008190420296,-0.038798205726408436,0.0,50.0,20.0,1.0,0.0,0.0,0.0,-350.3924570699954,70.0,105.60981808949893,0.8496769442279256,0.0,0.5273036036739125,0.0
3.8849446773529053,3.888157770676332,-6.610856990274712,-2.621618693456371,0.5089175915579195,0.9063156469394391,-0.12365178652119775,0.0,50.0,20.0,1.0,0.0,0.0,0.0,-349.61397739745826,70.0,107.21721236182924,0.8449342803975075,0.0,0.5348701354620075,0.0
3.9181559085845947,4.024262029049914,-6.0216612748392615,-3.1355957244687533,0.34137674674361107,0.7351156880861489,0.04128335730447995,0.0,50.0,20.0,1.0,0.0,0.0,0.0,-348.8732563129706,70.0,108.81849219615125,0.8401830389976006,0.0,0.542302923632868,0.0
3.9409687519073486,4.16976730125962,-6.3722710971965055,-2.7646031622761393,0.28339983392302137,0.6986549976320259,0.1578211709736591,0.0,50.0,20.0,1.0,0.0,0.0,0.0,-348.16992403349616,70.0,110.41165388670376,0.8354290697399039,0.0,0.5495982800496366,0.0
3.9839224815368652,3.421055284732114,-6.511754373735268,-3.177284452974385,0.09039159251597334,0.7217762686274818,-0.027236306559048296,0.0,50.0,20.0,1.0,0.0,0.0,0.0,-346.8735085394692,70.0,113.565722344862,0.8259366732841508,0.0,0.5637629038206664,0.0
4.017393350601196,3.2919936149333706,-6.889397872569461,-3.7544668892506836,0.09432247664389301,0.7465956872117618,-0.09019090792870593,0.0,50.0,20.0,1.0,0.0,0.0,0.0,-346.2792584386692,70.0,115.12274951785564,0.8212102364259238,0.0,0.5706257508992021,0.0
4.034885883331299,3.891544254731064,-6.415550258909125,-3.663461035521339,-0.01739367006077791,0.8751014612900873,0.025098897287696986,0.0,50.0,20.0,1.0,0.0,0.0,0.0,-345.7200713204023,70.0,116.66390772496004,0.8165050283832915,0.0,0.5773383224979962,0.0
4.068258762359619,3.2167031402871604,-6.852474597209267,-3.283931282176045,0.11251762172646962,0.9364837560606107,-0.033592591913340075,0.0,50.0,20.0,1.0,0.0,0.0,0.0,-345.19517388342933,70.0,118.1873461495776,0.8118271178348947,0.0,0.5838978769852551,0.0
4.101574659347534,2.534955217442357,-6.65031676362436,-2.728923467793609,0.16993394020246583,0.9553341411219943,-0.03629528221710346,0.0,50.0,20.0,1.0,0.0,0.0,0.0,-344.24482016706827,70.0,121.17387408681321,0.8025774913152834,0.0,0.596547877738297,0.0
4.134021997451782,2.419109433653298,-7.1748858489933225,-2.675948579202951,0.09648069291670022,1.0546134891064927,-0.21359801634645023,0.0,50.0,20.0,1.0,0.0,0.0,0.0,-343.8174971963403,70.0,122.63348479575829,0.7980179045743325,0.0,0.6026337394958827,0.0
4.16736102104187,2.919363002357853,-6.486789430954607,-2.029636470611666,0.13876089328312066,1.034223083427738,-0.2947326206184838,0.0,50.0,20.0,1.0,0.0,0.0,0.0,-343.42074064106765,70.0,124.06842346327393,0.7935098504011342,0.0,0.6085574067549993,0.0
4.184913396835327,2.631923206468337,-7.275047761607805,-2.359574938588549,0.1852876128903195,0.8607217122541109,-0.2583069495017809,0.0,50.0,20.0,1.0,0.0,0.0,0.0,-343.05348740871153,70.0,125.47707814335432,0.7890593192423675,0.0,0.6143170115801544,0.0
4.218261003494263,6.5105135169026305,-1.384297923693035,-6.846817507421443,1.0035766873948329,0.9553660407592011,-1.0811202058046843,0.0,50.0,20.0,1.0,0.0,0.0,0.0,-342.7146320478772,70.0,126.85789157358211,0.7846722514095229,0.0,0.6199108467093559,0.0
4.251543760299683,6.07321736386264,-0.9410981897479707,-6.870176433382868,0.9885773707021052,0.8123660194549704,-0.9811204610727834,0.0,50.0,20.0,1.0,0.0,0.0,0.0,-342.1175139713176,70.0,129.53004814747248,0.7761119502124919,0.0,0.6305951480445774,0.0
4.283944129943848,5.28494094713916,-1.5065837041591048,-7.078220463211946,1.1521719006947369,0.9673542293801036,-1.1758691333878246,0.0,50.0,20.0,1.0,0.0,0.0,0.0,-341.8568776459275,70.0,130.8185627599608,0.7719502485265459,0.0,0.6356829506914622,0.0
4.317429304122925,6.061593688731213,-1.27970781570448,-6.510961042547089,1.1354246701691384,0.9666391899804766,-1.0172521497078757,0.0,50.0,20.0,1.0,0.0,0.0,0.0,-341.6199029739495,70.0,132.073580693711,0.7678750526820395,0.0,0.64059964366877,0.0
4.337137460708618,6.824474351692491,-1.5568759479161876,-6.885484971392911,1.3176656828240245,0.9180381338233267,-1.1750742484179646,0.0,50.0,20.0,1.0,0.0,0.0,0.0,-341.40535475432216,70.0,133.29383560242093,0.7638918915578927,0.0,0.645344232183185,0.0
4.368253707885742,6.77801771963709,-1.6085090250308813,-7.603512931599577,1.1903555002074873,0.9658759480497221,-1.3716931838019657,0.0,50.0,20.0,1.0,0.0,0.0,0.0,-341.21198824520945,70.0,134.4781208117262,0.7600061815152355,0.0,0.6499158438279767,0.0
4.401452302932739,6.712403701623241,-2.2523114280659513,-8.12439563184535,1.2765374457787253,0.9189943605183793,-1.3211914623601144,0.0,50.0,20.0,1.0,0.0,0.0,0.0,-340.88380579816186,70.0,136.73425286900485,0.7525481616846696,0.0,0.6585372156112548,0.0
4.434905052185059,6.912175849555906,-2.8585827980103207,-7.6001058868352285,1.3591658773567772,0.9886564809940187,-1.1604707376022785,0.0,50.0,20.0,1.0,0.0,0.0,0.0,-340.74650052371277,70.0,137.8039825471323,0.7489860394322035,0.0,0.662585777643666,0.0
4.4673988819122314,6.693533832306697,-3.3630724563146672,-7.091289483733172,1.201593532378316,0.896613919706545,-1.2461849035783619,0.0,50.0,20.0,1.0,0.0,0.0,0.0,-340.6254085233539,70.0,138.83350686877495,0.7455417263011677,0.0,0.6664589517321189,0.0
4.489002466201782,7.299580056266499,-3.7268981834384025,-6.682370133444895,1.334207038425907,0.9741160714267932,-1.2222382539633503,0.0,50.0,20.0,1.0,0.0,0.0,0.0,-340.5193158801759,70.0,139.821911424448,0.7422199423875379,0.0,0.6701563676652188,0.0
4.5341596603393555,7.495039911868719,-3.311245583410691,-5.966802718529487,1.434438651763227,1.114366998427188,-1.2704228584728938,0.0,50.0,20.0,1.0,0.0,0.0,0.0,-340.34738281498187,70.0,141.6719817377583,0.735962017573739,0.0,0.6770228273025891,0.0
4.551697492599487,7.904239198498836,-2.803732992899131,-6.669243993179332,1.487359207809611,1.1336086368103473,-1.1112265538350479,0.0,50.0,20.0,1.0,0.0,0.0,0.0,-340.27923804179386,70.0,142.53209303253044,0.7330344704291523,0.0,0.680191491539443,0.0
4.584990978240967,7.780596605641275,-2.711142305006065,-5.932165075382977,1.5,1.2842173919187154,-1.1555644666495546,0.0,50.0,20.0,1.0,0.0,0.0,0.0,-340.2214926196256,70.0,143.3479728695252,0.730246626594313,0.0,0.6831836241799316,0.0
4.618264198303223,7.645861382878487,-2.5049327866100546,-6.033008333836595,1.352499437952124,1.3184879859504095,-1.119099438937385,0.0,50.0,20.0,1.0,0.0,0.0,0.0,-340.1730821836569,70.0,144.1189729392664,0.7276023194738098,0.0,0.6859991725186934,0.0
4.640975713729858,7.72130041254163,-2.916186123631976,-5.626335203306753,1.3475153890822165,1.5,-1.0528279928519253,0.0,50.0,20.0,1.0,0.0,0.0,0.0,-340.13298464743394,70.0,144.84449376197267,0.7251051862937795,0.0,0.6886381261663221,0.0
4.684096097946167,7.379044753671004,-3.4186136923202026,-6.061342225889559,1.4917705562927723,1.494495921790871,-1.031764409579608,0.0,50.0,20.0,1.0,0.0,0.0,0.0,-340.07387305261256,70.0,146.15693438845867,0.7205659775882474,0.0,0.6933863799803782,0.0
4.717332124710083,7.314606580074799,-2.9825391578539264,-6.696171084761312,1.3281339192628607,1.5,-1.1302846774311386,0.0,50.0,20.0,1.0,0.0,0.0,0.0,-340.0530580630315,70.0,146.74288510361734,0.718530148624199,0.0,0.6954958127250563,0.0
4.734803915023804,7.365305238647303,-3.550468173363914,-7.093348648281059,1.4877387158291384,1.5,-1.2180025654007134,0.0,50.0,20.0,1.0,0.0,0.0,0.0,-340.0369603454344,70.0,147.2814152542633,0.7166539776828728,0.0,0.6974289040979851,0.0
4.767220497131348,6.8026344798745155,-2.806286153521234,-6.484222170734143,1.5,1.5,-1.115934377548133,0.0,50.0,20.0,1.0,0.0,0.0,0.0,-340.02481975072465,70.0,147.77214584747793,0.7149400469708005,0.0,0.6991857616094521,0.0
4.801466941833496,7.38877057387906,-2.9950067370251543,-6.624779916168051,1.4749274618116373,1.5,-1.0947277903934811,0.0,50.0,20.0,1.0,0.0,0.0,0.0,-340.009676420061,70.0,148.6088887970066,0.712008115132803,0.0,0.7021712355152645,0.0
4.834050416946411,7.277609595191119,-3.7032057641212868,-7.238910164003537,1.3860799756165487,1.3867823901499958,-0.90229039162021,0.0,50.0,20.0,1.0,0.0,0.0,0.0,-340.0054672200577,70.0,148.95433556001504,0.7107941489629221,0.0,0.7034000837361872,0.0
4.867361545562744,7.268907206549179,-3.119868093697603,-6.947046581222253,1.2650104851786246,1.3770691365020202,-0.8949278094643787,0.0,50.0,20.0,1.0,0.0,0.0,0.0,-340.00280617447595,70.0,149.25084913363628,0.7097504873769503,0.0,0.7044531536363375,0.0
4.88493537902832,7.939423204944828,-2.639070960371211,-7.343493237296197,1.4297254289751447,1.4290368107038915,-0.739006864426381,0.0,50.0,20.0,1.0,0.0,0.0,0.0,-340.0012588454535,70.0,149.49823560707338,0.7088785664446577,0.0,0.7053305452306506,0.0
4.918257713317871,8.173579249874535,-2.3612229376156684,-7.0337192041575065,1.439641001250963,1.2808366281060717,-0.8450858514655217,0.0,50.0,20.0,1.0,0.0,0.0,0.0,-340.00046106371326,70.0,149.69633483889956,0.7081795858435219,0.0,0.7060323464222428,0.0
4.950488090515137,8.931546353619197,-1.7881104402023573,-7.640627107169612,1.4199008758377505,1.2157719390741757,-0.700063945235671,0.0,50.0,20.0,1.0,0.0,0.0,0.0,-340.0000155708158,70.0,149.94419531458178,0.7073040530260597,0.0,0.7069094542958871,0.0
4.9840476512908936,8.853346712891225,-1.7196519671361434,-7.395812568685653,1.5,1.2284918673927203,-0.5729375561791402,0.0,50.0,20.0,1.0,0.0,0.0,0.0,-340.00000019227275,70.0,149.99379882627198,0.7071287053066365,0.0,0.7070848563866715,0.0
5.017400026321411,9.452121889334757,-2.3598614839214607,-7.495434635208132,1.5,1.1579072113092042,-0.40135352491996296,0.0,50.0,20.0,1.0,0.0,0.0,0.0,-340.00000019227275,70.0,149.99379882627343,0.7071287053066314,0.0,0.7070848563866766,0.0
5.036904335021973,8.89998562186413,-2.885585016856534,-7.104381211470181,1.5,1.230755100557984,-0.4523596955452758,0.0,50.0,20.0,1.0,0.0,0.0,0.0,-340.0000155708158,70.0,149.94419531458607,0.7073040530260446,0.0,0.7069094542959022,0.0
5.06824803352356,9.162498451802364,-3.083231858874136,-6.372913143024848,1.5,1.3683200481033566,-0.3297050317097589,0.0,50.0,20.0,1.0,0.0,0.0,0.0,-340.0001200945775,70.0,149.84501967521263,0.7076545072448397,0.0,0.706558630529741,0.0
5.101476192474365,9.541512065357496,-3.3357097007433953,-7.106070774610028,1.5,1.4997131067385179,-0.281258410239133,0.0,50.0,20.0,1.0,0.0,0.0,0.0,-340.00125884545344,70.0,149.49823560708631,0.7088785664446122,0.0,0.7053305452306965,0.0
