# Timestamp, Fx, Fy, Fz, Tx, Ty, Tz, FemurPosX, FemurPosY, FemurPosZ, FemurQuatW, FemurQuatX, FemurQuatY, FemurQuatZ, TibiaPosX, TibiaPosY, TibiaPosZ, TibiaQuatW, TibiaQuatX, TibiaQuatY, TibiaQuatZ
0.017216920852661133,-3.78446,-5.58178,2.33995,-2.26727,-3.56171,3.64246,0.73058,-0.227008,0.700719,-0.186532,0.0464836,0.981136,0.0204042,-0.0,-0.0,0.0,0.252443,0.117083,0.956188,-0.0909307
0.03376579284667969,-3.78446,-5.58178,2.33995,-2.26727,-3.56171,3.64246,0.73058,-0.227008,0.700719,-0.186532,0.0464836,0.981136,0.0204042,-0.0,-0.0,0.0,0.252443,0.117083,0.956188,-0.0909307
0.051503658294677734,-3.78446,-5.58178,2.33995,-2.26727,-3.56171,3.64246,0.73058,-0.227008,0.700719,-0.186532,0.0464836,0.981136,0.0204042,-0.0,-0.0,0.0,0.252443,0.117083,0.956188,-0.0909307
0.07135677337646484,-3.78446,-5.58178,2.33995,-2.26727,-3.56171,3.64246,0.73058,-0.227008,0.700719,-0.186532,0.0464836,0.981136,0.0204042,-0.0,-0.0,0.0,0.252443,0.117083,0.956188,-0.0909307
0.09105849266052246,-3.78446,-5.58178,2.33995,-2.26727,-3.56171,3.64246,0.73058,-0.227008,0.700719,-0.186532,0.0464836,0.981136,0.0204042,-0.0,-0.0,0.0,0.252443,0.117083,0.956188,-0.0909307
0.1109628677368164,-3.78446,-5.58178,2.33995,-2.26727,-3.56171,3.64246,0.73058,-0.227008,0.700719,-0.186532,0.0464836,0.981136,0.0204042,-0.0,-0.0,0.0,0.252443,0.117083,0.956188,-0.0909307
0.13126373291015625,-3.78446,-5.58178,2.33995,-2.26727,-3.56171,3.64246,0.73058,-0.227008,0.700719,-0.186532,0.0464836,0.981136,0.0204042,-0.0,-0.0,0.0,0.252443,0.117083,0.956188,-0.0909307
0.15124106407165527,-3.78446,-5.58178,2.33995,-2.26727,-3.56171,3.64246,0.73058,-0.227008,0.700719,-0.186532,0.0464836,0.981136,0.0204042,-0.0,-0.0,0.0,0.252443,0.117083,0.956188,-0.0909307
0.17121577262878418,-3.78446,-5.58178,2.33995,-2.26727,-3.56171,3.64246,0.73058,-0.227008,0.700719,-0.186532,0.0464836,0.981136,0.0204042,-0.0,-0.0,0.0,0.252443,0.117083,0.956188,-0.0909307
0.19098877906799316,-3.78446,-5.58178,2.33995,-2.26727,-3.56171,3.64246,0.73058,-0.227008,0.700719,-0.186532,0.0464836,0.981136,0.0204042,-0.0,-0.0,0.0,0.252443,0.117083,0.956188,-0.0909307
0.21112322807312012,-3.78446,-5.58178,2.33995,-2.26727,-3.56171,3.64246,0.73058,-0.227008,0.700719,-0.186532,0.0464836,0.981136,0.0204042,-0.0,-0.0,0.0,0.252443,0.117083,0.956188,-0.0909307
0.23102545738220215,-3.78446,-5.58178,2.33995,-2.26727,-3.56171,3.64246,0.73058,-0.227008,0.700719,-0.186532,0.0464836,0.981136,0.0204042,-0.0,-0.0,0.0,0.252443,0.117083,0.956188,-0.0909307
0.2510559558868408,-3.78446,-5.58178,2.33995,-2.26727,-3.56171,3.64246,0.73058,-0.227008,0.700719,-0.186532,0.0464836,0.981136,0.0204042,-0.0,-0.0,0.0,0.252443,0.117083,0.956188,-0.0909307
0.2711501121520996,-3.78446,-5.58178,2.33995,-2.26727,-3.56171,3.64246,0.73058,-0.227008,0.700719,-0.186532,0.0464836,0.981136,0.0204042,-0.0,-0.0,0.0,0.252443,0.117083,0.956188,-0.0909307
0.2915928363800049,-3.78446,-5.58178,2.33995,-2.26727,-3.56171,3.64246,0.73058,-0.227008,0.700719,-0.186532,0.0464836,0.981136,0.0204042,-0.0,-0.0,0.0,0.252443,0.117083,0.956188,-0.0909307
0.31089091300964355,-3.78446,-5.58178,2.33995,-2.26727,-3.56171,3.64246,0.73058,-0.227008,0.700719,-0.186532,0.0464836,0.981136,0.0204042,-0.0,-0.0,0.0,0.252443,0.117083,0.956188,-0.0909307
0.33092570304870605,-3.78446,-5.58178,2.33995,-2.26727,-3.56171,3.64246,0.73058,-0.227008,0.700719,-0.186532,0.0464836,0.981136,0.0204042,-0.0,-0.0,0.0,0.252443,0.117083,0.956188,-0.0909307
0.3510582447052002,-3.78446,-5.58178,2.33995,-2.26727,-3.56171,3.64246,0.73058,-0.227008,0.700719,-0.186532,0.0464836,0.981136,0.0204042,-0.0,-0.0,0.0,0.252443,0.117083,0.956188,-0.0909307
0.37134313583374023,-3.78446,-5.58178,2.33995,-2.26727,-3.56171,3.64246,0.73058,-0.227008,0.700719,-0.186532,0.0464836,0.981136,0.0204042,-0.0,-0.0,0.0,0.252443,0.117083,0.956188,-0.0909307
0.3912022113800049,-3.78446,-5.58178,2.33995,-2.26727,-3.56171,3.64246,0.73058,-0.227008,0.700719,-0.186532,0.0464836,0.981136,0.0204042,-0.0,-0.0,0.0,0.252443,0.117083,0.956188,-0.0909307
0.4116861820220947,-3.78446,-5.58178,2.33995,-2.26727,-3.56171,3.64246,0.73058,-0.227008,0.700719,-0.186532,0.0464836,0.981136,0.0204042,-0.0,-0.0,0.0,0.252443,0.117083,0.956188,-0.0909307
0.431149959564209,-3.78446,-5.58178,2.33995,-2.26727,-3.56171,3.64246,0.73058,-0.227008,0.700719,-0.186532,0.0464836,0.981136,0.0204042,-0.0,-0.0,0.0,0.252443,0.117083,0.956188,-0.0909307
0.45157790184020996,-3.78446,-5.58178,2.33995,-2.26727,-3.56171,3.64246,0.73058,-0.227008,0.700719,-0.186532,0.0464836,0.981136,0.0204042,-0.0,-0.0,0.0,0.252443,0.117083,0.956188,-0.0909307
0.4711487293243408,-3.78446,-5.58178,2.33995,-2.26727,-3.56171,3.64246,0.73058,-0.227008,0.700719,-0.186532,0.0464836,0.981136,0.0204042,-0.0,-0.0,0.0,0.252443,0.117083,0.956188,-0.0909307
0.4912729263305664,-3.78446,-5.58178,2.33995,-2.26727,-3.56171,3.64246,0.73058,-0.227008,0.700719,-0.186532,0.0464836,0.981136,0.0204042,-0.0,-0.0,0.0,0.252443,0.117083,0.956188,-0.0909307
0.5114037990570068,-3.78446,-5.58178,2.33995,-2.26727,-3.56171,3.64246,0.73058,-0.227008,0.700719,-0.186532,0.0464836,0.981136,0.0204042,-0.0,-0.0,0.0,0.252443,0.117083,0.956188,-0.0909307
0.5315673351287842,-3.78446,-5.58178,2.33995,-2.26727,-3.56171,3.64246,0.73058,-0.227008,0.700719,-0.186532,0.0464836,0.981136,0.0204042,-0.0,-0.0,0.0,0.252443,0.117083,0.956188,-0.0909307
0.5516231060028076,-3.78446,-5.58178,2.33995,-2.26727,-3.56171,3.64246,0.73058,-0.227008,0.700719,-0.186532,0.0464836,0.981136,0.0204042,-0.0,-0.0,0.0,0.252443,0.117083,0.956188,-0.0909307
0.5715622901916504,-3.78446,-5.58178,2.33995,-2.26727,-3.56171,3.64246,0.73058,-0.227008,0.700719,-0.186532,0.0464836,0.981136,0.0204042,-0.0,-0.0,0.0,0.252443,0.117083,0.956188,-0.0909307
0.5910003185272217,-3.78446,-5.58178,2.33995,-2.26727,-3.56171,3.64246,0.73058,-0.227008,0.700719,-0.186532,0.0464836,0.981136,0.0204042,-0.0,-0.0,0.0,0.252443,0.117083,0.956188,-0.0909307
0.6112380027770996,-3.78446,-5.58178,2.33995,-2.26727,-3.56171,3.64246,0.73058,-0.227008,0.700719,-0.186532,0.0464836,0.981136,0.0204042,-0.0,-0.0,0.0,0.252443,0.117083,0.956188,-0.0909307
0.6314661502838135,-3.78446,-5.58178,2.33995,-2.26727,-3.56171,3.64246,0.73058,-0.227008,0.700719,-0.186532,0.0464836,0.981136,0.0204042,-0.0,-0.0,0.0,0.252443,0.117083,0.956188,-0.0909307
0.6510066986083984,-3.78446,-5.58178,2.33995,-2.26727,-3.56171,3.64246,0.73058,-0.227008,0.700719,-0.186532,0.0464836,0.981136,0.0204042,-0.0,-0.0,0.0,0.252443,0.117083,0.956188,-0.0909307
0.6712236404418945,-3.78446,-5.58178,2.33995,-2.26727,-3.56171,3.64246,0.73058,-0.227008,0.700719,-0.186532,0.0464836,0.981136,0.0204042,-0.0,-0.0,0.0,0.252443,0.117083,0.956188,-0.0909307
0.6908552646636963,-3.78446,-5.58178,2.33995,-2.26727,-3.56171,3.64246,0.73058,-0.227008,0.700719,-0.186532,0.0464836,0.981136,0.0204042,-0.0,-0.0,0.0,0.252443,0.117083,0.956188,-0.0909307
0.7114508152008057,-3.78446,-5.58178,2.33995,-2.26727,-3.56171,3.64246,0.73058,-0.227008,0.700719,-0.186532,0.0464836,0.981136,0.0204042,-0.0,-0.0,0.0,0.252443,0.117083,0.956188,-0.0909307
0.7309548854827881,-3.78446,-5.58178,2.33995,-2.26727,-3.56171,3.64246,0.73058,-0.227008,0.700719,-0.186532,0.0464836,0.981136,0.0204042,-0.0,-0.0,0.0,0.252443,0.117083,0.956188,-0.0909307
0.7514688968658447,-3.78446,-5.58178,2.33995,-2.26727,-3.56171,3.64246,0.73058,-0.227008,0.700719,-0.186532,0.0464836,0.981136,0.0204042,-0.0,-0.0,0.0,0.252443,0.117083,0.956188,-0.0909307
0.77071213722229,-3.78446,-5.58178,2.33995,-2.26727,-3.56171,3.64246,0.73058,-0.227008,0.700719,-0.186532,0.0464836,0.981136,0.0204042,-0.0,-0.0,0.0,0.252443,0.117083,0.956188,-0.0909307
0.7912342548370361,-3.78446,-5.58178,2.33995,-2.26727,-3.56171,3.64246,0.73058,-0.227008,0.700719,-0.186532,0.0464836,0.981136,0.0204042,-0.0,-0.0,0.0,0.252443,0.117083,0.956188,-0.0909307
0.8110785484313965,-3.78446,-5.58178,2.33995,-2.26727,-3.56171,3.64246,0.73058,-0.227008,0.700719,-0.186532,0.0464836,0.981136,0.0204042,-0.0,-0.0,0.0,0.252443,0.117083,0.956188,-0.0909307
0.8308744430541992,-3.78446,-5.58178,2.33995,-2.26727,-3.56171,3.64246,0.73058,-0.227008,0.700719,-0.186532,0.0464836,0.981136,0.0204042,-0.0,-0.0,0.0,0.252443,0.117083,0.956188,-0.0909307
0.8506588935852051,-3.78446,-5.58178,2.33995,-2.26727,-3.56171,3.64246,0.73058,-0.227008,0.700719,-0.186532,0.0464836,0.981136,0.0204042,-0.0,-0.0,0.0,0.252443,0.117083,0.956188,-0.0909307
0.8712522983551025,-3.78446,-5.58178,2.33995,-2.26727,-3.56171,3.64246,0.73058,-0.227008,0.700719,-0.186532,0.0464836,0.981136,0.0204042,-0.0,-0.0,0.0,0.252443,0.117083,0.956188,-0.0909307
0.8913619518280029,-3.78446,-5.58178,2.33995,-2.26727,-3.56171,3.64246,0.73058,-0.227008,0.700719,-0.186532,0.0464836,0.981136,0.0204042,-0.0,-0.0,0.0,0.252443,0.117083,0.956188,-0.0909307
0.9112815856933594,-3.78446,-5.58178,2.33995,-2.26727,-3.56171,3.64246,0.73058,-0.227008,0.700719,-0.186532,0.0464836,0.981136,0.0204042,-0.0,-0.0,0.0,0.252443,0.117083,0.956188,-0.0909307
0.9312231540679932,-3.78446,-5.58178,2.33995,-2.26727,-3.56171,3.64246,0.73058,-0.227008,0.700719,-0.186532,0.0464836,0.981136,0.0204042,-0.0,-0.0,0.0,0.252443,0.117083,0.956188,-0.0909307
0.9514181613922119,-3.78446,-5.58178,2.33995,-2.26727,-3.56171,3.64246,0.73058,-0.227008,0.700719,-0.186532,0.0464836,0.981136,0.0204042,-0.0,-0.0,0.0,0.252443,0.117083,0.956188,-0.0909307
0.9706301689147949,-3.78446,-5.58178,2.33995,-2.26727,-3.56171,3.64246,0.73058,-0.227008,0.700719,-0.186532,0.0464836,0.981136,0.0204042,-0.0,-0.0,0.0,0.252443,0.117083,0.956188,-0.0909307
0.991492509841919,-3.78446,-5.58178,2.33995,-2.26727,-3.56171,3.64246,0.73058,-0.227008,0.700719,-0.186532,0.0464836,0.981136,0.0204042,-0.0,-0.0,0.0,0.252443,0.117083,0.956188,-0.0909307
1.0115461349487305,-3.78446,-5.58178,2.33995,-2.26727,-3.56171,3.64246,0.73058,-0.227008,0.700719,-0.186532,0.0464836,0.981136,0.0204042,-0.0,-0.0,0.0,0.252443,0.117083,0.956188,-0.0909307
1.0311510562896729,-3.78446,-5.58178,2.33995,-2.26727,-3.56171,3.64246,0.73058,-0.227008,0.700719,-0.186532,0.0464836,0.981136,0.0204042,-0.0,-0.0,0.0,0.252443,0.117083,0.956188,-0.0909307
1.0510447025299072,-3.78446,-5.58178,2.33995,-2.26727,-3.56171,3.64246,0.73058,-0.227008,0.700719,-0.186532,0.0464836,0.981136,0.0204042,-0.0,-0.0,0.0,0.252443,0.117083,0.956188,-0.0909307
1.071277379989624,-3.78446,-5.58178,2.33995,-2.26727,-3.56171,3.64246,0.73058,-0.227008,0.700719,-0.186532,0.0464836,0.981136,0.0204042,-0.0,-0.0,0.0,0.252443,0.117083,0.956188,-0.0909307
1.0915510654449463,-3.78446,-5.58178,2.33995,-2.26727,-3.56171,3.64246,0.73058,-0.227008,0.700719,-0.186532,0.0464836,0.981136,0.0204042,-0.0,-0.0,0.0,0.252443,0.117083,0.956188,-0.0909307
1.1107134819030762,-3.78446,-5.58178,2.33995,-2.26727,-3.56171,3.64246,0.73058,-0.227008,0.700719,-0.186532,0.0464836,0.981136,0.0204042,-0.0,-0.0,0.0,0.252443,0.117083,0.956188,-0.0909307
1.131556749343872,-3.78446,-5.58178,2.33995,-2.26727,-3.56171,3.64246,0.73058,-0.227008,0.700719,-0.186532,0.0464836,0.981136,0.0204042,-0.0,-0.0,0.0,0.252443,0.117083,0.956188,-0.0909307
1.151090145111084,-3.78446,-5.58178,2.33995,-2.26727,-3.56171,3.64246,0.73058,-0.227008,0.700719,-0.186532,0.0464836,0.981136,0.0204042,-0.0,-0.0,0.0,0.252443,0.117083,0.956188,-0.0909307
1.171015977859497,-3.78446,-5.58178,2.33995,-2.26727,-3.56171,3.64246,0.73058,-0.227008,0.700719,-0.186532,0.0464836,0.981136,0.0204042,-0.0,-0.0,0.0,0.252443,0.117083,0.956188,-0.0909307
1.1914336681365967,-3.78446,-5.58178,2.33995,-2.26727,-3.56171,3.64246,0.73058,-0.227008,0.700719,-0.186532,0.0464836,0.981136,0.0204042,-0.0,-0.0,0.0,0.252443,0.117083,0.956188,-0.0909307
1.2114241123199463,-3.78446,-5.58178,2.33995,-2.26727,-3.56171,3.64246,0.73058,-0.227008,0.700719,-0.186532,0.0464836,0.981136,0.0204042,-0.0,-0.0,0.0,0.252443,0.117083,0.956188,-0.0909307
1.231342077255249,-3.78446,-5.58178,2.33995,-2.26727,-3.56171,3.64246,0.73058,-0.227008,0.700719,-0.186532,0.0464836,0.981136,0.0204042,-0.0,-0.0,0.0,0.252443,0.117083,0.956188,-0.0909307
1.2510855197906494,-3.78446,-5.58178,2.33995,-2.26727,-3.56171,3.64246,0.73058,-0.227008,0.700719,-0.186532,0.0464836,0.981136,0.0204042,-0.0,-0.0,0.0,0.252443,0.117083,0.956188,-0.0909307
1.270815372467041,-3.78446,-5.58178,2.33995,-2.26727,-3.56171,3.64246,0.73058,-0.227008,0.700719,-0.186532,0.0464836,0.981136,0.0204042,-0.0,-0.0,0.0,0.252443,0.117083,0.956188,-0.0909307
1.291703224182129,-3.78446,-5.58178,2.33995,-2.26727,-3.56171,3.64246,0.73058,-0.227008,0.700719,-0.186532,0.0464836,0.981136,0.0204042,-0.0,-0.0,0.0,0.252443,0.117083,0.956188,-0.0909307
1.3117730617523193,-3.78446,-5.58178,2.33995,-2.26727,-3.56171,3.64246,0.73058,-0.227008,0.700719,-0.186532,0.0464836,0.981136,0.0204042,-0.0,-0.0,0.0,0.252443,0.117083,0.956188,-0.0909307
1.3313755989074707,-3.78446,-5.58178,2.33995,-2.26727,-3.56171,3.64246,0.73058,-0.227008,0.700719,-0.186532,0.0464836,0.981136,0.0204042,-0.0,-0.0,0.0,0.252443,0.117083,0.956188,-0.0909307
1.3510966300964355,-3.78446,-5.58178,2.33995,-2.26727,-3.56171,3.64246,0.73058,-0.227008,0.700719,-0.186532,0.0464836,0.981136,0.0204042,-0.0,-0.0,0.0,0.252443,0.117083,0.956188,-0.0909307
1.3708345890045166,-3.78446,-5.58178,2.33995,-2.26727,-3.56171,3.64246,0.73058,-0.227008,0.700719,-0.186532,0.0464836,0.981136,0.0204042,-0.0,-0.0,0.0,0.252443,0.117083,0.956188,-0.0909307
1.3915183544158936,-3.78446,-5.58178,2.33995,-2.26727,-3.56171,3.64246,0.73058,-0.227008,0.700719,-0.186532,0.0464836,0.981136,0.0204042,-0.0,-0.0,0.0,0.252443,0.117083,0.956188,-0.0909307
1.4112331867218018,-3.78446,-5.58178,2.33995,-2.26727,-3.56171,3.64246,0.73058,-0.227008,0.700719,-0.186532,0.0464836,0.981136,0.0204042,-0.0,-0.0,0.0,0.252443,0.117083,0.956188,-0.0909307
1.430840015411377,-3.78446,-5.58178,2.33995,-2.26727,-3.56171,3.64246,0.73058,-0.227008,0.700719,-0.186532,0.0464836,0.981136,0.0204042,-0.0,-0.0,0.0,0.252443,0.117083,0.956188,-0.0909307
1.4506311416625977,-3.78446,-5.58178,2.33995,-2.26727,-3.56171,3.64246,0.73058,-0.227008,0.700719,-0.186532,0.0464836,0.981136,0.0204042,-0.0,-0.0,0.0,0.252443,0.117083,0.956188,-0.0909307
1.4710075855255127,-3.78446,-5.58178,2.33995,-2.26727,-3.56171,3.64246,0.73058,-0.227008,0.700719,-0.186532,0.0464836,0.981136,0.0204042,-0.0,-0.0,0.0,0.252443,0.117083,0.956188,-0.0909307
1.490614891052246,-3.78446,-5.58178,2.33995,-2.26727,-3.56171,3.64246,0.73058,-0.227008,0.700719,-0.186532,0.0464836,0.981136,0.0204042,-0.0,-0.0,0.0,0.252443,0.117083,0.956188,-0.0909307
1.5107736587524414,-3.78446,-5.58178,2.33995,-2.26727,-3.56171,3.64246,0.73058,-0.227008,0.700719,-0.186532,0.0464836,0.981136,0.0204042,-0.0,-0.0,0.0,0.252443,0.117083,0.956188,-0.0909307
1.531435251235962,-3.78446,-5.58178,2.33995,-2.26727,-3.56171,3.64246,0.73058,-0.227008,0.700719,-0.186532,0.0464836,0.981136,0.0204042,-0.0,-0.0,0.0,0.252443,0.117083,0.956188,-0.0909307
1.5513396263122559,-3.78446,-5.58178,2.33995,-2.26727,-3.56171,3.64246,0.73058,-0.227008,0.700719,-0.186532,0.0464836,0.981136,0.0204042,-0.0,-0.0,0.0,0.252443,0.117083,0.956188,-0.0909307
1.5709505081176758,-3.78446,-5.58178,2.33995,-2.26727,-3.56171,3.64246,0.73058,-0.227008,0.700719,-0.186532,0.0464836,0.981136,0.0204042,-0.0,-0.0,0.0,0.252443,0.117083,0.956188,-0.0909307
1.5914180278778076,-3.78446,-5.58178,2.33995,-2.26727,-3.56171,3.64246,0.73058,-0.227008,0.700719,-0.186532,0.0464836,0.981136,0.0204042,-0.0,-0.0,0.0,0.252443,0.117083,0.956188,-0.0909307
1.611171007156372,-3.78446,-5.58178,2.33995,-2.26727,-3.56171,3.64246,0.73058,-0.227008,0.700719,-0.186532,0.0464836,0.981136,0.0204042,-0.0,-0.0,0.0,0.252443,0.117083,0.956188,-0.0909307
1.6308486461639404,-3.78446,-5.58178,2.33995,-2.26727,-3.56171,3.64246,0.73058,-0.227008,0.700719,-0.186532,0.0464836,0.981136,0.0204042,-0.0,-0.0,0.0,0.252443,0.117083,0.956188,-0.0909307
1.650559663772583,-3.78446,-5.58178,2.33995,-2.26727,-3.56171,3.64246,0.73058,-0.227008,0.700719,-0.186532,0.0464836,0.981136,0.0204042,-0.0,-0.0,0.0,0.252443,0.117083,0.956188,-0.0909307
1.6709496974945068,-3.78446,-5.58178,2.33995,-2.26727,-3.56171,3.64246,0.73058,-0.227008,0.700719,-0.186532,0.0464836,0.981136,0.0204042,-0.0,-0.0,0.0,0.252443,0.117083,0.956188,-0.0909307
1.691486120223999,-3.78446,-5.58178,2.33995,-2.26727,-3.56171,3.64246,0.73058,-0.227008,0.700719,-0.186532,0.0464836,0.981136,0.0204042,-0.0,-0.0,0.0,0.252443,0.117083,0.956188,-0.0909307
1.7109074592590332,-3.78446,-5.58178,2.33995,-2.26727,-3.56171,3.64246,0.73058,-0.227008,0.700719,-0.186532,0.0464836,0.981136,0.0204042,-0.0,-0.0,0.0,0.252443,0.117083,0.956188,-0.0909307
1.7313768863677979,-3.78446,-5.58178,2.33995,-2.26727,-3.56171,3.64246,0.73058,-0.227008,0.700719,-0.186532,0.0464836,0.981136,0.0204042,-0.0,-0.0,0.0,0.252443,0.117083,0.956188,-0.0909307
1.7509212493896484,-3.78446,-5.58178,2.33995,-2.26727,-3.56171,3.64246,0.73058,-0.227008,0.700719,-0.186532,0.0464836,0.981136,0.0204042,-0.0,-0.0,0.0,0.252443,0.117083,0.956188,-0.0909307
1.771552562713623,-3.78446,-5.58178,2.33995,-2.26727,-3.56171,3.64246,0.73058,-0.227008,0.700719,-0.186532,0.0464836,0.981136,0.0204042,-0.0,-0.0,0.0,0.252443,0.117083,0.956188,-0.0909307
1.791440486907959,-3.78446,-5.58178,2.33995,-2.26727,-3.56171,3.64246,0.73058,-0.227008,0.700719,-0.186532,0.0464836,0.981136,0.0204042,-0.0,-0.0,0.0,0.252443,0.117083,0.956188,-0.0909307
1.8111751079559326,-3.78446,-5.58178,2.33995,-2.26727,-3.56171,3.64246,0.73058,-0.227008,0.700719,-0.186532,0.0464836,0.981136,0.0204042,-0.0,-0.0,0.0,0.252443,0.117083,0.956188,-0.0909307
1.830625057220459,-3.78446,-5.58178,2.33995,-2.26727,-3.56171,3.64246,0.73058,-0.227008,0.700719,-0.186532,0.0464836,0.981136,0.0204042,-0.0,-0.0,0.0,0.252443,0.117083,0.956188,-0.0909307
1.8511683940887451,-3.78446,-5.58178,2.33995,-2.26727,-3.56171,3.64246,0.73058,-0.227008,0.700719,-0.186532,0.0464836,0.981136,0.0204042,-0.0,-0.0,0.0,0.252443,0.117083,0.956188,-0.0909307
1.8711960315704346,-3.78446,-5.58178,2.33995,-2.26727,-3.56171,3.64246,0.73058,-0.227008,0.700719,-0.186532,0.0464836,0.981136,0.0204042,-0.0,-0.0,0.0,0.252443,0.117083,0.956188,-0.0909307
1.8913166522979736,-3.78446,-5.58178,2.33995,-2.26727,-3.56171,3.64246,0.73058,-0.227008,0.700719,-0.186532,0.0464836,0.981136,0.0204042,-0.0,-0.0,0.0,0.252443,0.117083,0.956188,-0.0909307
1.9114222526550293,-3.78446,-5.58178,2.33995,-2.26727,-3.56171,3.64246,0.73058,-0.227008,0.700719,-0.186532,0.0464836,0.981136,0.0204042,-0.0,-0.0,0.0,0.252443,0.117083,0.956188,-0.0909307
1.9310190677642822,-3.78446,-5.58178,2.33995,-2.26727,-3.56171,3.64246,0.73058,-0.227008,0.700719,-0.186532,0.0464836,0.981136,0.0204042,-0.0,-0.0,0.0,0.252443,0.117083,0.956188,-0.0909307
1.9514679908752441,-3.78446,-5.58178,2.33995,-2.26727,-3.56171,3.64246,0.73058,-0.227008,0.700719,-0.186532,0.0464836,0.981136,0.0204042,-0.0,-0.0,0.0,0.252443,0.117083,0.956188,-0.0909307
1.971130609512329,-3.78446,-5.58178,2.33995,-2.26727,-3.56171,3.64246,0.73058,-0.227008,0.700719,-0.186532,0.0464836,0.981136,0.0204042,-0.0,-0.0,0.0,0.252443,0.117083,0.956188,-0.0909307
1.990804672241211,-3.78446,-5.58178,2.33995,-2.26727,-3.56171,3.64246,0.73058,-0.227008,0.700719,-0.186532,0.0464836,0.981136,0.0204042,-0.0,-0.0,0.0,0.252443,0.117083,0.956188,-0.0909307
2.0105886459350586,-3.78446,-5.58178,2.33995,-2.26727,-3.56171,3.64246,0.73058,-0.227008,0.700719,-0.186532,0.0464836,0.981136,0.0204042,-0.0,-0.0,0.0,0.252443,0.117083,0.956188,-0.0909307
2.0310416221618652,-3.78446,-5.58178,2.33995,-2.26727,-3.56171,3.64246,0.73058,-0.227008,0.700719,-0.186532,0.0464836,0.981136,0.0204042,-0.0,-0.0,0.0,0.252443,0.117083,0.956188,-0.0909307
2.051074981689453,-3.78446,-5.58178,2.33995,-2.26727,-3.56171,3.64246,0.73058,-0.227008,0.700719,-0.186532,0.0464836,0.981136,0.0204042,-0.0,-0.0,0.0,0.252443,0.117083,0.956188,-0.0909307
2.0707132816314697,-3.78446,-5.58178,2.33995,-2.26727,-3.56171,3.64246,0.73058,-0.227008,0.700719,-0.186532,0.0464836,0.981136,0.0204042,-0.0,-0.0,0.0,0.252443,0.117083,0.956188,-0.0909307
2.091508626937866,-3.78446,-5.58178,2.33995,-2.26727,-3.56171,3.64246,0.73058,-0.227008,0.700719,-0.186532,0.0464836,0.981136,0.0204042,-0.0,-0.0,0.0,0.252443,0.117083,0.956188,-0.0909307
2.111348867416382,-3.78446,-5.58178,2.33995,-2.26727,-3.56171,3.64246,0.73058,-0.227008,0.700719,-0.186532,0.0464836,0.981136,0.0204042,-0.0,-0.0,0.0,0.252443,0.117083,0.956188,-0.0909307
2.131106376647949,-3.78446,-5.58178,2.33995,-2.26727,-3.56171,3.64246,0.73058,-0.227008,0.700719,-0.186532,0.0464836,0.981136,0.0204042,-0.0,-0.0,0.0,0.252443,0.117083,0.956188,-0.0909307
2.151334285736084,-3.78446,-5.58178,2.33995,-2.26727,-3.56171,3.64246,0.73058,-0.227008,0.700719,-0.186532,0.0464836,0.981136,0.0204042,-0.0,-0.0,0.0,0.252443,0.117083,0.956188,-0.0909307
2.1712584495544434,-3.78446,-5.58178,2.33995,-2.26727,-3.56171,3.64246,0.73058,-0.227008,0.700719,-0.186532,0.0464836,0.981136,0.0204042,-0.0,-0.0,0.0,0.252443,0.117083,0.956188,-0.0909307
2.191166877746582,-3.78446,-5.58178,2.33995,-2.26727,-3.56171,3.64246,0.73058,-0.227008,0.700719,-0.186532,0.0464836,0.981136,0.0204042,-0.0,-0.0,0.0,0.252443,0.117083,0.956188,-0.0909307
2.2109978199005127,-3.78446,-5.58178,2.33995,-2.26727,-3.56171,3.64246,0.73058,-0.227008,0.700719,-0.186532,0.0464836,0.981136,0.0204042,-0.0,-0.0,0.0,0.252443,0.117083,0.956188,-0.0909307
2.2313232421875,-3.78446,-5.58178,2.33995,-2.26727,-3.56171,3.64246,0.73058,-0.227008,0.700719,-0.186532,0.0464836,0.981136,0.0204042,-0.0,-0.0,0.0,0.252443,0.117083,0.956188,-0.0909307
2.251004457473755,-3.78446,-5.58178,2.33995,-2.26727,-3.56171,3.64246,0.73058,-0.227008,0.700719,-0.186532,0.0464836,0.981136,0.0204042,-0.0,-0.0,0.0,0.252443,0.117083,0.956188,-0.0909307
2.2716023921966553,-3.78446,-5.58178,2.33995,-2.26727,-3.56171,3.64246,0.73058,-0.227008,0.700719,-0.186532,0.0464836,0.981136,0.0204042,-0.0,-0.0,0.0,0.252443,0.117083,0.956188,-0.0909307
2.2911345958709717,-3.78446,-5.58178,2.33995,-2.26727,-3.56171,3.64246,0.73058,-0.227008,0.700719,-0.186532,0.0464836,0.981136,0.0204042,-0.0,-0.0,0.0,0.252443,0.117083,0.956188,-0.0909307
2.3108136653900146,-3.78446,-5.58178,2.33995,-2.26727,-3.56171,3.64246,0.73058,-0.227008,0.700719,-0.186532,0.0464836,0.981136,0.0204042,-0.0,-0.0,0.0,0.252443,0.117083,0.956188,-0.0909307
2.3305912017822266,-3.78446,-5.58178,2.33995,-2.26727,-3.56171,3.64246,0.73058,-0.227008,0.700719,-0.186532,0.0464836,0.981136,0.0204042,-0.0,-0.0,0.0,0.252443,0.117083,0.956188,-0.0909307
2.3511483669281006,-3.78446,-5.58178,2.33995,-2.26727,-3.56171,3.64246,0.73058,-0.227008,0.700719,-0.186532,0.0464836,0.981136,0.0204042,-0.0,-0.0,0.0,0.252443,0.117083,0.956188,-0.0909307
2.3717520236968994,-3.78446,-5.58178,2.33995,-2.26727,-3.56171,3.64246,0.73058,-0.227008,0.700719,-0.186532,0.0464836,0.981136,0.0204042,-0.0,-0.0,0.0,0.252443,0.117083,0.956188,-0.0909307
2.391493082046509,-3.78446,-5.58178,2.33995,-2.26727,-3.56171,3.64246,0.73058,-0.227008,0.700719,-0.186532,0.0464836,0.981136,0.0204042,-0.0,-0.0,0.0,0.252443,0.117083,0.956188,-0.0909307
2.4111902713775635,-3.78446,-5.58178,2.33995,-2.26727,-3.56171,3.64246,0.73058,-0.227008,0.700719,-0.186532,0.0464836,0.981136,0.0204042,-0.0,-0.0,0.0,0.252443,0.117083,0.956188,-0.0909307
2.4312894344329834,-3.78446,-5.58178,2.33995,-2.26727,-3.56171,3.64246,0.73058,-0.227008,0.700719,-0.186532,0.0464836,0.981136,0.0204042,-0.0,-0.0,0.0,0.252443,0.117083,0.956188,-0.0909307
2.450852155685425,-3.78446,-5.58178,2.33995,-2.26727,-3.56171,3.64246,0.73058,-0.227008,0.700719,-0.186532,0.0464836,0.981136,0.0204042,-0.0,-0.0,0.0,0.252443,0.117083,0.956188,-0.0909307
2.47139573097229,-3.78446,-5.58178,2.33995,-2.26727,-3.56171,3.64246,0.73058,-0.227008,0.700719,-0.186532,0.0464836,0.981136,0.0204042,-0.0,-0.0,0.0,0.252443,0.117083,0.956188,-0.0909307
2.4910318851470947,-3.78446,-5.58178,2.33995,-2.26727,-3.56171,3.64246,0.73058,-0.227008,0.700719,-0.186532,0.0464836,0.981136,0.0204042,-0.0,-0.0,0.0,0.252443,0.117083,0.956188,-0.0909307
2.5108561515808105,-3.78446,-5.58178,2.33995,-2.26727,-3.56171,3.64246,0.73058,-0.227008,0.700719,-0.186532,0.0464836,0.981136,0.0204042,-0.0,-0.0,0.0,0.252443,0.117083,0.956188,-0.0909307
2.5315608978271484,-3.78446,-5.58178,2.33995,-2.26727,-3.56171,3.64246,0.73058,-0.227008,0.700719,-0.186532,0.0464836,0.981136,0.0204042,-0.0,-0.0,0.0,0.252443,0.117083,0.956188,-0.0909307
2.551784038543701,-3.78446,-5.58178,2.33995,-2.26727,-3.56171,3.64246,0.73058,-0.227008,0.700719,-0.186532,0.0464836,0.981136,0.0204042,-0.0,-0.0,0.0,0.252443,0.117083,0.956188,-0.0909307
2.5714356899261475,-3.78446,-5.58178,2.33995,-2.26727,-3.56171,3.64246,0.73058,-0.227008,0.700719,-0.186532,0.0464836,0.981136,0.0204042,-0.0,-0.0,0.0,0.252443,0.117083,0.956188,-0.0909307
2.59140682220459,-3.78446,-5.58178,2.33995,-2.26727,-3.56171,3.64246,0.73058,-0.227008,0.700719,-0.186532,0.0464836,0.981136,0.0204042,-0.0,-0.0,0.0,0.252443,0.117083,0.956188,-0.0909307
2.611029624938965,-3.78446,-5.58178,2.33995,-2.26727,-3.56171,3.64246,0.73058,-0.227008,0.700719,-0.186532,0.0464836,0.981136,0.0204042,-0.0,-0.0,0.0,0.252443,0.117083,0.956188,-0.0909307
2.6312332153320312,-3.78446,-5.58178,2.33995,-2.26727,-3.56171,3.64246,0.73058,-0.227008,0.700719,-0.186532,0.0464836,0.981136,0.0204042,-0.0,-0.0,0.0,0.252443,0.117083,0.956188,-0.0909307
2.650973320007324,-3.78446,-5.58178,2.33995,-2.26727,-3.56171,3.64246,0.73058,-0.227008,0.700719,-0.186532,0.0464836,0.981136,0.0204042,-0.0,-0.0,0.0,0.252443,0.117083,0.956188,-0.0909307
2.6710851192474365,-3.78446,-5.58178,2.33995,-2.26727,-3.56171,3.64246,0.73058,-0.227008,0.700719,-0.186532,0.0464836,0.981136,0.0204042,-0.0,-0.0,0.0,0.252443,0.117083,0.956188,-0.0909307
2.6914234161376953,-3.78446,-5.58178,2.33995,-2.26727,-3.56171,3.64246,0.73058,-0.227008,0.700719,-0.186532,0.0464836,0.981136,0.0204042,-0.0,-0.0,0.0,0.252443,0.117083,0.956188,-0.0909307
2.710736036300659,-3.78446,-5.58178,2.33995,-2.26727,-3.56171,3.64246,0.73058,-0.227008,0.700719,-0.186532,0.0464836,0.981136,0.0204042,-0.0,-0.0,0.0,0.252443,0.117083,0.956188,-0.0909307
2.7314345836639404,-3.78446,-5.58178,2.33995,-2.26727,-3.56171,3.64246,0.73058,-0.227008,0.700719,-0.186532,0.0464836,0.981136,0.0204042,-0.0,-0.0,0.0,0.252443,0.117083,0.956188,-0.0909307
2.751068115234375,-3.78446,-5.58178,2.33995,-2.26727,-3.56171,3.64246,0.73058,-0.227008,0.700719,-0.186532,0.0464836,0.981136,0.0204042,-0.0,-0.0,0.0,0.252443,0.117083,0.956188,-0.0909307
2.771510601043701,-3.78446,-5.58178,2.33995,-2.26727,-3.56171,3.64246,0.73058,-0.227008,0.700719,-0.186532,0.0464836,0.981136,0.0204042,-0.0,-0.0,0.0,0.252443,0.117083,0.956188,-0.0909307
2.791210889816284,-3.78446,-5.58178,2.33995,-2.26727,-3.56171,3.64246,0.73058,-0.227008,0.700719,-0.186532,0.0464836,0.981136,0.0204042,-0.0,-0.0,0.0,0.252443,0.117083,0.956188,-0.0909307
2.810875415802002,-3.78446,-5.58178,2.33995,-2.26727,-3.56171,3.64246,0.73058,-0.227008,0.700719,-0.186532,0.0464836,0.981136,0.0204042,-0.0,-0.0,0.0,0.252443,0.117083,0.956188,-0.0909307
2.8309407234191895,-3.78446,-5.58178,2.33995,-2.26727,-3.56171,3.64246,0.73058,-0.227008,0.700719,-0.186532,0.0464836,0.981136,0.0204042,-0.0,-0.0,0.0,0.252443,0.117083,0.956188,-0.0909307
2.8505537509918213,-3.78446,-5.58178,2.33995,-2.26727,-3.56171,3.64246,0.73058,-0.227008,0.700719,-0.186532,0.0464836,0.981136,0.0204042,-0.0,-0.0,0.0,0.252443,0.117083,0.956188,-0.0909307
2.8712332248687744,-3.78446,-5.58178,2.33995,-2.26727,-3.56171,3.64246,0.73058,-0.227008,0.700719,-0.186532,0.0464836,0.981136,0.0204042,-0.0,-0.0,0.0,0.252443,0.117083,0.956188,-0.0909307
2.891056537628174,-3.78446,-5.58178,2.33995,-2.26727,-3.56171,3.64246,0.73058,-0.227008,0.700719,-0.186532,0.0464836,0.981136,0.0204042,-0.0,-0.0,0.0,0.252443,0.117083,0.956188,-0.0909307
2.9113950729370117,-3.78446,-5.58178,2.33995,-2.26727,-3.56171,3.64246,0.73058,-0.227008,0.700719,-0.186532,0.0464836,0.981136,0.0204042,-0.0,-0.0,0.0,0.252443,0.117083,0.956188,-0.0909307
2.9306650161743164,-3.78446,-5.58178,2.33995,-2.26727,-3.56171,3.64246,0.73058,-0.227008,0.700719,-0.186532,0.0464836,0.981136,0.0204042,-0.0,-0.0,0.0,0.252443,0.117083,0.956188,-0.0909307
2.9512367248535156,-3.78446,-5.58178,2.33995,-2.26727,-3.56171,3.64246,0.73058,-0.227008,0.700719,-0.186532,0.0464836,0.981136,0.0204042,-0.0,-0.0,0.0,0.252443,0.117083,0.956188,-0.0909307
2.9713919162750244,-3.78446,-5.58178,2.33995,-2.26727,-3.56171,3.64246,0.73058,-0.227008,0.700719,-0.186532,0.0464836,0.981136,0.0204042,-0.0,-0.0,0.0,0.252443,0.117083,0.956188,-0.0909307
2.9911255836486816,-3.78446,-5.58178,2.33995,-2.26727,-3.56171,3.64246,0.73058,-0.227008,0.700719,-0.186532,0.0464836,0.981136,0.0204042,-0.0,-0.0,0.0,0.252443,0.117083,0.956188,-0.0909307
3.011185884475708,-3.78446,-5.58178,2.33995,-2.26727,-3.56171,3.64246,0.73058,-0.227008,0.700719,-0.186532,0.0464836,0.981136,0.0204042,-0.0,-0.0,0.0,0.252443,0.117083,0.956188,-0.0909307
3.0311670303344727,-3.78446,-5.58178,2.33995,-2.26727,-3.56171,3.64246,0.73058,-0.227008,0.700719,-0.186532,0.0464836,0.981136,0.0204042,-0.0,-0.0,0.0,0.252443,0.117083,0.956188,-0.0909307
3.050926685333252,-3.78446,-5.58178,2.33995,-2.26727,-3.56171,3.64246,0.73058,-0.227008,0.700719,-0.186532,0.0464836,0.981136,0.0204042,-0.0,-0.0,0.0,0.252443,0.117083,0.956188,-0.0909307
3.0713140964508057,-3.78446,-5.58178,2.33995,-2.26727,-3.56171,3.64246,0.73058,-0.227008,0.700719,-0.186532,0.0464836,0.981136,0.0204042,-0.0,-0.0,0.0,0.252443,0.117083,0.956188,-0.0909307
3.090904712677002,-3.78446,-5.58178,2.33995,-2.26727,-3.56171,3.64246,0.73058,-0.227008,0.700719,-0.186532,0.0464836,0.981136,0.0204042,-0.0,-0.0,0.0,0.252443,0.117083,0.956188,-0.0909307
3.111423969268799,-3.78446,-5.58178,2.33995,-2.26727,-3.56171,3.64246,0.73058,-0.227008,0.700719,-0.186532,0.0464836,0.981136,0.0204042,-0.0,-0.0,0.0,0.252443,0.117083,0.956188,-0.0909307
3.1309690475463867,-3.78446,-5.58178,2.33995,-2.26727,-3.56171,3.64246,0.73058,-0.227008,0.700719,-0.186532,0.0464836,0.981136,0.0204042,-0.0,-0.0,0.0,0.252443,0.117083,0.956188,-0.0909307
3.151163339614868,-3.78446,-5.58178,2.33995,-2.26727,-3.56171,3.64246,0.73058,-0.227008,0.700719,-0.186532,0.0464836,0.981136,0.0204042,-0.0,-0.0,0.0,0.252443,0.117083,0.956188,-0.0909307
3.171468496322632,-3.78446,-5.58178,2.33995,-2.26727,-3.56171,3.64246,0.73058,-0.227008,0.700719,-0.186532,0.0464836,0.981136,0.0204042,-0.0,-0.0,0.0,0.252443,0.117083,0.956188,-0.0909307
3.1911747455596924,-3.78446,-5.58178,2.33995,-2.26727,-3.56171,3.64246,0.73058,-0.227008,0.700719,-0.186532,0.0464836,0.981136,0.0204042,-0.0,-0.0,0.0,0.252443,0.117083,0.956188,-0.0909307
3.210970401763916,-3.78446,-5.58178,2.33995,-2.26727,-3.56171,3.64246,0.73058,-0.227008,0.700719,-0.186532,0.0464836,0.981136,0.0204042,-0.0,-0.0,0.0,0.252443,0.117083,0.956188,-0.0909307
3.231764078140259,-3.78446,-5.58178,2.33995,-2.26727,-3.56171,3.64246,0.73058,-0.227008,0.700719,-0.186532,0.0464836,0.981136,0.0204042,-0.0,-0.0,0.0,0.252443,0.117083,0.956188,-0.0909307
3.251375675201416,-3.78446,-5.58178,2.33995,-2.26727,-3.56171,3.64246,0.73058,-0.227008,0.700719,-0.186532,0.0464836,0.981136,0.0204042,-0.0,-0.0,0.0,0.252443,0.117083,0.956188,-0.0909307
3.2713465690612793,-3.78446,-5.58178,2.33995,-2.26727,-3.56171,3.64246,0.73058,-0.227008,0.700719,-0.186532,0.0464836,0.981136,0.0204042,-0.0,-0.0,0.0,0.252443,0.117083,0.956188,-0.0909307
3.2915022373199463,-3.78446,-5.58178,2.33995,-2.26727,-3.56171,3.64246,0.73058,-0.227008,0.700719,-0.186532,0.0464836,0.981136,0.0204042,-0.0,-0.0,0.0,0.252443,0.117083,0.956188,-0.0909307
3.311464548110962,-3.78446,-5.58178,2.33995,-2.26727,-3.56171,3.64246,0.73058,-0.227008,0.700719,-0.186532,0.0464836,0.981136,0.0204042,-0.0,-0.0,0.0,0.252443,0.117083,0.956188,-0.0909307
3.331536293029785,-3.78446,-5.58178,2.33995,-2.26727,-3.56171,3.64246,0.73058,-0.227008,0.700719,-0.186532,0.0464836,0.981136,0.0204042,-0.0,-0.0,0.0,0.252443,0.117083,0.956188,-0.0909307
3.3512940406799316,-3.78446,-5.58178,2.33995,-2.26727,-3.56171,3.64246,0.73058,-0.227008,0.700719,-0.186532,0.0464836,0.981136,0.0204042,-0.0,-0.0,0.0,0.252443,0.117083,0.956188,-0.0909307
3.3711814880371094,-3.78446,-5.58178,2.33995,-2.26727,-3.56171,3.64246,0.73058,-0.227008,0.700719,-0.186532,0.0464836,0.981136,0.0204042,-0.0,-0.0,0.0,0.252443,0.117083,0.956188,-0.0909307
3.391152858734131,-3.78446,-5.58178,2.33995,-2.26727,-3.56171,3.64246,0.73058,-0.227008,0.700719,-0.186532,0.0464836,0.981136,0.0204042,-0.0,-0.0,0.0,0.252443,0.117083,0.956188,-0.0909307
3.411062479019165,-3.78446,-5.58178,2.33995,-2.26727,-3.56171,3.64246,0.73058,-0.227008,0.700719,-0.186532,0.0464836,0.981136,0.0204042,-0.0,-0.0,0.0,0.252443,0.117083,0.956188,-0.0909307
3.4311556816101074,-3.78446,-5.58178,2.33995,-2.26727,-3.56171,3.64246,0.73058,-0.227008,0.700719,-0.186532,0.0464836,0.981136,0.0204042,-0.0,-0.0,0.0,0.252443,0.117083,0.956188,-0.0909307
3.451068639755249,-3.78446,-5.58178,2.33995,-2.26727,-3.56171,3.64246,0.73058,-0.227008,0.700719,-0.186532,0.0464836,0.981136,0.0204042,-0.0,-0.0,0.0,0.252443,0.117083,0.956188,-0.0909307
3.4710230827331543,-3.78446,-5.58178,2.33995,-2.26727,-3.56171,3.64246,0.73058,-0.227008,0.700719,-0.186532,0.0464836,0.981136,0.0204042,-0.0,-0.0,0.0,0.252443,0.117083,0.956188,-0.0909307
3.490967035293579,-3.78446,-5.58178,2.33995,-2.26727,-3.56171,3.64246,0.73058,-0.227008,0.700719,-0.186532,0.0464836,0.981136,0.0204042,-0.0,-0.0,0.0,0.252443,0.117083,0.956188,-0.0909307
3.5110702514648438,-3.78446,-5.58178,2.33995,-2.26727,-3.56171,3.64246,0.73058,-0.227008,0.700719,-0.186532,0.0464836,0.981136,0.0204042,-0.0,-0.0,0.0,0.252443,0.117083,0.956188,-0.0909307
3.5310139656066895,-3.78446,-5.58178,2.33995,-2.26727,-3.56171,3.64246,0.73058,-0.227008,0.700719,-0.186532,0.0464836,0.981136,0.0204042,-0.0,-0.0,0.0,0.252443,0.117083,0.956188,-0.0909307
3.550994634628296,-3.78446,-5.58178,2.33995,-2.26727,-3.56171,3.64246,0.73058,-0.227008,0.700719,-0.186532,0.0464836,0.981136,0.0204042,-0.0,-0.0,0.0,0.252443,0.117083,0.956188,-0.0909307
3.5709450244903564,-3.78446,-5.58178,2.33995,-2.26727,-3.56171,3.64246,0.73058,-0.227008,0.700719,-0.186532,0.0464836,0.981136,0.0204042,-0.0,-0.0,0.0,0.252443,0.117083,0.956188,-0.0909307
3.59079909324646,-3.78446,-5.58178,2.33995,-2.26727,-3.56171,3.64246,0.73058,-0.227008,0.700719,-0.186532,0.0464836,0.981136,0.0204042,-0.0,-0.0,0.0,0.252443,0.117083,0.956188,-0.0909307
3.6108736991882324,-3.78446,-5.58178,2.33995,-2.26727,-3.56171,3.64246,0.73058,-0.227008,0.700719,-0.186532,0.0464836,0.981136,0.0204042,-0.0,-0.0,0.0,0.252443,0.117083,0.956188,-0.0909307
3.6307055950164795,-3.78446,-5.58178,2.33995,-2.26727,-3.56171,3.64246,0.73058,-0.227008,0.700719,-0.186532,0.0464836,0.981136,0.0204042,-0.0,-0.0,0.0,0.252443,0.117083,0.956188,-0.0909307
3.6514384746551514,-3.78446,-5.58178,2.33995,-2.26727,-3.56171,3.64246,0.73058,-0.227008,0.700719,-0.186532,0.0464836,0.981136,0.0204042,-0.0,-0.0,0.0,0.252443,0.117083,0.956188,-0.0909307
3.671062707901001,-3.78446,-5.58178,2.33995,-2.26727,-3.56171,3.64246,0.73058,-0.227008,0.700719,-0.186532,0.0464836,0.981136,0.0204042,-0.0,-0.0,0.0,0.252443,0.117083,0.956188,-0.0909307
3.691152572631836,-3.78446,-5.58178,2.33995,-2.26727,-3.56171,3.64246,0.73058,-0.227008,0.700719,-0.186532,0.0464836,0.981136,0.0204042,-0.0,-0.0,0.0,0.252443,0.117083,0.956188,-0.0909307
3.710784673690796,-3.78446,-5.58178,2.33995,-2.26727,-3.56171,3.64246,0.73058,-0.227008,0.700719,-0.186532,0.0464836,0.981136,0.0204042,-0.0,-0.0,0.0,0.252443,0.117083,0.956188,-0.0909307
3.731426954269409,-3.78446,-5.58178,2.33995,-2.26727,-3.56171,3.64246,0.73058,-0.227008,0.700719,-0.186532,0.0464836,0.981136,0.0204042,-0.0,-0.0,0.0,0.252443,0.117083,0.956188,-0.0909307
3.7513580322265625,-3.78446,-5.58178,2.33995,-2.26727,-3.56171,3.64246,0.73058,-0.227008,0.700719,-0.186532,0.0464836,0.981136,0.0204042,-0.0,-0.0,0.0,0.252443,0.117083,0.956188,-0.0909307
3.7711336612701416,-3.78446,-5.58178,2.33995,-2.26727,-3.56171,3.64246,0.73058,-0.227008,0.700719,-0.186532,0.0464836,0.981136,0.0204042,-0.0,-0.0,0.0,0.252443,0.117083,0.956188,-0.0909307
3.7910521030426025,-3.78446,-5.58178,2.33995,-2.26727,-3.56171,3.64246,0.73058,-0.227008,0.700719,-0.186532,0.0464836,0.981136,0.0204042,-0.0,-0.0,0.0,0.252443,0.117083,0.956188,-0.0909307
3.8111321926116943,-3.78446,-5.58178,2.33995,-2.26727,-3.56171,3.64246,0.73058,-0.227008,0.700719,-0.186532,0.0464836,0.981136,0.0204042,-0.0,-0.0,0.0,0.252443,0.117083,0.956188,-0.0909307
3.830970048904419,-3.78446,-5.58178,2.33995,-2.26727,-3.56171,3.64246,0.73058,-0.227008,0.700719,-0.186532,0.0464836,0.981136,0.0204042,-0.0,-0.0,0.0,0.252443,0.117083,0.956188,-0.0909307
3.8509113788604736,-3.78446,-5.58178,2.33995,-2.26727,-3.56171,3.64246,0.73058,-0.227008,0.700719,-0.186532,0.0464836,0.981136,0.0204042,-0.0,-0.0,0.0,0.252443,0.117083,0.956188,-0.0909307
3.8708786964416504,-3.78446,-5.58178,2.33995,-2.26727,-3.56171,3.64246,0.73058,-0.227008,0.700719,-0.186532,0.0464836,0.981136,0.0204042,-0.0,-0.0,0.0,0.252443,0.117083,0.956188,-0.0909307
3.890655994415283,-3.78446,-5.58178,2.33995,-2.26727,-3.56171,3.64246,0.73058,-0.227008,0.700719,-0.186532,0.0464836,0.981136,0.0204042,-0.0,-0.0,0.0,0.252443,0.117083,0.956188,-0.0909307
3.9111499786376953,-3.78446,-5.58178,2.33995,-2.26727,-3.56171,3.64246,0.73058,-0.227008,0.700719,-0.186532,0.0464836,0.981136,0.0204042,-0.0,-0.0,0.0,0.252443,0.117083,0.956188,-0.0909307
3.930893898010254,-3.78446,-5.58178,2.33995,-2.26727,-3.56171,3.64246,0.73058,-0.227008,0.700719,-0.186532,0.0464836,0.981136,0.0204042,-0.0,-0.0,0.0,0.252443,0.117083,0.956188,-0.0909307
3.951223373413086,-3.78446,-5.58178,2.33995,-2.26727,-3.56171,3.64246,0.73058,-0.227008,0.700719,-0.186532,0.0464836,0.981136,0.0204042,-0.0,-0.0,0.0,0.252443,0.117083,0.956188,-0.0909307
3.9708099365234375,-3.78446,-5.58178,2.33995,-2.26727,-3.56171,3.64246,0.73058,-0.227008,0.700719,-0.186532,0.0464836,0.981136,0.0204042,-0.0,-0.0,0.0,0.252443,0.117083,0.956188,-0.0909307
3.991460084915161,-3.78446,-5.58178,2.33995,-2.26727,-3.56171,3.64246,0.73058,-0.227008,0.700719,-0.186532,0.0464836,0.981136,0.0204042,-0.0,-0.0,0.0,0.252443,0.117083,0.956188,-0.0909307
4.011266708374023,-3.78446,-5.58178,2.33995,-2.26727,-3.56171,3.64246,0.73058,-0.227008,0.700719,-0.186532,0.0464836,0.981136,0.0204042,-0.0,-0.0,0.0,0.252443,0.117083,0.956188,-0.0909307
4.031190872192383,-3.78446,-5.58178,2.33995,-2.26727,-3.56171,3.64246,0.73058,-0.227008,0.700719,-0.186532,0.0464836,0.981136,0.0204042,-0.0,-0.0,0.0,0.252443,0.117083,0.956188,-0.0909307
4.051161766052246,-3.78446,-5.58178,2.33995,-2.26727,-3.56171,3.64246,0.73058,-0.227008,0.700719,-0.186532,0.0464836,0.981136,0.0204042,-0.0,-0.0,0.0,0.252443,0.117083,0.956188,-0.0909307
4.071134567260742,-3.78446,-5.58178,2.33995,-2.26727,-3.56171,3.64246,0.73058,-0.227008,0.700719,-0.186532,0.0464836,0.981136,0.0204042,-0.0,-0.0,0.0,0.252443,0.117083,0.956188,-0.0909307
4.090951919555664,-3.78446,-5.58178,2.33995,-2.26727,-3.56171,3.64246,0.73058,-0.227008,0.700719,-0.186532,0.0464836,0.981136,0.0204042,-0.0,-0.0,0.0,0.252443,0.117083,0.956188,-0.0909307
4.111014366149902,-3.78446,-5.58178,2.33995,-2.26727,-3.56171,3.64246,0.73058,-0.227008,0.700719,-0.186532,0.0464836,0.981136,0.0204042,-0.0,-0.0,0.0,0.252443,0.117083,0.956188,-0.0909307
4.131413698196411,-3.78446,-5.58178,2.33995,-2.26727,-3.56171,3.64246,0.73058,-0.227008,0.700719,-0.186532,0.0464836,0.981136,0.0204042,-0.0,-0.0,0.0,0.252443,0.117083,0.956188,-0.0909307
4.15160608291626,-3.78446,-5.58178,2.33995,-2.26727,-3.56171,3.64246,0.73058,-0.227008,0.700719,-0.186532,0.0464836,0.981136,0.0204042,-0.0,-0.0,0.0,0.252443,0.117083,0.956188,-0.0909307
4.171496152877808,-3.78446,-5.58178,2.33995,-2.26727,-3.56171,3.64246,0.73058,-0.227008,0.700719,-0.186532,0.0464836,0.981136,0.0204042,-0.0,-0.0,0.0,0.252443,0.117083,0.956188,-0.0909307
4.191367149353027,-3.78446,-5.58178,2.33995,-2.26727,-3.56171,3.64246,0.73058,-0.227008,0.700719,-0.186532,0.0464836,0.981136,0.0204042,-0.0,-0.0,0.0,0.252443,0.117083,0.956188,-0.0909307
4.211168050765991,-3.78446,-5.58178,2.33995,-2.26727,-3.56171,3.64246,0.73058,-0.227008,0.700719,-0.186532,0.0464836,0.981136,0.0204042,-0.0,-0.0,0.0,0.252443,0.117083,0.956188,-0.0909307
4.230925559997559,-3.78446,-5.58178,2.33995,-2.26727,-3.56171,3.64246,0.73058,-0.227008,0.700719,-0.186532,0.0464836,0.981136,0.0204042,-0.0,-0.0,0.0,0.252443,0.117083,0.956188,-0.0909307
4.251211881637573,-3.78446,-5.58178,2.33995,-2.26727,-3.56171,3.64246,0.73058,-0.227008,0.700719,-0.186532,0.0464836,0.981136,0.0204042,-0.0,-0.0,0.0,0.252443,0.117083,0.956188,-0.0909307
4.271029472351074,-3.78446,-5.58178,2.33995,-2.26727,-3.56171,3.64246,0.73058,-0.227008,0.700719,-0.186532,0.0464836,0.981136,0.0204042,-0.0,-0.0,0.0,0.252443,0.117083,0.956188,-0.0909307
4.2914440631866455,-3.78446,-5.58178,2.33995,-2.26727,-3.56171,3.64246,0.73058,-0.227008,0.700719,-0.186532,0.0464836,0.981136,0.0204042,-0.0,-0.0,0.0,0.252443,0.117083,0.956188,-0.0909307
4.311141490936279,-3.78446,-5.58178,2.33995,-2.26727,-3.56171,3.64246,0.73058,-0.227008,0.700719,-0.186532,0.0464836,0.981136,0.0204042,-0.0,-0.0,0.0,0.252443,0.117083,0.956188,-0.0909307
4.330624580383301,-3.78446,-5.58178,2.33995,-2.26727,-3.56171,3.64246,0.73058,-0.227008,0.700719,-0.186532,0.0464836,0.981136,0.0204042,-0.0,-0.0,0.0,0.252443,0.117083,0.956188,-0.0909307
4.351160049438477,-3.78446,-5.58178,2.33995,-2.26727,-3.56171,3.64246,0.73058,-0.227008,0.700719,-0.186532,0.0464836,0.981136,0.0204042,-0.0,-0.0,0.0,0.252443,0.117083,0.956188,-0.0909307
4.370837926864624,-3.78446,-5.58178,2.33995,-2.26727,-3.56171,3.64246,0.73058,-0.227008,0.700719,-0.186532,0.0464836,0.981136,0.0204042,-0.0,-0.0,0.0,0.252443,0.117083,0.956188,-0.0909307
4.3907310962677,-3.78446,-5.58178,2.33995,-2.26727,-3.56171,3.64246,0.73058,-0.227008,0.700719,-0.186532,0.0464836,0.981136,0.0204042,-0.0,-0.0,0.0,0.252443,0.117083,0.956188,-0.0909307
4.410984039306641,-3.78446,-5.58178,2.33995,-2.26727,-3.56171,3.64246,0.73058,-0.227008,0.700719,-0.186532,0.0464836,0.981136,0.0204042,-0.0,-0.0,0.0,0.252443,0.117083,0.956188,-0.0909307
4.4311301708221436,-3.78446,-5.58178,2.33995,-2.26727,-3.56171,3.64246,0.73058,-0.227008,0.700719,-0.186532,0.0464836,0.981136,0.0204042,-0.0,-0.0,0.0,0.252443,0.117083,0.956188,-0.0909307
4.451389789581299,-3.78446,-5.58178,2.33995,-2.26727,-3.56171,3.64246,0.73058,-0.227008,0.700719,-0.186532,0.0464836,0.981136,0.0204042,-0.0,-0.0,0.0,0.252443,0.117083,0.956188,-0.0909307
4.471462726593018,-3.78446,-5.58178,2.33995,-2.26727,-3.56171,3.64246,0.73058,-0.227008,0.700719,-0.186532,0.0464836,0.981136,0.0204042,-0.0,-0.0,0.0,0.252443,0.117083,0.956188,-0.0909307
4.4914281368255615,-3.78446,-5.58178,2.33995,-2.26727,-3.56171,3.64246,0.73058,-0.227008,0.700719,-0.186532,0.0464836,0.981136,0.0204042,-0.0,-0.0,0.0,0.252443,0.117083,0.956188,-0.0909307
4.511455297470093,-3.78446,-5.58178,2.33995,-2.26727,-3.56171,3.64246,0.73058,-0.227008,0.700719,-0.186532,0.0464836,0.981136,0.0204042,-0.0,-0.0,0.0,0.252443,0.117083,0.956188,-0.0909307
4.5314085483551025,-3.78446,-5.58178,2.33995,-2.26727,-3.56171,3.64246,0.73058,-0.227008,0.700719,-0.186532,0.0464836,0.981136,0.0204042,-0.0,-0.0,0.0,0.252443,0.117083,0.956188,-0.0909307
4.551458120346069,-3.78446,-5.58178,2.33995,-2.26727,-3.56171,3.64246,0.73058,-0.227008,0.700719,-0.186532,0.0464836,0.981136,0.0204042,-0.0,-0.0,0.0,0.252443,0.117083,0.956188,-0.0909307
4.571550369262695,-3.78446,-5.58178,2.33995,-2.26727,-3.56171,3.64246,0.73058,-0.227008,0.700719,-0.186532,0.0464836,0.981136,0.0204042,-0.0,-0.0,0.0,0.252443,0.117083,0.956188,-0.0909307
4.591564655303955,-3.78446,-5.58178,2.33995,-2.26727,-3.56171,3.64246,0.73058,-0.227008,0.700719,-0.186532,0.0464836,0.981136,0.0204042,-0.0,-0.0,0.0,0.252443,0.117083,0.956188,-0.0909307
4.611495018005371,-3.78446,-5.58178,2.33995,-2.26727,-3.56171,3.64246,0.73058,-0.227008,0.700719,-0.186532,0.0464836,0.981136,0.0204042,-0.0,-0.0,0.0,0.252443,0.117083,0.956188,-0.0909307
4.631423711776733,-3.78446,-5.58178,2.33995,-2.26727,-3.56171,3.64246,0.73058,-0.227008,0.700719,-0.186532,0.0464836,0.981136,0.0204042,-0.0,-0.0,0.0,0.252443,0.117083,0.956188,-0.0909307
4.650445938110352,-3.78446,-5.58178,2.33995,-2.26727,-3.56171,3.64246,0.73058,-0.227008,0.700719,-0.186532,0.0464836,0.981136,0.0204042,-0.0,-0.0,0.0,0.252443,0.117083,0.956188,-0.0909307
4.67125678062439,-3.78446,-5.58178,2.33995,-2.26727,-3.56171,3.64246,0.73058,-0.227008,0.700719,-0.186532,0.0464836,0.981136,0.0204042,-0.0,-0.0,0.0,0.252443,0.117083,0.956188,-0.0909307
4.700491189956665,-3.78446,-5.58178,2.33995,-2.26727,-3.56171,3.64246,0.73058,-0.227008,0.700719,-0.186532,0.0464836,0.981136,0.0204042,-0.0,-0.0,0.0,0.252443,0.117083,0.956188,-0.0909307
4.71709132194519,-3.78446,-5.58178,2.33995,-2.26727,-3.56171,3.64246,0.73058,-0.227008,0.700719,-0.186532,0.0464836,0.981136,0.0204042,-0.0,-0.0,0.0,0.252443,0.117083,0.956188,-0.0909307
4.733591079711914,-3.78446,-5.58178,2.33995,-2.26727,-3.56171,3.64246,0.73058,-0.227008,0.700719,-0.186532,0.0464836,0.981136,0.0204042,-0.0,-0.0,0.0,0.252443,0.117083,0.956188,-0.0909307
4.750424385070801,-3.78446,-5.58178,2.33995,-2.26727,-3.56171,3.64246,0.73058,-0.227008,0.700719,-0.186532,0.0464836,0.981136,0.0204042,-0.0,-0.0,0.0,0.252443,0.117083,0.956188,-0.0909307
4.771782875061035,-3.78446,-5.58178,2.33995,-2.26727,-3.56171,3.64246,0.73058,-0.227008,0.700719,-0.186532,0.0464836,0.981136,0.0204042,-0.0,-0.0,0.0,0.252443,0.117083,0.956188,-0.0909307
4.791022300720215,-3.78446,-5.58178,2.33995,-2.26727,-3.56171,3.64246,0.73058,-0.227008,0.700719,-0.186532,0.0464836,0.981136,0.0204042,-0.0,-0.0,0.0,0.252443,0.117083,0.956188,-0.0909307
4.811848402023315,-3.78446,-5.58178,2.33995,-2.26727,-3.56171,3.64246,0.73058,-0.227008,0.700719,-0.186532,0.0464836,0.981136,0.0204042,-0.0,-0.0,0.0,0.252443,0.117083,0.956188,-0.0909307
4.830889940261841,-3.78446,-5.58178,2.33995,-2.26727,-3.56171,3.64246,0.73058,-0.227008,0.700719,-0.186532,0.0464836,0.981136,0.0204042,-0.0,-0.0,0.0,0.252443,0.117083,0.956188,-0.0909307
4.851366281509399,-3.78446,-5.58178,2.33995,-2.26727,-3.56171,3.64246,0.73058,-0.227008,0.700719,-0.186532,0.0464836,0.981136,0.0204042,-0.0,-0.0,0.0,0.252443,0.117083,0.956188,-0.0909307
4.8714001178741455,-3.78446,-5.58178,2.33995,-2.26727,-3.56171,3.64246,0.73058,-0.227008,0.700719,-0.186532,0.0464836,0.981136,0.0204042,-0.0,-0.0,0.0,0.252443,0.117083,0.956188,-0.0909307
4.891345977783203,-3.78446,-5.58178,2.33995,-2.26727,-3.56171,3.64246,0.73058,-0.227008,0.700719,-0.186532,0.0464836,0.981136,0.0204042,-0.0,-0.0,0.0,0.252443,0.117083,0.956188,-0.0909307
