# Timestamp, Fx, Fy, Fz, Tx, Ty, Tz, FemurPosX, FemurPosY, FemurPosZ, FemurQuatW, FemurQuatX, FemurQuatY, FemurQuatZ, TibiaPosX, TibiaPosY, TibiaPosZ, TibiaQuatW, TibiaQuatX, TibiaQuatY, TibiaQuatZ
0.018140554428100586,1.6561831063802908,-3.3027719168152005,-0.7499850549665562,1.993138256611502,-1.6251581291592736,-2.1887470145362435,0.0,50.0,20.0,1.0,0.0,0.0,0.0,-387.5521707049501,70.0,64.85761806105434,0.9621392361268344,0.0,0.2725584163170745,0.0
0.03516077995300293,1.432479064361087,-4.071335385528293,-1.3354958352954514,1.8750524684857315,-1.74155621553645,-2.2486412046224067,0.0,50.0,20.0,1.0,0.0,0.0,0.0,-390.77121211284805,70.0,62.95675532724094,0.9670657802671933,0.0,0.2545265735364477,0.0
0.06711006164550781,2.1318918828469045,-4.439477369108592,-1.8614772837810132,1.916675540881374,-1.5740587871108918,-2.0597013546404765,0.0,50.0,20.0,1.0,0.0,0.0,0.0,-392.3847816365274,70.0,62.06371067529162,0.9693716762024471,0.0,0.2455983578456055,0.0
0.10042858123779297,1.460184155990079,-5.17567980134246,-2.101746099675856,1.8158947670987193,-1.5940969959555134,-1.876712020938072,0.0,50.0,20.0,1.0,0.0,0.0,0.0,-393.9983302106686,70.0,61.208973558172474,0.9715735341234536,0.0,0.23673797285366444,0.0
0.12046575546264648,1.6897304641062072,-5.304609203292246,-2.3769731841349917,1.6576082099954943,-1.7465506760284502,-1.7641843221809927,0.0,50.0,20.0,1.0,0.0,0.0,0.0,-395.60981808952033,70.0,60.392457069984744,0.9736722829833846,0.0,0.22795237517938646,0.0
0.15044927597045898,1.1417766917728462,-5.663865139892238,-3.038631934890042,1.822515742217531,-1.5642181343197854,-1.8091700896493526,0.0,50.0,20.0,1.0,0.0,0.0,0.0,-397.21721236185084,70.0,59.61397739744805,0.9756690591654322,0.0,0.2192484594865841,0.0
0.18375086784362793,1.7327349251545183,-5.074966505405625,-3.120667060280132,1.7876369126975034,-1.6082462941181876,-1.8023324974872732,0.0,50.0,20.0,1.0,0.0,0.0,0.0,-400.4116538867247,70.0,58.16992403348715,0.9793622311650395,0.0,0.20211288966178229,0.0
0.21713757514953613,1.688926189672805,-5.4048666805833445,-3.0787446078492766,1.7042707645219428,-1.5885757937347793,-1.73507881851256,0.0,50.0,20.0,1.0,0.0,0.0,0.0,-401.9947156776376,70.0,57.503522426114,0.9810618675034872,0.0,0.19369463629788522,0.0
0.2504258155822754,0.9012087310100263,-4.984723257375894,-3.832532501129812,1.806824913843301,-1.4816665038451324,-1.7452005600698122,0.0,50.0,20.0,1.0,0.0,0.0,0.0,-403.56572234488283,70.0,56.87350853946107,0.9826659947829144,0.0,0.1853848502367585,0.0
0.2723042964935303,1.6739015706614042,-4.5945196740323215,-3.347911156049576,1.8570158698087127,-1.619203122747278,-1.6290264867628286,0.0,50.0,20.0,1.0,0.0,0.0,0.0,-405.1227495178763,70.0,56.279258438661515,0.9841766649370897,0.0,0.177189988975979,0.0
0.31716132164001465,1.908957675608493,-4.851922853067159,-3.3693686904217337,1.7159042451923605,-1.49319082345899,-1.5829851090390836,0.0,50.0,20.0,1.0,0.0,0.0,0.0,-408.187346149598,70.0,55.19517388342247,0.9869266085089041,0.0,0.16117031183537597,0.0
0.33425235748291016,1.7386044389598956,-5.587836458493472,-3.9615273288578563,1.8301537604240878,-1.4609557193490714,-1.3836667149201378,0.0,50.0,20.0,1.0,0.0,0.0,0.0,-409.6912560860348,70.0,54.703724929262435,0.9881707217650642,0.0,0.15335783203446826,0.0
0.3671426773071289,2.2713340778550126,-5.132330153748866,-3.648247775151238,1.8111988532316754,-1.2840719842536,-1.5015679277324647,0.0,50.0,20.0,1.0,0.0,0.0,0.0,-411.1738740868326,70.0,54.2448201670624,0.9893310361879324,0.0,0.14568493688543102,0.0
0.40048718452453613,2.1597884971874266,-4.740679225232498,-4.245797042428431,1.6772891982078029,-1.0914709052680567,-1.5079189456977626,0.0,50.0,20.0,1.0,0.0,0.0,0.0,-412.6334847957776,70.0,53.81749719633481,0.9904102756021497,0.0,0.13815746806334442,0.0
0.42426466941833496,1.8762388263680383,-4.593991771994537,-3.696614830353316,1.8341289110773558,-0.9185631544579064,-1.4784267498750068,0.0,50.0,20.0,1.0,0.0,0.0,0.0,-414.06842346329285,70.0,53.420740641062594,0.9914112652147378,0.0,0.13078112709910758,0.0
0.467041015625,1.5778837492200364,-4.7611320708602545,-3.1907189475939455,1.8269571831943239,-1.0233214703146176,-1.454552852164334,0.0,50.0,20.0,1.0,0.0,0.0,0.0,-416.8578915736003,70.0,52.7146320478729,0.9931902334198799,0.0,0.11650390654121637,0.0
0.5004367828369141,1.963610118063566,-4.476846091911115,-2.9146292250641928,1.707549498097036,-0.9590179353220387,-1.3662362683829712,0.0,50.0,20.0,1.0,0.0,0.0,0.0,-418.2093627421004,70.0,52.40303217878828,0.9939742648107438,0.0,0.10961368935466677,0.0
0.5172812938690186,1.7457165208033103,-5.060007677166729,-3.3372008284492907,1.845785099369629,-0.8815057635020402,-1.352606790215351,0.0,50.0,20.0,1.0,0.0,0.0,0.0,-419.53004814749005,70.0,52.117513971313926,0.994692128320834,0.0,0.10289591758942448,0.0
0.5504460334777832,1.0242833340452329,-4.561609544345196,-3.2844998473645646,1.9090901900020851,-0.8761183446481283,-1.1734868506414047,0.0,50.0,20.0,1.0,0.0,0.0,0.0,-420.81856275997757,70.0,51.85687764592427,0.9953469805903762,0.0,0.09635553035306972,0.0
0.5762307643890381,1.5392800833629916,-4.1972972052248645,-3.053488101431857,1.917996002398008,-1.0356850210955628,-0.9906696763153373,0.0,50.0,20.0,1.0,0.0,0.0,0.0,-422.0735806937275,70.0,51.61990297394651,0.9959420089193284,0.0,0.08999730479149091,0.0
0.608574390411377,0.9695561437702274,-3.6073304214170507,-3.568816953814438,1.9406260949574323,-1.1377725973570232,-1.1159393472346688,0.0,50.0,20.0,1.0,0.0,0.0,0.0,-424.47812081174175,70.0,51.211988245207024,0.9969654250644627,0.0,0.0778456243216992,0.0
0.6378860473632812,0.442855131703924,-2.8140639665183977,-3.056892133962087,2.0103359830972765,-1.191078489151493,-1.2651085610557224,0.0,50.0,20.0,1.0,0.0,0.0,0.0,-425.62528920358295,70.0,51.03855452996167,0.9974002342842073,0.0,0.0720608954274669,0.0
0.6680865287780762,0.25480601225632693,-3.128877624066113,-3.808934950796698,2.1213431460669625,-0.9942103867364429,-1.3055001036416078,0.0,50.0,20.0,1.0,0.0,0.0,0.0,-426.73425286901954,70.0,50.883805798159884,0.997788039119131,0.0,0.0664757774742007,0.0
0.7004232406616211,-0.28647518842843456,-2.6945105621128103,-4.30649772299431,2.3202096101521335,-1.171988002082087,-1.3383196068628593,0.0,50.0,20.0,1.0,0.0,0.0,0.0,-427.80398254714646,70.0,50.74650052371105,0.9981320039861685,0.0,0.061094211006896805,0.0
0.7336788177490234,-0.8886245873683145,-3.2487453043689514,-4.935715922461685,2.290984022160535,-1.0488618360454909,-1.5326811179466562,0.0,50.0,20.0,1.0,0.0,0.0,0.0,-429.82191142446084,70.0,50.5193158801746,0.9987008664255413,0.0,0.05095664236263065,0.0
0.7670865058898926,-0.7881244260372322,-2.584441956431112,-5.187254597429296,2.4810888644774582,-1.1920714517970938,-1.4727968134437919,0.0,50.0,20.0,1.0,0.0,0.0,0.0,-430.7683376767547,70.0,50.427029718153065,0.9989318552380011,0.0,0.0462076680948661,0.0
0.8005602359771729,-0.6922110382460818,-2.6318201224601285,-5.226879783340153,2.5,-1.083481340366713,-1.4941234618054788,0.0,50.0,20.0,1.0,0.0,0.0,0.0,-431.67198173777,70.0,50.347382814980904,0.999131165525876,0.0,0.041676301118315495,0.0
0.8203911781311035,-1.4210670670118284,-3.117240007342337,-5.745025606698549,2.5,-1.087595652708187,-1.3168009886493264,0.0,50.0,20.0,1.0,0.0,0.0,0.0,-432.53209303254164,70.0,50.27923804179298,0.9993016610568778,0.0,0.03736562871095501,0.0
0.850440502166748,-1.7888860865715275,-2.7088134818837117,-6.5198890512919885,2.4919308864399925,-1.145768859791324,-1.319493916711327,0.0,50.0,20.0,1.0,0.0,0.0,0.0,-433.34797286953585,70.0,50.2214926196249,0.9994461150566726,0.0,0.03327856815015455,0.0
0.8836619853973389,-2.4670079032158982,-2.5269890413427034,-7.080039059738216,2.394650965389669,-1.0433630672661383,-1.2792271441232734,0.0,50.0,20.0,1.0,0.0,0.0,0.0,-434.84449376198194,70.0,50.132984647433474,0.9996674830976712,0.0,0.025786105506016246,0.0
0.9171638488769531,-2.707363183591234,-3.2325526045140704,-7.280710073383455,2.3641496238048614,-1.2171613640777088,-1.3815184660527045,0.0,50.0,20.0,1.0,0.0,0.0,0.0,-435.52398310476383,70.0,50.10022386034311,0.9997494089512053,0.0,0.022385694130751137,0.0
0.9504692554473877,-2.811714302409115,-2.7880867899407717,-6.618691623632703,2.2948633426469347,-1.3217903158360809,-1.3393458388536907,0.0,50.0,20.0,1.0,0.0,0.0,0.0,-436.1569343884668,70.0,50.07387305261226,0.9998153003114819,0.0,0.019218877778405318,0.0
0.9723162651062012,-3.0489544362525467,-3.509330498329513,-6.564106125092177,2.491674493997105,-1.2542654799721693,-1.2889683464216555,0.0,50.0,20.0,1.0,0.0,0.0,0.0,-436.7428851036248,70.0,50.0530580630312,0.9998673460438859,0.0,0.016287735114374927,0.0
1.017080307006836,-2.2742099139710854,-3.8206434108537297,-5.7653645352242835,2.5,-1.2481660921672875,-1.097440884686612,0.0,50.0,20.0,1.0,0.0,0.0,0.0,-437.7721458474842,70.0,50.02481975072453,0.9999379486980066,0.0,0.011139962011725976,0.0
1.0341765880584717,-2.3721903621735665,-4.5392338121139355,-6.258556715676632,2.486017391307604,-1.1369582366048177,-1.1253941505269707,0.0,50.0,20.0,1.0,0.0,0.0,0.0,-438.2147374456131,70.0,50.015937081893384,0.9999601565015144,0.0,0.008926668441635192,0.0
1.0675089359283447,-2.4805230178825703,-5.303138095920082,-6.138621920647198,2.4298336506045897,-1.0328138781622058,-1.1493362450940008,0.0,50.0,20.0,1.0,0.0,0.0,0.0,-438.6088887970115,70.0,50.00967642006093,0.9999758086572371,0.0,0.006955724283252805,0.0
1.1005127429962158,-2.7541552739520085,-5.5445528193232105,-6.236888033883206,2.5,-1.1318744040171411,-0.9770375284546248,0.0,50.0,20.0,1.0,0.0,0.0,0.0,-438.95433556001933,70.0,50.00546722005768,0.9999863318564467,0.0,0.005228393662338532,0.0
1.1243445873260498,-2.661463245794956,-6.259275619295975,-5.857098229243878,2.3178869497953105,-1.3287768428482776,-0.8141861698960909,0.0,50.0,20.0,1.0,0.0,0.0,0.0,-439.2508491336399,70.0,50.00280617447591,0.9999929845392018,0.0,0.00374578061017755,0.0
1.1671059131622314,-3.41056808079316,-6.460291992008033,-5.4531025440414025,2.329586374271323,-1.4875980964656197,-0.9603811806559691,0.0,50.0,20.0,1.0,0.0,0.0,0.0,-439.6963348389019,70.0,50.00046106371322,0.9999988473400526,0.0,0.0015183275556058294,0.0
1.2003414630889893,-3.9754461770540486,-5.691550029515301,-5.022476502932455,2.341696927921432,-1.5896427757668068,-0.9359510702835907,0.0,50.0,20.0,1.0,0.0,0.0,0.0,-439.8450196752071,70.0,50.00012009457748,0.9999996997635112,0.0,0.0007749018566182683,0.0
1.2175254821777344,-3.510067408159263,-4.899875038246831,-4.844522722073947,2.1575997287630466,-1.459932606935407,-1.120025670160164,0.0,50.0,20.0,1.0,0.0,0.0,0.0,-439.94419531458277,70.0,50.000015570815776,0.9999999610729597,0.0,0.0002790234379476747,0.0
1.2504241466522217,-2.980062301223698,-4.9656051476214005,-4.655158416708196,2.179405919949886,-1.470743230433912,-1.083988258187151,0.0,50.0,20.0,1.0,0.0,0.0,0.0,-439.9937988262723,70.0,50.00000019227278,0.9999999995193181,0.0,3.100586865315489e-05,0.0
1.2762281894683838,-2.5757671797785013,-5.350905157144009,-4.515427623631274,2.1196936486355966,-1.5962162000724385,-1.210986191628753,0.0,50.0,20.0,1.0,0.0,0.0,0.0,-439.9937988262731,70.0,50.00000019227278,0.9999999995193181,0.0,3.100586864931824e-05,0.0
1.3076109886169434,-2.6325427096103278,-5.260204300876361,-4.947005969121899,2.25325094184931,-1.5532072090468232,-1.1422061069005833,0.0,50.0,20.0,1.0,0.0,0.0,0.0,-439.84501967521095,70.0,50.00012009457747,0.9999996997635112,0.0,0.0007749018565989542,0.0
1.337888479232788,-2.5711658110632856,-4.992401090262782,-4.805643463726818,2.2294065926645494,-1.7296467276915506,-1.260255719264558,0.0,50.0,20.0,1.0,0.0,0.0,0.0,-439.69633483890726,70.0,50.0004610637132,0.9999988473400526,0.0,0.0015183275555789293,0.0
1.3683176040649414,-1.9803828623453514,-4.405944080302401,-5.5683703776717675,2.0526991062667044,-1.641948094522907,-1.3659154928904418,0.0,50.0,20.0,1.0,0.0,0.0,0.0,-439.4982356070833,70.0,50.00125884545345,0.9999968528814142,0.0,0.0025088298601685564,0.0
1.4004356861114502,-2.6369259172795587,-5.1376058826167865,-5.280876950107186,2.1381823340260815,-1.4759412270200438,-1.3336982161795836,0.0,50.0,20.0,1.0,0.0,0.0,0.0,-439.2508491336484,70.0,50.00280617447585,0.999992984539202,0.0,0.003745780610135129,0.0
1.4337122440338135,-3.3852546028837023,-5.232648091341559,-6.0174198680556215,2.055006924288488,-1.5553121223627493,-1.4192927892116753,0.0,50.0,20.0,1.0,0.0,0.0,0.0,-438.60888879702304,70.0,50.00967642006077,0.9999758086572376,0.0,0.006955724283195126,0.0
1.4670536518096924,-2.770025786795361,-5.638571179959553,-6.2449322852038085,2.006681565759874,-1.3618390817153436,-1.224826698406362,0.0,50.0,20.0,1.0,0.0,0.0,0.0,-438.2147374456261,70.0,50.01593708189314,0.9999601565015149,0.0,0.008926668441569972,0.0
1.5004537105560303,-3.383621784173405,-5.350154520951777,-6.827885842925706,2.1363587406620947,-1.2115018426359598,-1.408785122401816,0.0,50.0,20.0,1.0,0.0,0.0,0.0,-437.77214584749873,70.0,50.02481975072422,0.9999379486980075,0.0,0.011139962011653215,0.0
1.5200951099395752,-3.9158010271428054,-5.159286963470456,-6.441538736949077,2.0763449697310667,-1.0116386240651822,-1.580937973287193,0.0,50.0,20.0,1.0,0.0,0.0,0.0,-437.28141525428623,70.0,50.03696034543381,0.9999075948670612,0.0,0.013594179900569759,0.0
1.5505115985870361,-3.683333665268602,-4.649747127300238,-6.675472648649991,2.2578002867916642,-0.8884433407269665,-1.5932828684639035,0.0,50.0,20.0,1.0,0.0,0.0,0.0,-436.7428851036424,70.0,50.05305806303065,0.9998673460438874,0.0,0.016287735114287268,0.0
1.5837268829345703,-3.318205813172159,-4.762707069335405,-6.5707055657629745,2.280694862504235,-1.0374318841588164,-1.7584624272647145,0.0,50.0,20.0,1.0,0.0,0.0,0.0,-435.5239831047843,70.0,50.1002238603422,0.9997494089512077,0.0,0.022385694130648753,0.0
1.617107629776001,-2.791355640363368,-4.0186673780349835,-5.866316659413627,2.1797860182310758,-0.894941888701593,-1.6274090614480017,0.0,50.0,20.0,1.0,0.0,0.0,0.0,-434.8444937620038,70.0,50.13298464743235,0.999667483097674,0.0,0.02578610550590663,0.0
1.6503307819366455,-3.563109366123165,-4.101444793144821,-6.354044362231882,2.070671310738803,-1.0660106366138424,-1.6184037955274113,0.0,50.0,20.0,1.0,0.0,0.0,0.0,-434.1189729392998,70.0,50.17308218365494,0.999567200883325,0.0,0.029417867330496117,0.0
1.68367600440979,-3.5467557052426266,-3.4820568201675925,-6.380309962063039,2.2475390982599572,-1.1296041381800164,-1.7994054950268727,0.0,50.0,20.0,1.0,0.0,0.0,0.0,-433.3479728695606,70.0,50.22149261962325,0.9994461150566767,0.0,0.03327856815003067,0.0
1.7170915603637695,-3.2682087997610365,-4.039639748225632,-5.965005284976864,2.2185079908031065,-1.0720122516482782,-1.9403543919512152,0.0,50.0,20.0,1.0,0.0,0.0,0.0,-431.6719817377975,70.0,50.3473828149786,0.9991311655258818,0.0,0.04167630111817767,0.0
1.7340853214263916,-3.0771152434723956,-4.31004692471422,-6.558425361394714,2.311276128784563,-1.1129563740234167,-2.104515571800266,0.0,50.0,20.0,1.0,0.0,0.0,0.0,-430.7683376767836,70.0,50.42702971815038,0.9989318552380078,0.0,0.04620766809472147,0.0
1.7670598030090332,-3.5240142864389434,-3.794700264175643,-6.6167997270154935,2.287852349411878,-1.2014433875629682,-2.2956998954334895,0.0,50.0,20.0,1.0,0.0,0.0,0.0,-429.821911424491,70.0,50.51931588017152,0.998700866425549,0.0,0.05095664236247926,0.0
1.8004684448242188,-3.794038091228314,-3.818220697384303,-7.355545063397404,2.1789051897443965,-1.181909276386251,-2.396796083157783,0.0,50.0,20.0,1.0,0.0,0.0,0.0,-428.83350686881965,70.0,50.62540852334887,0.9984352544773525,0.0,0.055919966172596765,0.0
1.8241722583770752,-4.374321001845691,-3.1571787309360078,-7.556379311983609,2.2112979642894666,-1.0706047012215658,-2.5,0.0,50.0,20.0,1.0,0.0,0.0,0.0,-427.8039825471792,70.0,50.74650052370703,0.9981320039861786,0.0,0.06109421100673227,0.0
1.867060899734497,-3.9834193393401343,-2.6588221150656115,-7.744952707065509,2.3952463822914067,-1.2461994063844066,-2.5,0.0,50.0,20.0,1.0,0.0,0.0,0.0,-425.62528920361814,70.0,51.038554529956556,0.9974002342842201,0.0,0.07206089542728963,0.0
1.9004154205322266,-3.7306426715723524,-1.9406316207049332,-7.8543085700767525,2.2500072705678047,-1.4267870494238593,-2.5,0.0,50.0,20.0,1.0,0.0,0.0,0.0,-424.47812081177807,70.0,51.21198824520131,0.996965425064477,0.0,0.07784562432151583,0.0
1.9170360565185547,-4.081302847499041,-1.840814250510583,-7.718657681752187,2.2328589030275694,-1.433392601629421,-2.5,0.0,50.0,20.0,1.0,0.0,0.0,0.0,-423.2938356024744,70.0,51.40535475431311,0.9964804193903835,0.0,0.08382585383737842,0.0
1.9504187107086182,-4.418749072630183,-2.4412533465913553,-7.131012525113382,2.1090832994713984,-1.4675646508841962,-2.469530309151413,0.0,50.0,20.0,1.0,0.0,0.0,0.0,-422.0735806937661,70.0,51.619902973939475,0.995942008919346,0.0,0.0899973047912956,0.0
1.9759588241577148,-5.084145749325645,-3.189866331422261,-7.735552137180196,2.0872579314369704,-1.334288735848542,-2.4773308713132978,0.0,50.0,20.0,1.0,0.0,0.0,0.0,-420.8185627600172,70.0,51.856877645916526,0.9953469805903956,0.0,0.09635553035286867,0.0
2.008392572402954,-5.848586616203156,-3.8751437734800303,-7.18094263456335,1.8951519897554305,-1.33952874627645,-2.5,0.0,50.0,20.0,1.0,0.0,0.0,0.0,-418.209362742142,70.0,52.40303217877897,0.9939742648107672,0.0,0.1096136893544547,0.0
2.0379445552825928,-6.055098672484816,-4.157742048195595,-7.289191214423162,2.0336120439547125,-1.3224485298504371,-2.4212670279397206,0.0,50.0,20.0,1.0,0.0,0.0,0.0,-416.85789157364286,70.0,52.714632047862764,0.9931902334199054,0.0,0.11650390654099894,0.0
2.0682373046875,-6.2657222364113565,-4.655513940478393,-7.820093763501995,2.2168747631322425,-1.3210508370769687,-2.4446983540641165,0.0,50.0,20.0,1.0,0.0,0.0,0.0,-415.4770781434164,70.0,53.05348740869586,0.9923369200813404,0.0,0.12356147070781924,0.0
2.1004981994628906,-6.012101656683077,-5.406144425600054,-7.9141269296482335,2.2799324011064135,-1.1447023672185828,-2.5,0.0,50.0,20.0,1.0,0.0,0.0,0.0,-414.0684234633372,70.0,53.420740641050685,0.9914112652147677,0.0,0.13078112709888007,0.0
2.1343326568603516,-5.251587855308356,-6.007352269684241,-7.3353739624813405,2.4597740552606204,-1.083770806058404,-2.5,0.0,50.0,20.0,1.0,0.0,0.0,0.0,-411.17387408687847,70.0,54.24482016704859,0.9893310361879672,0.0,0.14568493688519404,0.0
2.1670711040496826,-5.773930673831439,-5.394408685038513,-7.35938183169661,2.5,-1.1255041384878988,-2.3935986444049777,0.0,50.0,20.0,1.0,0.0,0.0,0.0,-409.69125608608135,70.0,54.70372492924763,0.9881707217651016,0.0,0.15335783203422687,0.0
2.2005186080932617,-5.883266126278252,-6.065503370153065,-7.075900514373778,2.5,-1.194210656162881,-2.5,0.0,50.0,20.0,1.0,0.0,0.0,0.0,-408.1873461496452,70.0,55.19517388340664,0.9869266085089442,0.0,0.16117031183513034,0.0
2.220205307006836,-5.98677781290272,-5.739339481451044,-6.376110302596176,2.306103486683705,-1.3474567953031413,-2.5,0.0,50.0,20.0,1.0,0.0,0.0,0.0,-406.6639077250282,70.0,55.72007132037824,0.9855960853200001,0.0,0.16911639956518465,0.0
2.2504401206970215,-5.774684036318465,-5.693627581404052,-6.039390010409058,2.3599730028881725,-1.3776526312146742,-2.369121876787611,0.0,50.0,20.0,1.0,0.0,0.0,0.0,-405.12274951792455,70.0,56.27925843864354,0.9841766649371353,0.0,0.1771899889757254,0.0
2.283759832382202,-5.753266037158702,-5.2888095152513825,-5.6206191053291406,2.3649025602777467,-1.5333635923455242,-2.5,0.0,50.0,20.0,1.0,0.0,0.0,0.0,-401.99471567768654,70.0,57.503522426093895,0.9810618675035385,0.0,0.19369463629762565,0.0
2.3170902729034424,-6.220737070903548,-5.548725210077193,-5.669042701730233,2.349909878185849,-1.621129468912871,-2.49111184708237,0.0,50.0,20.0,1.0,0.0,0.0,0.0,-400.4116538867742,70.0,58.16992403346582,0.9793622311650939,0.0,0.2021128896615183,0.0
2.3504273891448975,-6.659038829553134,-5.809467111906087,-5.374022334463991,2.3113226855928803,-1.435338427453288,-2.5,0.0,50.0,20.0,1.0,0.0,0.0,0.0,-398.81849219622256,70.0,58.87325631293842,0.9775651990712987,0.0,0.21063304955465112,0.0
2.372251272201538,-7.4074577607647765,-5.180282767009822,-5.814117769807783,2.4847445945508286,-1.3092255485438389,-2.432267402497989,0.0,50.0,20.0,1.0,0.0,0.0,0.0,-397.21721236190086,70.0,59.61397739742439,0.9756690591654928,0.0,0.21924845948631413,0.0
2.417052745819092,-7.386217736455753,-5.107106924393574,-6.55066388100146,2.5,-1.1662978179030143,-2.2661655714196196,0.0,50.0,20.0,1.0,0.0,0.0,0.0,-393.9983302107189,70.0,61.208973558146425,0.9715735341235207,0.0,0.2367379728533894,0.0
2.4341304302215576,-7.2977125167958175,-5.178483853828248,-6.150349992968133,2.5,-1.1299376489098698,-2.1889289562908365,0.0,50.0,20.0,1.0,0.0,0.0,0.0,-392.3847816365777,70.0,62.063710675264375,0.9693716762025173,0.0,0.24559835784532816,0.0
2.467097759246826,-6.792683665557275,-4.590759779094877,-5.379658198592707,2.5,-1.32973297606405,-2.3508725763640497,0.0,50.0,20.0,1.0,0.0,0.0,0.0,-390.77121211289807,70.0,62.95675532721263,0.9670657802672664,0.0,0.25452657353616964,0.0
2.500436782836914,-6.147260383836395,-4.805472897308289,-5.281750012311347,2.375350345509302,-1.5223330103966302,-2.4871288017526076,0.0,50.0,20.0,1.0,0.0,0.0,0.0,-389.15966280006575,70.0,63.88809540256946,0.9646551316336593,0.0,0.2635156105676612,0.0
2.524256467819214,0.22239856296504712,-3.648193671868082,-11.550422312934,1.727319323033858,-1.6642666538866635,-0.21858879999923309,0.0,50.0,20.0,1.0,0.0,0.0,0.0,-387.5521707050001,70.0,64.85761806102353,0.9621392361269144,0.0,0.27255841631679184,0.0
2.5671181678771973,0.009063463643226632,-3.085285995992601,-10.949245332058869,1.7843111068653246,-1.781164386790117,-0.2940457595958209,0.0,50.0,20.0,1.0,0.0,0.0,0.0,-384.35745120884525,70.0,66.91024874255571,0.956790863400786,0.0,0.2907769655814892,0.0
2.6004204750061035,-0.5428096442052575,-2.3369923984071566,-11.344321534077094,1.8275891338296195,-1.6357335750881898,-0.18850904231929927,0.0,50.0,20.0,1.0,0.0,0.0,0.0,-382.7742254388422,70.0,67.99261785744196,0.9539585476910358,0.0,0.2999384758366452,0.0
2.61711049079895,-0.7169275856343849,-2.6375403651270757,-11.567672288388064,1.818009259209194,-1.8312813229809866,0.0028592712773020112,0.0,50.0,20.0,1.0,0.0,0.0,0.0,-381.203048444273,70.0,69.1116912789401,0.9510213160625263,0.0,0.30912530856385817,0.0
2.6502745151519775,-0.601361986990201,-3.324025983896492,-11.952578448652988,1.7887678245943954,-1.9177731280166492,-0.06638979094975117,0.0,50.0,20.0,1.0,0.0,0.0,0.0,-379.6458498002894,70.0,70.26684156719504,0.9479798479735868,0.0,0.3183303438819103,0.0
2.6836893558502197,-1.21803301993581,-3.240689464277738,-12.168068485479628,1.7821910951416702,-2.073536493311398,-0.12868946490654223,0.0,50.0,20.0,1.0,0.0,0.0,0.0,-378.10452007255634,70.0,71.45733920631783,0.9448350670717143,0.0,0.3275464791927844,0.0
2.717161178588867,-0.985682742946461,-3.5325406588118518,-12.28506376920254,1.6127265503638224,-2.1312369021611026,0.02125683982558743,0.0,50.0,20.0,1.0,0.0,0.0,0.0,-375.0768001742241,70.0,73.94095632745325,0.9382404906860148,0.0,0.345983788113354,0.0
2.750457763671875,-0.7271316608398037,-3.7592281454432532,-12.790106459382256,1.6757174847344878,-2.279857504947793,-0.032914310147607345,0.0,50.0,20.0,1.0,0.0,0.0,0.0,-373.5939448769777,70.0,75.23212024540136,0.9347937733922884,0.0,0.35519093629625015,0.0
2.7683355808258057,-0.24832840321372185,-4.065140440073968,-13.0,1.738359821939007,-2.112279282352131,-0.13052454808245878,0.0,50.0,20.0,1.0,0.0,0.0,0.0,-372.1340173943223,70.0,76.55472510116223,0.9312498990572771,0.0,0.36438115415840483,0.0
2.800414562225342,-0.06023289868079207,-3.456241924781777,-12.286930879066391,1.6593636066684214,-2.2377257013306453,-0.15291007942081136,0.0,50.0,20.0,1.0,0.0,0.0,0.0,-370.6986295530165,70.0,77.9075589664911,0.9276110204000082,0.0,0.3735475804130653,0.0
2.833611249923706,0.6490236629226265,-4.227839784291675,-12.23472271953937,1.5587450555635631,-2.3929165448900753,-0.12821444452249184,0.0,50.0,20.0,1.0,0.0,0.0,0.0,-367.9075589665374,70.0,80.6986295529683,0.9200580700342552,0.0,0.3917820156220056,0.0
2.8671600818634033,1.044222405225258,-4.837632074382119,-11.935940854797504,1.3778104679767038,-2.3270515045907514,-0.16208562573865606,0.0,50.0,20.0,1.0,0.0,0.0,0.0,-366.5547251012075,70.0,82.13401739427326,0.9161495036448111,0.0,0.40083673356039395,0.0
2.900397300720215,0.7897804923534278,-4.117040041348965,-11.141324889937861,1.3506722546917702,-2.3944933741644485,-0.25944101559681004,0.0,50.0,20.0,1.0,0.0,0.0,0.0,-365.2321202454456,70.0,83.59394487692785,0.9121569358478621,0.0,0.40984109650526657,0.0
2.9203147888183594,1.0532585317414802,-4.599794450042339,-10.474170976012214,1.2830798854220251,-2.3929925870797017,-0.36348405769410264,0.0,50.0,20.0,1.0,0.0,0.0,0.0,-363.94095632749645,70.0,85.07680017417351,0.9080836961035763,0.0,0.41878873059201055,0.0
2.950427770614624,0.3760425236260899,-4.760321009279951,-11.14029494486497,1.3199030942454455,-2.5,-0.18322929669512383,0.0,50.0,20.0,1.0,0.0,0.0,0.0,-362.68235390507976,70.0,86.58090506526709,0.9039333353039175,0.0,0.42767338627314117,0.0
2.983642816543579,0.20743974671839216,-4.075875114200626,-11.593168439717713,1.328647441365217,-2.5,-0.26424199107815005,0.0,50.0,20.0,1.0,0.0,0.0,0.0,-360.2668415672346,70.0,89.64584980023716,0.8954165237468059,0.0,0.4452294341136779,0.0
3.017070770263672,0.33628285112108114,-4.019587257317825,-11.500313835507818,1.3029559784833689,-2.5,-0.06950280717396867,0.0,50.0,20.0,1.0,0.0,0.0,0.0,-359.1116912789786,70.0,91.20304844422006,0.8910582235628038,0.0,0.45388901971858747,0.0
3.050424337387085,0.2984558523932238,-3.6693196791188147,-11.964487701745403,1.2869678975615058,-2.381956378562777,-0.207330557722396,0.0,50.0,20.0,1.0,0.0,0.0,0.0,-357.9926178574792,70.0,92.77422543878879,0.8866390882462017,0.0,0.46246202784006385,0.0
3.072355270385742,0.8960646969097891,-3.4676125880411255,-11.164818661574337,1.2132811942751396,-2.5,-0.18871937034252934,0.0,50.0,20.0,1.0,0.0,0.0,0.0,-356.9102487425916,70.0,94.35745120879169,0.8821636718636976,0.0,0.4709429435122247,0.0
3.117126226425171,0.5323290144439417,-3.883471299100224,-11.13849848201085,1.3638589636408516,-2.5,-0.29666756672492006,0.0,50.0,20.0,1.0,0.0,0.0,0.0,-354.857618061057,70.0,97.55217070494572,0.8730630827582113,0.0,0.4876072738636378,0.0
3.134075164794922,0.8930875175068593,-3.946260165430188,-11.795572318071445,1.4150327632995365,-2.4331737641874533,-0.4270453484572728,0.0,50.0,20.0,1.0,0.0,0.0,0.0,-353.8880954026016,70.0,99.1596628000112,0.8684478602656258,0.0,0.4957805099033806,0.0
3.1670758724212646,0.6830656928631642,-3.6455945381585977,-11.881443810461601,1.2516280316437491,-2.454318256385066,-0.4280803606441842,0.0,50.0,20.0,1.0,0.0,0.0,0.0,-352.9567553272434,70.0,100.77121211284368,0.8637962372202033,0.0,0.5038413049405719,0.0
3.200468063354492,1.172041861707896,-3.0432908391456124,-11.758452110351564,1.4157362641983084,-2.2683496731084904,-0.259214968135484,0.0,50.0,20.0,1.0,0.0,0.0,0.0,-352.063710675294,70.0,102.38478163652306,0.8591135500138412,0.0,0.5117850214519915,0.0
3.224320650100708,0.4390282672861816,-2.9132548613003273,-11.649566916315862,1.5325870960353232,-2.2957283692590607,-0.3320689741514896,0.0,50.0,20.0,1.0,0.0,0.0,0.0,-351.20897355817476,70.0,103.99833021066425,0.8544052603692692,0.0,0.5196072084308696,0.0
3.267094135284424,0.5409418598032661,-3.5130345186257417,-11.15381291923157,1.378523987864662,-2.20036197902338,-0.23990804780087016,0.0,50.0,20.0,1.0,0.0,0.0,0.0,-349.61397739745007,70.0,107.21721236184652,0.8449342803974563,0.0,0.5348701354620883,0.0
3.3004274368286133,0.7195488882264519,-3.23782918096055,-11.861000724892904,1.2467789996440881,-2.088863720538588,-0.32160416484470467,0.0,50.0,20.0,1.0,0.0,0.0,0.0,-348.8732563129629,70.0,108.81849219616844,0.8401830389975495,0.0,0.5423029236329472,0.0
3.3171169757843018,1.340247461524449,-3.59925555226235,-12.556081143899291,1.195422139792946,-2.286658468586484,-0.47938492746370276,0.0,50.0,20.0,1.0,0.0,0.0,0.0,-348.169924033489,70.0,110.41165388672039,0.8354290697398541,0.0,0.5495982800497123,0.0
3.350435495376587,1.797467260109909,-3.026852098032358,-12.428202017114401,1.0096147719164854,-2.3649756311798775,-0.515565887021282,0.0,50.0,20.0,1.0,0.0,0.0,0.0,-347.50352242611575,70.0,111.99471567763335,0.8306782900809635,0.0,0.5567527084695383,0.0
3.3762288093566895,1.570868005058169,-2.8309511912419163,-13.0,0.9563384927954339,-2.3144012444065427,-0.6243266924385455,0.0,50.0,20.0,1.0,0.0,0.0,0.0,-346.8735085394627,70.0,113.5657223448786,0.8259366732841005,0.0,0.56376290382074,0.0
3.408374071121216,2.286024935840845,-3.401152605122327,-12.273038315682646,1.0332094895553263,-2.4609148252164443,-0.7409205867087002,0.0,50.0,20.0,1.0,0.0,0.0,0.0,-345.7200713203965,70.0,116.66390772497654,0.816505028383241,0.0,0.5773383224980676,0.0
3.4377832412719727,2.418442057393157,-3.9995159077923974,-11.804380752438504,1.1338841489727973,-2.5,-0.8633962521064401,0.0,50.0,20.0,1.0,0.0,0.0,0.0,-345.1951738834238,70.0,118.1873461495939,0.8118271178348445,0.0,0.5838978769853248,0.0
3.4681992530822754,2.714749294133779,-3.8504579535081787,-11.62763747377437,1.2467026524574292,-2.4440715202851258,-0.9097670954920313,0.0,50.0,20.0,1.0,0.0,0.0,0.0,-344.70372492926373,70.0,119.69125608603078,0.8071825813097345,0.0,0.5903018553504248,0.0
3.500410556793213,2.051513295075405,-4.288688146521038,-11.787560165961375,1.4319713171241304,-2.320107794020838,-1.0568039806196992,0.0,50.0,20.0,1.0,0.0,0.0,0.0,-344.2448201670636,70.0,121.17387408682868,0.8025774913152354,0.0,0.5965478777383617,0.0
3.5336878299713135,2.2904496418200946,-3.6344246752470974,-11.064081523177945,1.5547363572169974,-2.1357231600005084,-0.9519718514374611,0.0,50.0,20.0,1.0,0.0,0.0,0.0,-343.4207406410636,70.0,124.06842346328905,0.7935098504010866,0.0,0.6085574067550614,0.0
3.567298412322998,2.582758240105756,-3.694892273080729,-10.860662628433953,1.686165711626339,-2.067863066789347,-0.9236371656095665,0.0,50.0,20.0,1.0,0.0,0.0,0.0,-343.05348740870784,70.0,125.47707814336913,0.7890593192423205,0.0,0.6143170115802147,0.0
3.6004629135131836,1.8153074667607512,-4.316018043120887,-11.262784682133978,1.8119349836371264,-2.0194171203150915,-0.9110347253835425,0.0,50.0,20.0,1.0,0.0,0.0,0.0,-342.71463204787375,70.0,126.85789157359677,0.7846722514094762,0.0,0.6199108467094151,0.0
3.620227098464966,2.421010046596311,-5.012635497762601,-11.04602651898519,1.7722113479525916,-2.1411322024466344,-0.9666517763204723,0.0,50.0,20.0,1.0,0.0,0.0,0.0,-342.4030321787891,70.0,128.20936274209677,0.7803545260261622,0.0,0.6253373599190151,0.0
3.650426149368286,2.7392504651500578,-4.978201751476418,-10.438655789286464,1.850904654369483,-1.9629102587057692,-1.124054132607413,0.0,50.0,20.0,1.0,0.0,0.0,0.0,-342.1175139713147,70.0,129.53004814748653,0.7761119502124467,0.0,0.6305951480446331,0.0
3.6836864948272705,3.515719804048369,-4.22801532184257,-10.171308878312816,1.7610179515760405,-1.7832714230425304,-0.9405612019049492,0.0,50.0,20.0,1.0,0.0,0.0,0.0,-341.6199029739471,70.0,132.07358069372418,0.7678750526819966,0.0,0.6405996436688214,0.0
3.7170283794403076,3.8599484410396805,-4.234018329772852,-10.313501447316307,1.743041173892695,-1.8108617257687067,-1.0182765782108383,0.0,50.0,20.0,1.0,0.0,0.0,0.0,-341.40535475432,70.0,133.29383560243372,0.7638918915578509,0.0,0.6453442321832347,0.0
3.750403881072998,4.619920934504523,-3.8351657744637175,-9.990550833348056,1.8071507214119684,-1.9502990068610866,-1.0365152692621407,0.0,50.0,20.0,1.0,0.0,0.0,0.0,-341.2119882452075,70.0,134.47812081173856,0.7600061815151947,0.0,0.6499158438280243,0.0
3.7722599506378174,5.003177816336029,-4.385014659653061,-9.33942873759084,2.0029863483350105,-1.887313755312159,-0.9838399177340557,0.0,50.0,20.0,1.0,0.0,0.0,0.0,-341.0385545299621,70.0,135.62528920358008,0.7562232170345603,0.0,0.6543137214042667,0.0
3.8172028064727783,4.809774639398825,-4.3818957940278995,-9.772255867795584,1.9869781043203487,-1.793253948029102,-1.0984384566866208,0.0,50.0,20.0,1.0,0.0,0.0,0.0,-340.7465005237114,70.0,137.80398254714362,0.7489860394321659,0.0,0.6625857776437086,0.0
3.834415912628174,4.152020427681532,-3.915610780604154,-10.261428631015885,2.0053620814101407,-1.8228591870052373,-1.1836048900739724,0.0,50.0,20.0,1.0,0.0,0.0,0.0,-340.6254085233527,70.0,138.8335068687855,0.7455417263011324,0.0,0.6664589517321585,0.0
3.8670737743377686,4.357715897995515,-3.3502134328171973,-9.562315753962622,2.1957624340467,-1.9389065410973323,-1.2664380796820192,0.0,50.0,20.0,1.0,0.0,0.0,0.0,-340.5193158801749,70.0,139.82191142445828,0.7422199423875032,0.0,0.6701563676652572,0.0
3.9004366397857666,4.14799412936445,-3.5851632640854962,-9.101943142185837,2.270378638496106,-2.040027843922523,-1.2960759360304301,0.0,50.0,20.0,1.0,0.0,0.0,0.0,-340.4270297181533,70.0,140.76833767675222,0.7390252442347547,0.0,0.6736777333293428,0.0
3.9243249893188477,4.670389658974955,-3.280264301564369,-9.053479327208956,2.436206093330868,-1.9506637329314886,-1.3800081489018348,0.0,50.0,20.0,1.0,0.0,0.0,0.0,-340.3473828149811,70.0,141.67198173776762,0.7359620175737073,0.0,0.6770228273026236,0.0
3.9670863151550293,4.117376569492361,-3.0109774877779807,-8.364691343389364,2.3671780588993845,-2.0193862137551966,-1.4213676968444193,0.0,50.0,20.0,1.0,0.0,0.0,0.0,-340.22149261962505,70.0,143.34797286953372,0.7302466265942839,0.0,0.6831836241799628,0.0
4.0004425048828125,3.836329137097031,-2.364546216613963,-7.792636090448658,2.393973296472016,-1.9290046471055349,-1.264537438047222,0.0,50.0,20.0,1.0,0.0,0.0,0.0,-340.17308218365645,70.0,144.11897293927444,0.7276023194737822,0.0,0.6859991725187227,0.0
4.017127275466919,4.230787157256686,-2.203478581735404,-7.599475130632886,2.287355381598367,-1.9981124372590293,-1.1908257398531377,0.0,50.0,20.0,1.0,0.0,0.0,0.0,-340.13298464743355,70.0,144.84449376198017,0.7251051862937536,0.0,0.6886381261663493,0.0
4.050441026687622,4.862373138237824,-2.4640332422879343,-7.425442833746306,2.202627525290922,-1.809201263155518,-1.2057761261669335,0.0,50.0,20.0,1.0,0.0,0.0,0.0,-340.1002238603432,70.0,145.52398310476207,0.7227586626780683,0.0,0.6911005104352118,0.0
4.076184034347534,5.354379442669867,-2.4323843104855722,-7.836247687553489,2.324386712722786,-1.9820910851006592,-1.080245439161565,0.0,50.0,20.0,1.0,0.0,0.0,0.0,-340.0738730526123,70.0,146.15693438846515,0.7205659775882249,0.0,0.6933863799804015,0.0
4.108542442321777,5.104486048059316,-2.097020220417037,-7.823669330434848,2.2015804661706855,-2.1773895196782487,-0.9536035840378592,0.0,50.0,20.0,1.0,0.0,0.0,0.0,-340.0369603454343,70.0,147.28141525426886,0.7166539776828533,0.0,0.6974289040980051,0.0
4.13789176940918,4.520363798016873,-2.2464989314596835,-7.179696177939675,2.150811121306036,-2.3362033758122793,-0.8291460728553226,0.0,50.0,20.0,1.0,0.0,0.0,0.0,-340.0248197507246,70.0,147.77214584748296,0.7149400469707828,0.0,0.6991857616094701,0.0
4.168108940124512,4.528292982213123,-1.5835426122867902,-6.692924053416074,2.3101529425125813,-2.396672236733528,-0.9917315652701233,0.0,50.0,20.0,1.0,0.0,0.0,0.0,-340.0159370818934,70.0,148.21473744561195,0.7133907153670702,0.0,0.700766499790094,0.0
4.200474500656128,4.918659961390071,-1.6109190846044472,-6.914180794541361,2.4362738133476656,-2.4631824968827383,-1.13968251068938,0.0,50.0,20.0,1.0,0.0,0.0,0.0,-340.00967642006094,70.0,148.60888879701056,0.7120081151327892,0.0,0.7021712355152786,0.0
4.2338173389434814,5.663934874124008,-1.8042405991346193,-7.473167156740725,2.4463821382309474,-2.4723397178789654,-0.942456179840284,0.0,50.0,20.0,1.0,0.0,0.0,0.0,-340.00280617447595,70.0,149.25084913363918,0.7097504873769402,0.0,0.7044531536363478,0.0
4.267068862915039,5.240081837717164,-1.3930387986408908,-7.427979148692892,2.5,-2.3671098147556795,-0.9473298652402065,0.0,50.0,20.0,1.0,0.0,0.0,0.0,-340.0012588454535,70.0,149.49823560707577,0.7088785664446494,0.0,0.7053305452306591,0.0
4.300326824188232,5.279984043996219,-0.7918587726397168,-8.128606744593982,2.5,-2.207240700215678,-0.8328141379793562,0.0,50.0,20.0,1.0,0.0,0.0,0.0,-340.0004610637132,70.0,149.69633483890144,0.7081795858435153,0.0,0.7060323464222493,0.0
4.333652496337891,4.938085713972728,-1.4117588043846505,-8.680385647586094,2.3220816665533235,-2.3395942097170352,-0.6550599476557567,0.0,50.0,20.0,1.0,0.0,0.0,0.0,-340.0001200945775,70.0,149.84501967520677,0.7076545072448603,0.0,0.7065586305297203,0.0
4.350545167922974,4.813728542124585,-1.01975337168472,-8.544564028424233,2.381012741639932,-2.2818732192043516,-0.47922582988507084,0.0,50.0,20.0,1.0,0.0,0.0,0.0,-340.0000155708158,70.0,149.94419531458257,0.7073040530260569,0.0,0.7069094542958899,0.0
4.383841276168823,4.079600226793074,-0.8805447733493363,-8.61188580550308,2.4172076612189595,-2.2188692564962524,-0.3447629406290757,0.0,50.0,20.0,1.0,0.0,0.0,0.0,-340.00000019227275,70.0,149.99379882627318,0.7071287053066323,0.0,0.7070848563866758,0.0
4.417087554931641,4.496037491091299,-0.4748806187229051,-8.121040629500481,2.449792140541622,-2.054608124442146,-0.25305035009230953,0.0,50.0,20.0,1.0,0.0,0.0,0.0,-340.0000155708158,70.0,149.9441953145853,0.7073040530260473,0.0,0.7069094542958996,0.0
4.4504241943359375,4.043065538555006,-0.8673516984678504,-7.543522828600566,2.290202905897721,-2.205804121325232,-0.122177944131723,0.0,50.0,20.0,1.0,0.0,0.0,0.0,-340.0001200945775,70.0,149.84501967521132,0.7076545072448444,0.0,0.7065586305297363,0.0
4.472265720367432,3.703412464304643,-1.609712481327056,-6.75482584660006,2.0925583963172643,-2.40205152134979,-0.24302672629104277,0.0,50.0,20.0,1.0,0.0,0.0,0.0,-340.0004610637132,70.0,149.69633483890775,0.708179585843493,0.0,0.7060323464222718,0.0
4.5171473026275635,3.6789444561998192,-0.9752249133236159,-6.922554758703124,1.9038652711608632,-2.4279142323630096,-0.3774084483966903,0.0,50.0,20.0,1.0,0.0,0.0,0.0,-340.00280617447584,70.0,149.2508491336491,0.7097504873769053,0.0,0.7044531536363831,0.0
4.534312963485718,3.425762441956101,-1.3094119261126513,-6.901844126838872,1.9470531286613222,-2.4373592927593135,-0.34984078865234963,0.0,50.0,20.0,1.0,0.0,0.0,0.0,-340.00546722005754,70.0,148.95433556003013,0.7107941489628691,0.0,0.7034000837362409,0.0
4.567267894744873,2.6305702339545176,-1.7444676233195269,-6.85900142850143,1.781427157595381,-2.344115799542426,-0.4552519689704595,0.0,50.0,20.0,1.0,0.0,0.0,0.0,-340.00967642006077,70.0,148.608888797024,0.712008115132742,0.0,0.7021712355153265,0.0
4.600314140319824,3.3260526540641067,-0.9522671256780353,-6.821189497088218,1.5869956099618134,-2.3742723028688135,-0.5428152536873062,0.0,50.0,20.0,1.0,0.0,0.0,0.0,-340.0159370818931,70.0,148.21473744562724,0.7133907153670167,0.0,0.7007664997901485,0.0
4.6336424350738525,3.811420583160258,-1.3470278228201287,-6.462520124057029,1.412982563330242,-2.3144129578453394,-0.7351829513156903,0.0,50.0,20.0,1.0,0.0,0.0,0.0,-340.0248197507242,70.0,147.77214584749998,0.7149400469707233,0.0,0.699185761609531,0.0
4.666888952255249,4.6037423496697745,-1.4901072196412075,-5.875097641585128,1.4830493249973111,-2.4693390211468578,-0.8365911385848173,0.0,50.0,20.0,1.0,0.0,0.0,0.0,-340.05305806303056,70.0,146.74288510364386,0.7185301486241066,0.0,0.6954958127251517,0.0
4.700457811355591,4.711133719976424,-1.528703283898091,-5.187838474006209,1.6036984169960533,-2.3153924705453535,-0.6938800495327258,0.0,50.0,20.0,1.0,0.0,0.0,0.0,-340.0738730526115,70.0,146.15693438848743,0.7205659775881476,0.0,0.6933863799804818,0.0
4.717744588851929,4.15266973906195,-1.893607158560593,-5.153343428350628,1.7251306382352998,-2.371686298713549,-0.8230290002107123,0.0,50.0,20.0,1.0,0.0,0.0,0.0,-340.1002238603421,70.0,145.52398310478594,0.7227586626779857,0.0,0.6911005104352982,0.0
4.750413656234741,3.498409474269717,-1.3426762260568887,-5.851371961030992,1.7149138366058554,-2.19744945191737,-0.7106371105767986,0.0,50.0,20.0,1.0,0.0,0.0,0.0,-340.13298464743224,70.0,144.84449376200575,0.7251051862936654,0.0,0.6886381261664423,0.0
4.776207685470581,3.6557626637134417,-0.6279713400516234,-5.338974315311643,1.841836564399774,-2.324396818018876,-0.9014511570480852,0.0,50.0,20.0,1.0,0.0,0.0,0.0,-340.1730821836548,70.0,144.1189729393018,0.7276023194736881,0.0,0.6859991725188225,0.0
4.807584285736084,3.1560616865834668,-1.015000629161524,-4.5845774283542555,1.8046449555768591,-2.5,-0.9937221263437482,0.0,50.0,20.0,1.0,0.0,0.0,0.0,-340.27923804179085,70.0,142.53209303257,0.7330344704290175,0.0,0.6801914915395884,0.0
4.837886571884155,2.5888572672090184,-0.8678901166894432,-4.654475166687859,1.8534247004573388,-2.425784616382215,-1.192234175030078,0.0,50.0,20.0,1.0,0.0,0.0,0.0,-340.3473828149784,70.0,141.67198173779988,0.7359620175735977,0.0,0.6770228273027428,0.0
4.868201732635498,2.156886644468782,-0.5715711335045986,-4.788565873851882,1.9792835091620444,-2.3286891526663416,-1.3319291539738056,0.0,50.0,20.0,1.0,0.0,0.0,0.0,-340.42702971815015,70.0,140.76833767678605,0.7390252442346403,0.0,0.6736777333294683,0.0
4.900646448135376,1.6666155445462771,-0.7785350179949065,-4.384308201926496,1.9347452770861928,-2.3716182372548857,-1.202925738856599,0.0,50.0,20.0,1.0,0.0,0.0,0.0,-340.51931588017123,70.0,139.8219114244935,0.7422199423873846,0.0,0.6701563676653886,0.0
4.933630466461182,2.1744335397879797,-1.0277583082583757,-3.6766765720947245,1.9121485203851494,-2.5,-1.3464647768394762,0.0,50.0,20.0,1.0,0.0,0.0,0.0,-340.7465005237067,70.0,137.803982547182,0.7489860394320378,0.0,0.6625857776438534,0.0
4.967045307159424,1.713778175351868,-0.2916602350598725,-3.7792964080707243,2.093346025337726,-2.5,-1.5221545935799532,0.0,50.0,20.0,1.0,0.0,0.0,0.0,-340.883805798155,70.0,136.7342528690564,0.7525481616844985,0.0,0.6585372156114505,0.0
5.000412702560425,2.4892140974355876,-0.7158990959030964,-3.842982591724098,2.2069179397915795,-2.4048107357891233,-1.3434125347636787,0.0,50.0,20.0,1.0,0.0,0.0,0.0,-341.0385545299561,70.0,135.62528920362115,0.7562232170344244,0.0,0.6543137214044237,0.0
5.033768177032471,3.127761382287609,-1.1612262881402458,-3.0814073332288516,2.218776956102621,-2.5,-1.4108059225971494,0.0,50.0,20.0,1.0,0.0,0.0,0.0,-341.2119882452008,70.0,134.47812081178122,0.7600061815150545,0.0,0.6499158438281883,0.0
5.050543546676636,2.927195658937905,-1.130472827432417,-3.5455444707115156,2.3580112185873117,-2.5,-1.3687201402728357,0.0,50.0,20.0,1.0,0.0,0.0,0.0,-341.40535475431255,70.0,133.29383560247766,0.7638918915577071,0.0,0.6453442321834049,0.0
5.083767414093018,2.5416288641909035,-0.8803096997489643,-4.030388182954074,2.3831313725546273,-2.5,-1.2007044786863248,0.0,50.0,20.0,1.0,0.0,0.0,0.0,-341.85687764591586,70.0,130.8185627600206,0.7719502485263522,0.0,0.6356829506916974,0.0
5.117251396179199,2.5103139626248687,-0.9719434081931833,-4.8260696713108455,2.363356697978931,-2.369776211465124,-1.3833065812791003,0.0,50.0,20.0,1.0,0.0,0.0,0.0,-342.1175139713047,70.0,129.53004814753422,0.7761119502122932,0.0,0.6305951480448221,0.0
5.150439500808716,1.9140114896352278,-0.935876768913169,-5.1082245756399,2.364492263573337,-2.2101040840025057,-1.5200802912948117,0.0,50.0,20.0,1.0,0.0,0.0,0.0,-342.40303217877823,70.0,128.20936274214543,0.7803545260260062,0.0,0.6253373599192097,0.0
5.1722495555877686,2.640723580886176,-1.0256313684848846,-5.077396394595391,2.4906013793299837,-2.334521624737739,-1.7157449372782356,0.0,50.0,20.0,1.0,0.0,0.0,0.0,-342.71463204786187,70.0,126.85789157364655,0.7846722514093175,0.0,0.6199108467096157,0.0
5.217105150222778,2.4544952430853133,-1.6182900875082074,-4.27910491712678,2.5,-2.3168228425237762,-1.8070562428040722,0.0,50.0,20.0,1.0,0.0,0.0,0.0,-343.42074064104963,70.0,124.06842346334103,0.7935098504009228,0.0,0.6085574067552749,0.0
