# Timestamp, Fx, Fy, Fz, Tx, Ty, Tz, FemurPosX, FemurPosY, FemurPosZ, FemurQuatW, FemurQuatX, FemurQuatY, FemurQuatZ, TibiaPosX, TibiaPosY, TibiaPosZ, TibiaQuatW, TibiaQuatX, TibiaQuatY, TibiaQuatZ
0.04209780693054199,13.0,-1.9287824073328954,-5.242492701030409,-0.31517783116309267,-1.9033721442746674,0.4149963956611245,0.0,50.0,20.0,1.0,0.0,0.0,0.0,-343.42074064105753,70.0,124.06842346331176,0.793509850401015,0.0,0.6085574067551547,0.0
0.08241438865661621,12.449985983787425,-2.394824420188285,-5.4292137661887505,-0.19218854951907738,-2.025395220754456,0.3526860950749593,0.0,50.0,20.0,1.0,0.0,0.0,0.0,-343.42074064105753,70.0,124.06842346331176,0.793509850401015,0.0,0.6085574067551547,0.0
0.1219794750213623,11.71449008546741,-3.0300793451246504,-5.2745097210298635,-0.0542913274714531,-1.8445951138552514,0.31027445946751997,0.0,50.0,20.0,1.0,0.0,0.0,0.0,-343.42074064105753,70.0,124.06842346331176,0.793509850401015,0.0,0.6085574067551547,0.0
0.16156888008117676,11.617378881956663,-3.7650844177279374,-5.526302175541426,0.1411312793884919,-1.9856519931396375,0.44876701674599345,0.0,50.0,20.0,1.0,0.0,0.0,0.0,-343.42074064105753,70.0,124.06842346331176,0.793509850401015,0.0,0.6085574067551547,0.0
0.20106768608093262,12.131551471408827,-3.5861743402023536,-5.551478688492021,0.1717686585461302,-2.072342467162335,0.5256517354276898,0.0,50.0,20.0,1.0,0.0,0.0,0.0,-343.42074064105753,70.0,124.06842346331176,0.793509850401015,0.0,0.6085574067551547,0.0
0.240675687789917,12.734531138772347,-3.539722580137611,-5.342418609990601,-0.015113261335212597,-1.9316823279146138,0.5494143074193207,0.0,50.0,20.0,1.0,0.0,0.0,0.0,-343.42074064105753,70.0,124.06842346331176,0.793509850401015,0.0,0.6085574067551547,0.0
0.28043532371520996,12.432028996421064,-2.911297720459295,-5.324065273980845,-0.048699520988574246,-1.8556039199475856,0.43411344911481364,0.0,50.0,20.0,1.0,0.0,0.0,0.0,-343.42074064105753,70.0,124.06842346331176,0.793509850401015,0.0,0.6085574067551547,0.0
0.32031941413879395,13.0,-2.7677551841086117,-4.819137211289255,-0.21962027902093065,-1.8634579029731424,0.6186489467794152,0.0,50.0,20.0,1.0,0.0,0.0,0.0,-343.42074064105753,70.0,124.06842346331176,0.793509850401015,0.0,0.6085574067551547,0.0
0.3599851131439209,13.0,-1.9976220006297234,-4.893222001118732,-0.2562045603114221,-1.9134756928915915,0.8033069286209793,0.0,50.0,20.0,1.0,0.0,0.0,0.0,-343.42074064105753,70.0,124.06842346331176,0.793509850401015,0.0,0.6085574067551547,0.0
0.39977598190307617,12.64327764880789,-2.44445692357075,-5.32021924864865,-0.09176277986440806,-2.104442679794994,0.6886869358168545,0.0,50.0,20.0,1.0,0.0,0.0,0.0,-343.42074064105753,70.0,124.06842346331176,0.793509850401015,0.0,0.6085574067551547,0.0
0.44037342071533203,13.0,-2.8417961082315397,-5.539583321845111,-0.13800967921081853,-2.185447530638883,0.615404514277724,0.0,50.0,20.0,1.0,0.0,0.0,0.0,-343.42074064105753,70.0,124.06842346331176,0.793509850401015,0.0,0.6085574067551547,0.0
0.47986721992492676,13.0,-2.848020024630515,-5.364224187251651,-0.13845535971883974,-1.9929268005939789,0.5314970386145871,0.0,50.0,20.0,1.0,0.0,0.0,0.0,-343.42074064105753,70.0,124.06842346331176,0.793509850401015,0.0,0.6085574067551547,0.0
0.519132137298584,12.848025457860144,-2.2875036788273357,-4.729207223344172,-0.23662291287338127,-2.027292816892367,0.38823278868390876,0.0,50.0,20.0,1.0,0.0,0.0,0.0,-343.42074064105753,70.0,124.06842346331176,0.793509850401015,0.0,0.6085574067551547,0.0
0.5596826076507568,12.532364374151774,-2.918295879706978,-4.5347448616726815,-0.21087440442969446,-1.8999332594739564,0.26864541095308564,0.0,50.0,20.0,1.0,0.0,0.0,0.0,-343.42074064105753,70.0,124.06842346331176,0.793509850401015,0.0,0.6085574067551547,0.0
0.6001739501953125,13.0,-3.6459805925545616,-4.827533579968982,-0.33819582128918035,-1.8842981789806579,0.4065491754726153,0.0,50.0,20.0,1.0,0.0,0.0,0.0,-343.42074064105753,70.0,124.06842346331176,0.793509850401015,0.0,0.6085574067551547,0.0
0.6401736736297607,13.0,-3.6999732510381604,-5.483823345602929,-0.33509730547364613,-1.961875376056808,0.42596479611482624,0.0,50.0,20.0,1.0,0.0,0.0,0.0,-343.42074064105753,70.0,124.06842346331176,0.793509850401015,0.0,0.6085574067551547,0.0
0.6800394058227539,12.868816967769224,-3.2212408009164504,-5.679690624888074,-0.16777669897274472,-1.8340298164890434,0.25026807424772035,0.0,50.0,20.0,1.0,0.0,0.0,0.0,-343.42074064105753,70.0,124.06842346331176,0.793509850401015,0.0,0.6085574067551547,0.0
0.7230861186981201,13.0,-4.001107685262059,-5.940709914023439,-0.1509643749495504,-1.6590700597642303,0.1176732957819524,0.0,50.0,20.0,1.0,0.0,0.0,0.0,-343.42074064105753,70.0,124.06842346331176,0.793509850401015,0.0,0.6085574067551547,0.0
0.7629146575927734,13.0,-4.107772525231248,-5.285014803076376,0.04464541355214402,-1.7646187523112278,0.05529042829229139,0.0,50.0,20.0,1.0,0.0,0.0,0.0,-343.42074064105753,70.0,124.06842346331176,0.793509850401015,0.0,0.6085574067551547,0.0
0.8042621612548828,12.953917585617898,-4.611067935573813,-5.164198564083818,-0.10695769099474911,-1.900092556387328,0.22773175270048282,0.0,50.0,20.0,1.0,0.0,0.0,0.0,-343.42074064105753,70.0,124.06842346331176,0.793509850401015,0.0,0.6085574067551547,0.0
0.8448183536529541,12.778313903999733,-4.5805432837464055,-5.7907364716877545,-0.10880038623812005,-1.8922596992672025,0.1979160087238485,0.0,50.0,20.0,1.0,0.0,0.0,0.0,-343.42074064105753,70.0,124.06842346331176,0.793509850401015,0.0,0.6085574067551547,0.0
0.8895359039306641,13.0,-4.575411200447013,-5.630254796499426,0.06887100309553762,-1.9535842202540061,0.1177363112572856,0.0,50.0,20.0,1.0,0.0,0.0,0.0,-343.42074064105753,70.0,124.06842346331176,0.793509850401015,0.0,0.6085574067551547,0.0
0.9289829730987549,12.839860193305125,-4.708419509402441,-4.872129907179074,-0.05153310843623944,-2.0095743563192814,0.11147230995419162,0.0,50.0,20.0,1.0,0.0,0.0,0.0,-343.42074064105753,70.0,124.06842346331176,0.793509850401015,0.0,0.6085574067551547,0.0
0.9682402610778809,13.0,-4.312646527371273,-4.99693608484109,0.009061324060435402,-1.9513178051675317,-0.0840635282151967,0.0,50.0,20.0,1.0,0.0,0.0,0.0,-343.42074064105753,70.0,124.06842346331176,0.793509850401015,0.0,0.6085574067551547,0.0
1.0078155994415283,12.295768050862758,-4.442283159703304,-5.469381729505507,0.12344944194968825,-1.8496101244239092,0.04600479637228548,0.0,50.0,20.0,1.0,0.0,0.0,0.0,-343.42074064105753,70.0,124.06842346331176,0.793509850401015,0.0,0.6085574067551547,0.0
1.051832914352417,11.919618018319186,-4.008456710075242,-5.729401904351137,0.011179948758291411,-1.876742993334173,0.03154664465490657,0.0,50.0,20.0,1.0,0.0,0.0,0.0,-343.42074064105753,70.0,124.06842346331176,0.793509850401015,0.0,0.6085574067551547,0.0
1.1039633750915527,11.468704439420362,-4.666383527302978,-5.392707568950632,0.09433721202780442,-1.8404498249665244,-0.013424148036583025,0.0,50.0,20.0,1.0,0.0,0.0,0.0,-343.42074064105753,70.0,124.06842346331176,0.793509850401015,0.0,0.6085574067551547,0.0
1.144737958908081,10.735726760825992,-4.770401654829488,-5.186568837575598,0.18431106355690569,-2.011911220168616,0.12318620600385723,0.0,50.0,20.0,1.0,0.0,0.0,0.0,-343.42074064105753,70.0,124.06842346331176,0.793509850401015,0.0,0.6085574067551547,0.0
1.1848163604736328,11.413675063283325,-5.200537373719755,-4.5313798320013206,0.22524873100890208,-2.1120956370529256,0.26797059046545746,0.0,50.0,20.0,1.0,0.0,0.0,0.0,-343.42074064105753,70.0,124.06842346331176,0.793509850401015,0.0,0.6085574067551547,0.0
1.2244093418121338,10.7421744287373,-5.888731814490368,-5.1068615526772625,0.3558550952171832,-2.2023894972395675,0.42471017785351206,0.0,50.0,20.0,1.0,0.0,0.0,0.0,-343.42074064105753,70.0,124.06842346331176,0.793509850401015,0.0,0.6085574067551547,0.0
1.2637431621551514,10.583417333056477,-5.410077457618431,-5.069608958565866,0.43084212645757375,-2.3426358479350484,0.5751702875882843,0.0,50.0,20.0,1.0,0.0,0.0,0.0,-343.42074064105753,70.0,124.06842346331176,0.793509850401015,0.0,0.6085574067551547,0.0
1.3034319877624512,9.982269989154227,-5.2663238129267125,-4.895665096737369,0.3731024260269376,-2.154487045639648,0.46524646438550643,0.0,50.0,20.0,1.0,0.0,0.0,0.0,-343.42074064105753,70.0,124.06842346331176,0.793509850401015,0.0,0.6085574067551547,0.0
1.3433003425598145,10.431417389621034,-4.808878948538431,-4.489414065520661,0.4807424904815291,-2.2860783308100006,0.6290593636776242,0.0,50.0,20.0,1.0,0.0,0.0,0.0,-343.42074064105753,70.0,124.06842346331176,0.793509850401015,0.0,0.6085574067551547,0.0
1.3924057483673096,10.012423107118487,-4.351816255907871,-3.7162558488179096,0.4101078004187599,-2.178683298764468,0.5324085841867076,0.0,50.0,20.0,1.0,0.0,0.0,0.0,-343.42074064105753,70.0,124.06842346331176,0.793509850401015,0.0,0.6085574067551547,0.0
1.4474008083343506,10.391947428462693,-3.906182648127732,-3.4877332016698164,0.3836471927697489,-2.1587037036091146,0.6700852774127075,0.0,50.0,20.0,1.0,0.0,0.0,0.0,-343.42074064105753,70.0,124.06842346331176,0.793509850401015,0.0,0.6085574067551547,0.0
1.486811637878418,11.053258799158263,-3.494589251872725,-2.9009490539537843,0.310453147110066,-2.2350417789358374,0.6642012622858767,0.0,50.0,20.0,1.0,0.0,0.0,0.0,-343.42074064105753,70.0,124.06842346331176,0.793509850401015,0.0,0.6085574067551547,0.0
1.5255928039550781,11.38588729544284,-2.878992407900544,-2.71942330683735,0.18156480468638925,-2.117772154328519,0.8130844441271268,0.0,50.0,20.0,1.0,0.0,0.0,0.0,-343.42074064105753,70.0,124.06842346331176,0.793509850401015,0.0,0.6085574067551547,0.0
1.5647485256195068,10.993903983087627,-3.238294543028381,-3.221913711496081,0.08302870712205906,-2.054126423207342,0.9472012864435894,0.0,50.0,20.0,1.0,0.0,0.0,0.0,-343.42074064105753,70.0,124.06842346331176,0.793509850401015,0.0,0.6085574067551547,0.0
1.604116439819336,11.252676394221382,-3.3707253668386414,-2.644017149194392,-0.07263437167264816,-2.1757093803005914,0.839692158829128,0.0,50.0,20.0,1.0,0.0,0.0,0.0,-343.42074064105753,70.0,124.06842346331176,0.793509850401015,0.0,0.6085574067551547,0.0
1.6433422565460205,11.255560207901953,-2.862417239931923,-2.32126486650609,-0.0003731455719018506,-2.2179504031639765,0.789657381986605,0.0,50.0,20.0,1.0,0.0,0.0,0.0,-343.42074064105753,70.0,124.06842346331176,0.793509850401015,0.0,0.6085574067551547,0.0
1.682913064956665,11.527133889821785,-3.5037654353543597,-2.2455103738643243,0.009725128710229819,-2.2669727511967084,0.9408539269062219,0.0,50.0,20.0,1.0,0.0,0.0,0.0,-343.42074064105753,70.0,124.06842346331176,0.793509850401015,0.0,0.6085574067551547,0.0
1.7250394821166992,10.995198810763616,-3.8719688986538037,-1.4867282030743134,-0.15910647992476473,-2.276312092041319,0.8726062426213799,0.0,50.0,20.0,1.0,0.0,0.0,0.0,-343.42074064105753,70.0,124.06842346331176,0.793509850401015,0.0,0.6085574067551547,0.0
1.7654328346252441,10.692240633893954,-4.268287765531621,-1.931561905374216,-0.013637804325684622,-2.3559184162140525,0.7538501498869137,0.0,50.0,20.0,1.0,0.0,0.0,0.0,-343.42074064105753,70.0,124.06842346331176,0.793509850401015,0.0,0.6085574067551547,0.0
1.8063185214996338,10.718112592224351,-4.88039418563346,-2.61008412868716,-0.12812216268559612,-2.2206876210331514,0.6075517629737239,0.0,50.0,20.0,1.0,0.0,0.0,0.0,-343.42074064105753,70.0,124.06842346331176,0.793509850401015,0.0,0.6085574067551547,0.0
1.8467810153961182,10.970601770459263,-5.456355297130942,-3.132099868930237,-0.2458135762032235,-2.1531112929037772,0.47177566056012427,0.0,50.0,20.0,1.0,0.0,0.0,0.0,-343.42074064105753,70.0,124.06842346331176,0.793509850401015,0.0,0.6085574067551547,0.0
1.8871843814849854,11.213360891103122,-5.56300977849902,-3.3299735580903906,-0.30857147966798115,-2.3165834690778406,0.3377264237114885,0.0,50.0,20.0,1.0,0.0,0.0,0.0,-343.42074064105753,70.0,124.06842346331176,0.793509850401015,0.0,0.6085574067551547,0.0
1.927790880203247,10.655989323797705,-5.403104506242734,-2.8269637963220955,-0.1286428089457427,-2.4758392538560647,0.48129448510384043,0.0,50.0,20.0,1.0,0.0,0.0,0.0,-343.42074064105753,70.0,124.06842346331176,0.793509850401015,0.0,0.6085574067551547,0.0
1.9681763648986816,9.90961380906536,-5.3623720309290155,-3.3104623843552394,0.04133738125175085,-2.373864947922678,0.4801779057133905,0.0,50.0,20.0,1.0,0.0,0.0,0.0,-343.42074064105753,70.0,124.06842346331176,0.793509850401015,0.0,0.6085574067551547,0.0
2.0106661319732666,9.235151180569524,-6.105514614248379,-3.7724541614056664,0.19185183228658453,-2.5,0.5223590914915964,0.0,50.0,20.0,1.0,0.0,0.0,0.0,-343.42074064105753,70.0,124.06842346331176,0.793509850401015,0.0,0.6085574067551547,0.0
2.0516796112060547,8.886979290602952,-6.248526914253234,-3.1766873963006756,0.3322719492351778,-2.5,0.5130955562979117,0.0,50.0,20.0,1.0,0.0,0.0,0.0,-343.42074064105753,70.0,124.06842346331176,0.793509850401015,0.0,0.6085574067551547,0.0
2.0913338661193848,8.281293743265008,-5.5265167943152855,-3.077155022674879,0.4469333897083914,-2.5,0.37758117797285706,0.0,50.0,20.0,1.0,0.0,0.0,0.0,-343.42074064105753,70.0,124.06842346331176,0.793509850401015,0.0,0.6085574067551547,0.0
2.130394458770752,8.324622774848153,-5.018851155438158,-3.3951425926162218,0.29316778699211576,-2.442554023978153,0.36377447402485696,0.0,50.0,20.0,1.0,0.0,0.0,0.0,-343.42074064105753,70.0,124.06842346331176,0.793509850401015,0.0,0.6085574067551547,0.0
2.1698150634765625,8.833612388257178,-4.4002959019436805,-3.2646988710486395,0.2863852720115907,-2.290233666927154,0.44285244003106594,0.0,50.0,20.0,1.0,0.0,0.0,0.0,-343.42074064105753,70.0,124.06842346331176,0.793509850401015,0.0,0.6085574067551547,0.0
2.2091777324676514,8.621757095827508,-5.018114949813929,-2.8268956140008017,0.4424234631394995,-2.271829892934514,0.3626545193328389,0.0,50.0,20.0,1.0,0.0,0.0,0.0,-343.42074064105753,70.0,124.06842346331176,0.793509850401015,0.0,0.6085574067551547,0.0
2.2488467693328857,8.851019336022276,-5.5865628051958485,-2.805309629592761,0.3749882842140517,-2.31056990183603,0.5529935353419694,0.0,50.0,20.0,1.0,0.0,0.0,0.0,-343.42074064105753,70.0,124.06842346331176,0.793509850401015,0.0,0.6085574067551547,0.0
2.2942118644714355,8.544541486893305,-4.99850483422967,-3.096583065095573,0.4513142645280942,-2.2601301181913924,0.6862975994613296,0.0,50.0,20.0,1.0,0.0,0.0,0.0,-343.42074064105753,70.0,124.06842346331176,0.793509850401015,0.0,0.6085574067551547,0.0
2.3344972133636475,8.436608680544651,-4.431326165770929,-2.990147083754863,0.344740063131882,-2.3381935595878547,0.7827777682836556,0.0,50.0,20.0,1.0,0.0,0.0,0.0,-343.42074064105753,70.0,124.06842346331176,0.793509850401015,0.0,0.6085574067551547,0.0
2.375296115875244,8.753338491156086,-3.8666230540918463,-2.4619962762475898,0.5050537149260262,-2.2617440696366042,0.8540446959308715,0.0,50.0,20.0,1.0,0.0,0.0,0.0,-343.42074064105753,70.0,124.06842346331176,0.793509850401015,0.0,0.6085574067551547,0.0
2.4151718616485596,8.202875937210893,-3.1941305347991644,-2.1302771031173005,0.5281757799048441,-2.1214955237512703,0.7726115120072672,0.0,50.0,20.0,1.0,0.0,0.0,0.0,-343.42074064105753,70.0,124.06842346331176,0.793509850401015,0.0,0.6085574067551547,0.0
2.4546611309051514,7.828639360087346,-3.2085737373981407,-2.920288792804797,0.7206028345916342,-2.160777741967888,0.953445481246791,0.0,50.0,20.0,1.0,0.0,0.0,0.0,-343.42074064105753,70.0,124.06842346331176,0.793509850401015,0.0,0.6085574067551547,0.0
2.494230031967163,8.624213387232958,-3.428330727454266,-3.5314071326112186,0.6946937193789464,-2.0064411479519606,0.8385941887762225,0.0,50.0,20.0,1.0,0.0,0.0,0.0,-343.42074064105753,70.0,124.06842346331176,0.793509850401015,0.0,0.6085574067551547,0.0
2.533839702606201,7.843186540995509,-3.744972978459123,-3.4018065836920846,0.6774018914289586,-2.148388725916641,0.8326176781004665,0.0,50.0,20.0,1.0,0.0,0.0,0.0,-343.42074064105753,70.0,124.06842346331176,0.793509850401015,0.0,0.6085574067551547,0.0
2.5731699466705322,7.996984418917638,-3.524591645871409,-3.2730724019976156,0.6203287623576544,-2.061872527016637,0.6332349270788749,0.0,50.0,20.0,1.0,0.0,0.0,0.0,-343.42074064105753,70.0,124.06842346331176,0.793509850401015,0.0,0.6085574067551547,0.0
2.6130006313323975,7.983785641023899,-2.918838966421343,-3.965160265684238,0.619086900024066,-1.8639989666760752,0.6931915848670205,0.0,50.0,20.0,1.0,0.0,0.0,0.0,-343.42074064105753,70.0,124.06842346331176,0.793509850401015,0.0,0.6085574067551547,0.0
2.6524603366851807,7.968357844275408,-3.2252044526718007,-3.8954459509703754,0.48597988122063274,-1.9014247653668443,0.5604704376238813,0.0,50.0,20.0,1.0,0.0,0.0,0.0,-343.42074064105753,70.0,124.06842346331176,0.793509850401015,0.0,0.6085574067551547,0.0
2.6918814182281494,7.617873200247287,-2.6500657846784668,-3.926296615999817,0.4440262076846778,-1.8891535012484553,0.669645770565445,0.0,50.0,20.0,1.0,0.0,0.0,0.0,-343.42074064105753,70.0,124.06842346331176,0.793509850401015,0.0,0.6085574067551547,0.0
2.7355902194976807,8.074877429514281,-2.915692137208248,-3.241614355920766,0.3543814872203108,-2.0488185282634577,0.6326423790494777,0.0,50.0,20.0,1.0,0.0,0.0,0.0,-343.42074064105753,70.0,124.06842346331176,0.793509850401015,0.0,0.6085574067551547,0.0
2.775197982788086,7.889760477654689,-3.244485215879327,-3.4782093371091958,0.45664480564343063,-1.8586353180179693,0.7440068046837714,0.0,50.0,20.0,1.0,0.0,0.0,0.0,-343.42074064105753,70.0,124.06842346331176,0.793509850401015,0.0,0.6085574067551547,0.0
2.81514310836792,7.854398917405359,-3.0243271883873253,-3.168665144317278,0.5552764152932023,-1.8637659350747742,0.6734478779850591,0.0,50.0,20.0,1.0,0.0,0.0,0.0,-343.42074064105753,70.0,124.06842346331176,0.793509850401015,0.0,0.6085574067551547,0.0
2.8542232513427734,7.716719903428003,-2.8569320447519804,-3.4685660316091957,0.4214454600294924,-1.9445665346086276,0.7973628835612656,0.0,50.0,20.0,1.0,0.0,0.0,0.0,-343.42074064105753,70.0,124.06842346331176,0.793509850401015,0.0,0.6085574067551547,0.0
2.893462896347046,7.675520640726249,-3.026760615215788,-3.873722159599404,0.6150134732405855,-2.1406212762154024,0.8939048219909217,0.0,50.0,20.0,1.0,0.0,0.0,0.0,-343.42074064105753,70.0,124.06842346331176,0.793509850401015,0.0,0.6085574067551547,0.0
2.932112693786621,7.129114351288404,-3.081940600936333,-3.8671473921994703,0.8093154435177757,-2.1425462371866635,0.9447711278897393,0.0,50.0,20.0,1.0,0.0,0.0,0.0,-343.42074064105753,70.0,124.06842346331176,0.793509850401015,0.0,0.6085574067551547,0.0
2.9714150428771973,6.691269002690221,-3.6467752428885682,-3.543467869720561,0.6980118834563247,-2.2071259624633774,0.9308041878797177,0.0,50.0,20.0,1.0,0.0,0.0,0.0,-343.42074064105753,70.0,124.06842346331176,0.793509850401015,0.0,0.6085574067551547,0.0
3.010375499725342,6.8126397123844695,-3.2293295565179587,-3.075758615540946,0.7043047190833486,-2.3259296054720067,0.8463786449634507,0.0,50.0,20.0,1.0,0.0,0.0,0.0,-343.42074064105753,70.0,124.06842346331176,0.793509850401015,0.0,0.6085574067551547,0.0
3.048886299133301,7.3978896998952255,-3.513754433538614,-3.320421786621389,0.7614804086424594,-2.132469867886663,0.7626762142894693,0.0,50.0,20.0,1.0,0.0,0.0,0.0,-343.42074064105753,70.0,124.06842346331176,0.793509850401015,0.0,0.6085574067551547,0.0
3.0969884395599365,6.894766288787161,-3.1392367579453317,-3.3167642667514685,0.6356256339056607,-2.2930210784860985,0.5654807139693612,0.0,50.0,20.0,1.0,0.0,0.0,0.0,-343.42074064105753,70.0,124.06842346331176,0.793509850401015,0.0,0.6085574067551547,0.0
3.1398229598999023,7.165097994592244,-3.5295316550088116,-3.5409648594744114,0.8140292268992262,-2.095436480656428,0.6511657387881876,0.0,50.0,20.0,1.0,0.0,0.0,0.0,-343.42074064105753,70.0,124.06842346331176,0.793509850401015,0.0,0.6085574067551547,0.0
3.1785664558410645,7.027104817100756,-3.0256795148196702,-3.26974326622448,0.819929049689797,-2.057031763273166,0.6179166915708301,0.0,50.0,20.0,1.0,0.0,0.0,0.0,-343.42074064105753,70.0,124.06842346331176,0.793509850401015,0.0,0.6085574067551547,0.0
3.218453884124756,6.360525293929695,-3.3240453041674014,-3.011751862204528,0.8384665848866846,-1.8691623518015783,0.43752259953949946,0.0,50.0,20.0,1.0,0.0,0.0,0.0,-343.42074064105753,70.0,124.06842346331176,0.793509850401015,0.0,0.6085574067551547,0.0
3.2581100463867188,6.50842504526057,-2.5608185318533483,-2.4615762363201323,0.8532263855514735,-2.0536780215154784,0.47910636751573576,0.0,50.0,20.0,1.0,0.0,0.0,0.0,-343.42074064105753,70.0,124.06842346331176,0.793509850401015,0.0,0.6085574067551547,0.0
3.2964394092559814,7.2666499754310925,-2.7072689067401137,-2.5156321726465247,0.6975118618936723,-2.1458332952298673,0.56640119854684,0.0,50.0,20.0,1.0,0.0,0.0,0.0,-343.42074064105753,70.0,124.06842346331176,0.793509850401015,0.0,0.6085574067551547,0.0
3.3349251747131348,7.037936258488839,-3.05395528767598,-3.2172348022073964,0.6482109814551131,-2.1914892810953224,0.7656896322754212,0.0,50.0,20.0,1.0,0.0,0.0,0.0,-343.42074064105753,70.0,124.06842346331176,0.793509850401015,0.0,0.6085574067551547,0.0
3.3757193088531494,6.267690918686284,-2.864546807630718,-2.5384823421890665,0.5364951228014375,-2.294764091213376,0.5751318254318771,0.0,50.0,20.0,1.0,0.0,0.0,0.0,-343.42074064105753,70.0,124.06842346331176,0.793509850401015,0.0,0.6085574067551547,0.0
3.4154715538024902,6.487908133246741,-3.3580715244940453,-1.8140068652659864,0.33902917833024804,-2.4317827131637824,0.7128410761194961,0.0,50.0,20.0,1.0,0.0,0.0,0.0,-343.42074064105753,70.0,124.06842346331176,0.793509850401015,0.0,0.6085574067551547,0.0
3.4545271396636963,6.2354724203149265,-2.6924313411085077,-1.2521779324178077,0.2955107526800177,-2.2812963154775527,0.5830053690947641,0.0,50.0,20.0,1.0,0.0,0.0,0.0,-343.42074064105753,70.0,124.06842346331176,0.793509850401015,0.0,0.6085574067551547,0.0
3.4938361644744873,6.331748281469174,-2.202149574296852,-2.0224873073278054,0.338065805512889,-2.464037348681221,0.4441524352405175,0.0,50.0,20.0,1.0,0.0,0.0,0.0,-343.42074064105753,70.0,124.06842346331176,0.793509850401015,0.0,0.6085574067551547,0.0
3.5326931476593018,6.157231639111304,-1.8203271124735318,-2.5738412678148515,0.34874818427874277,-2.2808125886445385,0.6310813022863104,0.0,50.0,20.0,1.0,0.0,0.0,0.0,-343.42074064105753,70.0,124.06842346331176,0.793509850401015,0.0,0.6085574067551547,0.0
3.5711441040039062,6.420488362267383,-2.2853290944511064,-3.1722903933401936,0.2126816871262903,-2.373021360768204,0.5503139673120536,0.0,50.0,20.0,1.0,0.0,0.0,0.0,-343.42074064105753,70.0,124.06842346331176,0.793509850401015,0.0,0.6085574067551547,0.0
3.6102373600006104,7.067839686562597,-1.783095270601504,-3.9550224150340525,0.29005916768896556,-2.5,0.6417298779292074,0.0,50.0,20.0,1.0,0.0,0.0,0.0,-343.42074064105753,70.0,124.06842346331176,0.793509850401015,0.0,0.6085574067551547,0.0
3.6490912437438965,6.986509361131815,-1.2912942860925938,-4.102117472922442,0.1824030606483795,-2.4231249342490178,0.6044635253619448,0.0,50.0,20.0,1.0,0.0,0.0,0.0,-343.42074064105753,70.0,124.06842346331176,0.793509850401015,0.0,0.6085574067551547,0.0
3.6881985664367676,7.760057556255129,-2.003514672300355,-3.342365871745214,0.33916721813496375,-2.5,0.7210280167704796,0.0,50.0,20.0,1.0,0.0,0.0,0.0,-343.42074064105753,70.0,124.06842346331176,0.793509850401015,0.0,0.6085574067551547,0.0
3.7311058044433594,8.50295949195398,-1.2676181532156512,-3.2767680549585116,0.2335505970015067,-2.5,0.5428892596659893,0.0,50.0,20.0,1.0,0.0,0.0,0.0,-343.42074064105753,70.0,124.06842346331176,0.793509850401015,0.0,0.6085574067551547,0.0
3.773688316345215,8.027228746836196,-1.7147812538705303,-2.5119767947828415,0.3683169329524419,-2.352071764200033,0.6921952590762833,0.0,50.0,20.0,1.0,0.0,0.0,0.0,-343.42074064105753,70.0,124.06842346331176,0.793509850401015,0.0,0.6085574067551547,0.0
3.812927722930908,8.258072985452754,-1.4968045248855302,-3.247689470335449,0.548282853800266,-2.3863862535584426,0.5028834274376969,0.0,50.0,20.0,1.0,0.0,0.0,0.0,-343.42074064105753,70.0,124.06842346331176,0.793509850401015,0.0,0.6085574067551547,0.0
3.8524515628814697,8.926880666700374,-1.811321766224105,-3.517825435822865,0.47715849867204585,-2.449525414541627,0.4418477271140123,0.0,50.0,20.0,1.0,0.0,0.0,0.0,-343.42074064105753,70.0,124.06842346331176,0.793509850401015,0.0,0.6085574067551547,0.0
3.891106128692627,8.837013207358385,-1.3498616277302584,-3.049950756255769,0.6247805938351114,-2.5,0.465514516011055,0.0,50.0,20.0,1.0,0.0,0.0,0.0,-343.42074064105753,70.0,124.06842346331176,0.793509850401015,0.0,0.6085574067551547,0.0
3.9302167892456055,9.386033320207734,-1.6980860898848094,-3.46354768861001,0.6482157869103018,-2.3473383352686024,0.30067628263450186,0.0,50.0,20.0,1.0,0.0,0.0,0.0,-343.42074064105753,70.0,124.06842346331176,0.793509850401015,0.0,0.6085574067551547,0.0
3.9685657024383545,9.311646997011085,-2.4679228849721837,-4.216514930091174,0.7739951590914333,-2.3051980473170017,0.3922558965817735,0.0,50.0,20.0,1.0,0.0,0.0,0.0,-343.42074064105753,70.0,124.06842346331176,0.793509850401015,0.0,0.6085574067551547,0.0
4.0070295333862305,9.67303476536217,-1.7430496422362134,-3.531778630210501,0.8652742888882823,-2.244353598972569,0.5283756693839204,0.0,50.0,20.0,1.0,0.0,0.0,0.0,-343.42074064105753,70.0,124.06842346331176,0.793509850401015,0.0,0.6085574067551547,0.0
4.044888257980347,9.295269186735307,-1.6611022367326198,-3.985797827882433,0.9637293276465161,-2.0468042021478445,0.615424529553982,0.0,50.0,20.0,1.0,0.0,0.0,0.0,-343.42074064105753,70.0,124.06842346331176,0.793509850401015,0.0,0.6085574067551547,0.0
4.083397150039673,9.710429809607382,-2.2586096298747607,-4.148439116847367,0.937123977684646,-1.9906670894898308,0.5844904140335831,0.0,50.0,20.0,1.0,0.0,0.0,0.0,-343.42074064105753,70.0,124.06842346331176,0.793509850401015,0.0,0.6085574067551547,0.0
4.121509313583374,9.667287277358849,-2.518807044141048,-3.6148692989522178,0.9036800492581156,-2.137548429365014,0.5679590574549963,0.0,50.0,20.0,1.0,0.0,0.0,0.0,-343.42074064105753,70.0,124.06842346331176,0.793509850401015,0.0,0.6085574067551547,0.0
4.159361839294434,9.933740283174242,-3.249568192013142,-3.9947558939909005,0.7584679805740776,-2.1061578578956106,0.5143410906508622,0.0,50.0,20.0,1.0,0.0,0.0,0.0,-343.42074064105753,70.0,124.06842346331176,0.793509850401015,0.0,0.6085574067551547,0.0
4.198835849761963,10.188379450590997,-4.035918701331489,-4.146298793167885,0.7062876767767743,-2.1743184885638875,0.5342494123859174,0.0,50.0,20.0,1.0,0.0,0.0,0.0,-343.42074064105753,70.0,124.06842346331176,0.793509850401015,0.0,0.6085574067551547,0.0
4.237197399139404,9.423900086713173,-4.207191658972884,-3.5644793376918376,0.8780577583419518,-2.3653321786050037,0.4029747492456515,0.0,50.0,20.0,1.0,0.0,0.0,0.0,-343.42074064105753,70.0,124.06842346331176,0.793509850401015,0.0,0.6085574067551547,0.0
4.276261568069458,9.917068770142611,-3.488368772503419,-3.4190839534685358,0.7988195475313195,-2.2459429337066164,0.48655562949132886,0.0,50.0,20.0,1.0,0.0,0.0,0.0,-343.42074064105753,70.0,124.06842346331176,0.793509850401015,0.0,0.6085574067551547,0.0
4.314597845077515,9.229744131459901,-3.256143956197419,-3.419038618776553,0.9308556060588982,-2.3064263480121623,0.5533883858773799,0.0,50.0,20.0,1.0,0.0,0.0,0.0,-343.42074064105753,70.0,124.06842346331176,0.793509850401015,0.0,0.6085574067551547,0.0
4.352553606033325,9.657060624931239,-2.9578247731311267,-2.8374066326166876,0.8085063153255532,-2.4481465134435285,0.6669751699333241,0.0,50.0,20.0,1.0,0.0,0.0,0.0,-343.42074064105753,70.0,124.06842346331176,0.793509850401015,0.0,0.6085574067551547,0.0
4.404342412948608,9.4457084549554,-2.2161310620105965,-2.9003815298310864,0.7025499089382354,-2.306138913893187,0.6293807307873084,0.0,50.0,20.0,1.0,0.0,0.0,0.0,-343.42074064105753,70.0,124.06842346331176,0.793509850401015,0.0,0.6085574067551547,0.0
4.4433913230896,8.897568404209524,-2.2061064876456893,-2.151558095613826,0.6902722062943755,-2.452930037762219,0.49877340419295646,0.0,50.0,20.0,1.0,0.0,0.0,0.0,-343.42074064105753,70.0,124.06842346331176,0.793509850401015,0.0,0.6085574067551547,0.0
4.482183456420898,8.968136091029281,-1.9325995037605537,-2.7221970563943874,0.7781788948302544,-2.3226336903671783,0.554402966181351,0.0,50.0,20.0,1.0,0.0,0.0,0.0,-343.42074064105753,70.0,124.06842346331176,0.793509850401015,0.0,0.6085574067551547,0.0
4.521026849746704,9.611267567217602,-1.6876141451660607,-2.82018451999665,0.8481356563869784,-2.202626805346754,0.3773327584893037,0.0,50.0,20.0,1.0,0.0,0.0,0.0,-343.42074064105753,70.0,124.06842346331176,0.793509850401015,0.0,0.6085574067551547,0.0
4.560033321380615,9.53676216989502,-2.2490656451826654,-2.603446734369645,0.8119460317919741,-2.36911715453448,0.4144968138353181,0.0,50.0,20.0,1.0,0.0,0.0,0.0,-343.42074064105753,70.0,124.06842346331176,0.793509850401015,0.0,0.6085574067551547,0.0
4.598959445953369,9.366080172708877,-1.6778337065426838,-2.9048586483072194,0.6770103703100647,-2.34470066161307,0.3740635073096544,0.0,50.0,20.0,1.0,0.0,0.0,0.0,-343.42074064105753,70.0,124.06842346331176,0.793509850401015,0.0,0.6085574067551547,0.0
4.637503623962402,8.981014134102447,-2.024483278352527,-2.3469114004714013,0.8385146724051153,-2.39632837214618,0.2460637678696035,0.0,50.0,20.0,1.0,0.0,0.0,0.0,-343.42074064105753,70.0,124.06842346331176,0.793509850401015,0.0,0.6085574067551547,0.0
4.676516532897949,8.545740425363466,-2.0161314013507114,-1.908757147845701,1.0215841939767194,-2.2421807705693806,0.27396600561552403,0.0,50.0,20.0,1.0,0.0,0.0,0.0,-343.42074064105753,70.0,124.06842346331176,0.793509850401015,0.0,0.6085574067551547,0.0
4.7163026332855225,9.300700670817008,-2.7287052929328213,-2.4973473259016576,1.1639910438212953,-2.4328328938737083,0.16340929663868586,0.0,50.0,20.0,1.0,0.0,0.0,0.0,-343.42074064105753,70.0,124.06842346331176,0.793509850401015,0.0,0.6085574067551547,0.0
4.774849891662598,9.170700490172974,-2.7448425902880347,-2.889772088871769,1.2833425522085185,-2.405214458545187,0.254004147403823,0.0,50.0,20.0,1.0,0.0,0.0,0.0,-343.42074064105753,70.0,124.06842346331176,0.793509850401015,0.0,0.6085574067551547,0.0
4.835031747817993,9.706097413567386,-2.94239227317109,-3.3465497358241363,1.4589561558319184,-2.455651449495809,0.10444091055394741,0.0,50.0,20.0,1.0,0.0,0.0,0.0,-343.42074064105753,70.0,124.06842346331176,0.793509850401015,0.0,0.6085574067551547,0.0
4.87438702583313,10.164611084608996,-2.5160989707295585,-3.8465736597314764,1.480715681833324,-2.5,0.11379928030161204,0.0,50.0,20.0,1.0,0.0,0.0,0.0,-343.42074064105753,70.0,124.06842346331176,0.793509850401015,0.0,0.6085574067551547,0.0
