# Timestamp, Fx, Fy, Fz, Tx, Ty, Tz, FemurPosX, FemurPosY, FemurPosZ, FemurQuatW, FemurQuatX, FemurQuatY, FemurQuatZ, TibiaPosX, TibiaPosY, TibiaPosZ, TibiaQuatW, TibiaQuatX, TibiaQuatY, TibiaQuatZ
0.010540962219238281,-4.07556,-5.46762,2.32099,-2.24399,-3.43853,3.45295,0.731696,-0.224812,0.69837,-0.165359,0.0844203,0.982175,0.0293542,-0.0693347,-0.00149413,0.556575,0.252417,0.117059,0.956207,-0.0908366
0.03940773010253906,-4.07556,-5.46762,2.32099,-2.24399,-3.43853,3.45295,0.731696,-0.224812,0.69837,-0.165359,0.0844203,0.982175,0.0293542,-0.0693347,-0.00149413,0.556575,0.252417,0.117059,0.956207,-0.0908366
0.06919574737548828,-4.07556,-5.46762,2.32099,-2.24399,-3.43853,3.45295,0.731696,-0.224812,0.69837,-0.165359,0.0844203,0.982175,0.0293542,-0.0693347,-0.00149413,0.556575,0.252417,0.117059,0.956207,-0.0908366
0.09925675392150879,-4.07556,-5.46762,2.32099,-2.24399,-3.43853,3.45295,0.731696,-0.224812,0.69837,-0.165359,0.0844203,0.982175,0.0293542,-0.0693347,-0.00149413,0.556575,0.252417,0.117059,0.956207,-0.0908366
0.13176369667053223,-4.07556,-5.46762,2.32099,-2.24399,-3.43853,3.45295,0.731696,-0.224812,0.69837,-0.165359,0.0844203,0.982175,0.0293542,-0.0693347,-0.00149413,0.556575,0.252417,0.117059,0.956207,-0.0908366
0.1613931655883789,-4.07556,-5.46762,2.32099,-2.24399,-3.43853,3.45295,0.731696,-0.224812,0.69837,-0.165359,0.0844203,0.982175,0.0293542,-0.0693347,-0.00149413,0.556575,0.252417,0.117059,0.956207,-0.0908366
0.19114303588867188,-4.07556,-5.46762,2.32099,-2.24399,-3.43853,3.45295,0.731696,-0.224812,0.69837,-0.165359,0.0844203,0.982175,0.0293542,-0.0693347,-0.00149413,0.556575,0.252417,0.117059,0.956207,-0.0908366
0.2213459014892578,-4.07556,-5.46762,2.32099,-2.24399,-3.43853,3.45295,0.731696,-0.224812,0.69837,-0.165359,0.0844203,0.982175,0.0293542,-0.0693347,-0.00149413,0.556575,0.252417,0.117059,0.956207,-0.0908366
0.2514512538909912,-4.07556,-5.46762,2.32099,-2.24399,-3.43853,3.45295,0.731696,-0.224812,0.69837,-0.165359,0.0844203,0.982175,0.0293542,-0.0693347,-0.00149413,0.556575,0.252417,0.117059,0.956207,-0.0908366
0.2813124656677246,-4.07556,-5.46762,2.32099,-2.24399,-3.43853,3.45295,0.731696,-0.224812,0.69837,-0.165359,0.0844203,0.982175,0.0293542,-0.0693347,-0.00149413,0.556575,0.252417,0.117059,0.956207,-0.0908366
0.3132634162902832,-4.07556,-5.46762,2.32099,-2.24399,-3.43853,3.45295,0.731696,-0.224812,0.69837,-0.165359,0.0844203,0.982175,0.0293542,-0.0693347,-0.00149413,0.556575,0.252417,0.117059,0.956207,-0.0908366
0.3433096408843994,-4.07556,-5.46762,2.32099,-2.24399,-3.43853,3.45295,0.731696,-0.224812,0.69837,-0.165359,0.0844203,0.982175,0.0293542,-0.0693347,-0.00149413,0.556575,0.252417,0.117059,0.956207,-0.0908366
0.3731117248535156,-4.07556,-5.46762,2.32099,-2.24399,-3.43853,3.45295,0.731696,-0.224812,0.69837,-0.165359,0.0844203,0.982175,0.0293542,-0.0693347,-0.00149413,0.556575,0.252417,0.117059,0.956207,-0.0908366
0.40515708923339844,-4.07556,-5.46762,2.32099,-2.24399,-3.43853,3.45295,0.731696,-0.224812,0.69837,-0.165359,0.0844203,0.982175,0.0293542,-0.0693347,-0.00149413,0.556575,0.252417,0.117059,0.956207,-0.0908366
0.43549132347106934,-4.07556,-5.46762,2.32099,-2.24399,-3.43853,3.45295,0.731696,-0.224812,0.69837,-0.165359,0.0844203,0.982175,0.0293542,-0.0693347,-0.00149413,0.556575,0.252417,0.117059,0.956207,-0.0908366
0.46559715270996094,-4.07556,-5.46762,2.32099,-2.24399,-3.43853,3.45295,0.731696,-0.224812,0.69837,-0.165359,0.0844203,0.982175,0.0293542,-0.0693347,-0.00149413,0.556575,0.252417,0.117059,0.956207,-0.0908366
0.4950878620147705,-4.07556,-5.46762,2.32099,-2.24399,-3.43853,3.45295,0.731696,-0.224812,0.69837,-0.165359,0.0844203,0.982175,0.0293542,-0.0693347,-0.00149413,0.556575,0.252417,0.117059,0.956207,-0.0908366
0.525296688079834,-4.07556,-5.46762,2.32099,-2.24399,-3.43853,3.45295,0.731696,-0.224812,0.69837,-0.165359,0.0844203,0.982175,0.0293542,-0.0693347,-0.00149413,0.556575,0.252417,0.117059,0.956207,-0.0908366
0.5574071407318115,-4.07556,-5.46762,2.32099,-2.24399,-3.43853,3.45295,0.731696,-0.224812,0.69837,-0.165359,0.0844203,0.982175,0.0293542,-0.0693347,-0.00149413,0.556575,0.252417,0.117059,0.956207,-0.0908366
0.5871565341949463,-4.07556,-5.46762,2.32099,-2.24399,-3.43853,3.45295,0.731696,-0.224812,0.69837,-0.165359,0.0844203,0.982175,0.0293542,-0.0693347,-0.00149413,0.556575,0.252417,0.117059,0.956207,-0.0908366
0.6172208786010742,-4.07556,-5.46762,2.32099,-2.24399,-3.43853,3.45295,0.731696,-0.224812,0.69837,-0.165359,0.0844203,0.982175,0.0293542,-0.0693347,-0.00149413,0.556575,0.252417,0.117059,0.956207,-0.0908366
0.6469578742980957,-4.07556,-5.46762,2.32099,-2.24399,-3.43853,3.45295,0.731696,-0.224812,0.69837,-0.165359,0.0844203,0.982175,0.0293542,-0.0693347,-0.00149413,0.556575,0.252417,0.117059,0.956207,-0.0908366
0.6773076057434082,-4.07556,-5.46762,2.32099,-2.24399,-3.43853,3.45295,0.731696,-0.224812,0.69837,-0.165359,0.0844203,0.982175,0.0293542,-0.0693347,-0.00149413,0.556575,0.252417,0.117059,0.956207,-0.0908366
0.7090795040130615,-4.07556,-5.46762,2.32099,-2.24399,-3.43853,3.45295,0.731696,-0.224812,0.69837,-0.165359,0.0844203,0.982175,0.0293542,-0.0693347,-0.00149413,0.556575,0.252417,0.117059,0.956207,-0.0908366
0.7389647960662842,-4.07556,-5.46762,2.32099,-2.24399,-3.43853,3.45295,0.731696,-0.224812,0.69837,-0.165359,0.0844203,0.982175,0.0293542,-0.0693347,-0.00149413,0.556575,0.252417,0.117059,0.956207,-0.0908366
0.7698698043823242,-4.07556,-5.46762,2.32099,-2.24399,-3.43853,3.45295,0.731696,-0.224812,0.69837,-0.165359,0.0844203,0.982175,0.0293542,-0.0693347,-0.00149413,0.556575,0.252417,0.117059,0.956207,-0.0908366
0.8005490303039551,-4.07556,-5.46762,2.32099,-2.24399,-3.43853,3.45295,0.731696,-0.224812,0.69837,-0.165359,0.0844203,0.982175,0.0293542,-0.0693347,-0.00149413,0.556575,0.252417,0.117059,0.956207,-0.0908366
0.829998254776001,-4.07556,-5.46762,2.32099,-2.24399,-3.43853,3.45295,0.731696,-0.224812,0.69837,-0.165359,0.0844203,0.982175,0.0293542,-0.0693347,-0.00149413,0.556575,0.252417,0.117059,0.956207,-0.0908366
0.8611302375793457,-4.07556,-5.46762,2.32099,-2.24399,-3.43853,3.45295,0.731696,-0.224812,0.69837,-0.165359,0.0844203,0.982175,0.0293542,-0.0693347,-0.00149413,0.556575,0.252417,0.117059,0.956207,-0.0908366
0.8913748264312744,-4.07556,-5.46762,2.32099,-2.24399,-3.43853,3.45295,0.731696,-0.224812,0.69837,-0.165359,0.0844203,0.982175,0.0293542,-0.0693347,-0.00149413,0.556575,0.252417,0.117059,0.956207,-0.0908366
0.9212913513183594,-4.07556,-5.46762,2.32099,-2.24399,-3.43853,3.45295,0.731696,-0.224812,0.69837,-0.165359,0.0844203,0.982175,0.0293542,-0.0693347,-0.00149413,0.556575,0.252417,0.117059,0.956207,-0.0908366
0.9510672092437744,-4.07556,-5.46762,2.32099,-2.24399,-3.43853,3.45295,0.731696,-0.224812,0.69837,-0.165359,0.0844203,0.982175,0.0293542,-0.0693347,-0.00149413,0.556575,0.252417,0.117059,0.956207,-0.0908366
0.9816277027130127,-4.07556,-5.46762,2.32099,-2.24399,-3.43853,3.45295,0.731696,-0.224812,0.69837,-0.165359,0.0844203,0.982175,0.0293542,-0.0693347,-0.00149413,0.556575,0.252417,0.117059,0.956207,-0.0908366
1.013357162475586,-4.07556,-5.46762,2.32099,-2.24399,-3.43853,3.45295,0.731696,-0.224812,0.69837,-0.165359,0.0844203,0.982175,0.0293542,-0.0693347,-0.00149413,0.556575,0.252417,0.117059,0.956207,-0.0908366
1.04305100440979,-4.07556,-5.46762,2.32099,-2.24399,-3.43853,3.45295,0.731696,-0.224812,0.69837,-0.165359,0.0844203,0.982175,0.0293542,-0.0693347,-0.00149413,0.556575,0.252417,0.117059,0.956207,-0.0908366
1.0727555751800537,-4.07556,-5.46762,2.32099,-2.24399,-3.43853,3.45295,0.731696,-0.224812,0.69837,-0.165359,0.0844203,0.982175,0.0293542,-0.0693347,-0.00149413,0.556575,0.252417,0.117059,0.956207,-0.0908366
1.105865716934204,-4.07556,-5.46762,2.32099,-2.24399,-3.43853,3.45295,0.731696,-0.224812,0.69837,-0.165359,0.0844203,0.982175,0.0293542,-0.0693347,-0.00149413,0.556575,0.252417,0.117059,0.956207,-0.0908366
1.1350593566894531,-4.07556,-5.46762,2.32099,-2.24399,-3.43853,3.45295,0.731696,-0.224812,0.69837,-0.165359,0.0844203,0.982175,0.0293542,-0.0693347,-0.00149413,0.556575,0.252417,0.117059,0.956207,-0.0908366
1.1652212142944336,-4.07556,-5.46762,2.32099,-2.24399,-3.43853,3.45295,0.731696,-0.224812,0.69837,-0.165359,0.0844203,0.982175,0.0293542,-0.0693347,-0.00149413,0.556575,0.252417,0.117059,0.956207,-0.0908366
1.195526123046875,-4.07556,-5.46762,2.32099,-2.24399,-3.43853,3.45295,0.731696,-0.224812,0.69837,-0.165359,0.0844203,0.982175,0.0293542,-0.0693347,-0.00149413,0.556575,0.252417,0.117059,0.956207,-0.0908366
1.2256801128387451,-4.07556,-5.46762,2.32099,-2.24399,-3.43853,3.45295,0.731696,-0.224812,0.69837,-0.165359,0.0844203,0.982175,0.0293542,-0.0693347,-0.00149413,0.556575,0.252417,0.117059,0.956207,-0.0908366
1.257657527923584,-4.07556,-5.46762,2.32099,-2.24399,-3.43853,3.45295,0.731696,-0.224812,0.69837,-0.165359,0.0844203,0.982175,0.0293542,-0.0693347,-0.00149413,0.556575,0.252417,0.117059,0.956207,-0.0908366
1.2876529693603516,-4.07556,-5.46762,2.32099,-2.24399,-3.43853,3.45295,0.731696,-0.224812,0.69837,-0.165359,0.0844203,0.982175,0.0293542,-0.0693347,-0.00149413,0.556575,0.252417,0.117059,0.956207,-0.0908366
1.3176167011260986,-4.07556,-5.46762,2.32099,-2.24399,-3.43853,3.45295,0.731696,-0.224812,0.69837,-0.165359,0.0844203,0.982175,0.0293542,-0.0693347,-0.00149413,0.556575,0.252417,0.117059,0.956207,-0.0908366
1.3466641902923584,-4.07556,-5.46762,2.32099,-2.24399,-3.43853,3.45295,0.731696,-0.224812,0.69837,-0.165359,0.0844203,0.982175,0.0293542,-0.0693347,-0.00149413,0.556575,0.252417,0.117059,0.956207,-0.0908366
1.3775115013122559,-4.07556,-5.46762,2.32099,-2.24399,-3.43853,3.45295,0.731696,-0.224812,0.69837,-0.165359,0.0844203,0.982175,0.0293542,-0.0693347,-0.00149413,0.556575,0.252417,0.117059,0.956207,-0.0908366
1.4095380306243896,-4.07556,-5.46762,2.32099,-2.24399,-3.43853,3.45295,0.731696,-0.224812,0.69837,-0.165359,0.0844203,0.982175,0.0293542,-0.0693347,-0.00149413,0.556575,0.252417,0.117059,0.956207,-0.0908366
1.4395596981048584,-4.07556,-5.46762,2.32099,-2.24399,-3.43853,3.45295,0.731696,-0.224812,0.69837,-0.165359,0.0844203,0.982175,0.0293542,-0.0693347,-0.00149413,0.556575,0.252417,0.117059,0.956207,-0.0908366
1.4693577289581299,-4.07556,-5.46762,2.32099,-2.24399,-3.43853,3.45295,0.731696,-0.224812,0.69837,-0.165359,0.0844203,0.982175,0.0293542,-0.0693347,-0.00149413,0.556575,0.252417,0.117059,0.956207,-0.0908366
1.4991798400878906,-4.07556,-5.46762,2.32099,-2.24399,-3.43853,3.45295,0.731696,-0.224812,0.69837,-0.165359,0.0844203,0.982175,0.0293542,-0.0693347,-0.00149413,0.556575,0.252417,0.117059,0.956207,-0.0908366
1.5293066501617432,-4.07556,-5.46762,2.32099,-2.24399,-3.43853,3.45295,0.731696,-0.224812,0.69837,-0.165359,0.0844203,0.982175,0.0293542,-0.0693347,-0.00149413,0.556575,0.252417,0.117059,0.956207,-0.0908366
1.5610918998718262,-4.07556,-5.46762,2.32099,-2.24399,-3.43853,3.45295,0.731696,-0.224812,0.69837,-0.165359,0.0844203,0.982175,0.0293542,-0.0693347,-0.00149413,0.556575,0.252417,0.117059,0.956207,-0.0908366
1.5910258293151855,-4.07556,-5.46762,2.32099,-2.24399,-3.43853,3.45295,0.731696,-0.224812,0.69837,-0.165359,0.0844203,0.982175,0.0293542,-0.0693347,-0.00149413,0.556575,0.252417,0.117059,0.956207,-0.0908366
1.620962142944336,-4.07556,-5.46762,2.32099,-2.24399,-3.43853,3.45295,0.731696,-0.224812,0.69837,-0.165359,0.0844203,0.982175,0.0293542,-0.0693347,-0.00149413,0.556575,0.252417,0.117059,0.956207,-0.0908366
1.6515932083129883,-4.07556,-5.46762,2.32099,-2.24399,-3.43853,3.45295,0.731696,-0.224812,0.69837,-0.165359,0.0844203,0.982175,0.0293542,-0.0693347,-0.00149413,0.556575,0.252417,0.117059,0.956207,-0.0908366
1.6815996170043945,-4.07556,-5.46762,2.32099,-2.24399,-3.43853,3.45295,0.731696,-0.224812,0.69837,-0.165359,0.0844203,0.982175,0.0293542,-0.0693347,-0.00149413,0.556575,0.252417,0.117059,0.956207,-0.0908366
1.7132446765899658,-4.07556,-5.46762,2.32099,-2.24399,-3.43853,3.45295,0.731696,-0.224812,0.69837,-0.165359,0.0844203,0.982175,0.0293542,-0.0693347,-0.00149413,0.556575,0.252417,0.117059,0.956207,-0.0908366
1.7432429790496826,-4.07556,-5.46762,2.32099,-2.24399,-3.43853,3.45295,0.731696,-0.224812,0.69837,-0.165359,0.0844203,0.982175,0.0293542,-0.0693347,-0.00149413,0.556575,0.252417,0.117059,0.956207,-0.0908366
1.7729923725128174,-4.07556,-5.46762,2.32099,-2.24399,-3.43853,3.45295,0.731696,-0.224812,0.69837,-0.165359,0.0844203,0.982175,0.0293542,-0.0693347,-0.00149413,0.556575,0.252417,0.117059,0.956207,-0.0908366
1.8049509525299072,-4.07556,-5.46762,2.32099,-2.24399,-3.43853,3.45295,0.731696,-0.224812,0.69837,-0.165359,0.0844203,0.982175,0.0293542,-0.0693347,-0.00149413,0.556575,0.252417,0.117059,0.956207,-0.0908366
1.8347489833831787,-4.07556,-5.46762,2.32099,-2.24399,-3.43853,3.45295,0.731696,-0.224812,0.69837,-0.165359,0.0844203,0.982175,0.0293542,-0.0693347,-0.00149413,0.556575,0.252417,0.117059,0.956207,-0.0908366
1.8656716346740723,-4.07556,-5.46762,2.32099,-2.24399,-3.43853,3.45295,0.731696,-0.224812,0.69837,-0.165359,0.0844203,0.982175,0.0293542,-0.0693347,-0.00149413,0.556575,0.252417,0.117059,0.956207,-0.0908366
1.8955676555633545,-4.07556,-5.46762,2.32099,-2.24399,-3.43853,3.45295,0.731696,-0.224812,0.69837,-0.165359,0.0844203,0.982175,0.0293542,-0.0693347,-0.00149413,0.556575,0.252417,0.117059,0.956207,-0.0908366
1.9250257015228271,-4.07556,-5.46762,2.32099,-2.24399,-3.43853,3.45295,0.731696,-0.224812,0.69837,-0.165359,0.0844203,0.982175,0.0293542,-0.0693347,-0.00149413,0.556575,0.252417,0.117059,0.956207,-0.0908366
1.956993818283081,-4.07556,-5.46762,2.32099,-2.24399,-3.43853,3.45295,0.731696,-0.224812,0.69837,-0.165359,0.0844203,0.982175,0.0293542,-0.0693347,-0.00149413,0.556575,0.252417,0.117059,0.956207,-0.0908366
1.9868953227996826,-4.07556,-5.46762,2.32099,-2.24399,-3.43853,3.45295,0.731696,-0.224812,0.69837,-0.165359,0.0844203,0.982175,0.0293542,-0.0693347,-0.00149413,0.556575,0.252417,0.117059,0.956207,-0.0908366
2.017719268798828,-4.07556,-5.46762,2.32099,-2.24399,-3.43853,3.45295,0.731696,-0.224812,0.69837,-0.165359,0.0844203,0.982175,0.0293542,-0.0693347,-0.00149413,0.556575,0.252417,0.117059,0.956207,-0.0908366
2.047778606414795,-4.07556,-5.46762,2.32099,-2.24399,-3.43853,3.45295,0.731696,-0.224812,0.69837,-0.165359,0.0844203,0.982175,0.0293542,-0.0693347,-0.00149413,0.556575,0.252417,0.117059,0.956207,-0.0908366
2.0777130126953125,-4.07556,-5.46762,2.32099,-2.24399,-3.43853,3.45295,0.731696,-0.224812,0.69837,-0.165359,0.0844203,0.982175,0.0293542,-0.0693347,-0.00149413,0.556575,0.252417,0.117059,0.956207,-0.0908366
2.1094472408294678,-4.07556,-5.46762,2.32099,-2.24399,-3.43853,3.45295,0.731696,-0.224812,0.69837,-0.165359,0.0844203,0.982175,0.0293542,-0.0693347,-0.00149413,0.556575,0.252417,0.117059,0.956207,-0.0908366
2.139528751373291,-4.07556,-5.46762,2.32099,-2.24399,-3.43853,3.45295,0.731696,-0.224812,0.69837,-0.165359,0.0844203,0.982175,0.0293542,-0.0693347,-0.00149413,0.556575,0.252417,0.117059,0.956207,-0.0908366
2.1699094772338867,-4.07556,-5.46762,2.32099,-2.24399,-3.43853,3.45295,0.731696,-0.224812,0.69837,-0.165359,0.0844203,0.982175,0.0293542,-0.0693347,-0.00149413,0.556575,0.252417,0.117059,0.956207,-0.0908366
2.1988768577575684,-4.07556,-5.46762,2.32099,-2.24399,-3.43853,3.45295,0.731696,-0.224812,0.69837,-0.165359,0.0844203,0.982175,0.0293542,-0.0693347,-0.00149413,0.556575,0.252417,0.117059,0.956207,-0.0908366
2.2288687229156494,-4.07556,-5.46762,2.32099,-2.24399,-3.43853,3.45295,0.731696,-0.224812,0.69837,-0.165359,0.0844203,0.982175,0.0293542,-0.0693347,-0.00149413,0.556575,0.252417,0.117059,0.956207,-0.0908366
2.2620158195495605,-4.07556,-5.46762,2.32099,-2.24399,-3.43853,3.45295,0.731696,-0.224812,0.69837,-0.165359,0.0844203,0.982175,0.0293542,-0.0693347,-0.00149413,0.556575,0.252417,0.117059,0.956207,-0.0908366
2.2909438610076904,-4.07556,-5.46762,2.32099,-2.24399,-3.43853,3.45295,0.731696,-0.224812,0.69837,-0.165359,0.0844203,0.982175,0.0293542,-0.0693347,-0.00149413,0.556575,0.252417,0.117059,0.956207,-0.0908366
2.320777654647827,-4.07556,-5.46762,2.32099,-2.24399,-3.43853,3.45295,0.731696,-0.224812,0.69837,-0.165359,0.0844203,0.982175,0.0293542,-0.0693347,-0.00149413,0.556575,0.252417,0.117059,0.956207,-0.0908366
2.351628303527832,-4.07556,-5.46762,2.32099,-2.24399,-3.43853,3.45295,0.731696,-0.224812,0.69837,-0.165359,0.0844203,0.982175,0.0293542,-0.0693347,-0.00149413,0.556575,0.252417,0.117059,0.956207,-0.0908366
2.3819515705108643,-4.07556,-5.46762,2.32099,-2.24399,-3.43853,3.45295,0.731696,-0.224812,0.69837,-0.165359,0.0844203,0.982175,0.0293542,-0.0693347,-0.00149413,0.556575,0.252417,0.117059,0.956207,-0.0908366
2.4132397174835205,-4.07556,-5.46762,2.32099,-2.24399,-3.43853,3.45295,0.731696,-0.224812,0.69837,-0.165359,0.0844203,0.982175,0.0293542,-0.0693347,-0.00149413,0.556575,0.252417,0.117059,0.956207,-0.0908366
2.443376302719116,-4.07556,-5.46762,2.32099,-2.24399,-3.43853,3.45295,0.731696,-0.224812,0.69837,-0.165359,0.0844203,0.982175,0.0293542,-0.0693347,-0.00149413,0.556575,0.252417,0.117059,0.956207,-0.0908366
2.4734108448028564,-4.07556,-5.46762,2.32099,-2.24399,-3.43853,3.45295,0.731696,-0.224812,0.69837,-0.165359,0.0844203,0.982175,0.0293542,-0.0693347,-0.00149413,0.556575,0.252417,0.117059,0.956207,-0.0908366
2.5052690505981445,-4.07556,-5.46762,2.32099,-2.24399,-3.43853,3.45295,0.731696,-0.224812,0.69837,-0.165359,0.0844203,0.982175,0.0293542,-0.0693347,-0.00149413,0.556575,0.252417,0.117059,0.956207,-0.0908366
2.5352253913879395,-4.07556,-5.46762,2.32099,-2.24399,-3.43853,3.45295,0.731696,-0.224812,0.69837,-0.165359,0.0844203,0.982175,0.0293542,-0.0693347,-0.00149413,0.556575,0.252417,0.117059,0.956207,-0.0908366
2.5652170181274414,-4.07556,-5.46762,2.32099,-2.24399,-3.43853,3.45295,0.731696,-0.224812,0.69837,-0.165359,0.0844203,0.982175,0.0293542,-0.0693347,-0.00149413,0.556575,0.252417,0.117059,0.956207,-0.0908366
2.595322608947754,-4.07556,-5.46762,2.32099,-2.24399,-3.43853,3.45295,0.731696,-0.224812,0.69837,-0.165359,0.0844203,0.982175,0.0293542,-0.0693347,-0.00149413,0.556575,0.252417,0.117059,0.956207,-0.0908366
2.625309467315674,-4.07556,-5.46762,2.32099,-2.24399,-3.43853,3.45295,0.731696,-0.224812,0.69837,-0.165359,0.0844203,0.982175,0.0293542,-0.0693347,-0.00149413,0.556575,0.252417,0.117059,0.956207,-0.0908366
2.657191753387451,-4.07556,-5.46762,2.32099,-2.24399,-3.43853,3.45295,0.731696,-0.224812,0.69837,-0.165359,0.0844203,0.982175,0.0293542,-0.0693347,-0.00149413,0.556575,0.252417,0.117059,0.956207,-0.0908366
2.6872169971466064,-4.07556,-5.46762,2.32099,-2.24399,-3.43853,3.45295,0.731696,-0.224812,0.69837,-0.165359,0.0844203,0.982175,0.0293542,-0.0693347,-0.00149413,0.556575,0.252417,0.117059,0.956207,-0.0908366
2.7170166969299316,-4.07556,-5.46762,2.32099,-2.24399,-3.43853,3.45295,0.731696,-0.224812,0.69837,-0.165359,0.0844203,0.982175,0.0293542,-0.0693347,-0.00149413,0.556575,0.252417,0.117059,0.956207,-0.0908366
2.7468979358673096,-4.07556,-5.46762,2.32099,-2.24399,-3.43853,3.45295,0.731696,-0.224812,0.69837,-0.165359,0.0844203,0.982175,0.0293542,-0.0693347,-0.00149413,0.556575,0.252417,0.117059,0.956207,-0.0908366
2.7772562503814697,-4.07556,-5.46762,2.32099,-2.24399,-3.43853,3.45295,0.731696,-0.224812,0.69837,-0.165359,0.0844203,0.982175,0.0293542,-0.0693347,-0.00149413,0.556575,0.252417,0.117059,0.956207,-0.0908366
2.809413433074951,-4.07556,-5.46762,2.32099,-2.24399,-3.43853,3.45295,0.731696,-0.224812,0.69837,-0.165359,0.0844203,0.982175,0.0293542,-0.0693347,-0.00149413,0.556575,0.252417,0.117059,0.956207,-0.0908366
2.839722156524658,-4.07556,-5.46762,2.32099,-2.24399,-3.43853,3.45295,0.731696,-0.224812,0.69837,-0.165359,0.0844203,0.982175,0.0293542,-0.0693347,-0.00149413,0.556575,0.252417,0.117059,0.956207,-0.0908366
2.8695363998413086,-4.07556,-5.46762,2.32099,-2.24399,-3.43853,3.45295,0.731696,-0.224812,0.69837,-0.165359,0.0844203,0.982175,0.0293542,-0.0693347,-0.00149413,0.556575,0.252417,0.117059,0.956207,-0.0908366
2.8994994163513184,-4.07556,-5.46762,2.32099,-2.24399,-3.43853,3.45295,0.731696,-0.224812,0.69837,-0.165359,0.0844203,0.982175,0.0293542,-0.0693347,-0.00149413,0.556575,0.252417,0.117059,0.956207,-0.0908366
2.9295871257781982,-4.07556,-5.46762,2.32099,-2.24399,-3.43853,3.45295,0.731696,-0.224812,0.69837,-0.165359,0.0844203,0.982175,0.0293542,-0.0693347,-0.00149413,0.556575,0.252417,0.117059,0.956207,-0.0908366
2.9612104892730713,-4.07556,-5.46762,2.32099,-2.24399,-3.43853,3.45295,0.731696,-0.224812,0.69837,-0.165359,0.0844203,0.982175,0.0293542,-0.0693347,-0.00149413,0.556575,0.252417,0.117059,0.956207,-0.0908366
2.9912972450256348,-4.07556,-5.46762,2.32099,-2.24399,-3.43853,3.45295,0.731696,-0.224812,0.69837,-0.165359,0.0844203,0.982175,0.0293542,-0.0693347,-0.00149413,0.556575,0.252417,0.117059,0.956207,-0.0908366
3.0214664936065674,-4.07556,-5.46762,2.32099,-2.24399,-3.43853,3.45295,0.731696,-0.224812,0.69837,-0.165359,0.0844203,0.982175,0.0293542,-0.0693347,-0.00149413,0.556575,0.252417,0.117059,0.956207,-0.0908366
3.0511538982391357,-4.07556,-5.46762,2.32099,-2.24399,-3.43853,3.45295,0.731696,-0.224812,0.69837,-0.165359,0.0844203,0.982175,0.0293542,-0.0693347,-0.00149413,0.556575,0.252417,0.117059,0.956207,-0.0908366
3.0809779167175293,-4.07556,-5.46762,2.32099,-2.24399,-3.43853,3.45295,0.731696,-0.224812,0.69837,-0.165359,0.0844203,0.982175,0.0293542,-0.0693347,-0.00149413,0.556575,0.252417,0.117059,0.956207,-0.0908366
3.1133782863616943,-4.07556,-5.46762,2.32099,-2.24399,-3.43853,3.45295,0.731696,-0.224812,0.69837,-0.165359,0.0844203,0.982175,0.0293542,-0.0693347,-0.00149413,0.556575,0.252417,0.117059,0.956207,-0.0908366
3.1434037685394287,-4.07556,-5.46762,2.32099,-2.24399,-3.43853,3.45295,0.731696,-0.224812,0.69837,-0.165359,0.0844203,0.982175,0.0293542,-0.0693347,-0.00149413,0.556575,0.252417,0.117059,0.956207,-0.0908366
3.173248529434204,-4.07556,-5.46762,2.32099,-2.24399,-3.43853,3.45295,0.731696,-0.224812,0.69837,-0.165359,0.0844203,0.982175,0.0293542,-0.0693347,-0.00149413,0.556575,0.252417,0.117059,0.956207,-0.0908366
3.205164670944214,-4.07556,-5.46762,2.32099,-2.24399,-3.43853,3.45295,0.731696,-0.224812,0.69837,-0.165359,0.0844203,0.982175,0.0293542,-0.0693347,-0.00149413,0.556575,0.252417,0.117059,0.956207,-0.0908366
3.235427141189575,-4.07556,-5.46762,2.32099,-2.24399,-3.43853,3.45295,0.731696,-0.224812,0.69837,-0.165359,0.0844203,0.982175,0.0293542,-0.0693347,-0.00149413,0.556575,0.252417,0.117059,0.956207,-0.0908366
3.265094757080078,-4.07556,-5.46762,2.32099,-2.24399,-3.43853,3.45295,0.731696,-0.224812,0.69837,-0.165359,0.0844203,0.982175,0.0293542,-0.0693347,-0.00149413,0.556575,0.252417,0.117059,0.956207,-0.0908366
3.2950782775878906,-4.07556,-5.46762,2.32099,-2.24399,-3.43853,3.45295,0.731696,-0.224812,0.69837,-0.165359,0.0844203,0.982175,0.0293542,-0.0693347,-0.00149413,0.556575,0.252417,0.117059,0.956207,-0.0908366
3.325197696685791,-4.07556,-5.46762,2.32099,-2.24399,-3.43853,3.45295,0.731696,-0.224812,0.69837,-0.165359,0.0844203,0.982175,0.0293542,-0.0693347,-0.00149413,0.556575,0.252417,0.117059,0.956207,-0.0908366
3.35697865486145,-4.07556,-5.46762,2.32099,-2.24399,-3.43853,3.45295,0.731696,-0.224812,0.69837,-0.165359,0.0844203,0.982175,0.0293542,-0.0693347,-0.00149413,0.556575,0.252417,0.117059,0.956207,-0.0908366
3.38700270652771,-4.07556,-5.46762,2.32099,-2.24399,-3.43853,3.45295,0.731696,-0.224812,0.69837,-0.165359,0.0844203,0.982175,0.0293542,-0.0693347,-0.00149413,0.556575,0.252417,0.117059,0.956207,-0.0908366
3.4173636436462402,-4.07556,-5.46762,2.32099,-2.24399,-3.43853,3.45295,0.731696,-0.224812,0.69837,-0.165359,0.0844203,0.982175,0.0293542,-0.0693347,-0.00149413,0.556575,0.252417,0.117059,0.956207,-0.0908366
3.4474434852600098,-4.07556,-5.46762,2.32099,-2.24399,-3.43853,3.45295,0.731696,-0.224812,0.69837,-0.165359,0.0844203,0.982175,0.0293542,-0.0693347,-0.00149413,0.556575,0.252417,0.117059,0.956207,-0.0908366
3.4772298336029053,-4.07556,-5.46762,2.32099,-2.24399,-3.43853,3.45295,0.731696,-0.224812,0.69837,-0.165359,0.0844203,0.982175,0.0293542,-0.0693347,-0.00149413,0.556575,0.252417,0.117059,0.956207,-0.0908366
3.509261131286621,-4.07556,-5.46762,2.32099,-2.24399,-3.43853,3.45295,0.731696,-0.224812,0.69837,-0.165359,0.0844203,0.982175,0.0293542,-0.0693347,-0.00149413,0.556575,0.252417,0.117059,0.956207,-0.0908366
3.539362668991089,-4.07556,-5.46762,2.32099,-2.24399,-3.43853,3.45295,0.731696,-0.224812,0.69837,-0.165359,0.0844203,0.982175,0.0293542,-0.0693347,-0.00149413,0.556575,0.252417,0.117059,0.956207,-0.0908366
3.5692636966705322,-4.07556,-5.46762,2.32099,-2.24399,-3.43853,3.45295,0.731696,-0.224812,0.69837,-0.165359,0.0844203,0.982175,0.0293542,-0.0693347,-0.00149413,0.556575,0.252417,0.117059,0.956207,-0.0908366
3.599092960357666,-4.07556,-5.46762,2.32099,-2.24399,-3.43853,3.45295,0.731696,-0.224812,0.69837,-0.165359,0.0844203,0.982175,0.0293542,-0.0693347,-0.00149413,0.556575,0.252417,0.117059,0.956207,-0.0908366
3.6292693614959717,-4.07556,-5.46762,2.32099,-2.24399,-3.43853,3.45295,0.731696,-0.224812,0.69837,-0.165359,0.0844203,0.982175,0.0293542,-0.0693347,-0.00149413,0.556575,0.252417,0.117059,0.956207,-0.0908366
3.66153621673584,-4.07556,-5.46762,2.32099,-2.24399,-3.43853,3.45295,0.731696,-0.224812,0.69837,-0.165359,0.0844203,0.982175,0.0293542,-0.0693347,-0.00149413,0.556575,0.252417,0.117059,0.956207,-0.0908366
3.691462516784668,-4.07556,-5.46762,2.32099,-2.24399,-3.43853,3.45295,0.731696,-0.224812,0.69837,-0.165359,0.0844203,0.982175,0.0293542,-0.0693347,-0.00149413,0.556575,0.252417,0.117059,0.956207,-0.0908366
3.7211663722991943,-4.07556,-5.46762,2.32099,-2.24399,-3.43853,3.45295,0.731696,-0.224812,0.69837,-0.165359,0.0844203,0.982175,0.0293542,-0.0693347,-0.00149413,0.556575,0.252417,0.117059,0.956207,-0.0908366
3.7510323524475098,-4.07556,-5.46762,2.32099,-2.24399,-3.43853,3.45295,0.731696,-0.224812,0.69837,-0.165359,0.0844203,0.982175,0.0293542,-0.0693347,-0.00149413,0.556575,0.252417,0.117059,0.956207,-0.0908366
3.7808284759521484,-4.07556,-5.46762,2.32099,-2.24399,-3.43853,3.45295,0.731696,-0.224812,0.69837,-0.165359,0.0844203,0.982175,0.0293542,-0.0693347,-0.00149413,0.556575,0.252417,0.117059,0.956207,-0.0908366
3.813413619995117,-4.07556,-5.46762,2.32099,-2.24399,-3.43853,3.45295,0.731696,-0.224812,0.69837,-0.165359,0.0844203,0.982175,0.0293542,-0.0693347,-0.00149413,0.556575,0.252417,0.117059,0.956207,-0.0908366
3.8436660766601562,-4.07556,-5.46762,2.32099,-2.24399,-3.43853,3.45295,0.731696,-0.224812,0.69837,-0.165359,0.0844203,0.982175,0.0293542,-0.0693347,-0.00149413,0.556575,0.252417,0.117059,0.956207,-0.0908366
3.8735909461975098,-4.07556,-5.46762,2.32099,-2.24399,-3.43853,3.45295,0.731696,-0.224812,0.69837,-0.165359,0.0844203,0.982175,0.0293542,-0.0693347,-0.00149413,0.556575,0.252417,0.117059,0.956207,-0.0908366
3.905332326889038,-4.07556,-5.46762,2.32099,-2.24399,-3.43853,3.45295,0.731696,-0.224812,0.69837,-0.165359,0.0844203,0.982175,0.0293542,-0.0693347,-0.00149413,0.556575,0.252417,0.117059,0.956207,-0.0908366
3.935220956802368,-4.07556,-5.46762,2.32099,-2.24399,-3.43853,3.45295,0.731696,-0.224812,0.69837,-0.165359,0.0844203,0.982175,0.0293542,-0.0693347,-0.00149413,0.556575,0.252417,0.117059,0.956207,-0.0908366
3.965080499649048,-4.07556,-5.46762,2.32099,-2.24399,-3.43853,3.45295,0.731696,-0.224812,0.69837,-0.165359,0.0844203,0.982175,0.0293542,-0.0693347,-0.00149413,0.556575,0.252417,0.117059,0.956207,-0.0908366
3.9949512481689453,-4.07556,-5.46762,2.32099,-2.24399,-3.43853,3.45295,0.731696,-0.224812,0.69837,-0.165359,0.0844203,0.982175,0.0293542,-0.0693347,-0.00149413,0.556575,0.252417,0.117059,0.956207,-0.0908366
4.025695323944092,-4.07556,-5.46762,2.32099,-2.24399,-3.43853,3.45295,0.731696,-0.224812,0.69837,-0.165359,0.0844203,0.982175,0.0293542,-0.0693347,-0.00149413,0.556575,0.252417,0.117059,0.956207,-0.0908366
4.05742621421814,-4.07556,-5.46762,2.32099,-2.24399,-3.43853,3.45295,0.731696,-0.224812,0.69837,-0.165359,0.0844203,0.982175,0.0293542,-0.0693347,-0.00149413,0.556575,0.252417,0.117059,0.956207,-0.0908366
4.087480306625366,-4.07556,-5.46762,2.32099,-2.24399,-3.43853,3.45295,0.731696,-0.224812,0.69837,-0.165359,0.0844203,0.982175,0.0293542,-0.0693347,-0.00149413,0.556575,0.252417,0.117059,0.956207,-0.0908366
4.11720085144043,-4.07556,-5.46762,2.32099,-2.24399,-3.43853,3.45295,0.731696,-0.224812,0.69837,-0.165359,0.0844203,0.982175,0.0293542,-0.0693347,-0.00149413,0.556575,0.252417,0.117059,0.956207,-0.0908366
4.14885950088501,-4.07556,-5.46762,2.32099,-2.24399,-3.43853,3.45295,0.731696,-0.224812,0.69837,-0.165359,0.0844203,0.982175,0.0293542,-0.0693347,-0.00149413,0.556575,0.252417,0.117059,0.956207,-0.0908366
4.178083896636963,-4.07556,-5.46762,2.32099,-2.24399,-3.43853,3.45295,0.731696,-0.224812,0.69837,-0.165359,0.0844203,0.982175,0.0293542,-0.0693347,-0.00149413,0.556575,0.252417,0.117059,0.956207,-0.0908366
4.209425926208496,-4.07556,-5.46762,2.32099,-2.24399,-3.43853,3.45295,0.731696,-0.224812,0.69837,-0.165359,0.0844203,0.982175,0.0293542,-0.0693347,-0.00149413,0.556575,0.252417,0.117059,0.956207,-0.0908366
4.239099740982056,-4.07556,-5.46762,2.32099,-2.24399,-3.43853,3.45295,0.731696,-0.224812,0.69837,-0.165359,0.0844203,0.982175,0.0293542,-0.0693347,-0.00149413,0.556575,0.252417,0.117059,0.956207,-0.0908366
4.269452333450317,-4.07556,-5.46762,2.32099,-2.24399,-3.43853,3.45295,0.731696,-0.224812,0.69837,-0.165359,0.0844203,0.982175,0.0293542,-0.0693347,-0.00149413,0.556575,0.252417,0.117059,0.956207,-0.0908366
4.29908299446106,-4.07556,-5.46762,2.32099,-2.24399,-3.43853,3.45295,0.731696,-0.224812,0.69837,-0.165359,0.0844203,0.982175,0.0293542,-0.0693347,-0.00149413,0.556575,0.252417,0.117059,0.956207,-0.0908366
4.329444408416748,-4.07556,-5.46762,2.32099,-2.24399,-3.43853,3.45295,0.731696,-0.224812,0.69837,-0.165359,0.0844203,0.982175,0.0293542,-0.0693347,-0.00149413,0.556575,0.252417,0.117059,0.956207,-0.0908366
4.361493349075317,-4.07556,-5.46762,2.32099,-2.24399,-3.43853,3.45295,0.731696,-0.224812,0.69837,-0.165359,0.0844203,0.982175,0.0293542,-0.0693347,-0.00149413,0.556575,0.252417,0.117059,0.956207,-0.0908366
4.391699552536011,-4.07556,-5.46762,2.32099,-2.24399,-3.43853,3.45295,0.731696,-0.224812,0.69837,-0.165359,0.0844203,0.982175,0.0293542,-0.0693347,-0.00149413,0.556575,0.252417,0.117059,0.956207,-0.0908366
4.421419620513916,-4.07556,-5.46762,2.32099,-2.24399,-3.43853,3.45295,0.731696,-0.224812,0.69837,-0.165359,0.0844203,0.982175,0.0293542,-0.0693347,-0.00149413,0.556575,0.252417,0.117059,0.956207,-0.0908366
4.451268196105957,-4.07556,-5.46762,2.32099,-2.24399,-3.43853,3.45295,0.731696,-0.224812,0.69837,-0.165359,0.0844203,0.982175,0.0293542,-0.0693347,-0.00149413,0.556575,0.252417,0.117059,0.956207,-0.0908366
4.481332778930664,-4.07556,-5.46762,2.32099,-2.24399,-3.43853,3.45295,0.731696,-0.224812,0.69837,-0.165359,0.0844203,0.982175,0.0293542,-0.0693347,-0.00149413,0.556575,0.252417,0.117059,0.956207,-0.0908366
4.513224840164185,-4.07556,-5.46762,2.32099,-2.24399,-3.43853,3.45295,0.731696,-0.224812,0.69837,-0.165359,0.0844203,0.982175,0.0293542,-0.0693347,-0.00149413,0.556575,0.252417,0.117059,0.956207,-0.0908366
4.5429487228393555,-4.07556,-5.46762,2.32099,-2.24399,-3.43853,3.45295,0.731696,-0.224812,0.69837,-0.165359,0.0844203,0.982175,0.0293542,-0.0693347,-0.00149413,0.556575,0.252417,0.117059,0.956207,-0.0908366
4.573588848114014,-4.07556,-5.46762,2.32099,-2.24399,-3.43853,3.45295,0.731696,-0.224812,0.69837,-0.165359,0.0844203,0.982175,0.0293542,-0.0693347,-0.00149413,0.556575,0.252417,0.117059,0.956207,-0.0908366
4.60546350479126,-4.07556,-5.46762,2.32099,-2.24399,-3.43853,3.45295,0.731696,-0.224812,0.69837,-0.165359,0.0844203,0.982175,0.0293542,-0.0693347,-0.00149413,0.556575,0.252417,0.117059,0.956207,-0.0908366
4.635329961776733,-4.07556,-5.46762,2.32099,-2.24399,-3.43853,3.45295,0.731696,-0.224812,0.69837,-0.165359,0.0844203,0.982175,0.0293542,-0.0693347,-0.00149413,0.556575,0.252417,0.117059,0.956207,-0.0908366
4.6650776863098145,-4.07556,-5.46762,2.32099,-2.24399,-3.43853,3.45295,0.731696,-0.224812,0.69837,-0.165359,0.0844203,0.982175,0.0293542,-0.0693347,-0.00149413,0.556575,0.252417,0.117059,0.956207,-0.0908366
4.694849491119385,-4.07556,-5.46762,2.32099,-2.24399,-3.43853,3.45295,0.731696,-0.224812,0.69837,-0.165359,0.0844203,0.982175,0.0293542,-0.0693347,-0.00149413,0.556575,0.252417,0.117059,0.956207,-0.0908366
4.725610971450806,-4.07556,-5.46762,2.32099,-2.24399,-3.43853,3.45295,0.731696,-0.224812,0.69837,-0.165359,0.0844203,0.982175,0.0293542,-0.0693347,-0.00149413,0.556575,0.252417,0.117059,0.956207,-0.0908366
4.757597208023071,-4.07556,-5.46762,2.32099,-2.24399,-3.43853,3.45295,0.731696,-0.224812,0.69837,-0.165359,0.0844203,0.982175,0.0293542,-0.0693347,-0.00149413,0.556575,0.252417,0.117059,0.956207,-0.0908366
4.787799119949341,-4.07556,-5.46762,2.32099,-2.24399,-3.43853,3.45295,0.731696,-0.224812,0.69837,-0.165359,0.0844203,0.982175,0.0293542,-0.0693347,-0.00149413,0.556575,0.252417,0.117059,0.956207,-0.0908366
4.8180832862854,-4.07556,-5.46762,2.32099,-2.24399,-3.43853,3.45295,0.731696,-0.224812,0.69837,-0.165359,0.0844203,0.982175,0.0293542,-0.0693347,-0.00149413,0.556575,0.252417,0.117059,0.956207,-0.0908366
