# Timestamp, Fx, Fy, Fz, Tx, Ty, Tz, FemurPosX, FemurPosY, FemurPosZ, FemurQuatW, FemurQuatX, FemurQuatY, FemurQuatZ, TibiaPosX, TibiaPosY, TibiaPosZ, TibiaQuatW, TibiaQuatX, TibiaQuatY, TibiaQuatZ
0.017772197723388672,10.175747729995267,-3.26888799336979,-5.703387245232915,1.2153711876273274,1.2945037230919392,0.06305721516759136,0.0,50.0,20.0,1.0,0.0,0.0,0.0,-341.85687764591586,70.0,130.8185627600206,0.7719502485263522,0.0,0.6356829506916974,0.0
0.05075526237487793,9.409519743357647,-3.9436554293262853,-6.458012319779672,1.1024941629734957,1.1591364946813847,-0.08584549768076341,0.0,50.0,20.0,1.0,0.0,0.0,0.0,-342.1175139713047,70.0,129.53004814753422,0.7761119502122932,0.0,0.6305951480448221,0.0
0.0841372013092041,10.144261482491602,-4.101882907722826,-7.129733894122163,0.9770674590829637,1.01224472164199,-0.10831857138455511,0.0,50.0,20.0,1.0,0.0,0.0,0.0,-342.40303217877823,70.0,128.20936274214543,0.7803545260260062,0.0,0.6253373599192097,0.0
0.11666607856750488,9.897753883595575,-3.7141756690545065,-7.875566591263175,0.8213891484134388,0.8562035985359803,0.013867555847027008,0.0,50.0,20.0,1.0,0.0,0.0,0.0,-342.71463204786187,70.0,126.85789157364655,0.7846722514093175,0.0,0.6199108467096157,0.0
0.13821816444396973,10.472986124453376,-4.419640867141486,-7.413578894567796,0.9058619625682164,0.699023640823436,0.1655852791273563,0.0,50.0,20.0,1.0,0.0,0.0,0.0,-343.0534874086949,70.0,125.47707814342013,0.789059319242159,0.0,0.6143170115804222,0.0
0.1832275390625,11.203628295428256,-3.7171749871495763,-6.883384996326052,0.7325018101038624,0.7803226593436551,0.3460143945997728,0.0,50.0,20.0,1.0,0.0,0.0,0.0,-343.8174971963209,70.0,122.63348479582638,0.7980179045741193,0.0,0.6026337394961652,0.0
0.20096731185913086,10.975059320455491,-4.458843590591325,-7.597733147640249,0.6120093284665239,0.8699802259942535,0.3385502780592351,0.0,50.0,20.0,1.0,0.0,0.0,0.0,-344.2448201670474,70.0,121.17387408688242,0.802577491315068,0.0,0.596547877738587,0.0
0.23417925834655762,11.458664122190246,-4.447748962979043,-6.908924090091733,0.4247160003119118,0.8516336358696729,0.17957331483828795,0.0,50.0,20.0,1.0,0.0,0.0,0.0,-344.70372492924633,70.0,119.69125608608539,0.8071825813095653,0.0,0.5903018553506562,0.0
0.26749515533447266,11.813514837785382,-4.990311479262581,-7.283778199621974,0.2963384352335046,0.7855618252464227,0.13842869711208222,0.0,50.0,20.0,1.0,0.0,0.0,0.0,-345.19517388340535,70.0,118.18734614964904,0.8118271178346748,0.0,0.5838978769855608,0.0
0.29035234451293945,12.322750013681311,-4.617167123340357,-7.081987135076098,0.1619610512564497,0.8843951267466553,0.21776056369702418,0.0,50.0,20.0,1.0,0.0,0.0,0.0,-345.7200713203768,70.0,116.66390772503233,0.8165050283830703,0.0,0.5773383224983092,0.0
0.33287858963012695,12.185878233950504,-4.047782293244035,-7.2982929112632915,0.16098703071120377,0.778236744078821,0.0849594954241947,0.0,50.0,20.0,1.0,0.0,0.0,0.0,-346.87350853944037,70.0,113.56572234493578,0.8259366732839275,0.0,0.5637629038209936,0.0
0.3663346767425537,11.97410820756264,-4.128299329906442,-6.600683254752324,0.18105823353238593,0.5963454727416153,0.09286386968571733,0.0,50.0,20.0,1.0,0.0,0.0,0.0,-347.50352242609216,70.0,111.99471567769079,0.8306782900807905,0.0,0.5567527084697963,0.0
0.38416624069213867,12.432740916273483,-3.8608825790934267,-5.83346567182278,0.3315776167152025,0.7179986188933722,-0.06256144442023573,0.0,50.0,20.0,1.0,0.0,0.0,0.0,-348.169924033464,70.0,110.41165388677848,0.8354290697396803,0.0,0.5495982800499765,0.0
0.4174339771270752,13.0,-4.445323000627005,-5.358412299925281,0.3554390915217816,0.6586402953906513,-0.10257450791113834,0.0,50.0,20.0,1.0,0.0,0.0,0.0,-348.8732563129365,70.0,108.81849219622683,0.8401830389973758,0.0,0.5423029236332164,0.0
0.44986939430236816,13.0,-4.469661061356729,-5.601026930465224,0.44308909963365045,0.7781610971223196,-0.23224662949703498,0.0,50.0,20.0,1.0,0.0,0.0,0.0,-350.39245706995774,70.0,105.60981808957484,0.8496769442277022,0.0,0.5273036036742725,0.0
0.48317885398864746,13.0,-4.558972048164563,-6.314726825538096,0.3266475875835824,0.7027057329907009,-0.08821009489228973,0.0,50.0,20.0,1.0,0.0,0.0,0.0,-351.2089735581442,70.0,103.99833021072322,0.8544052603690967,0.0,0.5196072084311535,0.0
0.5166771411895752,13.0,-4.450196557038912,-6.977925416430459,0.4587735104910649,0.8073740411568106,-0.24600257906208103,0.0,50.0,20.0,1.0,0.0,0.0,0.0,-352.06371067526203,70.0,102.38478163658205,0.8591135500136695,0.0,0.5117850214522796,0.0
0.5342249870300293,13.0,-4.422690812961083,-6.223124508044448,0.6531616578250823,0.8032982638022923,-0.11305732368574231,0.0,50.0,20.0,1.0,0.0,0.0,0.0,-352.9567553272102,70.0,100.77121211290239,0.8637962372200333,0.0,0.5038413049408633,0.0
0.5675389766693115,13.0,-4.452090093969165,-5.540755618754163,0.5226457927534924,0.6601778201468016,-0.06060438165886342,0.0,50.0,20.0,1.0,0.0,0.0,0.0,-353.88809540256693,70.0,99.15966280007007,0.8684478602654564,0.0,0.49578050990367734,0.0
0.6008038520812988,13.0,-5.20273819693121,-4.918338885825656,0.5574867973512855,0.8481709483750131,0.035044319016254794,0.0,50.0,20.0,1.0,0.0,0.0,0.0,-355.8651084331997,70.0,95.950762992964,0.8776367044712635,0.0,0.4793264179709064,0.0
0.6333479881286621,13.0,-5.695672091539838,-5.338254802169888,0.7136238976083611,0.9751482885537187,0.023638150931690777,0.0,50.0,20.0,1.0,0.0,0.0,0.0,-356.9102487425529,70.0,94.35745120884954,0.8821636718635337,0.0,0.47094294351253174,0.0
0.6666653156280518,12.51158811899718,-5.317678975576456,-5.697388836469392,0.53682689752654,0.9688485362530685,0.04239927006877803,0.0,50.0,20.0,1.0,0.0,0.0,0.0,-357.992617857439,70.0,92.77422543884647,0.8866390882460392,0.0,0.4624620278403756,0.0
0.6862318515777588,12.289407925701866,-6.053497882765012,-5.250681196030431,0.6029577250404643,0.9839844355791204,0.15399309808210548,0.0,50.0,20.0,1.0,0.0,0.0,0.0,-359.11169127893703,70.0,91.20304844427724,0.8910582235626434,0.0,0.45388901971890244,0.0
0.7175698280334473,12.245217405469884,-5.543228534066716,-4.940934053290284,0.7097899000949447,0.9060372002928165,0.04570757202625014,0.0,50.0,20.0,1.0,0.0,0.0,0.0,-360.2668415671919,70.0,89.64584980029358,0.8954165237466484,0.0,0.4452294341139946,0.0
0.7507598400115967,13.0,-6.185914260591091,-4.574993581347524,0.9070930649367528,0.9975368615295391,-0.020395012878826557,0.0,50.0,20.0,1.0,0.0,0.0,0.0,-362.68235390503435,70.0,86.58090506532241,0.9039333353037644,0.0,0.4276733862734647,0.0
0.7841513156890869,12.943274133760692,-5.803006791153612,-4.517822127537022,1.0974935401791883,1.1974434469447233,-0.013202151895108427,0.0,50.0,20.0,1.0,0.0,0.0,0.0,-363.94095632745,70.0,85.07680017422791,0.9080836961034265,0.0,0.4187887305923353,0.0
0.816605806350708,12.841088189965784,-5.415080302497289,-4.82160915950674,1.286330180881511,1.2405941592432876,0.15585331939789737,0.0,50.0,20.0,1.0,0.0,0.0,0.0,-365.2321202453978,70.0,83.59394487698164,0.9121569358477146,0.0,0.4098410965055947,0.0
0.8382604122161865,13.0,-5.970467705299533,-5.177332360144554,1.2314367123287437,1.3610656415274096,0.05773669563907313,0.0,50.0,20.0,1.0,0.0,0.0,0.0,-366.5547251011586,70.0,82.13401739432618,0.9161495036446666,0.0,0.400836733560724,0.0
0.8832757472991943,13.0,-5.17967287318443,-4.568915450839496,1.1985120997908971,1.323853045997694,0.14242273590828797,0.0,50.0,20.0,1.0,0.0,0.0,0.0,-369.28932188131796,70.0,79.28932188137253,0.9238795325112129,0.0,0.38268343236526803,0.0
0.9009466171264648,12.53720743631897,-5.606026076686951,-3.770260873767205,1.224760972236754,1.2943754004897146,0.23766888381773704,0.0,50.0,20.0,1.0,0.0,0.0,0.0,-370.69862955296446,70.0,77.90755896654109,0.9276110203998735,0.0,0.37354758041339986,0.0
0.9342448711395264,13.0,-6.142946323758752,-4.351123117445619,1.0550812209013574,1.4148395495910961,0.41790796510860184,0.0,50.0,20.0,1.0,0.0,0.0,0.0,-372.13401739426934,70.0,76.55472510121115,0.9312498990571458,0.0,0.3643811541587404,0.0
0.9675254821777344,13.0,-6.510229976582957,-4.2582842328931365,0.9641736532889288,1.456254616264074,0.5374665205952884,0.0,50.0,20.0,1.0,0.0,0.0,0.0,-373.59394487692407,70.0,75.23212024544895,0.9347937733921612,0.0,0.3551909362965851,0.0
0.9901759624481201,13.0,-6.778668628271087,-4.5054273805107465,1.101426028920759,1.4179470288353797,0.3665928206275497,0.0,50.0,20.0,1.0,0.0,0.0,0.0,-375.07680017416953,70.0,73.94095632749985,0.9382404906858905,0.0,0.3459837881136908,0.0
1.0326154232025146,13.0,-7.010706961695191,-4.720879724792097,1.2735582201925968,1.3065156023467386,0.43849959916166803,0.0,50.0,20.0,1.0,0.0,0.0,0.0,-378.1045200725005,70.0,71.45733920636181,0.9448350670715979,0.0,0.32754647919312013,0.0
1.0658667087554932,12.575270650811317,-6.978850520022756,-4.151197919390744,1.206136031657325,1.3234451102247604,0.6036873345343783,0.0,50.0,20.0,1.0,0.0,0.0,0.0,-379.645849800233,70.0,70.26684156723776,0.9479798479734742,0.0,0.3183303438822457,0.0
1.0832152366638184,11.899716229646092,-7.089075942092143,-4.791475313947038,1.1525781425401107,1.4227096167050644,0.4483858860276228,0.0,50.0,20.0,1.0,0.0,0.0,0.0,-381.2030484442158,70.0,69.11169127898167,0.951021316062417,0.0,0.30912530856419435,0.0
1.1163721084594727,11.798299854646192,-6.972402692900648,-4.792944077907954,1.2913217335623477,1.4366602292669852,0.2838460709866709,0.0,50.0,20.0,1.0,0.0,0.0,0.0,-382.7742254387846,70.0,67.9926178574822,0.9539585476909304,0.0,0.2999384758369806,0.0
1.149656057357788,11.606544395756595,-7.378198726868217,-4.7229159501404245,1.4552700634320692,1.5,0.38848242354021834,0.0,50.0,20.0,1.0,0.0,0.0,0.0,-385.95076299290156,70.0,65.8651084332398,0.9595178256988252,0.0,0.28164790460111533,0.0
1.1825170516967773,11.480668559290736,-7.370377252279184,-5.182644682936832,1.5,1.5,0.19104460939029433,0.0,50.0,20.0,1.0,0.0,0.0,0.0,-387.55217070494143,70.0,64.85761806105967,0.9621392361268205,0.0,0.2725584163171233,0.0
1.2159819602966309,10.712827132256967,-6.781225837401108,-5.193323020738052,1.5,1.413873226608824,0.011747510579203452,0.0,50.0,20.0,1.0,0.0,0.0,0.0,-389.15966280000714,70.0,63.888095402604065,0.9646551316335696,0.0,0.26351561056798956,0.0
1.23421311378479,10.40490575781354,-6.284769055325362,-5.594831532921743,1.5,1.5,-0.144773639837226,0.0,50.0,20.0,1.0,0.0,0.0,0.0,-390.7712121128393,70.0,62.956755327245844,0.9670657802671806,0.0,0.25452657353649594,0.0
1.266512155532837,11.03848836298701,-5.728300202088445,-6.096329433260319,1.3255556055046125,1.5,-0.25969396099451736,0.0,50.0,20.0,1.0,0.0,0.0,0.0,-392.3847816365187,70.0,62.063710675296306,0.9693716762024349,0.0,0.24559835784565334,0.0
1.299703598022461,11.581971083609904,-6.154034444695178,-6.787310658362314,1.4466755354515646,1.4706659061564369,-0.3124561007342121,0.0,50.0,20.0,1.0,0.0,0.0,0.0,-395.6098180895119,70.0,60.392457069988936,0.9736722829833739,0.0,0.22795237517943231,0.0
1.3325862884521484,10.998290100114378,-5.493326663482421,-7.540426142237284,1.4398482790504725,1.5,-0.31348836021113774,0.0,50.0,20.0,1.0,0.0,0.0,0.0,-397.2172123618422,70.0,59.613977397452146,0.9756690591654218,0.0,0.2192484594866307,0.0
1.3660588264465332,10.48437463807299,-5.631715879937996,-7.037568178476478,1.3073347322512958,1.3990678246016293,-0.48696044464946764,0.0,50.0,20.0,1.0,0.0,0.0,0.0,-398.81849219616413,70.0,58.87325631296481,0.9775651990712312,0.0,0.21063304955496437,0.0
1.3861355781555176,11.243424577843951,-5.625191348897936,-6.450050212216956,1.4595103872499107,1.362386450880259,-0.599425487123285,0.0,50.0,20.0,1.0,0.0,0.0,0.0,-400.41165388671635,70.0,58.169924033490744,0.9793622311650303,0.0,0.20211288966182667,0.0
1.4163970947265625,10.775455992017122,-6.245105975841878,-5.889879308110473,1.5,1.1641806976131437,-0.6965105656237112,0.0,50.0,20.0,1.0,0.0,0.0,0.0,-401.99471567762913,70.0,57.5035224261175,0.9810618675034783,0.0,0.1936946362979302,0.0
1.4496769905090332,11.172408777813786,-6.250140218500359,-6.166678947466835,1.4792087536942373,1.1909588877524269,-0.5365694459693431,0.0,50.0,20.0,1.0,0.0,0.0,0.0,-405.12274951786793,70.0,56.27925843866461,0.9841766649370818,0.0,0.17718998897602284,0.0
1.483043909072876,11.239559159578471,-5.645936311806438,-6.222852154054452,1.5,1.2321785237541438,-0.5990286662303924,0.0,50.0,20.0,1.0,0.0,0.0,0.0,-406.66390772497243,70.0,55.72007132039796,0.98559608531995,0.0,0.16911639956547633,0.0
1.5159173011779785,11.866932952887828,-5.371203058141541,-6.477137239848688,1.5,1.4164859569957693,-0.7928657205470604,0.0,50.0,20.0,1.0,0.0,0.0,0.0,-408.1873461495898,70.0,55.1951738834252,0.9869266085088971,0.0,0.16117031183541836,0.0
1.549224615097046,12.29465267139614,-6.075241430666718,-6.412557717190883,1.3719581123637727,1.5,-0.6024186271123987,0.0,50.0,20.0,1.0,0.0,0.0,0.0,-409.6912560860268,70.0,54.70372492926499,0.9881707217650577,0.0,0.15335783203450992,0.0
1.5824329853057861,12.54388349779966,-5.806710838735059,-6.283521959041816,1.2518374257079163,1.5,-0.5587072269608473,0.0,50.0,20.0,1.0,0.0,0.0,0.0,-412.6334847957698,70.0,53.81749719633703,0.990410275602144,0.0,0.13815746806338453,0.0
1.6158738136291504,12.255590373872577,-5.6933317825514225,-6.323862518431567,1.205921753884022,1.4270893413231842,-0.7372406858283971,0.0,50.0,20.0,1.0,0.0,0.0,0.0,-414.0684234632852,70.0,53.42074064106464,0.9914112652147326,0.0,0.13078112709914688,0.0
1.6326944828033447,12.972617512683783,-6.0615250051333955,-6.217209734951578,1.1699204293728005,1.5,-0.8263478379847464,0.0,50.0,20.0,1.0,0.0,0.0,0.0,-415.47707814336536,70.0,53.05348740870876,0.992336920081308,0.0,0.12356147070808021,0.0
1.665785312652588,13.0,-5.952344807537007,-6.924230304271547,1.2961782552077084,1.5,-0.9555590624959142,0.0,50.0,20.0,1.0,0.0,0.0,0.0,-416.8578915735931,70.0,52.7146320478746,0.9931902334198757,0.0,0.11650390654125291,0.0
1.6990885734558105,12.36025958712837,-5.26012914082645,-7.11645995013952,1.4013683212102461,1.3584970510828778,-1.0351363662630158,0.0,50.0,20.0,1.0,0.0,0.0,0.0,-418.20936274209316,70.0,52.403032178789886,0.9939742648107397,0.0,0.10961368935470339,0.0
1.7326726913452148,13.0,-5.236165978722039,-7.740160987847452,1.3304528504717092,1.1719666630286247,-0.9253057702310481,0.0,50.0,20.0,1.0,0.0,0.0,0.0,-420.81856275997086,70.0,51.856877645925564,0.9953469805903729,0.0,0.09635553035310353,0.0
1.7659268379211426,12.929985017408868,-5.734588246113459,-8.008973235831826,1.2979253233166756,1.2739079391257535,-0.7652690379043918,0.0,50.0,20.0,1.0,0.0,0.0,0.0,-422.0735806937208,70.0,51.61990297394772,0.9959420089193253,0.0,0.08999730479152465,0.0
1.783200979232788,13.0,-5.895027289891543,-8.73984412293782,1.4960630807424733,1.4352998070814793,-0.776698156174067,0.0,50.0,20.0,1.0,0.0,0.0,0.0,-423.2938356024305,70.0,51.405354754320555,0.9964804193903648,0.0,0.08382585383760052,0.0
1.8163831233978271,12.2027435159461,-5.566082054257657,-8.767286913464845,1.2977897846228004,1.2397251681889112,-0.9219628147096699,0.0,50.0,20.0,1.0,0.0,0.0,0.0,-424.47812081173544,70.0,51.211988245208005,0.9969654250644603,0.0,0.07784562432173085,0.0
1.8495564460754395,11.595766778759614,-5.645575700802118,-8.278081839284148,1.233073268578925,1.0531470303157995,-1.03889502410878,0.0,50.0,20.0,1.0,0.0,0.0,0.0,-426.73425286901363,70.0,50.88380579816068,0.997788039119129,0.0,0.06647577747423018,0.0
1.8825955390930176,11.493092423202405,-5.225329676046613,-7.835823305883631,1.0704617715183509,1.2295235230034947,-0.9199851796185983,0.0,50.0,20.0,1.0,0.0,0.0,0.0,-427.8039825471408,70.0,50.74650052371173,0.9981320039861667,0.0,0.06109421100692522,0.0
1.915937900543213,12.208784550790691,-5.1744352405753435,-7.753702966510895,1.1722355156861708,1.3699496613366664,-1.0581563713849405,0.0,50.0,20.0,1.0,0.0,0.0,0.0,-428.83350686878293,70.0,50.625408523353,0.9984352544773422,0.0,0.05591996617278134,0.0
1.934171199798584,12.451190231189722,-5.958460447076373,-8.369537112173617,0.9818291149133671,1.3162683804573316,-1.2024850265217024,0.0,50.0,20.0,1.0,0.0,0.0,0.0,-429.82191142445566,70.0,50.51931588017514,0.99870086642554,0.0,0.050956642362656776,0.0
1.9663410186767578,13.0,-6.335301499847017,-8.573097111120347,0.9188869365771946,1.178986782587121,-1.1342427695219437,0.0,50.0,20.0,1.0,0.0,0.0,0.0,-430.76833767674975,70.0,50.42702971815352,0.9989318552379999,0.0,0.046207668094891095,0.0
1.9992523193359375,13.0,-5.8954398569033195,-7.854516991153129,0.7610690508726599,1.1181984424796299,-1.001216757178804,0.0,50.0,20.0,1.0,0.0,0.0,0.0,-432.5320930325372,70.0,50.27923804179332,0.999301661056877,0.0,0.03736562871097701,0.0
2.032590627670288,12.663938571509481,-6.5942041947834795,-7.839219326271723,0.9414415315569358,1.046131875962111,-1.0219460380426735,0.0,50.0,20.0,1.0,0.0,0.0,0.0,-433.3479728695316,70.0,50.22149261962518,0.9994461150566718,0.0,0.0332785681501759,0.0
2.0659265518188477,11.892888925991533,-7.363831790920796,-7.1129657576889604,0.7774062852353474,0.9690612434501632,-1.1973670127345792,0.0,50.0,20.0,1.0,0.0,0.0,0.0,-434.11897293927245,70.0,50.17308218365655,0.999567200883321,0.0,0.029417867330633042,0.0
2.0992023944854736,11.788134007494453,-8.10767071095753,-6.379674488184776,0.8612171198578058,0.9203488945784066,-1.186012245463505,0.0,50.0,20.0,1.0,0.0,0.0,0.0,-434.84449376197824,70.0,50.13298464743366,0.9996674830976706,0.0,0.025786105506034683,0.0
2.116370916366577,11.265976587201973,-7.799797043586853,-7.108420350695301,0.7185980479637378,0.8237937426585481,-1.0788177878325313,0.0,50.0,20.0,1.0,0.0,0.0,0.0,-435.5239831047603,70.0,50.10022386034326,0.999749408951205,0.0,0.02238569413076879,0.0
2.149686098098755,11.646715901618514,-8.188175829459109,-7.424248370613987,0.6980384157400527,0.9544408397886082,-1.0551512237175105,0.0,50.0,20.0,1.0,0.0,0.0,0.0,-436.74288510362186,70.0,50.0530580630313,0.9998673460438857,0.0,0.016287735114389666,0.0
2.183004856109619,12.254087643881629,-8.728551491394633,-8.151332018810354,0.5951394735349035,0.8905024882601872,-0.951062779698612,0.0,50.0,20.0,1.0,0.0,0.0,0.0,-437.2814152542675,70.0,50.03696034543432,0.9999075948670599,0.0,0.013594179900663486,0.0
2.215823173522949,11.75709167639487,-7.9400122149121195,-7.720163158397628,0.46273633263279795,0.7353088833178015,-0.881733312062948,0.0,50.0,20.0,1.0,0.0,0.0,0.0,-437.7721458474817,70.0,50.02481975072459,0.9999379486980065,0.0,0.01113996201173853,0.0
2.2491953372955322,11.821493951995892,-7.40476787787764,-7.606717954873492,0.5162759030502071,0.847227207306344,-0.9265122518111011,0.0,50.0,20.0,1.0,0.0,0.0,0.0,-438.2147374456108,70.0,50.01593708189341,0.9999601565015143,0.0,0.00892666844164644,0.0
2.2825653553009033,12.287515448117334,-7.420078871625958,-7.02505580139452,0.6569123678309969,0.7070501225286105,-0.8393372869584037,0.0,50.0,20.0,1.0,0.0,0.0,0.0,-438.95433556001757,70.0,50.005467220057696,0.9999863318564467,0.0,0.005228393662347208,0.0
2.3159189224243164,12.796393710885493,-8.083149900472193,-7.0454609973965905,0.6570977869215139,0.5698857921278766,-0.9139636742580193,0.0,50.0,20.0,1.0,0.0,0.0,0.0,-439.25084913363844,70.0,50.00280617447592,0.9999929845392018,0.0,0.0037457806101848746,0.0
2.3326468467712402,12.193368164538752,-8.86674684323061,-7.528271751542964,0.8396222866530003,0.40593611579221056,-0.9298100219036951,0.0,50.0,20.0,1.0,0.0,0.0,0.0,-439.4982356070752,70.0,50.001258845453506,0.999996852881414,0.0,0.002508829860209103,0.0
2.3658952713012695,11.616220204126801,-9.589408180674445,-8.029285961786796,1.008568908961637,0.23911867807097342,-0.8181128894620424,0.0,50.0,20.0,1.0,0.0,0.0,0.0,-439.69633483890095,70.0,50.00046106371323,0.9999988473400526,0.0,0.0015183275556104945,0.0
2.3992068767547607,12.410187906395208,-9.369231876454698,-7.8533772218681825,0.8596588159520278,0.12785403111236765,-0.8939942206307634,0.0,50.0,20.0,1.0,0.0,0.0,0.0,-439.84501967520646,70.0,50.00012009457748,0.9999996997635112,0.0,0.0007749018566216255,0.0
2.4325883388519287,12.603960767994911,-8.882797847289243,-7.465803440965765,0.7051140278532809,0.21186792146447747,-0.8581725962603148,0.0,50.0,20.0,1.0,0.0,0.0,0.0,-439.9937988262722,70.0,50.00000019227278,0.9999999995193181,0.0,3.100586865380887e-05,0.0
2.4657275676727295,11.870510512401426,-9.584366893787344,-6.730421738198376,0.8710785386662458,0.059598527294189685,-0.6766345811288795,0.0,50.0,20.0,1.0,0.0,0.0,0.0,-439.99379882627323,70.0,50.00000019227278,0.9999999995193181,0.0,3.100586864862066e-05,0.0
2.4832067489624023,11.738782968875537,-9.530196334953247,-6.707828321674886,0.8496035953247421,-0.13736143464137843,-0.48719432203638724,0.0,50.0,20.0,1.0,0.0,0.0,0.0,-439.9441953145855,70.0,50.000015570815776,0.9999999610729597,0.0,0.0002790234379341156,0.0
2.5163674354553223,11.60959344961947,-9.83379236285391,-6.1561847616796825,0.6569275293909422,-0.22389627514573598,-0.5693385337792589,0.0,50.0,20.0,1.0,0.0,0.0,0.0,-439.84501967521163,70.0,50.00012009457747,0.9999996997635112,0.0,0.000774901856595728,0.0
2.5492146015167236,11.95475398211256,-9.138867500570539,-6.2783039676631445,0.8442952090720994,-0.2689525292748347,-0.4449694756078464,0.0,50.0,20.0,1.0,0.0,0.0,0.0,-439.4982356070845,70.0,50.00125884545345,0.9999968528814142,0.0,0.00250882986016254,0.0
2.582507371902466,11.434540985970461,-8.655152479113625,-6.120093103070499,0.7747181216372292,-0.15804563032253932,-0.37339262581113564,0.0,50.0,20.0,1.0,0.0,0.0,0.0,-439.2508491336498,70.0,50.00280617447585,0.999992984539202,0.0,0.003745780610127848,0.0
2.6159181594848633,11.682014115304108,-8.779279099449171,-6.806526762061508,0.7681742323528266,-0.3248830938386946,-0.2796906555556066,0.0,50.0,20.0,1.0,0.0,0.0,0.0,-438.954335560031,70.0,50.005467220057554,0.999986331856447,0.0,0.005228393662280111,0.0
2.6492061614990234,11.92499110677833,-9.467725898724861,-7.135685055084816,0.6565615031258536,-0.5062636006021325,-0.4313204081077321,0.0,50.0,20.0,1.0,0.0,0.0,0.0,-438.60888879702503,70.0,50.00967642006073,0.9999758086572377,0.0,0.006955724283185185,0.0
2.666313648223877,11.87012042745396,-9.057126663571754,-6.925492173035651,0.7867175309898107,-0.583912959925566,-0.4261004770779875,0.0,50.0,20.0,1.0,0.0,0.0,0.0,-438.2147374456284,70.0,50.0159370818931,0.999960156501515,0.0,0.008926668441558679,0.0
2.6991918087005615,11.641364306253347,-8.831372235801126,-7.656060698099483,0.5889094569889508,-0.5419943122346591,-0.4471859126420651,0.0,50.0,20.0,1.0,0.0,0.0,0.0,-437.281415254289,70.0,50.03696034543374,0.9999075948670614,0.0,0.01359417990055594,0.0
2.732600450515747,11.04031043942896,-8.41587025985906,-7.234637548503195,0.7585134610540567,-0.4636638776671482,-0.4869154551262013,0.0,50.0,20.0,1.0,0.0,0.0,0.0,-436.7428851036454,70.0,50.05305806303055,0.9998673460438876,0.0,0.016287735114272096,0.0
2.7659718990325928,11.198229011567335,-8.486872391975297,-6.671510655567664,0.8239259121600009,-0.3820692870979323,-0.3853243339769039,0.0,50.0,20.0,1.0,0.0,0.0,0.0,-436.1569343884891,70.0,50.07387305261139,0.999815300311484,0.0,0.019218877778293855,0.0
2.78678822517395,11.33570307996266,-8.294965491736702,-5.945138359617585,0.9744373634708283,-0.23598119802331263,-0.489397383079969,0.0,50.0,20.0,1.0,0.0,0.0,0.0,-435.5239831047877,70.0,50.10022386034204,0.999749408951208,0.0,0.022385694130631534,0.0
2.8175015449523926,10.76112158495964,-8.557992323653142,-6.665765576745037,1.0237015311292368,-0.24841221883199732,-0.5933912637559536,0.0,50.0,20.0,1.0,0.0,0.0,0.0,-434.84449376200763,70.0,50.13298464743215,0.9996674830976745,0.0,0.025786105505887717,0.0
2.8507657051086426,11.261851616718825,-8.635414475772425,-6.315040059730793,1.2139006334774514,-0.1095300836277765,-0.6924781933152839,0.0,50.0,20.0,1.0,0.0,0.0,0.0,-433.3479728695648,70.0,50.221492619622964,0.9994461150566774,0.0,0.03327856815000984,0.0
2.8841981887817383,11.764704264400708,-7.954544177815571,-5.6786280420434,1.166280751333966,-0.026799513359884397,-0.7510420871021001,0.0,50.0,20.0,1.0,0.0,0.0,0.0,-432.5320930325723,70.0,50.27923804179069,0.9993016610568836,0.0,0.03736562871080147,0.0
2.916590929031372,11.73269106719393,-8.078171926998765,-5.493627091798612,0.9848076390398448,-0.0025121153037266364,-0.7248501226341111,0.0,50.0,20.0,1.0,0.0,0.0,0.0,-431.67198173780224,70.0,50.347382814978204,0.9991311655258828,0.0,0.04167630111815389,0.0
2.9384453296661377,11.296692967638553,-8.852638293595174,-5.018818851711927,1.0697656274441862,0.13693276425662593,-0.5919866104802876,0.0,50.0,20.0,1.0,0.0,0.0,0.0,-430.7683376767885,70.0,50.427029718149925,0.9989318552380089,0.0,0.04620766809469646,0.0
2.9833598136901855,10.90535998212103,-9.153164528859747,-4.488531612191491,0.8764166876592473,0.18347584719820967,-0.6339244279823537,0.0,50.0,20.0,1.0,0.0,0.0,0.0,-428.8335068688251,70.0,50.625408523348256,0.998435254477354,0.0,0.055919966172569474,0.0
3.0010311603546143,10.956498514427935,-9.763678182851733,-5.124041797865493,1.0464618610472063,0.3413610770084309,-0.5420799661477486,0.0,50.0,20.0,1.0,0.0,0.0,0.0,-427.80398254718483,70.0,50.74650052370633,0.9981320039861804,0.0,0.061094211006703855,0.0
3.034252882003784,10.593100344736705,-9.521292334569956,-5.494034553924172,1.0799294869073865,0.46078559325598906,-0.5506751587482441,0.0,50.0,20.0,1.0,0.0,0.0,0.0,-426.7342528690592,70.0,50.88380579815458,0.9977880391191444,0.0,0.06647577747400098,0.0
3.0666470527648926,9.837671638834005,-9.18745051723698,-5.8845687668298705,1.1328521443386692,0.4735049603694905,-0.614095822665422,0.0,50.0,20.0,1.0,0.0,0.0,0.0,-425.62528920362416,70.0,51.038554529955675,0.9974002342842223,0.0,0.07206089542725908,0.0
3.0902912616729736,10.603942668087335,-8.612231564480602,-5.195981798760918,1.1499209770325616,0.37474352240397113,-0.7512311979367833,0.0,50.0,20.0,1.0,0.0,0.0,0.0,-424.4781208117844,70.0,51.21198824520033,0.9969654250644795,0.0,0.07784562432148415,0.0
3.133342981338501,10.326499452836584,-8.177807328267843,-5.078515173242098,1.0553008135615396,0.26342689956302195,-0.7167288991263013,0.0,50.0,20.0,1.0,0.0,0.0,0.0,-422.07358069377256,70.0,51.619902973938295,0.9959420089193489,0.0,0.08999730479126278,0.0
3.1666409969329834,10.253244516545504,-8.215152618164021,-5.064107636108484,0.8739056797432221,0.1785587247498776,-0.8962238371565759,0.0,50.0,20.0,1.0,0.0,0.0,0.0,-420.818562760024,70.0,51.856877645915176,0.9953469805903989,0.0,0.09635553035283395,0.0
3.1842691898345947,10.2360408280739,-8.03811953744895,-4.984809467103919,0.7591730473322182,0.3382840355780414,-0.7806824294041967,0.0,50.0,20.0,1.0,0.0,0.0,0.0,-419.53004814753774,70.0,52.11751397130395,0.994692128320859,0.0,0.10289591758918215,0.0
3.217501163482666,9.608986905675739,-8.54345978214252,-4.273194566391579,0.6110482995844027,0.3393037228058961,-0.9292312111606336,0.0,50.0,20.0,1.0,0.0,0.0,0.0,-418.20936274214904,70.0,52.40303217877742,0.9939742648107711,0.0,0.10961368935441902,0.0
3.2507214546203613,9.721918188807365,-8.181867582710868,-4.9468594081848405,0.6730316817157287,0.471271690784215,-0.8201151772856838,0.0,50.0,20.0,1.0,0.0,0.0,0.0,-415.4770781434239,70.0,53.053487408693954,0.9923369200813452,0.0,0.12356147070778084,0.0
3.2833385467529297,10.284772703262696,-8.711145155545811,-5.335364025100257,0.6070909000280471,0.6673924917313818,-0.9596386774983592,0.0,50.0,20.0,1.0,0.0,0.0,0.0,-414.06842346334463,70.0,53.42074064104868,0.9914112652147729,0.0,0.1307811270988418,0.0
3.3165011405944824,9.774306594601438,-9.349341788133803,-5.092298737331715,0.6183081225284531,0.7581979144128086,-0.9352891994938991,0.0,50.0,20.0,1.0,0.0,0.0,0.0,-412.63348479583027,70.0,53.817497196319806,0.9904102756021874,0.0,0.13815746806307308,0.0
3.3341689109802246,9.816437650554311,-9.135175830453596,-4.529103114261761,0.805807000018927,0.7664411062927919,-0.987535858946697,0.0,50.0,20.0,1.0,0.0,0.0,0.0,-411.17387408688637,70.0,54.244820167046214,0.9893310361879734,0.0,0.14568493688515316,0.0
3.367553949356079,9.996737614218077,-9.180631913955558,-4.353221406496288,0.7976012417852689,0.5989281359418299,-0.8264645933768915,0.0,50.0,20.0,1.0,0.0,0.0,0.0,-409.6912560860894,70.0,54.70372492924507,0.9881707217651081,0.0,0.1533578320341852,0.0
3.4007740020751953,9.56159345880304,-9.929474641234036,-3.772656136540941,0.7680791497831162,0.7463178436117127,-0.7607394960141389,0.0,50.0,20.0,1.0,0.0,0.0,0.0,-406.66390772503644,70.0,55.720071320375325,0.9855960853200074,0.0,0.16911639956514155,0.0
3.4333248138427734,9.470312719433464,-10.223034660328977,-3.891018903280946,0.6010018181243604,0.5643508494797511,-0.7407355705946617,0.0,50.0,20.0,1.0,0.0,0.0,0.0,-405.1227495179329,70.0,56.27925843864044,0.9841766649371432,0.0,0.17718998897568167,0.0
3.466641902923584,8.825684391261854,-9.91856107206284,-4.620838843157378,0.6167552790834345,0.5150240995553985,-0.683577631435583,0.0,50.0,20.0,1.0,0.0,0.0,0.0,-403.5657223449398,70.0,56.87350853943879,0.982665994782971,0.0,0.185384850236458,0.0
3.4863040447235107,9.545290016837853,-9.538511432885299,-4.033256974001805,0.6036858140766904,0.7030463227408984,-0.8567598458477186,0.0,50.0,20.0,1.0,0.0,0.0,0.0,-401.994715677695,70.0,57.5035224260904,0.9810618675035474,0.0,0.19369463629758063,0.0
3.5175328254699707,8.897036732665075,-9.1089555342867,-3.2424926078887952,0.7788987525752002,0.6800671192737952,-0.7272572540204518,0.0,50.0,20.0,1.0,0.0,0.0,0.0,-400.41165388678274,70.0,58.169924033462124,0.9793622311651033,0.0,0.20211288966147267,0.0
3.550750255584717,8.31106189463949,-8.935754834170801,-2.7746859462119966,0.5933381723071884,0.7238951324243031,-0.7606267191782594,0.0,50.0,20.0,1.0,0.0,0.0,0.0,-397.2172123619092,70.0,59.6139773974204,0.9756690591655031,0.0,0.21924845948626875,0.0
3.5841784477233887,8.264590435516018,-9.451966019484104,-3.5599896564670566,0.7106956235090418,0.5414744960356898,-0.5678220816748603,0.0,50.0,20.0,1.0,0.0,0.0,0.0,-395.60981808957916,70.0,60.39245706995561,0.9736722829834594,0.0,0.22795237517906683,0.0
3.6166696548461914,7.623746904729407,-9.183755071396835,-2.876546304015232,0.7129845414997461,0.4811207830198876,-0.3717797913517697,0.0,50.0,20.0,1.0,0.0,0.0,0.0,-393.99833021072754,70.0,61.208973558141935,0.9715735341235322,0.0,0.23673797285334192,0.0
3.6381752490997314,7.679874975829861,-8.44450793508908,-3.001440969959828,0.7867170295723593,0.30639212380962844,-0.3628087160759482,0.0,50.0,20.0,1.0,0.0,0.0,0.0,-392.3847816365862,70.0,62.0637106752598,0.9693716762025292,0.0,0.2455983578452816,0.0
3.6833794116973877,8.2655765905385,-8.399546293613335,-2.2360443707334294,0.9346300133865164,0.3331793459306016,-0.4512131397085579,0.0,50.0,20.0,1.0,0.0,0.0,0.0,-389.1596628000744,70.0,63.88809540256433,0.9646551316336727,0.0,0.2635156105676127,0.0
3.701000213623047,8.620528263603196,-8.08818705041547,-1.6254528736568972,0.9362716337608811,0.36612879228400924,-0.38609337653892906,0.0,50.0,20.0,1.0,0.0,0.0,0.0,-387.5521707050087,70.0,64.8576180610182,0.9621392361269282,0.0,0.2725584163167431,0.0
3.734212636947632,8.435696212988233,-7.543292461309186,-1.7144149440607432,0.8810248362415222,0.3416191711664732,-0.5114110335450364,0.0,50.0,20.0,1.0,0.0,0.0,0.0,-385.9507629929683,70.0,65.8651084331969,0.959517825698937,0.0,0.2816479046007345,0.0
3.7674546241760254,8.784697771402616,-7.355615382460363,-2.471215811060614,1.0444628510957708,0.509326719247314,-0.34775129967045293,0.0,50.0,20.0,1.0,0.0,0.0,0.0,-384.35745120885383,70.0,66.91024874254998,0.9567908634008009,0.0,0.29077696558143995,0.0
3.7903647422790527,8.005814575831833,-8.041386214302841,-3.129104983719125,1.0711513289498922,0.414703860652169,-0.4408739323823739,0.0,50.0,20.0,1.0,0.0,0.0,0.0,-382.7742254388507,70.0,67.99261785743603,0.9539585476910514,0.0,0.29993847583659583,0.0
3.833188533782959,7.244719540812884,-8.632441855451155,-3.8695083602074067,0.9745259667350521,0.23386646695347638,-0.2750464100872624,0.0,50.0,20.0,1.0,0.0,0.0,0.0,-379.64584980029775,70.0,70.26684156718875,0.9479798479736035,0.0,0.3183303438818607,0.0
3.866499662399292,6.544725554712731,-8.610253795740238,-3.723413432435056,0.8022279056708829,0.39190263863610475,-0.272975678887494,0.0,50.0,20.0,1.0,0.0,0.0,0.0,-378.1045200725646,70.0,71.45733920631133,0.9448350670717315,0.0,0.32754647919273483,0.0
3.8841724395751953,6.332415563895687,-9.110488913309576,-3.8174178841693065,0.7362328558300952,0.38607242282864995,-0.3708659423373868,0.0,50.0,20.0,1.0,0.0,0.0,0.0,-376.5809050653265,70.0,72.68235390503104,0.9415881427008546,0.0,0.33676663956685965,0.0
3.916503429412842,6.711939118514507,-8.627737168455196,-3.7799974675554395,0.7077670242610049,0.5589637400583294,-0.24795171576206249,0.0,50.0,20.0,1.0,0.0,0.0,0.0,-375.07680017423195,70.0,73.94095632744656,0.9382404906860325,0.0,0.34598378811330566,0.0
3.950731039047241,6.000577511620724,-7.929202310574436,-3.5683170565543803,0.7128473135342701,0.5571544201394822,-0.11006106917384134,0.0,50.0,20.0,1.0,0.0,0.0,0.0,-372.13401739433004,70.0,76.55472510115504,0.9312498990572964,0.0,0.3643811541583555,0.0
3.9833412170410156,6.115570510888661,-7.172331756417307,-2.7749199464868433,0.6751712885166273,0.5124726339250664,-0.11109572776435758,0.0,50.0,20.0,1.0,0.0,0.0,0.0,-370.6986295530239,70.0,77.90755896648393,0.9276110204000275,0.0,0.3735475804130174,0.0
4.016661167144775,5.40938324384687,-6.581849996799755,-2.4484191302727787,0.6548428647014495,0.44010502752057806,-0.06905330797483114,0.0,50.0,20.0,1.0,0.0,0.0,0.0,-369.2893218813763,70.0,79.2893218813142,0.9238795325113708,0.0,0.382683432364887,0.0
4.034159898757935,4.619002297210852,-6.2478332879711544,-1.885743575090135,0.7617709899123789,0.2851895944984221,-0.1703834554466889,0.0,50.0,20.0,1.0,0.0,0.0,0.0,-367.9075589665448,70.0,80.69862955296064,0.9200580700342761,0.0,0.3917820156219568,0.0
4.067525386810303,4.133237035866361,-6.047735022443427,-1.9687077408685218,0.5710020333649435,0.369968548969397,-0.09483294266778655,0.0,50.0,20.0,1.0,0.0,0.0,0.0,-366.55472510121473,70.0,82.13401739426546,0.9161495036448324,0.0,0.4008367335603453,0.0
4.1008336544036865,4.012217816309766,-6.404565302142171,-2.0392619761902653,0.41725290534420156,0.5044794412285518,-0.003578354863373573,0.0,50.0,20.0,1.0,0.0,0.0,0.0,-363.9409563275033,70.0,85.07680017416548,0.9080836961035985,0.0,0.4187887305919626,0.0
4.1333088874816895,4.157413908357476,-6.5348261571846695,-1.7985333210389887,0.3115415772963411,0.6843213616785653,0.07477846917366124,0.0,50.0,20.0,1.0,0.0,0.0,0.0,-362.6823539050865,70.0,86.58090506525893,0.90393333530394,0.0,0.42767338627309354,0.0
4.166498184204102,3.999912715852049,-6.268393158496383,-1.4463633946593932,0.4360661166263149,0.6710410420145868,0.24971217087782346,0.0,50.0,20.0,1.0,0.0,0.0,0.0,-361.4573392063651,70.0,88.1045200724964,0.8997096196204184,0.0,0.4364889464379161,0.0
4.186402082443237,3.479511166062326,-5.52120695926799,-1.7248653462318115,0.2731668764256715,0.8309862350105686,0.1803770619885968,0.0,50.0,20.0,1.0,0.0,0.0,0.0,-360.26684156724093,70.0,89.64584980022883,0.8954165237468291,0.0,0.4452294341136311,0.0
4.217603921890259,3.3951760997575735,-5.110708189872886,-1.0935594919608405,0.3030412978263845,0.7673798594267714,0.05625220972026773,0.0,50.0,20.0,1.0,0.0,0.0,0.0,-359.1116912789847,70.0,91.20304844421162,0.8910582235628275,0.0,0.453889019718541,0.0
4.25085711479187,3.2215138164960306,-5.421536249616845,-1.887576956910058,0.44216935424783715,0.8982077616340202,0.01146304749847718,0.0,50.0,20.0,1.0,0.0,0.0,0.0,-356.91024874259733,70.0,94.35745120878315,0.8821636718637218,0.0,0.4709429435121793,0.0
4.284205913543701,3.313470134141042,-5.151770008998396,-1.3943402317374176,0.40950350935561297,1.00403110495587,0.04794070527397104,0.0,50.0,20.0,1.0,0.0,0.0,0.0,-355.86510843324254,70.0,95.95076299289724,0.8776367044714537,0.0,0.4793264179705582,0.0
4.316562175750732,3.929544799336221,-5.309562398205344,-1.488841243698055,0.5821826763568102,0.8467037523462997,0.0660387499564146,0.0,50.0,20.0,1.0,0.0,0.0,0.0,-354.85761806106234,70.0,97.55217070493708,0.8730630827582361,0.0,0.4876072738635934,0.0
4.3383002281188965,4.519947424552976,-5.727700063711315,-1.9761160502623212,0.5664509682347765,0.8071193404548679,0.00391036012912116,0.0,50.0,20.0,1.0,0.0,0.0,0.0,-353.8880954026066,70.0,99.15966280000278,0.8684478602656501,0.0,0.49578050990333805,0.0
4.383336544036865,4.0794134626092475,-5.541652043379829,-1.9631506162028378,0.5885074867755271,0.911942123637515,-0.15213486094248133,0.0,50.0,20.0,1.0,0.0,0.0,0.0,-352.0637106752987,70.0,102.38478163651436,0.8591135500138665,0.0,0.5117850214519489,0.0
4.4010655879974365,3.4480975604345234,-6.1377670442999595,-2.2288669247274653,0.7682076333230263,0.8220807518198238,-0.18866998005799382,0.0,50.0,20.0,1.0,0.0,0.0,0.0,-351.2089735581791,70.0,103.99833021065581,0.854405260369294,0.0,0.5196072084308291,0.0
4.433151721954346,3.772365317013923,-6.701369990744988,-2.2578936476578515,0.8551439013737708,1.0081726649625165,-0.020781708029240425,0.0,50.0,20.0,1.0,0.0,0.0,0.0,-350.3924570699911,70.0,105.60981808950758,0.8496769442279001,0.0,0.5273036036739536,0.0
4.466148614883423,3.8101889172186993,-7.4122903097909925,-2.22682782649774,0.7322303564520154,0.9598187004615844,-0.20600716407027644,0.0,50.0,20.0,1.0,0.0,0.0,0.0,-349.61397739745416,70.0,107.21721236183788,0.844934280397482,0.0,0.5348701354620478,0.0
4.490247964859009,3.9639993948776113,-6.6186677293641765,-1.8984445680198314,0.812682195358887,0.89568244162878,-0.028690281763513042,0.0,50.0,20.0,1.0,0.0,0.0,0.0,-348.87325631296676,70.0,108.81849219615987,0.8401830389975751,0.0,0.5423029236329077,0.0
4.533091306686401,4.092457873019402,-6.748811707601935,-2.0884486045873203,0.6469578731403693,1.0112284550104602,0.08956946974941463,0.0,50.0,20.0,1.0,0.0,0.0,0.0,-347.5035224261192,70.0,111.99471567762487,0.8306782900809889,0.0,0.5567527084695002,0.0
4.56673002243042,4.455227370408496,-7.388979939957892,-2.266643290845372,0.5362471952487075,0.9766012416895907,-0.08527545746635057,0.0,50.0,20.0,1.0,0.0,0.0,0.0,-346.873508539466,70.0,113.56572234487018,0.825936673284126,0.0,0.5637629038207027,0.0
4.584156274795532,3.8760796055054922,-7.73095600790323,-2.0365189925089346,0.6566484483950175,0.9168912304159719,-0.02413735172311593,0.0,50.0,20.0,1.0,0.0,0.0,0.0,-346.2792584386661,70.0,115.12274951786397,0.8212102364258985,0.0,0.5706257508992385,0.0
4.617458820343018,3.4336832522143266,-7.091857142956661,-1.9040653343108747,0.6489540716639093,0.8700008190420296,-0.038798205726408436,0.0,50.0,20.0,1.0,0.0,0.0,0.0,-345.7200713203994,70.0,116.66390772496827,0.8165050283832663,0.0,0.5773383224980317,0.0
4.650040149688721,3.888157770676332,-6.610856990274712,-2.621618693456371,0.5089175915579195,0.9063156469394391,-0.12365178652119775,0.0,50.0,20.0,1.0,0.0,0.0,0.0,-344.7037249292663,70.0,119.69125608602276,0.8071825813097593,0.0,0.5903018553503909,0.0
4.68312931060791,4.024262029049914,-6.0216612748392615,-3.1355957244687533,0.34137674674361107,0.7351156880861489,0.04128335730447995,0.0,50.0,20.0,1.0,0.0,0.0,0.0,-344.244820167066,70.0,121.17387408682072,0.8025774913152601,0.0,0.5965478777383284,0.0
4.716601371765137,4.16976730125962,-6.3722710971965055,-2.7646031622761393,0.28339983392302137,0.6986549976320259,0.1578211709736591,0.0,50.0,20.0,1.0,0.0,0.0,0.0,-343.8174971963381,70.0,122.6334847957661,0.7980179045743081,0.0,0.602633739495915,0.0
4.7342610359191895,3.421055284732114,-6.511754373735268,-3.177284452974385,0.09039159251597334,0.7217762686274818,-0.027236306559048296,0.0,50.0,20.0,1.0,0.0,0.0,0.0,-343.4207406410656,70.0,124.06842346328159,0.7935098504011101,0.0,0.6085574067550308,0.0
4.767482280731201,3.2919936149333706,-6.889397872569461,-3.7544668892506836,0.09432247664389301,0.7465956872117618,-0.09019090792870593,0.0,50.0,20.0,1.0,0.0,0.0,0.0,-343.05348740870966,70.0,125.47707814336184,0.7890593192423437,0.0,0.614317011580185,0.0
4.800820589065552,3.891544254731064,-6.415550258909125,-3.663461035521339,-0.01739367006077791,0.8751014612900873,0.025098897287696986,0.0,50.0,20.0,1.0,0.0,0.0,0.0,-342.4030321787907,70.0,128.20936274208958,0.7803545260261852,0.0,0.6253373599189863,0.0
4.833353519439697,3.2167031402871604,-6.852474597209267,-3.283931282176045,0.11251762172646962,0.9364837560606107,-0.033592591913340075,0.0,50.0,20.0,1.0,0.0,0.0,0.0,-342.11751397131616,70.0,129.53004814747953,0.7761119502124693,0.0,0.6305951480446053,0.0
4.866640567779541,2.534955217442357,-6.65031676362436,-2.728923467793609,0.16993394020246583,0.9553341411219943,-0.03629528221710346,0.0,50.0,20.0,1.0,0.0,0.0,0.0,-341.85687764592626,70.0,130.81856275996728,0.7719502485265249,0.0,0.6356829506914877,0.0
4.886362075805664,2.419109433653298,-7.1748858489933225,-2.675948579202951,0.09648069291670022,1.0546134891064927,-0.21359801634645023,0.0,50.0,20.0,1.0,0.0,0.0,0.0,-341.6199029739483,70.0,132.07358069371767,0.7678750526820178,0.0,0.640599643668796,0.0
4.917544364929199,2.919363002357853,-6.486789430954607,-2.029636470611666,0.13876089328312066,1.034223083427738,-0.2947326206184838,0.0,50.0,20.0,1.0,0.0,0.0,0.0,-341.4053547543211,70.0,133.2938356024274,0.7638918915578715,0.0,0.6453442321832101,0.0
4.950740814208984,2.631923206468337,-7.275047761607805,-2.359574938588549,0.1852876128903195,0.8607217122541109,-0.2583069495017809,0.0,50.0,20.0,1.0,0.0,0.0,0.0,-341.038554529963,70.0,135.62528920357397,0.7562232170345804,0.0,0.6543137214042435,0.0
