# Timestamp, Fx, Fy, Fz, Tx, Ty, Tz, FemurPosX, FemurPosY, FemurPosZ, FemurQuatW, FemurQuatX, FemurQuatY, FemurQuatZ, TibiaPosX, TibiaPosY, TibiaPosZ, TibiaQuatW, TibiaQuatX, TibiaQuatY, TibiaQuatZ
0.02941608428955078,-3.292399902761079,-2.3991075414359173,4.083373982080711,0.8258707953138391,0.9895910350279105,-0.988650915303861,0.0,50.0,20.0,1.0,0.0,0.0,0.0,-369.28932188134524,70.0,79.28932188134524,0.9238795325112867,0.0,0.3826834323650898,0.0
0.058509111404418945,-3.4797466513542257,-2.9473457632366853,4.767579900474705,0.9351981447140548,1.110283947782851,-1.0097740015906418,0.0,50.0,20.0,1.0,0.0,0.0,0.0,-369.28932188134524,70.0,79.28932188134524,0.9238795325112867,0.0,0.3826834323650898,0.0
0.09036517143249512,-3.2543177133469277,-2.7426770629155146,4.114913452736457,0.8970787769779295,1.0346523751714924,-0.8526713269721992,0.0,50.0,20.0,1.0,0.0,0.0,0.0,-369.28932188134524,70.0,79.28932188134524,0.9238795325112867,0.0,0.3826834323650898,0.0
0.12092828750610352,-3.136109108958431,-3.0997662091995783,3.477613793520921,0.9199668697379186,0.9745012646867817,-0.9996417540880855,0.0,50.0,20.0,1.0,0.0,0.0,0.0,-369.28932188134524,70.0,79.28932188134524,0.9238795325112867,0.0,0.3826834323650898,0.0
0.1513364315032959,-3.807367456738116,-3.3414534020499946,3.8582365078840657,1.0326144871707865,1.0946268354738244,-1.1734122770418678,0.0,50.0,20.0,1.0,0.0,0.0,0.0,-369.28932188134524,70.0,79.28932188134524,0.9238795325112867,0.0,0.3826834323650898,0.0
0.18150091171264648,-4.4145436203955235,-3.356452730554593,4.270352880613297,1.0377137477677387,0.9681265398434498,-1.3660765210064896,0.0,50.0,20.0,1.0,0.0,0.0,0.0,-369.28932188134524,70.0,79.28932188134524,0.9238795325112867,0.0,0.3826834323650898,0.0
0.2123546600341797,-4.6576642162403274,-3.1126877730247386,3.706450251442639,1.188430198719162,0.8511493850291911,-1.5,0.0,50.0,20.0,1.0,0.0,0.0,0.0,-369.28932188134524,70.0,79.28932188134524,0.9238795325112867,0.0,0.3826834323650898,0.0
0.24342703819274902,-4.7422600809522,-2.869720811582824,3.911124387341232,1.2038035886745333,1.0330951540437394,-1.3970471496498442,0.0,50.0,20.0,1.0,0.0,0.0,0.0,-369.28932188134524,70.0,79.28932188134524,0.9238795325112867,0.0,0.3826834323650898,0.0
0.2727837562561035,-4.207952274584208,-2.7132659194291153,3.9445922821789225,1.1768066993350017,1.1780212865145383,-1.251526365736281,0.0,50.0,20.0,1.0,0.0,0.0,0.0,-369.28932188134524,70.0,79.28932188134524,0.9238795325112867,0.0,0.3826834323650898,0.0
0.30274009704589844,-4.450074509317337,-2.7453198110772377,4.195598187925397,1.0509037012004834,1.356552447677966,-1.261141716668654,0.0,50.0,20.0,1.0,0.0,0.0,0.0,-369.28932188134524,70.0,79.28932188134524,0.9238795325112867,0.0,0.3826834323650898,0.0
0.33510804176330566,-3.804170883637818,-2.4681657264564394,4.812699312593103,1.230384229912458,1.452757998357984,-1.3403028213116297,0.0,50.0,20.0,1.0,0.0,0.0,0.0,-369.28932188134524,70.0,79.28932188134524,0.9238795325112867,0.0,0.3826834323650898,0.0
0.36510324478149414,-3.5030920694590133,-2.486215456107921,4.258758655203646,1.4199524685907257,1.4101970966144806,-1.3639709144098535,0.0,50.0,20.0,1.0,0.0,0.0,0.0,-369.28932188134524,70.0,79.28932188134524,0.9238795325112867,0.0,0.3826834323650898,0.0
0.3942697048187256,-3.040463262397189,-2.407031333505197,4.87251655338166,1.2518580520417941,1.370400038223471,-1.5,0.0,50.0,20.0,1.0,0.0,0.0,0.0,-369.28932188134524,70.0,79.28932188134524,0.9238795325112867,0.0,0.3826834323650898,0.0
0.42470526695251465,-2.5263180155075706,-1.7356889350534843,4.943731100870267,1.1259417642381746,1.3196418415620395,-1.5,0.0,50.0,20.0,1.0,0.0,0.0,0.0,-369.28932188134524,70.0,79.28932188134524,0.9238795325112867,0.0,0.3826834323650898,0.0
0.4554901123046875,-1.8064677840485748,-1.3118376571825503,4.307616558442925,1.269600045242353,1.1960049163548843,-1.4449889046202766,0.0,50.0,20.0,1.0,0.0,0.0,0.0,-369.28932188134524,70.0,79.28932188134524,0.9238795325112867,0.0,0.3826834323650898,0.0
0.48699212074279785,-2.1799801793490627,-1.5567003311504104,4.455751758600431,1.2585471316178636,1.3775554943173889,-1.3747417354293676,0.0,50.0,20.0,1.0,0.0,0.0,0.0,-369.28932188134524,70.0,79.28932188134524,0.9238795325112867,0.0,0.3826834323650898,0.0
0.515892505645752,-2.3212819748506983,-1.8048199714958733,4.984782556234666,1.326621666307398,1.384142021859708,-1.4603720441209518,0.0,50.0,20.0,1.0,0.0,0.0,0.0,-369.28932188134524,70.0,79.28932188134524,0.9238795325112867,0.0,0.3826834323650898,0.0
0.5471584796905518,-2.714010159649372,-1.0411966149269343,5.149167354739281,1.5,1.4360389884476708,-1.5,0.0,50.0,20.0,1.0,0.0,0.0,0.0,-369.28932188134524,70.0,79.28932188134524,0.9238795325112867,0.0,0.3826834323650898,0.0
0.5763723850250244,-2.4171455021916843,-0.8920813279268831,5.571111815763623,1.5,1.5,-1.5,0.0,50.0,20.0,1.0,0.0,0.0,0.0,-369.28932188134524,70.0,79.28932188134524,0.9238795325112867,0.0,0.3826834323650898,0.0
0.6073229312896729,-1.7473988254096267,-1.1524115155172876,6.276747129202775,1.5,1.307809774650416,-1.5,0.0,50.0,20.0,1.0,0.0,0.0,0.0,-369.28932188134524,70.0,79.28932188134524,0.9238795325112867,0.0,0.3826834323650898,0.0
0.6379547119140625,-2.514697217283123,-1.350636482434688,6.915506794416885,1.4201689477727597,1.1260245074831765,-1.3603298719985522,0.0,50.0,20.0,1.0,0.0,0.0,0.0,-369.28932188134524,70.0,79.28932188134524,0.9238795325112867,0.0,0.3826834323650898,0.0
0.6683714389801025,-3.0386935626307134,-1.1545819736328164,7.204731937508106,1.5,1.299146577350558,-1.3783424147804375,0.0,50.0,20.0,1.0,0.0,0.0,0.0,-369.28932188134524,70.0,79.28932188134524,0.9238795325112867,0.0,0.3826834323650898,0.0
0.6983089447021484,-2.6782543079974106,-1.3201517139590817,7.947288774659398,1.5,1.3737969998841806,-1.466857734498373,0.0,50.0,20.0,1.0,0.0,0.0,0.0,-369.28932188134524,70.0,79.28932188134524,0.9238795325112867,0.0,0.3826834323650898,0.0
0.728428840637207,-2.2846361931193235,-1.5811645926152724,8.30248640131402,1.3587704497322264,1.263326600669847,-1.2888360218732942,0.0,50.0,20.0,1.0,0.0,0.0,0.0,-369.28932188134524,70.0,79.28932188134524,0.9238795325112867,0.0,0.3826834323650898,0.0
0.7586836814880371,-1.8742601723602683,-2.2205474439648967,7.869323507788209,1.396968431244436,1.1348204334179388,-1.261373014885472,0.0,50.0,20.0,1.0,0.0,0.0,0.0,-369.28932188134524,70.0,79.28932188134524,0.9238795325112867,0.0,0.3826834323650898,0.0
0.7906560897827148,-2.176429264756974,-1.736974430241097,7.453290800725699,1.4239965646497825,0.9731121104802605,-1.2159338583371475,0.0,50.0,20.0,1.0,0.0,0.0,0.0,-369.28932188134524,70.0,79.28932188134524,0.9238795325112867,0.0,0.3826834323650898,0.0
0.820427656173706,-1.4799415376772882,-1.753206313017794,7.067147451077332,1.347678822541559,0.8414192492478093,-1.2802888598131201,0.0,50.0,20.0,1.0,0.0,0.0,0.0,-369.28932188134524,70.0,79.28932188134524,0.9238795325112867,0.0,0.3826834323650898,0.0
0.8522384166717529,-1.6062729108858673,-1.8681815413168632,7.255433272822861,1.1517288601625524,0.8106472313783077,-1.1958807932503461,0.0,50.0,20.0,1.0,0.0,0.0,0.0,-369.28932188134524,70.0,79.28932188134524,0.9238795325112867,0.0,0.3826834323650898,0.0
0.8811984062194824,-0.9974124804105964,-1.8619955067640797,6.9891442977840414,1.1275448933100312,0.7306499264621256,-1.2436390460744533,0.0,50.0,20.0,1.0,0.0,0.0,0.0,-369.28932188134524,70.0,79.28932188134524,0.9238795325112867,0.0,0.3826834323650898,0.0
0.9109916687011719,-1.3947715563922172,-2.140832595590187,6.520879096747409,0.9488955246876101,0.9066297340342897,-1.25412465064418,0.0,50.0,20.0,1.0,0.0,0.0,0.0,-369.28932188134524,70.0,79.28932188134524,0.9238795325112867,0.0,0.3826834323650898,0.0
0.942894697189331,-0.6548742345182195,-2.498284284533977,7.28724572658935,0.9345908443415596,0.8887270114872119,-1.0543944375066712,0.0,50.0,20.0,1.0,0.0,0.0,0.0,-369.28932188134524,70.0,79.28932188134524,0.9238795325112867,0.0,0.3826834323650898,0.0
0.9742069244384766,-0.28925669084630057,-2.256757794947656,7.660169610477851,0.8825932657466218,0.8079759688707175,-1.123603228284176,0.0,50.0,20.0,1.0,0.0,0.0,0.0,-369.28932188134524,70.0,79.28932188134524,0.9238795325112867,0.0,0.3826834323650898,0.0
1.0027310848236084,-0.1519097138557014,-1.7081376220875086,8.199188096184066,0.9445506580860283,0.6320767248549558,-0.9460107174982797,0.0,50.0,20.0,1.0,0.0,0.0,0.0,-369.28932188134524,70.0,79.28932188134524,0.9238795325112867,0.0,0.3826834323650898,0.0
1.0349249839782715,0.39920762456715864,-2.2313468417317077,7.439380355032712,1.087125583726762,0.819421136684114,-1.0122587070174678,0.0,50.0,20.0,1.0,0.0,0.0,0.0,-369.28932188134524,70.0,79.28932188134524,0.9238795325112867,0.0,0.3826834323650898,0.0
1.0651986598968506,0.5171735370838728,-2.6695132795946317,8.16740685819926,1.0601026232395716,0.6502900827572035,-0.8528658067826813,0.0,50.0,20.0,1.0,0.0,0.0,0.0,-369.28932188134524,70.0,79.28932188134524,0.9238795325112867,0.0,0.3826834323650898,0.0
1.0942730903625488,0.12423586647562912,-3.252468173264109,7.918826801305497,1.215997607999887,0.6974920013432278,-1.0243531801026595,0.0,50.0,20.0,1.0,0.0,0.0,0.0,-369.28932188134524,70.0,79.28932188134524,0.9238795325112867,0.0,0.3826834323650898,0.0
1.1244251728057861,0.053617009969103346,-3.3626259996603456,8.120849019096829,1.046331612184445,0.6655724965603389,-0.9235184824472575,0.0,50.0,20.0,1.0,0.0,0.0,0.0,-369.28932188134524,70.0,79.28932188134524,0.9238795325112867,0.0,0.3826834323650898,0.0
1.154353141784668,-0.025732452033149444,-3.4798751262556373,8.635838074020015,1.1308625431025174,0.7873473918396383,-0.9656158301806375,0.0,50.0,20.0,1.0,0.0,0.0,0.0,-369.28932188134524,70.0,79.28932188134524,0.9238795325112867,0.0,0.3826834323650898,0.0
1.1863374710083008,-0.7415388601936553,-2.908875594397877,8.333924034357867,1.0800886260018274,0.9661718053959107,-1.0713331207439938,0.0,50.0,20.0,1.0,0.0,0.0,0.0,-369.28932188134524,70.0,79.28932188134524,0.9238795325112867,0.0,0.3826834323650898,0.0
1.2163336277008057,-0.9588472030351505,-3.306348940370593,9.006539068006047,0.9719836319835548,0.851082080668084,-0.9934369615331712,0.0,50.0,20.0,1.0,0.0,0.0,0.0,-369.28932188134524,70.0,79.28932188134524,0.9238795325112867,0.0,0.3826834323650898,0.0
1.2462410926818848,-0.3953072732447813,-3.9257271362675956,9.545472170702018,0.9268593054953402,0.8683872773162351,-1.0698351041729814,0.0,50.0,20.0,1.0,0.0,0.0,0.0,-369.28932188134524,70.0,79.28932188134524,0.9238795325112867,0.0,0.3826834323650898,0.0
1.2764005661010742,-9.946241916281558,-2.723484891476641,5.955975270136644,-1.174613296971399,-0.4633214182690273,-0.5243066358539932,0.0,50.0,20.0,1.0,0.0,0.0,0.0,-369.28932188134524,70.0,79.28932188134524,0.9238795325112867,0.0,0.3826834323650898,0.0
1.3062810897827148,-9.482154454975019,-2.8063975584447913,5.829588612282713,-1.0332913616500514,-0.2685711361890875,-0.6042020508730146,0.0,50.0,20.0,1.0,0.0,0.0,0.0,-369.28932188134524,70.0,79.28932188134524,0.9238795325112867,0.0,0.3826834323650898,0.0
1.3388705253601074,-9.096780220890565,-3.3866307018655637,6.034277824246072,-0.8855132460540691,-0.19267880887487832,-0.6688928190476073,0.0,50.0,20.0,1.0,0.0,0.0,0.0,-369.28932188134524,70.0,79.28932188134524,0.9238795325112867,0.0,0.3826834323650898,0.0
1.368990421295166,-9.768772174214115,-3.8903698445228745,6.459308690546885,-1.0007780323900783,-0.022963868108771657,-0.4964868756270596,0.0,50.0,20.0,1.0,0.0,0.0,0.0,-369.28932188134524,70.0,79.28932188134524,0.9238795325112867,0.0,0.3826834323650898,0.0
1.3989942073822021,-9.024686212059299,-3.610187037890606,6.999771908840659,-1.0474113227898305,0.05020442029095068,-0.43915253377404573,0.0,50.0,20.0,1.0,0.0,0.0,0.0,-369.28932188134524,70.0,79.28932188134524,0.9238795325112867,0.0,0.3826834323650898,0.0
1.4289734363555908,-8.741624248683406,-3.1456579062904257,6.675773383742559,-1.1006390014445906,0.09926827949340475,-0.48165833022284016,0.0,50.0,20.0,1.0,0.0,0.0,0.0,-369.28932188134524,70.0,79.28932188134524,0.9238795325112867,0.0,0.3826834323650898,0.0
1.459049940109253,-9.524091373456901,-2.934112246285842,7.040771007062845,-1.2975060755688865,0.1532972023153972,-0.4584037227304829,0.0,50.0,20.0,1.0,0.0,0.0,0.0,-369.28932188134524,70.0,79.28932188134524,0.9238795325112867,0.0,0.3826834323650898,0.0
1.490994930267334,-9.752486844718794,-2.3394866553845985,6.916580678206513,-1.1208663980231228,0.19972412956191485,-0.611248191142391,0.0,50.0,20.0,1.0,0.0,0.0,0.0,-369.28932188134524,70.0,79.28932188134524,0.9238795325112867,0.0,0.3826834323650898,0.0
1.5201332569122314,-9.418579826154517,-1.6399807796840038,6.723655186728655,-0.9597966037508268,0.1874524652102895,-0.45753358039068726,0.0,50.0,20.0,1.0,0.0,0.0,0.0,-369.28932188134524,70.0,79.28932188134524,0.9238795325112867,0.0,0.3826834323650898,0.0
1.5502817630767822,-9.353724271879843,-1.213988903223284,7.15704909841121,-1.0950867691356225,0.2643152004706356,-0.3760022093534855,0.0,50.0,20.0,1.0,0.0,0.0,0.0,-369.28932188134524,70.0,79.28932188134524,0.9238795325112867,0.0,0.3826834323650898,0.0
1.5805718898773193,-9.858901576158658,-0.9377025679073652,7.530914297820648,-1.2054238754580415,0.4339570596642992,-0.19297802627425614,0.0,50.0,20.0,1.0,0.0,0.0,0.0,-369.28932188134524,70.0,79.28932188134524,0.9238795325112867,0.0,0.3826834323650898,0.0
1.6108214855194092,-10.398165580940635,-1.7351557025547126,7.951906008515577,-1.3492107298995568,0.5132715702424084,-0.18381435860297216,0.0,50.0,20.0,1.0,0.0,0.0,0.0,-369.28932188134524,70.0,79.28932188134524,0.9238795325112867,0.0,0.3826834323650898,0.0
1.6427934169769287,-9.800822436291169,-1.327843873374614,7.733835936376509,-1.2279431534347507,0.6376444749650894,-0.33074672956508,0.0,50.0,20.0,1.0,0.0,0.0,0.0,-369.28932188134524,70.0,79.28932188134524,0.9238795325112867,0.0,0.3826834323650898,0.0
1.6723945140838623,-10.111368210568436,-1.441721167274144,6.996442250149077,-1.1092822079134756,0.7549473121516492,-0.45680832220991024,0.0,50.0,20.0,1.0,0.0,0.0,0.0,-369.28932188134524,70.0,79.28932188134524,0.9238795325112867,0.0,0.3826834323650898,0.0
1.702401876449585,-10.146772171094174,-1.4036832685094476,6.198736297791341,-1.2235290956397649,0.6269637795448362,-0.45021653008862106,0.0,50.0,20.0,1.0,0.0,0.0,0.0,-369.28932188134524,70.0,79.28932188134524,0.9238795325112867,0.0,0.3826834323650898,0.0
1.7349557876586914,-10.14839982659947,-1.0922060125645636,6.218591537603801,-1.175792636893591,0.5986090579785273,-0.3253832054119422,0.0,50.0,20.0,1.0,0.0,0.0,0.0,-369.28932188134524,70.0,79.28932188134524,0.9238795325112867,0.0,0.3826834323650898,0.0
1.7649812698364258,-9.713508525150736,-1.5988425047253858,5.45293694517878,-1.064003816243196,0.5886341004428559,-0.5202091864291214,0.0,50.0,20.0,1.0,0.0,0.0,0.0,-369.28932188134524,70.0,79.28932188134524,0.9238795325112867,0.0,0.3826834323650898,0.0
1.7949206829071045,-8.914337471923304,-1.0293670163681221,4.855337249670867,-0.9400406759541664,0.4697002960927409,-0.5892216311173679,0.0,50.0,20.0,1.0,0.0,0.0,0.0,-369.28932188134524,70.0,79.28932188134524,0.9238795325112867,0.0,0.3826834323650898,0.0
1.8246634006500244,-9.699387654221285,-0.6066865319443984,4.568726892017455,-0.9845843789637552,0.5623493323021547,-0.7801414480807474,0.0,50.0,20.0,1.0,0.0,0.0,0.0,-369.28932188134524,70.0,79.28932188134524,0.9238795325112867,0.0,0.3826834323650898,0.0
1.8544118404388428,-9.232368686753539,-0.22993403535993995,4.5939657832393666,-0.9720227835509655,0.6272757116983193,-0.8426620880857664,0.0,50.0,20.0,1.0,0.0,0.0,0.0,-369.28932188134524,70.0,79.28932188134524,0.9238795325112867,0.0,0.3826834323650898,0.0
1.8864028453826904,-9.52030385921018,-0.5947395417896791,4.9926277373470445,-1.1419304010920655,0.8020695787034959,-0.7545910089036132,0.0,50.0,20.0,1.0,0.0,0.0,0.0,-369.28932188134524,70.0,79.28932188134524,0.9238795325112867,0.0,0.3826834323650898,0.0
1.9162342548370361,-9.099741609180539,-0.09500925457212805,4.302335689997514,-1.2552706354069225,0.8933270257598483,-0.6812844170958211,0.0,50.0,20.0,1.0,0.0,0.0,0.0,-369.28932188134524,70.0,79.28932188134524,0.9238795325112867,0.0,0.3826834323650898,0.0
1.9461908340454102,-9.867736113321035,-0.7408429440535128,4.4795628508235925,-1.1582872345478235,1.032129008768557,-0.8190938458194854,0.0,50.0,20.0,1.0,0.0,0.0,0.0,-369.28932188134524,70.0,79.28932188134524,0.9238795325112867,0.0,0.3826834323650898,0.0
1.9761343002319336,-10.051328324898488,-1.3834733565511494,4.41959165000956,-1.1376684704274131,1.1468009834897313,-0.9553228862826726,0.0,50.0,20.0,1.0,0.0,0.0,0.0,-369.28932188134524,70.0,79.28932188134524,0.9238795325112867,0.0,0.3826834323650898,0.0
2.005993366241455,-9.817862593364794,-2.1348349789147063,4.840367782446823,-1.2374494354363175,1.2305961498389193,-1.0210333695398652,0.0,50.0,20.0,1.0,0.0,0.0,0.0,-369.28932188134524,70.0,79.28932188134524,0.9238795325112867,0.0,0.3826834323650898,0.0
2.039532423019409,-10.126715531552906,-1.9888092809121451,5.201618136151062,-1.2672482666180858,1.106709079701635,-0.8338342936920509,0.0,50.0,20.0,1.0,0.0,0.0,0.0,-369.28932188134524,70.0,79.28932188134524,0.9238795325112867,0.0,0.3826834323650898,0.0
2.0688343048095703,-10.441912856843468,-2.3038969237660583,4.518435243666272,-1.1562584888811844,0.9734268623646649,-1.0092917636628023,0.0,50.0,20.0,1.0,0.0,0.0,0.0,-369.28932188134524,70.0,79.28932188134524,0.9238795325112867,0.0,0.3826834323650898,0.0
2.099377393722534,-10.845653036556579,-1.773653757549473,4.007138367819402,-1.0595087566925376,0.822961158621405,-1.1121416002058113,0.0,50.0,20.0,1.0,0.0,0.0,0.0,-369.28932188134524,70.0,79.28932188134524,0.9238795325112867,0.0,0.3826834323650898,0.0
2.1281685829162598,-11.157886064781295,-2.033670347635335,4.622552071988027,-1.1534689612141211,0.8676869131726972,-0.9741512619703625,0.0,50.0,20.0,1.0,0.0,0.0,0.0,-369.28932188134524,70.0,79.28932188134524,0.9238795325112867,0.0,0.3826834323650898,0.0
2.1582956314086914,-11.055782436071162,-1.7744809415098184,5.398823567725728,-1.3284436923871301,0.9658383822127299,-0.83843864565163,0.0,50.0,20.0,1.0,0.0,0.0,0.0,-369.28932188134524,70.0,79.28932188134524,0.9238795325112867,0.0,0.3826834323650898,0.0
2.1903581619262695,-11.299374528656873,-2.256325545792203,5.162887285904465,-1.3108186558775952,1.0039573707499894,-1.0081754596562866,0.0,50.0,20.0,1.0,0.0,0.0,0.0,-369.28932188134524,70.0,79.28932188134524,0.9238795325112867,0.0,0.3826834323650898,0.0
2.2214643955230713,-11.211956530332477,-2.464867425973056,4.711347971045239,-1.4224151966041017,1.0855718163027752,-0.9986857386393407,0.0,50.0,20.0,1.0,0.0,0.0,0.0,-369.28932188134524,70.0,79.28932188134524,0.9238795325112867,0.0,0.3826834323650898,0.0
2.251950263977051,-10.798707958540659,-2.674648304293452,5.410633377431604,-1.3359557916450906,1.0120055258367995,-0.9901729287104983,0.0,50.0,20.0,1.0,0.0,0.0,0.0,-369.28932188134524,70.0,79.28932188134524,0.9238795325112867,0.0,0.3826834323650898,0.0
2.28073787689209,-10.19002910522036,-2.764967718790011,4.700298758828249,-1.1507764025036595,1.0688460078595996,-0.9439520623722216,0.0,50.0,20.0,1.0,0.0,0.0,0.0,-369.28932188134524,70.0,79.28932188134524,0.9238795325112867,0.0,0.3826834323650898,0.0
2.3112010955810547,-10.653831651213261,-2.303775075475842,4.795148470847624,-1.0863872571942712,0.9478720296853489,-0.9268295261247717,0.0,50.0,20.0,1.0,0.0,0.0,0.0,-369.28932188134524,70.0,79.28932188134524,0.9238795325112867,0.0,0.3826834323650898,0.0
2.3426477909088135,-10.768364359202018,-1.9687444411165957,5.357912873363598,-0.9035781331493553,0.8217972943114383,-1.0618321593025144,0.0,50.0,20.0,1.0,0.0,0.0,0.0,-369.28932188134524,70.0,79.28932188134524,0.9238795325112867,0.0,0.3826834323650898,0.0
2.372797727584839,-11.07039223953011,-1.926139107747836,4.646725536144797,-0.8915411270747571,0.7018244067562729,-1.1294827017130433,0.0,50.0,20.0,1.0,0.0,0.0,0.0,-369.28932188134524,70.0,79.28932188134524,0.9238795325112867,0.0,0.3826834323650898,0.0
2.402992010116577,-11.838767859130487,-1.3210215862596053,5.020507461590702,-0.895465576567445,0.8226738875436764,-1.2326917360017298,0.0,50.0,20.0,1.0,0.0,0.0,0.0,-369.28932188134524,70.0,79.28932188134524,0.9238795325112867,0.0,0.3826834323650898,0.0
2.435029983520508,-12.135360040043224,-0.5474106581051632,4.784943309933081,-0.8519542051353554,0.9802883460667184,-1.2177578464437675,0.0,50.0,20.0,1.0,0.0,0.0,0.0,-369.28932188134524,70.0,79.28932188134524,0.9238795325112867,0.0,0.3826834323650898,0.0
2.465064287185669,-12.412283051631194,-1.0424041333403673,4.362618464116648,-0.854515078548914,1.1550453615377136,-1.0747978427876568,0.0,50.0,20.0,1.0,0.0,0.0,0.0,-369.28932188134524,70.0,79.28932188134524,0.9238795325112867,0.0,0.3826834323650898,0.0
2.494704008102417,-12.851336303910335,-0.43551043245660637,5.048234231753032,-1.0475895258986574,1.251296101189359,-1.0389323840553921,0.0,50.0,20.0,1.0,0.0,0.0,0.0,-369.28932188134524,70.0,79.28932188134524,0.9238795325112867,0.0,0.3826834323650898,0.0
2.524832010269165,-13.0,-0.8713864197600623,4.386961021798443,-0.8906407587613997,1.3636333785373314,-0.9373125069684182,0.0,50.0,20.0,1.0,0.0,0.0,0.0,-369.28932188134524,70.0,79.28932188134524,0.9238795325112867,0.0,0.3826834323650898,0.0
2.5551369190216064,-13.0,-0.5871750407939693,4.1783973715992815,-0.7297650361081458,1.3911121907698154,-0.8918988540177342,0.0,50.0,20.0,1.0,0.0,0.0,0.0,-369.28932188134524,70.0,79.28932188134524,0.9238795325112867,0.0,0.3826834323650898,0.0
2.586397171020508,-13.0,-0.33517294856420565,4.18617697938207,-0.8474576414234989,1.4159823878629836,-0.8059768343348559,0.0,50.0,20.0,1.0,0.0,0.0,0.0,-369.28932188134524,70.0,79.28932188134524,0.9238795325112867,0.0,0.3826834323650898,0.0
2.616748094558716,-13.0,0.0485333718951122,4.858584217742323,-0.8684581022222058,1.4251167012496064,-0.8288327507814713,0.0,50.0,20.0,1.0,0.0,0.0,0.0,-369.28932188134524,70.0,79.28932188134524,0.9238795325112867,0.0,0.3826834323650898,0.0
2.6464121341705322,-13.0,0.486083349502092,4.098505893515193,-1.0465410688115173,1.3233131298213032,-0.7238979826462746,0.0,50.0,20.0,1.0,0.0,0.0,0.0,-369.28932188134524,70.0,79.28932188134524,0.9238795325112867,0.0,0.3826834323650898,0.0
2.6764469146728516,-13.0,0.8922585083715509,4.057939229944883,-0.9448039112646717,1.4684592320591938,-0.7677292019963535,0.0,50.0,20.0,1.0,0.0,0.0,0.0,-369.28932188134524,70.0,79.28932188134524,0.9238795325112867,0.0,0.3826834323650898,0.0
2.7060601711273193,-12.753250507354036,1.4828537543573126,3.615796947830893,-0.814712664992818,1.5,-0.7804771632564184,0.0,50.0,20.0,1.0,0.0,0.0,0.0,-369.28932188134524,70.0,79.28932188134524,0.9238795325112867,0.0,0.3826834323650898,0.0
2.7379980087280273,-12.732619922074322,1.101409666941792,3.4103531690082685,-0.7281881661836898,1.3896357484465103,-0.6873826641753007,0.0,50.0,20.0,1.0,0.0,0.0,0.0,-369.28932188134524,70.0,79.28932188134524,0.9238795325112867,0.0,0.3826834323650898,0.0
2.768578290939331,-12.906633020343019,0.8198088402463836,2.973983980134044,-0.8471199056532591,1.5,-0.4903378564011583,0.0,50.0,20.0,1.0,0.0,0.0,0.0,-369.28932188134524,70.0,79.28932188134524,0.9238795325112867,0.0,0.3826834323650898,0.0
2.79839825630188,-13.0,1.328379362160827,2.827800400899842,-0.6767259302643152,1.3321879643275085,-0.5262644083541628,0.0,50.0,20.0,1.0,0.0,0.0,0.0,-369.28932188134524,70.0,79.28932188134524,0.9238795325112867,0.0,0.3826834323650898,0.0
2.8282387256622314,-12.535994918288008,0.9909368695094283,2.262771839094599,-0.5123406701113128,1.29641526176202,-0.5102078423452796,0.0,50.0,20.0,1.0,0.0,0.0,0.0,-369.28932188134524,70.0,79.28932188134524,0.9238795325112867,0.0,0.3826834323650898,0.0
2.858612537384033,-12.132813981749498,1.1532652872666178,2.1602855806845955,-0.650203497569294,1.1560556174162882,-0.7064907528927306,0.0,50.0,20.0,1.0,0.0,0.0,0.0,-369.28932188134524,70.0,79.28932188134524,0.9238795325112867,0.0,0.3826834323650898,0.0
2.8914029598236084,-12.192947420634498,1.002215308502082,2.507872702663147,-0.49185314274875663,1.294304986656628,-0.5773690818969164,0.0,50.0,20.0,1.0,0.0,0.0,0.0,-369.28932188134524,70.0,79.28932188134524,0.9238795325112867,0.0,0.3826834323650898,0.0
2.9238336086273193,-11.696246003006689,0.4909808033111639,2.2000110791797773,-0.3383926541833934,1.1846000203309823,-0.6071082789287324,0.0,50.0,20.0,1.0,0.0,0.0,0.0,-369.28932188134524,70.0,79.28932188134524,0.9238795325112867,0.0,0.3826834323650898,0.0
2.951368570327759,-11.24908465835146,-0.010436797261935138,2.7521148048509527,-0.3545528993577178,1.1607888948908014,-0.7123400942639125,0.0,50.0,20.0,1.0,0.0,0.0,0.0,-369.28932188134524,70.0,79.28932188134524,0.9238795325112867,0.0,0.3826834323650898,0.0
2.9808363914489746,-11.49828786234168,-0.42659642596697966,3.1936575636918487,-0.23683453453263215,1.250687237660935,-0.7291218303326747,0.0,50.0,20.0,1.0,0.0,0.0,0.0,-369.28932188134524,70.0,79.28932188134524,0.9238795325112867,0.0,0.3826834323650898,0.0
3.0108163356781006,-11.516306241285069,-0.8346870039604961,3.3919798651034543,-0.34740016381663097,1.0598322387241468,-0.7986100382788134,0.0,50.0,20.0,1.0,0.0,0.0,0.0,-369.28932188134524,70.0,79.28932188134524,0.9238795325112867,0.0,0.3826834323650898,0.0
3.0432300567626953,-11.54950050294832,-0.4151022675316627,3.8594255265558584,-0.4173302078423022,1.2351565851710389,-0.6310747505621105,0.0,50.0,20.0,1.0,0.0,0.0,0.0,-369.28932188134524,70.0,79.28932188134524,0.9238795325112867,0.0,0.3826834323650898,0.0
3.0722544193267822,-11.076918016981388,-0.40390251484281436,4.301535949498924,-0.2303501043705113,1.3580926267213909,-0.7905694876443804,0.0,50.0,20.0,1.0,0.0,0.0,0.0,-369.28932188134524,70.0,79.28932188134524,0.9238795325112867,0.0,0.3826834323650898,0.0
3.102557420730591,-11.360164999209104,-0.8243530925403215,4.715789210531629,-0.04302532106770446,1.1847056823491484,-0.8865355111714763,0.0,50.0,20.0,1.0,0.0,0.0,0.0,-369.28932188134524,70.0,79.28932188134524,0.9238795325112867,0.0,0.3826834323650898,0.0
3.1349031925201416,-11.259532781525508,-1.3269218487024843,4.354598722804222,-0.028381887354669094,1.01597474028585,-0.8811407103865709,0.0,50.0,20.0,1.0,0.0,0.0,0.0,-369.28932188134524,70.0,79.28932188134524,0.9238795325112867,0.0,0.3826834323650898,0.0
3.164769411087036,-11.25681197767961,-1.7560347110175454,4.047669328209326,0.09736897774725004,1.1570500179020449,-0.7900240625312052,0.0,50.0,20.0,1.0,0.0,0.0,0.0,-369.28932188134524,70.0,79.28932188134524,0.9238795325112867,0.0,0.3826834323650898,0.0
3.1945416927337646,-11.150688700393124,-1.3562732444215504,4.763957806010941,-0.018818297859543615,1.1460384016031866,-0.9183944096203118,0.0,50.0,20.0,1.0,0.0,0.0,0.0,-369.28932188134524,70.0,79.28932188134524,0.9238795325112867,0.0,0.3826834323650898,0.0
3.2246804237365723,-10.503131020894664,-0.7271761281413356,5.125548924799575,-0.12733042701478559,1.0829416878599656,-0.8468167621233914,0.0,50.0,20.0,1.0,0.0,0.0,0.0,-369.28932188134524,70.0,79.28932188134524,0.9238795325112867,0.0,0.3826834323650898,0.0
3.2546684741973877,-9.896893952685078,-0.6254840932610439,4.78225191867449,-0.291423887404608,1.1983270106522828,-0.7594038823980511,0.0,50.0,20.0,1.0,0.0,0.0,0.0,-369.28932188134524,70.0,79.28932188134524,0.9238795325112867,0.0,0.3826834323650898,0.0
3.2880771160125732,-9.339712383880482,-1.3090789232234763,4.210610152168633,-0.27059769684539764,1.0086251669289616,-0.7605290357576509,0.0,50.0,20.0,1.0,0.0,0.0,0.0,-369.28932188134524,70.0,79.28932188134524,0.9238795325112867,0.0,0.3826834323650898,0.0
3.316500663757324,-8.898026308147148,-1.8941622717004056,3.648128505399373,-0.13181572733525831,1.1178021608130801,-0.6448346571930867,0.0,50.0,20.0,1.0,0.0,0.0,0.0,-369.28932188134524,70.0,79.28932188134524,0.9238795325112867,0.0,0.3826834323650898,0.0
3.3462064266204834,-8.260715786632183,-2.461247213151276,3.0211807232246923,-0.1386864547832517,1.2801380807129816,-0.6669802934733323,0.0,50.0,20.0,1.0,0.0,0.0,0.0,-369.28932188134524,70.0,79.28932188134524,0.9238795325112867,0.0,0.3826834323650898,0.0
3.3764517307281494,-8.264511504738516,-2.1301131884114235,3.4642591137859213,-0.23955570971028897,1.127658429599991,-0.690159214103852,0.0,50.0,20.0,1.0,0.0,0.0,0.0,-369.28932188134524,70.0,79.28932188134524,0.9238795325112867,0.0,0.3826834323650898,0.0
3.4065911769866943,-8.515373192503457,-2.421020411112105,3.973812677583389,-0.05148235721267633,1.3012367865895074,-0.6576016117550927,0.0,50.0,20.0,1.0,0.0,0.0,0.0,-369.28932188134524,70.0,79.28932188134524,0.9238795325112867,0.0,0.3826834323650898,0.0
3.438703775405884,-9.078336982305094,-1.669044050110915,3.5641651581379596,-0.01834578976307047,1.2323826164048113,-0.5802740515029394,0.0,50.0,20.0,1.0,0.0,0.0,0.0,-369.28932188134524,70.0,79.28932188134524,0.9238795325112867,0.0,0.3826834323650898,0.0
3.469130277633667,-9.781610394658323,-1.2036507864237407,3.066827336953586,-0.0014621650022783594,1.3147374865970796,-0.6969182792961057,0.0,50.0,20.0,1.0,0.0,0.0,0.0,-369.28932188134524,70.0,79.28932188134524,0.9238795325112867,0.0,0.3826834323650898,0.0
3.499070882797241,-9.290728586366503,-1.9057660469233908,3.078002495733304,-0.18706935344775275,1.3352184951663224,-0.8695236802042052,0.0,50.0,20.0,1.0,0.0,0.0,0.0,-369.28932188134524,70.0,79.28932188134524,0.9238795325112867,0.0,0.3826834323650898,0.0
3.5289251804351807,-8.843238494931919,-1.725187326408505,2.9489536329996877,-0.24744663695024374,1.15710014020072,-0.7747704259593928,0.0,50.0,20.0,1.0,0.0,0.0,0.0,-369.28932188134524,70.0,79.28932188134524,0.9238795325112867,0.0,0.3826834323650898,0.0
3.558835744857788,-9.50621576710446,-1.5275647293983703,2.2969532049072123,-0.15551784960155926,0.9779414230797301,-0.9361340363959847,0.0,50.0,20.0,1.0,0.0,0.0,0.0,-369.28932188134524,70.0,79.28932188134524,0.9238795325112867,0.0,0.3826834323650898,0.0
3.5904552936553955,-9.647203507101597,-0.7657193946492009,2.099826071316314,-0.14974859696561757,1.0108068132654875,-0.8031425651542741,0.0,50.0,20.0,1.0,0.0,0.0,0.0,-369.28932188134524,70.0,79.28932188134524,0.9238795325112867,0.0,0.3826834323650898,0.0
3.6209073066711426,-9.613378328040813,-0.4602469553012236,2.812750985151532,-0.0961587024958662,0.8128192276961606,-0.7811035944067972,0.0,50.0,20.0,1.0,0.0,0.0,0.0,-369.28932188134524,70.0,79.28932188134524,0.9238795325112867,0.0,0.3826834323650898,0.0
3.6509127616882324,-8.820021178124724,-0.8799917065816798,3.508769166818303,-0.2080573773116396,0.7477376489672787,-0.6240088805175652,0.0,50.0,20.0,1.0,0.0,0.0,0.0,-369.28932188134524,70.0,79.28932188134524,0.9238795325112867,0.0,0.3826834323650898,0.0
3.6814756393432617,-8.133543687557127,-1.2529516538519019,4.081911961763375,-0.38150811511777993,0.6915588214030496,-0.5661733829424126,0.0,50.0,20.0,1.0,0.0,0.0,0.0,-369.28932188134524,70.0,79.28932188134524,0.9238795325112867,0.0,0.3826834323650898,0.0
3.710332155227661,-7.798963620596153,-1.7209975866949798,4.791867827178262,-0.24958607474485173,0.5705038118278807,-0.5135356902798729,0.0,50.0,20.0,1.0,0.0,0.0,0.0,-369.28932188134524,70.0,79.28932188134524,0.9238795325112867,0.0,0.3826834323650898,0.0
3.7422993183135986,-7.854110718117231,-2.202022610010292,4.842489612119777,-0.07880782383469342,0.4896073467081742,-0.4721377145017899,0.0,50.0,20.0,1.0,0.0,0.0,0.0,-369.28932188134524,70.0,79.28932188134524,0.9238795325112867,0.0,0.3826834323650898,0.0
3.7720394134521484,-8.256064858911039,-1.6301396053152393,4.321110393110171,0.041739138282170796,0.6476565705100303,-0.3420016123606514,0.0,50.0,20.0,1.0,0.0,0.0,0.0,-369.28932188134524,70.0,79.28932188134524,0.9238795325112867,0.0,0.3826834323650898,0.0
3.8029937744140625,-7.831154300565644,-2.1391082534604138,4.2756980917939655,0.12574757638144984,0.764093427941815,-0.45485676754452614,0.0,50.0,20.0,1.0,0.0,0.0,0.0,-369.28932188134524,70.0,79.28932188134524,0.9238795325112867,0.0,0.3826834323650898,0.0
3.8341498374938965,-8.591618047425102,-1.70107479215244,4.801688153825705,0.050744389751027366,0.7211097864082533,-0.5511744723894713,0.0,50.0,20.0,1.0,0.0,0.0,0.0,-369.28932188134524,70.0,79.28932188134524,0.9238795325112867,0.0,0.3826834323650898,0.0
3.8641252517700195,-8.193001458152677,-1.094287113053206,4.669232030155415,-0.08543974845185333,0.779485471452932,-0.4995502961333381,0.0,50.0,20.0,1.0,0.0,0.0,0.0,-369.28932188134524,70.0,79.28932188134524,0.9238795325112867,0.0,0.3826834323650898,0.0
3.8941097259521484,-7.456261881732356,-0.3675410684517024,4.359976393035538,-0.0757605033920747,0.8618480703119761,-0.3866882579488168,0.0,50.0,20.0,1.0,0.0,0.0,0.0,-369.28932188134524,70.0,79.28932188134524,0.9238795325112867,0.0,0.3826834323650898,0.0
3.924117088317871,-7.871984992441313,-0.73867993719152,3.8307197296451765,-0.10998299811035613,0.8637041053903785,-0.5450664676527812,0.0,50.0,20.0,1.0,0.0,0.0,0.0,-369.28932188134524,70.0,79.28932188134524,0.9238795325112867,0.0,0.3826834323650898,0.0
3.9540529251098633,-7.8737926836398895,-1.354452712795673,3.120192946977252,-0.22428037514318,0.94284083241104,-0.6394307205820706,0.0,50.0,20.0,1.0,0.0,0.0,0.0,-369.28932188134524,70.0,79.28932188134524,0.9238795325112867,0.0,0.3826834323650898,0.0
3.9868788719177246,-8.533841198115184,-1.240185926396477,3.629888537166876,-0.07136772168563055,0.7631152509045334,-0.7570533078389479,0.0,50.0,20.0,1.0,0.0,0.0,0.0,-369.28932188134524,70.0,79.28932188134524,0.9238795325112867,0.0,0.3826834323650898,0.0
4.01699686050415,-8.0602459835427,-1.9583345890262123,2.986963067561817,-0.11705893190877242,0.5703528194270316,-0.651984415801985,0.0,50.0,20.0,1.0,0.0,0.0,0.0,-369.28932188134524,70.0,79.28932188134524,0.9238795325112867,0.0,0.3826834323650898,0.0
4.046647548675537,-8.696158499205142,-1.16006366143827,3.4589224796610942,-0.14258094429727242,0.44492817698537995,-0.6730384315378858,0.0,50.0,20.0,1.0,0.0,0.0,0.0,-369.28932188134524,70.0,79.28932188134524,0.9238795325112867,0.0,0.3826834323650898,0.0
4.077127695083618,-7.995620528660453,-1.934058131994958,3.0719040793210532,-0.04193426049680932,0.5221390612212142,-0.6182438297726478,0.0,50.0,20.0,1.0,0.0,0.0,0.0,-369.28932188134524,70.0,79.28932188134524,0.9238795325112867,0.0,0.3826834323650898,0.0
4.10593056678772,-8.410442489003362,-1.1410360141746416,3.5142985311346244,0.13401557541310277,0.33059980594968325,-0.5726054222790734,0.0,50.0,20.0,1.0,0.0,0.0,0.0,-369.28932188134524,70.0,79.28932188134524,0.9238795325112867,0.0,0.3826834323650898,0.0
4.13876748085022,-8.710587740261198,-1.759291858610274,4.217788502570223,0.2243744903617063,0.14952531800605182,-0.7108665202759983,0.0,50.0,20.0,1.0,0.0,0.0,0.0,-369.28932188134524,70.0,79.28932188134524,0.9238795325112867,0.0,0.3826834323650898,0.0
4.168731212615967,-9.23007158508586,-2.257151036510554,4.264926856097729,0.04491367507986968,0.26236263713415386,-0.6087724664890137,0.0,50.0,20.0,1.0,0.0,0.0,0.0,-369.28932188134524,70.0,79.28932188134524,0.9238795325112867,0.0,0.3826834323650898,0.0
4.198676347732544,-9.00058292437006,-1.9612505955960282,4.47567628408677,-0.015526443712137017,0.4283090106715085,-0.6118133641311515,0.0,50.0,20.0,1.0,0.0,0.0,0.0,-369.28932188134524,70.0,79.28932188134524,0.9238795325112867,0.0,0.3826834323650898,0.0
4.228578567504883,-9.121003509159978,-1.9311129924492367,4.481222907783682,-0.017968223950988405,0.464956727917869,-0.7195044299870825,0.0,50.0,20.0,1.0,0.0,0.0,0.0,-369.28932188134524,70.0,79.28932188134524,0.9238795325112867,0.0,0.3826834323650898,0.0
4.258388996124268,-9.888200377095929,-2.3306927234451464,3.6884002298591314,0.06861888920963743,0.352087015144745,-0.8903660392274344,0.0,50.0,20.0,1.0,0.0,0.0,0.0,-369.28932188134524,70.0,79.28932188134524,0.9238795325112867,0.0,0.3826834323650898,0.0
4.290236234664917,-9.6633561065836,-3.0981271835604076,4.319164274102248,0.25382009910265696,0.3892688509720944,-0.9245152811265778,0.0,50.0,20.0,1.0,0.0,0.0,0.0,-369.28932188134524,70.0,79.28932188134524,0.9238795325112867,0.0,0.3826834323650898,0.0
4.320492267608643,-9.095122962138468,-2.76383082315452,3.692087933804406,0.349838016813193,0.5846100410950998,-0.9553902988033699,0.0,50.0,20.0,1.0,0.0,0.0,0.0,-369.28932188134524,70.0,79.28932188134524,0.9238795325112867,0.0,0.3826834323650898,0.0
4.350657939910889,-8.859272429645609,-3.192367257145599,3.1028830744537856,0.4342629941486796,0.44562742855098114,-0.9068169378163564,0.0,50.0,20.0,1.0,0.0,0.0,0.0,-369.28932188134524,70.0,79.28932188134524,0.9238795325112867,0.0,0.3826834323650898,0.0
4.380938768386841,-8.425291900779706,-2.949134850472662,3.718168771080042,0.2438976826723614,0.49967594769433277,-1.0540158084000604,0.0,50.0,20.0,1.0,0.0,0.0,0.0,-369.28932188134524,70.0,79.28932188134524,0.9238795325112867,0.0,0.3826834323650898,0.0
4.411080837249756,-8.876908092842744,-3.4795907435751676,3.236836794951184,0.3638282167260252,0.6137462582910372,-1.0735170726203493,0.0,50.0,20.0,1.0,0.0,0.0,0.0,-369.28932188134524,70.0,79.28932188134524,0.9238795325112867,0.0,0.3826834323650898,0.0
4.442845582962036,-9.445994084687044,-4.218295254640832,3.351381140393354,0.4461585691807472,0.7666704060365896,-1.257846089934173,0.0,50.0,20.0,1.0,0.0,0.0,0.0,-369.28932188134524,70.0,79.28932188134524,0.9238795325112867,0.0,0.3826834323650898,0.0
4.47303318977356,-8.79566746198543,-3.6390815301839687,3.402104483747067,0.4254832425066859,0.8773586041420964,-1.2337516993496846,0.0,50.0,20.0,1.0,0.0,0.0,0.0,-369.28932188134524,70.0,79.28932188134524,0.9238795325112867,0.0,0.3826834323650898,0.0
4.502433776855469,-8.00107559150441,-3.490358516881156,4.119556816133217,0.5145548445034659,0.7304175346758639,-1.388598167529514,0.0,50.0,20.0,1.0,0.0,0.0,0.0,-369.28932188134524,70.0,79.28932188134524,0.9238795325112867,0.0,0.3826834323650898,0.0
4.534735441207886,-7.325591847331317,-2.865937830125095,4.288916682813566,0.3790699578514012,0.7163916450275241,-1.5,0.0,50.0,20.0,1.0,0.0,0.0,0.0,-369.28932188134524,70.0,79.28932188134524,0.9238795325112867,0.0,0.3826834323650898,0.0
4.564838409423828,-7.52587100156488,-3.5671591655408297,3.745536893882266,0.2193822331642923,0.8955961952563234,-1.4463371622457677,0.0,50.0,20.0,1.0,0.0,0.0,0.0,-369.28932188134524,70.0,79.28932188134524,0.9238795325112867,0.0,0.3826834323650898,0.0
4.595408916473389,-7.821019354087435,-3.498519563802623,3.6124627945234002,0.09803998194523611,0.9669744021961809,-1.5,0.0,50.0,20.0,1.0,0.0,0.0,0.0,-369.28932188134524,70.0,79.28932188134524,0.9238795325112867,0.0,0.3826834323650898,0.0
4.624675989151001,-7.941117233224006,-3.360945977410037,3.515537822467162,0.08748990269346374,0.999555274910582,-1.5,0.0,50.0,20.0,1.0,0.0,0.0,0.0,-369.28932188134524,70.0,79.28932188134524,0.9238795325112867,0.0,0.3826834323650898,0.0
4.65459418296814,-7.377703921941879,-3.403696858737353,3.736404143213585,0.21150046978299597,0.859673395904313,-1.4305564352402802,0.0,50.0,20.0,1.0,0.0,0.0,0.0,-369.28932188134524,70.0,79.28932188134524,0.9238795325112867,0.0,0.3826834323650898,0.0
4.686773777008057,-8.158569939382733,-2.6846193048219327,3.4671738220951633,0.053117757309602276,0.8926072659297214,-1.5,0.0,50.0,20.0,1.0,0.0,0.0,0.0,-369.28932188134524,70.0,79.28932188134524,0.9238795325112867,0.0,0.3826834323650898,0.0
4.71672248840332,-8.675472632986857,-3.1354213299967477,3.690749802748634,0.23655932257674744,0.8919915518181547,-1.5,0.0,50.0,20.0,1.0,0.0,0.0,0.0,-369.28932188134524,70.0,79.28932188134524,0.9238795325112867,0.0,0.3826834323650898,0.0
4.746552467346191,-8.86621447662269,-2.6918912698676567,3.8640980276489594,0.07186366589331661,0.9978746641179956,-1.5,0.0,50.0,20.0,1.0,0.0,0.0,0.0,-369.28932188134524,70.0,79.28932188134524,0.9238795325112867,0.0,0.3826834323650898,0.0
4.7765419483184814,-8.860254014520681,-2.0086849738325956,3.5972284354232116,0.002627504285457022,0.9665348789696494,-1.5,0.0,50.0,20.0,1.0,0.0,0.0,0.0,-369.28932188134524,70.0,79.28932188134524,0.9238795325112867,0.0,0.3826834323650898,0.0
4.806194543838501,-8.840041778344235,-1.604861505086615,3.5363641670264094,0.10216431330533757,0.9660562912931812,-1.4628960488762217,0.0,50.0,20.0,1.0,0.0,0.0,0.0,-369.28932188134524,70.0,79.28932188134524,0.9238795325112867,0.0,0.3826834323650898,0.0
4.8381712436676025,-8.200364883032053,-1.612511066873211,3.1806386737237284,0.23050006566054762,1.1360314622889847,-1.3110645091867328,0.0,50.0,20.0,1.0,0.0,0.0,0.0,-369.28932188134524,70.0,79.28932188134524,0.9238795325112867,0.0,0.3826834323650898,0.0
