# Timestamp, Fx, Fy, Fz, Tx, Ty, Tz, FemurPosX, FemurPosY, FemurPosZ, FemurQuatW, FemurQuatX, FemurQuatY, FemurQuatZ, TibiaPosX, TibiaPosY, TibiaPosZ, TibiaQuatW, TibiaQuatX, TibiaQuatY, TibiaQuatZ
0.0434260368347168,-5.57751,2.44362,-2.29387,-3.57081,3.67174,-0.0693555,-0.227,0.700688,0.0459927,0.129056,0.980984,0.0212942,-0.187356,-0.00175391,0.557033,0.116535,0.73055,0.957269,-0.0847586,0.250743
0.10510659217834473,-5.39687,2.32407,-2.21683,-3.41974,3.3896,-0.0693358,-0.224781,0.698327,0.084154,0.128961,0.981937,0.0303945,-0.166713,-0.00149072,0.556574,0.117031,0.731678,0.956211,-0.0909184,0.252384
0.15602755546569824,-5.39687,2.32407,-2.21683,-3.41974,3.3896,-0.0693358,-0.224781,0.698327,0.084154,0.128961,0.981937,0.0303945,-0.166713,-0.00149072,0.556574,0.117031,0.731678,0.956211,-0.0909184,0.252384
0.21678638458251953,-5.64306,2.35592,-2.29602,-3.57882,3.68339,-0.0693371,-0.227008,0.70072,0.0465222,0.128964,0.981136,0.0204478,-0.186522,-0.00149099,0.556576,0.117065,0.730575,0.956193,-0.0908999,0.252442
0.26735782623291016,-5.64306,2.35592,-2.29602,-3.57882,3.68339,-0.0693371,-0.227008,0.70072,0.0465222,0.128964,0.981136,0.0204478,-0.186522,-0.00149099,0.556576,0.117065,0.730575,0.956193,-0.0908999,0.252442
0.33007335662841797,-5.56409,2.3074,-2.25968,-3.54365,3.62965,-0.0693566,-0.227014,0.700728,0.0465179,0.128953,0.98117,0.0205106,-0.186335,-0.00146363,0.556545,0.116813,0.730563,0.956202,-0.0912268,0.25241
0.38387370109558105,-5.56409,2.3074,-2.25968,-3.54365,3.62965,-0.0693566,-0.227014,0.700728,0.0465179,0.128953,0.98117,0.0205106,-0.186335,-0.00146363,0.556545,0.116813,0.730563,0.956202,-0.0912268,0.25241
0.4443492889404297,-5.33571,2.40491,-2.20878,-3.44139,3.41004,-0.0693546,-0.22489,0.69851,0.0831434,0.129048,0.982095,0.0283232,-0.166657,-0.00174814,0.55704,0.116526,0.731769,0.957275,-0.0848398,0.250695
0.49741196632385254,-5.33571,2.40491,-2.20878,-3.44139,3.41004,-0.0693546,-0.22489,0.69851,0.0831434,0.129048,0.982095,0.0283232,-0.166657,-0.00174814,0.55704,0.116526,0.731769,0.957275,-0.0848398,0.250695
0.5578522682189941,-5.57527,2.35347,-2.27129,-3.54632,3.63204,-0.0693356,-0.226994,0.700673,0.0458723,0.128964,0.980966,0.0210299,-0.187507,-0.00149346,0.556581,0.117084,0.730567,0.956198,-0.0908481,0.252434
0.6076712608337402,-5.57527,2.35347,-2.27129,-3.54632,3.63204,-0.0693356,-0.226994,0.700673,0.0458723,0.128964,0.980966,0.0210299,-0.187507,-0.00149346,0.556581,0.117084,0.730567,0.956198,-0.0908481,0.252434
0.6703617572784424,-5.6558,2.32863,-2.3056,-3.57517,3.68099,-0.069439,-0.227021,0.700689,0.0459982,0.128616,0.98097,0.0216832,-0.187382,-0.00148205,0.556811,0.116852,0.730559,0.956748,-0.0910897,0.250361
0.7215011119842529,-5.6558,2.32863,-2.3056,-3.57517,3.68099,-0.069439,-0.227021,0.700689,0.0459982,0.128616,0.98097,0.0216832,-0.187382,-0.00148205,0.556811,0.116852,0.730559,0.956748,-0.0910897,0.250361
0.7838728427886963,-5.37381,2.33636,-2.2531,-3.45038,3.41369,-0.0693567,-0.224966,0.698417,0.0842403,0.129038,0.981462,0.0296826,-0.169575,-0.00174553,0.557039,0.116556,0.731812,0.957285,-0.0848194,0.250652
0.8341825008392334,-5.37381,2.33636,-2.2531,-3.45038,3.41369,-0.0693567,-0.224966,0.698417,0.0842403,0.129038,0.981462,0.0296826,-0.169575,-0.00174553,0.557039,0.116556,0.731812,0.957285,-0.0848194,0.250652
0.89528489112854,-5.36072,2.37824,-2.23034,-3.44295,3.41181,-0.0693593,-0.224851,0.698548,0.0831452,0.129044,0.981814,0.0294781,-0.168107,-0.00174221,0.557034,0.116595,0.731714,0.957255,-0.0848129,0.250751
0.9457898139953613,-5.36072,2.37824,-2.23034,-3.44295,3.41181,-0.0693593,-0.224851,0.698548,0.0831452,0.129044,0.981814,0.0294781,-0.168107,-0.00174221,0.557034,0.116595,0.731714,0.957255,-0.0848129,0.250751
1.0085127353668213,-5.42688,2.304,-2.23438,-3.41597,3.41075,-0.0693369,-0.224783,0.698345,0.0843856,0.128961,0.981922,0.030558,-0.166654,-0.00149129,0.556578,0.117059,0.731659,0.956217,-0.0908179,0.252384
1.0584080219268799,-5.42688,2.304,-2.23438,-3.41597,3.41075,-0.0693369,-0.224783,0.698345,0.0843856,0.128961,0.981922,0.030558,-0.166654,-0.00149129,0.556578,0.117059,0.731659,0.956217,-0.0908179,0.252384
1.119478702545166,-5.66156,2.3417,-2.30689,-3.58425,3.68726,-0.0693327,-0.22701,0.700676,0.0459013,0.128955,0.980993,0.0212781,-0.187332,-0.00149174,0.556578,0.117115,0.73055,0.956208,-0.0908823,0.25237
1.169959545135498,-5.66156,2.3417,-2.30689,-3.58425,3.68726,-0.0693327,-0.22701,0.700676,0.0459013,0.128955,0.980993,0.0212781,-0.187332,-0.00149174,0.556578,0.117115,0.73055,0.956208,-0.0908823,0.25237
1.237584114074707,-5.39459,2.31359,-2.21866,-3.44875,3.39645,-0.0693357,-0.224869,0.698487,0.0829462,0.128962,0.981873,0.0293808,-0.167873,-0.00148948,0.556581,0.117076,0.731751,0.956215,-0.0907983,0.252391
1.2892615795135498,-5.39459,2.31359,-2.21866,-3.44875,3.39645,-0.0693357,-0.224869,0.698487,0.0829462,0.128962,0.981873,0.0293808,-0.167873,-0.00148948,0.556581,0.117076,0.731751,0.956215,-0.0907983,0.252391
1.354565143585205,-5.54962,2.40371,-2.28147,-3.54232,3.66343,-0.0693562,-0.227011,0.700723,0.0464979,0.129046,0.981136,0.0204141,-0.186531,-0.00174403,0.557044,0.116561,0.730581,0.957271,-0.0848065,0.250707
1.4033010005950928,-5.54962,2.40371,-2.28147,-3.54232,3.66343,-0.0693562,-0.227011,0.700723,0.0464979,0.129046,0.981136,0.0204141,-0.186531,-0.00174403,0.557044,0.116561,0.730581,0.957271,-0.0848065,0.250707
1.4631240367889404,-5.45032,2.32723,-2.25532,-3.42299,3.44139,-0.0693325,-0.224911,0.698676,0.0829079,0.12896,0.981777,0.0285912,-0.168593,-0.00149587,0.556581,0.117065,0.731731,0.956216,-0.0908737,0.252365
1.512341022491455,-5.45032,2.32723,-2.25532,-3.42299,3.44139,-0.0693325,-0.224911,0.698676,0.0829079,0.12896,0.981777,0.0285912,-0.168593,-0.00149587,0.556581,0.117065,0.731731,0.956216,-0.0908737,0.252365
1.5720279216766357,-5.47474,2.35226,-2.25513,-3.48252,3.44408,-0.0693287,-0.224855,0.698553,0.0831191,0.128962,0.9818,0.0294543,-0.168206,-0.00149187,0.556579,0.117107,0.73172,0.956199,-0.0909084,0.252398
1.6208298206329346,-5.47474,2.35226,-2.25513,-3.48252,3.44408,-0.0693287,-0.224855,0.698553,0.0831191,0.128962,0.9818,0.0294543,-0.168206,-0.00149187,0.556579,0.117107,0.73172,0.956199,-0.0909084,0.252398
1.6829643249511719,-5.62391,2.32216,-2.28913,-3.57109,3.66819,-0.0693352,-0.227034,0.700792,0.0465116,0.128957,0.9811,0.0207115,-0.186683,-0.00149215,0.556582,0.117095,0.730619,0.95621,-0.090849,0.252384
1.7330906391143799,-5.62391,2.32216,-2.28913,-3.57109,3.66819,-0.0693352,-0.227034,0.700792,0.0465116,0.128957,0.9811,0.0207115,-0.186683,-0.00149215,0.556582,0.117095,0.730619,0.95621,-0.090849,0.252384
1.793609380722046,-5.4335,2.32182,-2.23485,-3.41913,3.41473,-0.0693316,-0.224777,0.698338,0.0843556,0.128952,0.981949,0.0304823,-0.166526,-0.00148808,0.556583,0.117101,0.73166,0.956218,-0.090894,0.252336
1.843372106552124,-5.4335,2.32182,-2.23485,-3.41913,3.41473,-0.0693316,-0.224777,0.698338,0.0843556,0.128952,0.981949,0.0304823,-0.166526,-0.00148808,0.556583,0.117101,0.73166,0.956218,-0.090894,0.252336
1.914020299911499,-5.64445,2.3188,-2.30398,-3.53757,3.68663,-0.0693323,-0.227021,0.700725,0.0465085,0.128958,0.981166,0.0206223,-0.186348,-0.00149199,0.55658,0.117119,0.730566,0.956204,-0.0908552,0.252393
1.9643797874450684,-5.64445,2.3188,-2.30398,-3.53757,3.68663,-0.0693323,-0.227021,0.700725,0.0465085,0.128958,0.981166,0.0206223,-0.186348,-0.00149199,0.55658,0.117119,0.730566,0.956204,-0.0908552,0.252393
2.0273594856262207,-5.54283,2.41138,-2.27449,-3.55896,3.65692,-0.0693558,-0.227014,0.70072,0.0464556,0.129048,0.981135,0.0204739,-0.186538,-0.00173947,0.557048,0.11658,0.730578,0.957255,-0.0848324,0.250748
2.0765533447265625,-5.54283,2.41138,-2.27449,-3.55896,3.65692,-0.0693558,-0.227014,0.70072,0.0464556,0.129048,0.981135,0.0204739,-0.186538,-0.00173947,0.557048,0.11658,0.730578,0.957255,-0.0848324,0.250748
2.1359386444091797,-5.5802,2.34434,-2.26317,-3.55666,3.64272,-0.0693361,-0.226987,0.700654,0.0468433,0.128954,0.981259,0.0205359,-0.185782,-0.00149101,0.556581,0.11712,0.730546,0.956207,-0.090842,0.252385
2.1846728324890137,-5.5802,2.34434,-2.26317,-3.55666,3.64272,-0.0693361,-0.226987,0.700654,0.0468433,0.128954,0.981259,0.0205359,-0.185782,-0.00149101,0.556581,0.11712,0.730546,0.956207,-0.090842,0.252385
2.2453935146331787,-5.63161,2.36003,-2.29566,-3.55995,3.674,-0.0693336,-0.227036,0.700795,0.0465687,0.128954,0.9811,0.0207079,-0.186669,-0.00149081,0.556579,0.11711,0.730624,0.956203,-0.0909128,0.252381
2.2968010902404785,-5.63161,2.36003,-2.29566,-3.55995,3.674,-0.0693336,-0.227036,0.700795,0.0465687,0.128954,0.9811,0.0207079,-0.186669,-0.00149081,0.556579,0.11711,0.730624,0.956203,-0.0909128,0.252381
2.397968053817749,-5.69559,2.08051,-2.51859,-3.77472,3.54236,-0.0693343,-0.227107,0.700127,0.045623,0.128951,0.97445,0.0230789,-0.218708,-0.00148715,0.55658,0.117108,0.729362,0.956222,-0.0908474,0.252335
2.4856045246124268,-5.69559,2.08051,-2.51859,-3.77472,3.54236,-0.0693343,-0.227107,0.700127,0.045623,0.128951,0.97445,0.0230789,-0.218708,-0.00148715,0.55658,0.117108,0.729362,0.956222,-0.0908474,0.252335
2.5788443088531494,-5.61879,2.34465,-2.28508,-3.56522,3.66934,-0.0694396,-0.227012,0.700721,0.0464594,0.128624,0.981131,0.0204573,-0.186562,-0.00148435,0.556817,0.116807,0.73058,0.956743,-0.0911007,0.250398
2.628264904022217,-5.61879,2.34465,-2.28508,-3.56522,3.66934,-0.0694396,-0.227012,0.700721,0.0464594,0.128624,0.981131,0.0204573,-0.186562,-0.00148435,0.556817,0.116807,0.73058,0.956743,-0.0911007,0.250398
2.6875767707824707,-5.45567,2.3033,-2.25672,-3.43936,3.4451,-0.0693374,-0.224922,0.698675,0.0827733,0.128958,0.981788,0.0286091,-0.16859,-0.00149303,0.556573,0.117084,0.731737,0.956206,-0.0908646,0.252399
2.736882209777832,-5.45567,2.3033,-2.25672,-3.43936,3.4451,-0.0693374,-0.224922,0.698675,0.0827733,0.128958,0.981788,0.0286091,-0.16859,-0.00149303,0.556573,0.117084,0.731737,0.956206,-0.0908646,0.252399
2.801109790802002,-5.46891,2.28445,-2.26124,-3.43825,3.42413,-0.0693374,-0.224808,0.698564,0.0832851,0.128931,0.981577,0.0301951,-0.169287,-0.00150304,0.556517,0.116633,0.731674,0.956098,-0.0925738,0.252397
2.8738837242126465,-5.46891,2.28445,-2.26124,-3.43825,3.42413,-0.0693374,-0.224808,0.698564,0.0832851,0.128931,0.981577,0.0301951,-0.169287,-0.00150304,0.556517,0.116633,0.731674,0.956098,-0.0925738,0.252397
2.98443341255188,-5.61793,2.33082,-2.28777,-3.55595,3.66833,-0.0693366,-0.227009,0.700718,0.0465111,0.128961,0.981134,0.0203571,-0.186543,-0.00149196,0.556568,0.117097,0.730581,0.956186,-0.0909097,0.25245
3.0748791694641113,-5.61793,2.33082,-2.28777,-3.55595,3.66833,-0.0693366,-0.227009,0.700718,0.0465111,0.128961,0.981134,0.0203571,-0.186543,-0.00149196,0.556568,0.117097,0.730581,0.956186,-0.0909097,0.25245
3.143939971923828,-5.40794,2.31516,-2.22159,-3.42907,3.39652,-0.0693331,-0.224782,0.698336,0.0842876,0.128963,0.981954,0.0305152,-0.166526,-0.00148748,0.556583,0.117073,0.731667,0.956212,-0.0908397,0.252391
3.192103147506714,-5.40794,2.31516,-2.22159,-3.42907,3.39652,-0.0693331,-0.224782,0.698336,0.0842876,0.128963,0.981954,0.0305152,-0.166526,-0.00148748,0.556583,0.117073,0.731667,0.956212,-0.0908397,0.252391
3.2552924156188965,-5.57326,2.39335,-2.28222,-3.56964,3.66813,-0.0693386,-0.224881,0.698681,0.0828776,0.128966,0.981536,0.0295645,-0.169838,-0.00149342,0.556569,0.117081,0.731694,0.95618,-0.0909029,0.252486
3.3055574893951416,-5.57326,2.39335,-2.28222,-3.56964,3.66813,-0.0693386,-0.224881,0.698681,0.0828776,0.128966,0.981536,0.0295645,-0.169838,-0.00149342,0.556569,0.117081,0.731694,0.95618,-0.0909029,0.252486
3.3660390377044678,-5.58478,2.39468,-2.29413,-3.56365,3.6853,-0.0693511,-0.227022,0.700727,0.0464659,0.129054,0.981167,0.0206124,-0.186355,-0.00174898,0.55704,0.116523,0.73057,0.957274,-0.0848194,0.250708
3.415330648422241,-5.58478,2.39468,-2.29413,-3.56365,3.6853,-0.0693511,-0.227022,0.700727,0.0464659,0.129054,0.981167,0.0206124,-0.186355,-0.00174898,0.55704,0.116523,0.73057,0.957274,-0.0848194,0.250708
3.4776535034179688,-5.54371,2.41862,-2.27549,-3.55453,3.65902,-0.0693562,-0.22701,0.700715,0.0464367,0.129051,0.981143,0.0203792,-0.186514,-0.00174443,0.557045,0.116522,0.730579,0.957272,-0.0848098,0.250718
3.5278127193450928,-5.54371,2.41862,-2.27549,-3.55453,3.65902,-0.0693562,-0.22701,0.700715,0.0464367,0.129051,0.981143,0.0203792,-0.186514,-0.00174443,0.557045,0.116522,0.730579,0.957272,-0.0848098,0.250718
3.590078830718994,-5.6151,2.33324,-2.29348,-3.53937,3.65984,-0.0693351,-0.226999,0.700666,0.045892,0.128959,0.980972,0.0210495,-0.187467,-0.0014923,0.55658,0.11705,0.73056,0.956214,-0.0908932,0.252376
3.638078212738037,-5.6151,2.33324,-2.29348,-3.53937,3.65984,-0.0693351,-0.226999,0.700666,0.045892,0.128959,0.980972,0.0210495,-0.187467,-0.0014923,0.55658,0.11705,0.73056,0.956214,-0.0908932,0.252376
3.697171688079834,-5.62238,2.38709,-2.28097,-3.56697,3.67127,-0.0694364,-0.226986,0.700654,0.0468745,0.128637,0.98128,0.0207284,-0.185642,-0.00148472,0.556799,0.11682,0.730527,0.956721,-0.0910904,0.25048
3.747220993041992,-5.62238,2.38709,-2.28097,-3.56697,3.67127,-0.0694364,-0.226986,0.700654,0.0468745,0.128637,0.98128,0.0207284,-0.185642,-0.00148472,0.556799,0.11682,0.730527,0.956721,-0.0910904,0.25048
3.8084371089935303,-5.5962,2.33839,-2.27005,-3.56315,3.65129,-0.0693355,-0.226994,0.700656,0.0469216,0.128968,0.981261,0.0208086,-0.185721,-0.00149197,0.556573,0.117093,0.730533,0.956202,-0.0907753,0.252443
3.8572850227355957,-5.5962,2.33839,-2.27005,-3.56315,3.65129,-0.0693355,-0.226994,0.700656,0.0469216,0.128968,0.981261,0.0208086,-0.185721,-0.00149197,0.556573,0.117093,0.730533,0.956202,-0.0907753,0.252443
3.9196059703826904,-5.6274,2.31996,-2.3003,-3.52003,3.67739,-0.0693351,-0.227009,0.700717,0.0464946,0.128958,0.981138,0.0204554,-0.186518,-0.00148981,0.556581,0.117078,0.730581,0.956216,-0.0908499,0.25237
3.9683773517608643,-5.6274,2.31996,-2.3003,-3.52003,3.67739,-0.0693351,-0.227009,0.700717,0.0464946,0.128958,0.981138,0.0204554,-0.186518,-0.00148981,0.556581,0.117078,0.730581,0.956216,-0.0908499,0.25237
4.028138637542725,-5.56096,2.36402,-2.25652,-3.55162,3.6281,-0.0693348,-0.22702,0.700728,0.0465031,0.128958,0.981181,0.0205838,-0.186272,-0.00149268,0.556582,0.117058,0.730568,0.956222,-0.0908551,0.252353
4.076746702194214,-5.56096,2.36402,-2.25652,-3.55162,3.6281,-0.0693348,-0.22702,0.700728,0.0465031,0.128958,0.981181,0.0205838,-0.186272,-0.00149268,0.556582,0.117058,0.730568,0.956222,-0.0908551,0.252353
4.1358911991119385,-5.67877,2.35376,-2.31278,-3.55782,3.7088,-0.0693597,-0.226987,0.700652,0.0468492,0.128961,0.981287,0.0207414,-0.185611,-0.00147468,0.556536,0.116746,0.730527,0.956204,-0.0912127,0.252435
4.187503099441528,-5.67877,2.35376,-2.31278,-3.55782,3.7088,-0.0693597,-0.226987,0.700652,0.0468492,0.128961,0.981287,0.0207414,-0.185611,-0.00147468,0.556536,0.116746,0.730527,0.956204,-0.0912127,0.252435
4.24996018409729,-5.38497,2.32042,-2.21815,-3.42111,3.38001,-0.0693295,-0.224529,0.698402,0.0876568,0.128963,0.981928,0.0297139,-0.16508,-0.00148819,0.556571,0.117058,0.731704,0.956197,-0.0909891,0.252401
4.300424098968506,-5.38497,2.32042,-2.21815,-3.42111,3.38001,-0.0693295,-0.224529,0.698402,0.0876568,0.128963,0.981928,0.0297139,-0.16508,-0.00148819,0.556571,0.117058,0.731704,0.956197,-0.0909891,0.252401
4.361003398895264,-5.32285,2.38166,-2.21647,-3.41055,3.38749,-0.0693551,-0.224847,0.698559,0.0831928,0.129048,0.981792,0.0294227,-0.168219,-0.00175071,0.557035,0.11653,0.731716,0.957278,-0.0848032,0.250695
4.419797420501709,-5.32285,2.38166,-2.21647,-3.41055,3.38749,-0.0693551,-0.224847,0.698559,0.0831928,0.129048,0.981792,0.0294227,-0.168219,-0.00175071,0.557035,0.11653,0.731716,0.957278,-0.0848032,0.250695
4.482093334197998,-5.48657,2.27765,-2.24309,-3.44937,3.44792,-0.069337,-0.22496,0.698603,0.0826625,0.128866,0.98207,0.0279196,-0.167112,-0.00162924,0.55619,0.115979,0.7318,0.955909,-0.0954964,0.252323
4.531905889511108,-5.48657,2.27765,-2.24309,-3.44937,3.44792,-0.069337,-0.22496,0.698603,0.0826625,0.128866,0.98207,0.0279196,-0.167112,-0.00162924,0.55619,0.115979,0.7318,0.955909,-0.0954964,0.252323
4.598037958145142,-5.44663,2.25056,-2.2312,-3.4319,3.40366,-0.0693376,-0.224862,0.69849,0.083012,0.128857,0.981857,0.0294613,-0.167921,-0.00162479,0.556186,0.116023,0.731746,0.955916,-0.0954687,0.252289
4.64722466468811,-5.44663,2.25056,-2.2312,-3.4319,3.40366,-0.0693376,-0.224862,0.69849,0.083012,0.128857,0.981857,0.0294613,-0.167921,-0.00162479,0.556186,0.116023,0.731746,0.955916,-0.0954687,0.252289
4.706442356109619,-5.4716,2.32281,-2.26446,-3.46801,3.4474,-0.0693331,-0.225017,0.69839,0.0840592,0.128967,0.981676,0.0290462,-0.16853,-0.00148918,0.556581,0.117118,0.731859,0.956206,-0.0907382,0.252427
4.756611347198486,-5.4716,2.32281,-2.26446,-3.46801,3.4474,-0.0693331,-0.225017,0.69839,0.0840592,0.128967,0.981676,0.0290462,-0.16853,-0.00148918,0.556581,0.117118,0.731859,0.956206,-0.0907382,0.252427
4.820008993148804,-5.35963,2.39658,-2.22745,-3.44088,3.40093,-0.0693566,-0.224815,0.698138,0.0855852,0.129036,0.981833,0.0303175,-0.166614,-0.00174168,0.557037,0.116564,0.731775,0.957281,-0.0848444,0.250654
4.87007212638855,-5.35963,2.39658,-2.22745,-3.44088,3.40093,-0.0693566,-0.224815,0.698138,0.0855852,0.129036,0.981833,0.0303175,-0.166614,-0.00174168,0.557037,0.116564,0.731775,0.957281,-0.0848444,0.250654
4.932765007019043,-5.40489,2.34934,-2.22585,-3.40185,3.41579,-0.0693338,-0.224932,0.69831,0.0845769,0.128961,0.982002,0.0283137,-0.166487,-0.00148889,0.556569,0.117078,0.731869,0.956199,-0.0909154,0.252411
4.9814512729644775,-5.40489,2.34934,-2.22585,-3.40185,3.41579,-0.0693338,-0.224932,0.69831,0.0845769,0.128961,0.982002,0.0283137,-0.166487,-0.00148889,0.556569,0.117078,0.731869,0.956199,-0.0909154,0.252411
5.040928840637207,-5.64955,2.36521,-2.29944,-3.593,3.6847,-0.0693333,-0.227032,0.700791,0.0465858,0.128961,0.981089,0.0206661,-0.186729,-0.00149406,0.556576,0.117097,0.730622,0.95621,-0.0908216,0.252394
5.090502738952637,-5.64955,2.36521,-2.29944,-3.593,3.6847,-0.0693333,-0.227032,0.700791,0.0465858,0.128961,0.981089,0.0206661,-0.186729,-0.00149406,0.556576,0.117097,0.730622,0.95621,-0.0908216,0.252394
5.1493189334869385,-5.54981,2.33529,-2.24854,-3.5639,3.61849,-0.0693321,-0.227018,0.700725,0.0465639,0.128954,0.981164,0.0205723,-0.186349,-0.00149201,0.556579,0.117082,0.730572,0.956213,-0.090934,0.252347
5.199813604354858,-5.54981,2.33529,-2.24854,-3.5639,3.61849,-0.0693321,-0.227018,0.700725,0.0465639,0.128954,0.981164,0.0205723,-0.186349,-0.00149201,0.556579,0.117082,0.730572,0.956213,-0.090934,0.252347
5.27668833732605,-5.60554,2.43289,-2.27416,-3.57245,3.65995,-0.0693317,-0.226984,0.700646,0.0468734,0.12897,0.981245,0.0205512,-0.185845,-0.00149054,0.556582,0.117065,0.730547,0.956209,-0.0908138,0.252415
