# Timestamp, Fx, Fy, Fz, Tx, Ty, Tz, FemurPosX, FemurPosY, FemurPosZ, FemurQuatW, FemurQuatX, FemurQuatY, FemurQuatZ, TibiaPosX, TibiaPosY, TibiaPosZ, TibiaQuatW, TibiaQuatX, TibiaQuatY, TibiaQuatZ
0.041100263595581055,12.967371443960124,-3.313233112150448,-4.123662985278614,-2.1296746510460336,-2.1022969653204178,-0.7496979256821729,0.0,50.0,20.0,1.0,0.0,0.0,0.0,-344.70372492925145,70.0,119.69125608606942,0.8071825813096148,0.0,0.5903018553505884,0.0
0.08096075057983398,13.0,-3.0962772428399417,-3.859589303445599,-2.150490068994115,-2.0875057820181384,-0.7099593993239445,0.0,50.0,20.0,1.0,0.0,0.0,0.0,-344.70372492925145,70.0,119.69125608606942,0.8071825813096148,0.0,0.5903018553505884,0.0
0.12014126777648926,13.0,-2.508723978501444,-4.398946619055735,-2.31913100804123,-2.087216821008586,-0.6809978894215466,0.0,50.0,20.0,1.0,0.0,0.0,0.0,-344.70372492925145,70.0,119.69125608606942,0.8071825813096148,0.0,0.5903018553505884,0.0
0.15911030769348145,13.0,-3.081671135707984,-4.553814574372721,-2.470064962224477,-1.9259205942922564,-0.6289583821919125,0.0,50.0,20.0,1.0,0.0,0.0,0.0,-344.70372492925145,70.0,119.69125608606942,0.8071825813096148,0.0,0.5903018553505884,0.0
0.19815421104431152,13.0,-3.2534744335520074,-4.588952476861916,-2.2817359932481702,-2.0296212156560625,-0.4554914530549466,0.0,50.0,20.0,1.0,0.0,0.0,0.0,-344.70372492925145,70.0,119.69125608606942,0.8071825813096148,0.0,0.5903018553505884,0.0
0.23631787300109863,13.0,-3.169867871841187,-4.682260388709728,-2.108460044240297,-1.9692711617296734,-0.5246972718007049,0.0,50.0,20.0,1.0,0.0,0.0,0.0,-344.70372492925145,70.0,119.69125608606942,0.8071825813096148,0.0,0.5903018553505884,0.0
0.2751028537750244,12.226601562645707,-2.8202761918917933,-4.318297664962529,-1.9735860337737723,-1.8967031987703162,-0.5132684679530013,0.0,50.0,20.0,1.0,0.0,0.0,0.0,-344.70372492925145,70.0,119.69125608606942,0.8071825813096148,0.0,0.5903018553505884,0.0
0.31372976303100586,12.106848909682403,-3.605201061683003,-3.8813738080549838,-1.9004368490065242,-1.9652914913178272,-0.34689995021671416,0.0,50.0,20.0,1.0,0.0,0.0,0.0,-344.70372492925145,70.0,119.69125608606942,0.8071825813096148,0.0,0.5903018553505884,0.0
0.35262465476989746,12.72063894198307,-4.067276689046291,-3.5196165663712664,-1.7569508856649378,-2.088434888476428,-0.18441630096211864,0.0,50.0,20.0,1.0,0.0,0.0,0.0,-344.70372492925145,70.0,119.69125608606942,0.8071825813096148,0.0,0.5903018553505884,0.0
0.3966851234436035,12.965423177506086,-4.259817992510069,-3.5930554419797116,-1.7990763244368617,-2.0789315675892888,-0.28652159282239553,0.0,50.0,20.0,1.0,0.0,0.0,0.0,-344.70372492925145,70.0,119.69125608606942,0.8071825813096148,0.0,0.5903018553505884,0.0
0.4430363178253174,13.0,-3.795746000206028,-3.2898660459489957,-1.820767657280278,-1.9101962783307067,-0.19746765280255163,0.0,50.0,20.0,1.0,0.0,0.0,0.0,-344.70372492925145,70.0,119.69125608606942,0.8071825813096148,0.0,0.5903018553505884,0.0
0.48189353942871094,13.0,-4.42418594512481,-3.908145121135963,-1.6289425981928274,-1.7855736646927007,-0.32256945888322064,0.0,50.0,20.0,1.0,0.0,0.0,0.0,-344.70372492925145,70.0,119.69125608606942,0.8071825813096148,0.0,0.5903018553505884,0.0
0.520465612411499,12.637354792086589,-3.7081497615081185,-4.595177959428623,-1.5747866884341735,-1.789692261912822,-0.38033238733384345,0.0,50.0,20.0,1.0,0.0,0.0,0.0,-344.70372492925145,70.0,119.69125608606942,0.8071825813096148,0.0,0.5903018553505884,0.0
0.5600686073303223,11.852712382726564,-2.9200144680878815,-4.110816855371949,-1.703379231653901,-1.8729027159337435,-0.25188179619759227,0.0,50.0,20.0,1.0,0.0,0.0,0.0,-344.70372492925145,70.0,119.69125608606942,0.8071825813096148,0.0,0.5903018553505884,0.0
0.5990419387817383,11.759741994258444,-2.2097172464311345,-3.7108150639377646,-1.6579197409169293,-1.7965032001739756,-0.3491837015639766,0.0,50.0,20.0,1.0,0.0,0.0,0.0,-344.70372492925145,70.0,119.69125608606942,0.8071825813096148,0.0,0.5903018553505884,0.0
0.6385684013366699,11.427037282806692,-2.8930882058926337,-3.9386225336467255,-1.8350140635771355,-1.783957112943239,-0.40785982342535987,0.0,50.0,20.0,1.0,0.0,0.0,0.0,-344.70372492925145,70.0,119.69125608606942,0.8071825813096148,0.0,0.5903018553505884,0.0
0.6776838302612305,11.775111979365356,-2.1942222226245223,-4.605827002414717,-1.825755604689317,-1.8522333198242418,-0.5387912361519849,0.0,50.0,20.0,1.0,0.0,0.0,0.0,-344.70372492925145,70.0,119.69125608606942,0.8071825813096148,0.0,0.5903018553505884,0.0
0.7167177200317383,12.224145102122039,-2.262184549348946,-4.779047622928148,-1.8793669297327595,-1.9240949865699426,-0.5972099815496262,0.0,50.0,20.0,1.0,0.0,0.0,0.0,-344.70372492925145,70.0,119.69125608606942,0.8071825813096148,0.0,0.5903018553505884,0.0
0.7560145854949951,12.89995711362421,-2.1241158013032404,-4.245400188957289,-2.0037178660065225,-2.0260574291153888,-0.7743726828304963,0.0,50.0,20.0,1.0,0.0,0.0,0.0,-344.70372492925145,70.0,119.69125608606942,0.8071825813096148,0.0,0.5903018553505884,0.0
0.795149564743042,13.0,-1.8113217338991634,-3.4538717206444947,-2.0630915191034016,-1.9627030993755068,-0.9574767636374938,0.0,50.0,20.0,1.0,0.0,0.0,0.0,-344.70372492925145,70.0,119.69125608606942,0.8071825813096148,0.0,0.5903018553505884,0.0
0.8343291282653809,13.0,-1.1048379717483552,-4.095417100184769,-1.879360669525191,-2.040899622105505,-0.9200312767542743,0.0,50.0,20.0,1.0,0.0,0.0,0.0,-344.70372492925145,70.0,119.69125608606942,0.8071825813096148,0.0,0.5903018553505884,0.0
0.8743360042572021,13.0,-0.348445907292559,-4.679628488357115,-1.9778318182051753,-2.03246031018074,-0.9689302897379926,0.0,50.0,20.0,1.0,0.0,0.0,0.0,-344.70372492925145,70.0,119.69125608606942,0.8071825813096148,0.0,0.5903018553505884,0.0
0.9130265712738037,12.792848165013663,-0.8696315916001329,-4.607005071826962,-2.0921791938826964,-1.8476625846481176,-0.9987666967480777,0.0,50.0,20.0,1.0,0.0,0.0,0.0,-344.70372492925145,70.0,119.69125608606942,0.8071825813096148,0.0,0.5903018553505884,0.0
0.9548041820526123,13.0,-1.6212777558933298,-4.174182409923283,-2.107824276057727,-1.884594065087397,-0.9613768877128128,0.0,50.0,20.0,1.0,0.0,0.0,0.0,-344.70372492925145,70.0,119.69125608606942,0.8071825813096148,0.0,0.5903018553505884,0.0
0.9943976402282715,12.547790818613866,-1.5591602168768008,-3.838846966953343,-1.9894969507153049,-1.928741058624835,-1.1600134851808135,0.0,50.0,20.0,1.0,0.0,0.0,0.0,-344.70372492925145,70.0,119.69125608606942,0.8071825813096148,0.0,0.5903018553505884,0.0
1.0341057777404785,12.409385459984456,-1.7227134746303185,-3.521368002789643,-1.9850003261578413,-1.791838269687248,-1.3426526913247514,0.0,50.0,20.0,1.0,0.0,0.0,0.0,-344.70372492925145,70.0,119.69125608606942,0.8071825813096148,0.0,0.5903018553505884,0.0
1.0742583274841309,13.0,-1.3064799422823672,-3.3377015434830173,-1.9815518113257713,-1.8360673718702325,-1.4766786850495075,0.0,50.0,20.0,1.0,0.0,0.0,0.0,-344.70372492925145,70.0,119.69125608606942,0.8071825813096148,0.0,0.5903018553505884,0.0
1.1146936416625977,13.0,-0.8780642465228199,-3.7407270308346257,-2.0263899464441324,-1.8020754998205526,-1.5108641276663883,0.0,50.0,20.0,1.0,0.0,0.0,0.0,-344.70372492925145,70.0,119.69125608606942,0.8071825813096148,0.0,0.5903018553505884,0.0
1.1530976295471191,12.986722616139474,-1.0547898458841578,-3.1855123612294545,-1.986062717032175,-1.9386568124983252,-1.4262314973222117,0.0,50.0,20.0,1.0,0.0,0.0,0.0,-344.70372492925145,70.0,119.69125608606942,0.8071825813096148,0.0,0.5903018553505884,0.0
1.1917920112609863,13.0,-0.4591676464246177,-3.0551421669497407,-1.936180376562578,-1.94801650609443,-1.487461552787726,0.0,50.0,20.0,1.0,0.0,0.0,0.0,-344.70372492925145,70.0,119.69125608606942,0.8071825813096148,0.0,0.5903018553505884,0.0
1.2308905124664307,13.0,-0.04207179121588411,-2.420095294922736,-1.9559381808870773,-2.0920619372720894,-1.5668709547317965,0.0,50.0,20.0,1.0,0.0,0.0,0.0,-344.70372492925145,70.0,119.69125608606942,0.8071825813096148,0.0,0.5903018553505884,0.0
1.2697415351867676,12.738150917164875,-0.5674431706668902,-2.0617546629456065,-1.874948160683691,-1.9733123140327038,-1.6604164746990526,0.0,50.0,20.0,1.0,0.0,0.0,0.0,-344.70372492925145,70.0,119.69125608606942,0.8071825813096148,0.0,0.5903018553505884,0.0
1.307959794998169,13.0,-0.6134590855968294,-2.7547416641343587,-1.781785201104955,-1.9514641747016994,-1.7818427969962127,0.0,50.0,20.0,1.0,0.0,0.0,0.0,-344.70372492925145,70.0,119.69125608606942,0.8071825813096148,0.0,0.5903018553505884,0.0
1.3470978736877441,13.0,-1.1784142765334216,-3.3493328394545956,-1.7089361048511127,-1.8562754027051827,-1.5819412070142573,0.0,50.0,20.0,1.0,0.0,0.0,0.0,-344.70372492925145,70.0,119.69125608606942,0.8071825813096148,0.0,0.5903018553505884,0.0
1.3862552642822266,13.0,-1.1773582945221444,-3.7814627037641215,-1.8933170152448977,-1.8784292142079242,-1.5446939433832372,0.0,50.0,20.0,1.0,0.0,0.0,0.0,-344.70372492925145,70.0,119.69125608606942,0.8071825813096148,0.0,0.5903018553505884,0.0
1.4258408546447754,12.277534574714823,-1.7927996917432325,-3.313883458932966,-1.756934745960134,-1.809000934172956,-1.6862540447917367,0.0,50.0,20.0,1.0,0.0,0.0,0.0,-344.70372492925145,70.0,119.69125608606942,0.8071825813096148,0.0,0.5903018553505884,0.0
1.464888572692871,12.37699149406938,-2.5629751687206057,-3.678254931163634,-1.6083951886662091,-1.959397733559631,-1.5948338023610367,0.0,50.0,20.0,1.0,0.0,0.0,0.0,-344.70372492925145,70.0,119.69125608606942,0.8071825813096148,0.0,0.5903018553505884,0.0
1.5045201778411865,12.317269929786058,-3.2540673529693875,-3.2995996799151914,-1.466780811817715,-1.8679758069132828,-1.5369073279999768,0.0,50.0,20.0,1.0,0.0,0.0,0.0,-344.70372492925145,70.0,119.69125608606942,0.8071825813096148,0.0,0.5903018553505884,0.0
1.5429761409759521,11.674535798769222,-3.4386899910232436,-3.8093999092297057,-1.3434882484289827,-2.024264555430242,-1.5283970584631825,0.0,50.0,20.0,1.0,0.0,0.0,0.0,-344.70372492925145,70.0,119.69125608606942,0.8071825813096148,0.0,0.5903018553505884,0.0
1.587550401687622,11.821429360918403,-3.6164993022600704,-3.4148598118028515,-1.4116080581645905,-1.9703328675453635,-1.3367667206761107,0.0,50.0,20.0,1.0,0.0,0.0,0.0,-344.70372492925145,70.0,119.69125608606942,0.8071825813096148,0.0,0.5903018553505884,0.0
1.6278469562530518,12.574122178320195,-4.378200770105184,-4.148282564604981,-1.5465525434217955,-2.0514232372786023,-1.3827821526460042,0.0,50.0,20.0,1.0,0.0,0.0,0.0,-344.70372492925145,70.0,119.69125608606942,0.8071825813096148,0.0,0.5903018553505884,0.0
1.6726651191711426,12.374849981196558,-4.2805277199641445,-4.332278317308422,-1.71186254887186,-2.0151945708764307,-1.4621208746702505,0.0,50.0,20.0,1.0,0.0,0.0,0.0,-344.70372492925145,70.0,119.69125608606942,0.8071825813096148,0.0,0.5903018553505884,0.0
1.712388277053833,11.619922160529372,-4.360969539139501,-4.34735877978982,-1.5910719282564634,-1.889780086426937,-1.4510317912410455,0.0,50.0,20.0,1.0,0.0,0.0,0.0,-344.70372492925145,70.0,119.69125608606942,0.8071825813096148,0.0,0.5903018553505884,0.0
1.751356840133667,11.7769407448951,-4.2656514386667785,-4.265921652631569,-1.7121920367636843,-1.9909668937462925,-1.5361323478203701,0.0,50.0,20.0,1.0,0.0,0.0,0.0,-344.70372492925145,70.0,119.69125608606942,0.8071825813096148,0.0,0.5903018553505884,0.0
1.7900726795196533,11.518099552105241,-4.029658305864797,-3.9794013514399817,-1.8804893750872145,-1.9493714641319322,-1.6908004554884235,0.0,50.0,20.0,1.0,0.0,0.0,0.0,-344.70372492925145,70.0,119.69125608606942,0.8071825813096148,0.0,0.5903018553505884,0.0
1.8290998935699463,11.327744259273423,-3.3452042728947156,-4.757763484990525,-1.8056179044033058,-1.990703664066092,-1.601642802595019,0.0,50.0,20.0,1.0,0.0,0.0,0.0,-344.70372492925145,70.0,119.69125608606942,0.8071825813096148,0.0,0.5903018553505884,0.0
1.8689906597137451,10.920058649357783,-2.812194849185345,-5.517173681008279,-1.9493003499007393,-1.9569463835216012,-1.5683799548925144,0.0,50.0,20.0,1.0,0.0,0.0,0.0,-344.70372492925145,70.0,119.69125608606942,0.8071825813096148,0.0,0.5903018553505884,0.0
1.9078335762023926,11.132191187673868,-2.675112911516332,-5.02868485484036,-1.775371278927082,-1.7750433779161512,-1.7354963371230496,0.0,50.0,20.0,1.0,0.0,0.0,0.0,-344.70372492925145,70.0,119.69125608606942,0.8071825813096148,0.0,0.5903018553505884,0.0
1.947911024093628,11.246188870689938,-3.0654142273993887,-5.0750297530941335,-1.8710622730739401,-1.6500074131584705,-1.8533101763554571,0.0,50.0,20.0,1.0,0.0,0.0,0.0,-344.70372492925145,70.0,119.69125608606942,0.8071825813096148,0.0,0.5903018553505884,0.0
1.9882657527923584,11.13091702401735,-3.860276131189411,-5.0247574163156665,-1.7830490515152428,-1.5547058069740844,-2.0429770733018433,0.0,50.0,20.0,1.0,0.0,0.0,0.0,-344.70372492925145,70.0,119.69125608606942,0.8071825813096148,0.0,0.5903018553505884,0.0
2.032658100128174,11.62145213091695,-4.169791710518385,-4.319389686240503,-1.8606837993339789,-1.747156771188966,-2.20359277121007,0.0,50.0,20.0,1.0,0.0,0.0,0.0,-344.70372492925145,70.0,119.69125608606942,0.8071825813096148,0.0,0.5903018553505884,0.0
2.0729246139526367,12.345662324016931,-3.993803460975803,-4.655055235128392,-1.7928787709416651,-1.6744108403994917,-2.0678280080987825,0.0,50.0,20.0,1.0,0.0,0.0,0.0,-344.70372492925145,70.0,119.69125608606942,0.8071825813096148,0.0,0.5903018553505884,0.0
2.1126811504364014,12.498659346072989,-4.647891985800863,-4.855906714669824,-1.7339696472614907,-1.8016922478670665,-2.045787633884168,0.0,50.0,20.0,1.0,0.0,0.0,0.0,-344.70372492925145,70.0,119.69125608606942,0.8071825813096148,0.0,0.5903018553505884,0.0
2.1518328189849854,12.600195999951689,-4.865684172514082,-4.297410116562267,-1.7017838538374652,-1.746850447799852,-2.1535598906363966,0.0,50.0,20.0,1.0,0.0,0.0,0.0,-344.70372492925145,70.0,119.69125608606942,0.8071825813096148,0.0,0.5903018553505884,0.0
2.1919963359832764,12.365467346708591,-5.445644160936182,-4.237235637821933,-1.6309253838476088,-1.6008844965249445,-2.0618979277294165,0.0,50.0,20.0,1.0,0.0,0.0,0.0,-344.70372492925145,70.0,119.69125608606942,0.8071825813096148,0.0,0.5903018553505884,0.0
2.230987548828125,12.655924922048404,-4.698388955648244,-3.8389557075987515,-1.5242524012082126,-1.788241698606557,-2.001387793463132,0.0,50.0,20.0,1.0,0.0,0.0,0.0,-344.70372492925145,70.0,119.69125608606942,0.8071825813096148,0.0,0.5903018553505884,0.0
2.2697412967681885,13.0,-4.529679154595142,-3.3814966862577887,-1.452048202917489,-1.8704387483029872,-2.014143366335721,0.0,50.0,20.0,1.0,0.0,0.0,0.0,-344.70372492925145,70.0,119.69125608606942,0.8071825813096148,0.0,0.5903018553505884,0.0
2.309572219848633,13.0,-4.687082921233329,-3.597546335667267,-1.275020199396146,-2.0529094802100585,-2.0668113870568066,0.0,50.0,20.0,1.0,0.0,0.0,0.0,-344.70372492925145,70.0,119.69125608606942,0.8071825813096148,0.0,0.5903018553505884,0.0
2.3516292572021484,12.393515023225625,-4.831838782894586,-2.9865671929487263,-1.1820111960444528,-1.8752118110073805,-2.1655538023664116,0.0,50.0,20.0,1.0,0.0,0.0,0.0,-344.70372492925145,70.0,119.69125608606942,0.8071825813096148,0.0,0.5903018553505884,0.0
2.3917698860168457,12.914671027922289,-4.775405963140284,-2.3257722050300087,-1.280542441855217,-1.9160384172211369,-2.0913971229952546,0.0,50.0,20.0,1.0,0.0,0.0,0.0,-344.70372492925145,70.0,119.69125608606942,0.8071825813096148,0.0,0.5903018553505884,0.0
2.431931257247925,12.904244120332692,-4.279732351352591,-2.424436221269908,-1.2239706615501564,-1.7495635621812882,-2.120131872511303,0.0,50.0,20.0,1.0,0.0,0.0,0.0,-344.70372492925145,70.0,119.69125608606942,0.8071825813096148,0.0,0.5903018553505884,0.0
2.4708542823791504,13.0,-4.994330533109611,-1.7232040022983084,-1.4161135657669337,-1.6295459649256512,-2.0567759201649056,0.0,50.0,20.0,1.0,0.0,0.0,0.0,-344.70372492925145,70.0,119.69125608606942,0.8071825813096148,0.0,0.5903018553505884,0.0
2.509870767593384,12.496075437036676,-4.382772013605434,-1.2044075303458852,-1.4314510997373948,-1.5466238551302478,-1.9936964806690272,0.0,50.0,20.0,1.0,0.0,0.0,0.0,-344.70372492925145,70.0,119.69125608606942,0.8071825813096148,0.0,0.5903018553505884,0.0
2.548734426498413,12.44002882256523,-4.8376484689824215,-0.7922929723550369,-1.5223137234771202,-1.5853812595647014,-2.057398030571955,0.0,50.0,20.0,1.0,0.0,0.0,0.0,-344.70372492925145,70.0,119.69125608606942,0.8071825813096148,0.0,0.5903018553505884,0.0
2.5882208347320557,12.552595928401413,-4.488553918397924,-0.761895518914446,-1.6147982266904686,-1.6193677359744028,-2.0455833009063547,0.0,50.0,20.0,1.0,0.0,0.0,0.0,-344.70372492925145,70.0,119.69125608606942,0.8071825813096148,0.0,0.5903018553505884,0.0
2.627560615539551,11.860717552713988,-4.250918504361293,-0.32215493504816395,-1.789227444342429,-1.7144512947700663,-2.0958082705690693,0.0,50.0,20.0,1.0,0.0,0.0,0.0,-344.70372492925145,70.0,119.69125608606942,0.8071825813096148,0.0,0.5903018553505884,0.0
2.666780710220337,11.27695311394815,-3.795819784457242,0.33950723709198305,-1.6295521994121347,-1.5371903388341792,-1.9517025916213373,0.0,50.0,20.0,1.0,0.0,0.0,0.0,-344.70372492925145,70.0,119.69125608606942,0.8071825813096148,0.0,0.5903018553505884,0.0
2.705737590789795,11.224764210352834,-4.412587275325882,0.10458164473274711,-1.8198566136209222,-1.5424130210287932,-2.055133921601513,0.0,50.0,20.0,1.0,0.0,0.0,0.0,-344.70372492925145,70.0,119.69125608606942,0.8071825813096148,0.0,0.5903018553505884,0.0
2.7448084354400635,10.762753181805685,-4.847673843124725,0.48845821613412876,-1.638661682387457,-1.4530417829013547,-2.2439228163694604,0.0,50.0,20.0,1.0,0.0,0.0,0.0,-344.70372492925145,70.0,119.69125608606942,0.8071825813096148,0.0,0.5903018553505884,0.0
2.7852842807769775,9.979837470379042,-5.4801075544528,0.752980156788717,-1.7997420727802367,-1.6091940079336169,-2.1347744843279406,0.0,50.0,20.0,1.0,0.0,0.0,0.0,-344.70372492925145,70.0,119.69125608606942,0.8071825813096148,0.0,0.5903018553505884,0.0
2.8246328830718994,9.299928689786372,-5.437090721421074,0.33735968140930256,-1.6197364509049543,-1.5195060899872057,-2.2582462578645703,0.0,50.0,20.0,1.0,0.0,0.0,0.0,-344.70372492925145,70.0,119.69125608606942,0.8071825813096148,0.0,0.5903018553505884,0.0
2.8639843463897705,10.082244445627708,-5.478660559198896,0.29257542921554874,-1.6741785063472443,-1.6502211022846869,-2.2989819778550604,0.0,50.0,20.0,1.0,0.0,0.0,0.0,-344.70372492925145,70.0,119.69125608606942,0.8071825813096148,0.0,0.5903018553505884,0.0
2.9034667015075684,9.82276565796006,-5.624514131117183,-0.1853426067874046,-1.7043555476442651,-1.4666410820297426,-2.217306101931835,0.0,50.0,20.0,1.0,0.0,0.0,0.0,-344.70372492925145,70.0,119.69125608606942,0.8071825813096148,0.0,0.5903018553505884,0.0
2.943446636199951,9.262335270177214,-5.838530482649594,-0.7323836505363999,-1.5786675435075397,-1.3258906953955745,-2.0234582732459123,0.0,50.0,20.0,1.0,0.0,0.0,0.0,-344.70372492925145,70.0,119.69125608606942,0.8071825813096148,0.0,0.5903018553505884,0.0
2.984431028366089,9.263055761790318,-5.171741235892899,-1.2916642808157177,-1.7519928301882957,-1.1475356432869046,-1.9128370008279254,0.0,50.0,20.0,1.0,0.0,0.0,0.0,-344.70372492925145,70.0,119.69125608606942,0.8071825813096148,0.0,0.5903018553505884,0.0
3.024947166442871,9.021999935195435,-4.993939286041474,-1.5017976606837284,-1.8824629983259435,-1.1758082404435717,-2.009618332063126,0.0,50.0,20.0,1.0,0.0,0.0,0.0,-344.70372492925145,70.0,119.69125608606942,0.8071825813096148,0.0,0.5903018553505884,0.0
3.0649073123931885,8.338555418966912,-4.50604989301562,-1.2830275269439575,-1.8489873134801036,-1.01166550658276,-2.001550689412788,0.0,50.0,20.0,1.0,0.0,0.0,0.0,-344.70372492925145,70.0,119.69125608606942,0.8071825813096148,0.0,0.5903018553505884,0.0
3.1047089099884033,8.770722628754061,-3.918261584378846,-1.2543718830484623,-1.7697951660920754,-0.8520910692880883,-1.8213716736227168,0.0,50.0,20.0,1.0,0.0,0.0,0.0,-344.70372492925145,70.0,119.69125608606942,0.8071825813096148,0.0,0.5903018553505884,0.0
3.143353223800659,8.959414176473636,-3.1861923332737616,-0.9379816468155617,-1.9430290290873262,-0.7377794176569601,-1.747348822743631,0.0,50.0,20.0,1.0,0.0,0.0,0.0,-344.70372492925145,70.0,119.69125608606942,0.8071825813096148,0.0,0.5903018553505884,0.0
3.18214750289917,8.490392494631603,-2.825780522183893,-1.4258057412178171,-1.8906374456533586,-0.7304215815393575,-1.717701701282367,0.0,50.0,20.0,1.0,0.0,0.0,0.0,-344.70372492925145,70.0,119.69125608606942,0.8071825813096148,0.0,0.5903018553505884,0.0
3.220834493637085,8.756264685919527,-2.9852887627136293,-1.1201515155364865,-1.8442247900027884,-0.8876852892124703,-1.5509617286795785,0.0,50.0,20.0,1.0,0.0,0.0,0.0,-344.70372492925145,70.0,119.69125608606942,0.8071825813096148,0.0,0.5903018553505884,0.0
3.2597062587738037,8.11588113877453,-3.6369882144788592,-1.227830243357121,-1.6602575669778834,-0.8947680983330075,-1.738265722340153,0.0,50.0,20.0,1.0,0.0,0.0,0.0,-344.70372492925145,70.0,119.69125608606942,0.8071825813096148,0.0,0.5903018553505884,0.0
3.2990174293518066,7.487900464857057,-3.441370961535005,-1.3471568464372845,-1.472338545432028,-0.9109044374198789,-1.771330245314601,0.0,50.0,20.0,1.0,0.0,0.0,0.0,-344.70372492925145,70.0,119.69125608606942,0.8071825813096148,0.0,0.5903018553505884,0.0
3.3378679752349854,7.645181281769917,-3.1461587850187893,-2.0964790693636908,-1.3905703744709723,-0.8583272872361319,-1.8378948851959431,0.0,50.0,20.0,1.0,0.0,0.0,0.0,-344.70372492925145,70.0,119.69125608606942,0.8071825813096148,0.0,0.5903018553505884,0.0
3.387345790863037,7.538825104721996,-2.481081493091091,-1.5989315945228966,-1.588820077992873,-0.8638309981321242,-1.724678285956275,0.0,50.0,20.0,1.0,0.0,0.0,0.0,-344.70372492925145,70.0,119.69125608606942,0.8071825813096148,0.0,0.5903018553505884,0.0
3.427271604537964,7.257435716714269,-1.9571846646349786,-1.9854868966220733,-1.6590013104495094,-0.7925111356975804,-1.715756368915691,0.0,50.0,20.0,1.0,0.0,0.0,0.0,-344.70372492925145,70.0,119.69125608606942,0.8071825813096148,0.0,0.5903018553505884,0.0
3.466264247894287,7.71286406739813,-1.8136368421535782,-1.8011095962156731,-1.6444937292868647,-0.7610672711090474,-1.7191037040275696,0.0,50.0,20.0,1.0,0.0,0.0,0.0,-344.70372492925145,70.0,119.69125608606942,0.8071825813096148,0.0,0.5903018553505884,0.0
3.5052404403686523,7.49194981490199,-1.894489389495492,-1.4304197950095645,-1.78062942928346,-0.595131881269167,-1.6561874883249783,0.0,50.0,20.0,1.0,0.0,0.0,0.0,-344.70372492925145,70.0,119.69125608606942,0.8071825813096148,0.0,0.5903018553505884,0.0
3.5437204837799072,6.795101377583862,-2.1033143209704352,-1.024732611627126,-1.8565930469147014,-0.5106650577257612,-1.6849161444001504,0.0,50.0,20.0,1.0,0.0,0.0,0.0,-344.70372492925145,70.0,119.69125608606942,0.8071825813096148,0.0,0.5903018553505884,0.0
3.5825095176696777,7.026469870615953,-1.3611964244341361,-0.6786178513319536,-1.9124628300910052,-0.36877004295359467,-1.6225496498035412,0.0,50.0,20.0,1.0,0.0,0.0,0.0,-344.70372492925145,70.0,119.69125608606942,0.8071825813096148,0.0,0.5903018553505884,0.0
3.630005121231079,6.836123159101651,-1.007427075695696,-1.0156924929453681,-1.9191252191134887,-0.49619418830738454,-1.5651327203790606,0.0,50.0,20.0,1.0,0.0,0.0,0.0,-344.70372492925145,70.0,119.69125608606942,0.8071825813096148,0.0,0.5903018553505884,0.0
3.671046733856201,6.7440766492399336,-0.4668869031933147,-1.8062784236872083,-1.934107444363905,-0.33815869886353667,-1.7144142204625616,0.0,50.0,20.0,1.0,0.0,0.0,0.0,-344.70372492925145,70.0,119.69125608606942,0.8071825813096148,0.0,0.5903018553505884,0.0
3.7108073234558105,6.5995337605557625,-0.936500712379468,-1.8811213910430364,-2.1042917287519547,-0.20389883573579243,-1.521271970745922,0.0,50.0,20.0,1.0,0.0,0.0,0.0,-344.70372492925145,70.0,119.69125608606942,0.8071825813096148,0.0,0.5903018553505884,0.0
3.751866102218628,6.304905816456228,-0.6448521979921913,-2.1768210908755776,-1.9115430198693737,-0.18732987351285368,-1.5330882117397764,0.0,50.0,20.0,1.0,0.0,0.0,0.0,-344.70372492925145,70.0,119.69125608606942,0.8071825813096148,0.0,0.5903018553505884,0.0
3.7925148010253906,5.77861567038623,-0.9553279759383928,-2.9610507135796444,-1.7821762828122476,-0.12393843150399564,-1.4538293288213238,0.0,50.0,20.0,1.0,0.0,0.0,0.0,-344.70372492925145,70.0,119.69125608606942,0.8071825813096148,0.0,0.5903018553505884,0.0
3.8316779136657715,5.952574526298411,-1.2904420888178454,-2.9746219473783464,-1.635755093084792,-0.06759003923107326,-1.5189214766796229,0.0,50.0,20.0,1.0,0.0,0.0,0.0,-344.70372492925145,70.0,119.69125608606942,0.8071825813096148,0.0,0.5903018553505884,0.0
3.8707268238067627,6.0876754457693965,-0.8150999186323495,-3.3275879230535734,-1.4916170971397682,-0.19444976664165714,-1.6972672712627304,0.0,50.0,20.0,1.0,0.0,0.0,0.0,-344.70372492925145,70.0,119.69125608606942,0.8071825813096148,0.0,0.5903018553505884,0.0
3.909426212310791,5.2939595758460785,-1.1440962735993412,-3.943506424907539,-1.3214502372253203,-0.31476001362705824,-1.7059371445167273,0.0,50.0,20.0,1.0,0.0,0.0,0.0,-344.70372492925145,70.0,119.69125608606942,0.8071825813096148,0.0,0.5903018553505884,0.0
3.948207139968872,5.371794244597559,-1.5396977361589113,-4.308090770818872,-1.3538710563682923,-0.4908934679914188,-1.5876624286300345,0.0,50.0,20.0,1.0,0.0,0.0,0.0,-344.70372492925145,70.0,119.69125608606942,0.8071825813096148,0.0,0.5903018553505884,0.0
3.996086597442627,4.855794337785312,-0.8837518686032135,-4.3833290711185935,-1.5404181895768971,-0.35748415772709885,-1.5438446503550847,0.0,50.0,20.0,1.0,0.0,0.0,0.0,-344.70372492925145,70.0,119.69125608606942,0.8071825813096148,0.0,0.5903018553505884,0.0
4.038268089294434,4.135098059442228,-0.3917945169333632,-3.834799613938994,-1.7085315910890764,-0.4604551197147711,-1.6305902966557604,0.0,50.0,20.0,1.0,0.0,0.0,0.0,-344.70372492925145,70.0,119.69125608606942,0.8071825813096148,0.0,0.5903018553505884,0.0
4.08000922203064,3.884361877856426,-0.2989987676401904,-3.8426077356990644,-1.817607665213845,-0.3348416050932387,-1.5306358205360395,0.0,50.0,20.0,1.0,0.0,0.0,0.0,-344.70372492925145,70.0,119.69125608606942,0.8071825813096148,0.0,0.5903018553505884,0.0
4.1213157176971436,3.9071763601184246,0.14710160694932406,-3.9905116927084188,-1.9923118649101248,-0.2736266994815031,-1.5233279780429487,0.0,50.0,20.0,1.0,0.0,0.0,0.0,-344.70372492925145,70.0,119.69125608606942,0.8071825813096148,0.0,0.5903018553505884,0.0
4.161234378814697,4.541583245380423,-0.10332720696556841,-4.641800447759452,-2.1584282892221163,-0.4470777591388944,-1.4887816058360304,0.0,50.0,20.0,1.0,0.0,0.0,0.0,-344.70372492925145,70.0,119.69125608606942,0.8071825813096148,0.0,0.5903018553505884,0.0
4.201220273971558,4.203036062909987,-0.48059715574513684,-5.2886228070309045,-2.1371684665428488,-0.374456281870622,-1.383536022798636,0.0,50.0,20.0,1.0,0.0,0.0,0.0,-344.70372492925145,70.0,119.69125608606942,0.8071825813096148,0.0,0.5903018553505884,0.0
4.241525650024414,3.794726209256296,-0.3166209478228238,-5.425296062827784,-1.9902375936858177,-0.2512316945140778,-1.3682587697003659,0.0,50.0,20.0,1.0,0.0,0.0,0.0,-344.70372492925145,70.0,119.69125608606942,0.8071825813096148,0.0,0.5903018553505884,0.0
4.281240940093994,4.39078221802438,-0.7461122254370904,-5.536345523949845,-1.8829794210314577,-0.12018718281929047,-1.3767523868331293,0.0,50.0,20.0,1.0,0.0,0.0,0.0,-344.70372492925145,70.0,119.69125608606942,0.8071825813096148,0.0,0.5903018553505884,0.0
4.322616100311279,3.721038921963212,-0.49894463366894515,-5.445297732905053,-1.9629754743267007,-0.12776154640253795,-1.182078539366938,0.0,50.0,20.0,1.0,0.0,0.0,0.0,-344.70372492925145,70.0,119.69125608606942,0.8071825813096148,0.0,0.5903018553505884,0.0
4.362860679626465,3.4211846499984913,0.08789603346075725,-4.968659778706076,-1.8434754740683923,-0.30609413915668904,-1.1868329844079206,0.0,50.0,20.0,1.0,0.0,0.0,0.0,-344.70372492925145,70.0,119.69125608606942,0.8071825813096148,0.0,0.5903018553505884,0.0
4.4028096199035645,2.9717323482711384,-0.21310002850341947,-5.237838652956223,-2.0091143387962074,-0.14456370690165887,-1.284673561687408,0.0,50.0,20.0,1.0,0.0,0.0,0.0,-344.70372492925145,70.0,119.69125608606942,0.8071825813096148,0.0,0.5903018553505884,0.0
4.442906618118286,3.5738212651746295,-0.8901234144741066,-5.578592446283902,-1.9184364498344595,-0.036501565041644646,-1.4589722619644032,0.0,50.0,20.0,1.0,0.0,0.0,0.0,-344.70372492925145,70.0,119.69125608606942,0.8071825813096148,0.0,0.5903018553505884,0.0
4.48276162147522,4.3244173088988935,-1.129518494193574,-6.183341909892702,-1.925226425160052,0.06130396625177742,-1.2703620789598065,0.0,50.0,20.0,1.0,0.0,0.0,0.0,-344.70372492925145,70.0,119.69125608606942,0.8071825813096148,0.0,0.5903018553505884,0.0
4.522398948669434,4.155304800685285,-0.823230926690782,-5.61886740764596,-2.101282419367079,0.07955656255804638,-1.2633039826645587,0.0,50.0,20.0,1.0,0.0,0.0,0.0,-344.70372492925145,70.0,119.69125608606942,0.8071825813096148,0.0,0.5903018553505884,0.0
4.562278509140015,4.255754674311833,-0.3455766285883557,-5.155440170697613,-2.0059391243881097,-0.007751517648103598,-1.0950544342783954,0.0,50.0,20.0,1.0,0.0,0.0,0.0,-344.70372492925145,70.0,119.69125608606942,0.8071825813096148,0.0,0.5903018553505884,0.0
4.601886987686157,4.393009671696191,0.016959189273867192,-4.493225724192551,-1.8432346543141058,-0.19912750822070774,-0.909814289340144,0.0,50.0,20.0,1.0,0.0,0.0,0.0,-344.70372492925145,70.0,119.69125608606942,0.8071825813096148,0.0,0.5903018553505884,0.0
4.641936540603638,4.89150708432714,0.7814444017756144,-4.336583073739144,-1.9296897512803382,-0.03882497088477149,-0.9737729389075689,0.0,50.0,20.0,1.0,0.0,0.0,0.0,-344.70372492925145,70.0,119.69125608606942,0.8071825813096148,0.0,0.5903018553505884,0.0
4.681475639343262,4.855388601228549,1.1193024610377829,-3.788892396623572,-1.7694481353780525,-0.04411973425556834,-0.9558255743708375,0.0,50.0,20.0,1.0,0.0,0.0,0.0,-344.70372492925145,70.0,119.69125608606942,0.8071825813096148,0.0,0.5903018553505884,0.0
4.721788644790649,5.199773443918771,0.3929452339564179,-3.9339849928505783,-1.9682635726385613,-0.14827170287847477,-1.0196452813062942,0.0,50.0,20.0,1.0,0.0,0.0,0.0,-344.70372492925145,70.0,119.69125608606942,0.8071825813096148,0.0,0.5903018553505884,0.0
4.76163125038147,5.599528651126094,-0.06455932493178057,-3.5388869545610797,-1.8121236995100218,-0.2694276255551801,-0.9007743445670987,0.0,50.0,20.0,1.0,0.0,0.0,0.0,-344.70372492925145,70.0,119.69125608606942,0.8071825813096148,0.0,0.5903018553505884,0.0
4.8019208908081055,5.136596460864693,0.720530773914859,-3.254106291749818,-1.8481219661682413,-0.18665698673467163,-0.9680174740540453,0.0,50.0,20.0,1.0,0.0,0.0,0.0,-344.70372492925145,70.0,119.69125608606942,0.8071825813096148,0.0,0.5903018553505884,0.0
4.842284679412842,5.808210449976057,0.8792442056278753,-3.7170613737812572,-1.9504626991896228,-0.12677917680890533,-1.0580912894602101,0.0,50.0,20.0,1.0,0.0,0.0,0.0,-344.70372492925145,70.0,119.69125608606942,0.8071825813096148,0.0,0.5903018553505884,0.0
4.881904125213623,5.458433728657798,1.5311355961418487,-4.216646359189192,-2.092191731302797,-0.17746569531993905,-1.222667004280743,0.0,50.0,20.0,1.0,0.0,0.0,0.0,-344.70372492925145,70.0,119.69125608606942,0.8071825813096148,0.0,0.5903018553505884,0.0
4.921263217926025,6.236682182422856,1.3984849436429438,-4.4630551878828,-1.9750160208323877,-0.1625879185179639,-1.2667790806972852,0.0,50.0,20.0,1.0,0.0,0.0,0.0,-344.70372492925145,70.0,119.69125608606942,0.8071825813096148,0.0,0.5903018553505884,0.0
4.961920261383057,6.194169233964262,1.0473767627078414,-5.107292428233347,-2.0099564962341296,-0.1617802143237482,-1.3762803770546652,0.0,50.0,20.0,1.0,0.0,0.0,0.0,-344.70372492925145,70.0,119.69125608606942,0.8071825813096148,0.0,0.5903018553505884,0.0
5.009251832962036,6.9193791114187375,1.7572967193365823,-5.871450626832421,-2.01522429244275,-0.020086460857598326,-1.3222703645667653,0.0,50.0,20.0,1.0,0.0,0.0,0.0,-344.70372492925145,70.0,119.69125608606942,0.8071825813096148,0.0,0.5903018553505884,0.0
5.050457000732422,7.116154248903563,2.2044310146730703,-6.472296526096272,-2.038044921963144,0.11851084895538763,-1.1272791105990085,0.0,50.0,20.0,1.0,0.0,0.0,0.0,-344.70372492925145,70.0,119.69125608606942,0.8071825813096148,0.0,0.5903018553505884,0.0
5.092154502868652,6.41727464768973,1.9867227020470775,-7.104839865258694,-2.056331441395833,0.27241131025437826,-0.9498383410447309,0.0,50.0,20.0,1.0,0.0,0.0,0.0,-344.70372492925145,70.0,119.69125608606942,0.8071825813096148,0.0,0.5903018553505884,0.0
5.132331132888794,5.969864205977456,1.498042039247386,-7.576133927293939,-2.0212796884314344,0.24335087610702782,-0.8695517613218469,0.0,50.0,20.0,1.0,0.0,0.0,0.0,-344.70372492925145,70.0,119.69125608606942,0.8071825813096148,0.0,0.5903018553505884,0.0
5.1719934940338135,5.198683466643524,1.228736166606577,-8.18603053264287,-1.9602188820321553,0.1111511462719596,-0.7335147892654501,0.0,50.0,20.0,1.0,0.0,0.0,0.0,-344.70372492925145,70.0,119.69125608606942,0.8071825813096148,0.0,0.5903018553505884,0.0
5.212974309921265,4.76944759170438,0.5659037014204782,-8.030256729937294,-2.0551033031642993,0.1578268847053414,-0.6844291376866504,0.0,50.0,20.0,1.0,0.0,0.0,0.0,-344.70372492925145,70.0,119.69125608606942,0.8071825813096148,0.0,0.5903018553505884,0.0
