# Timestamp, Fx, Fy, Fz, Tx, Ty, Tz, FemurPosX, FemurPosY, FemurPosZ, FemurQuatW, FemurQuatX, FemurQuatY, FemurQuatZ, TibiaPosX, TibiaPosY, TibiaPosZ, TibiaQuatW, TibiaQuatX, TibiaQuatY, TibiaQuatZ
0.01762676239013672,9.570417460756731,-0.8181938621277612,-3.872337167698628,-0.005629622916632965,-2.4143999950092896,-0.9407396059168632,0.0,50.0,20.0,1.0,0.0,0.0,0.0,-341.40535475431636,70.0,133.29383560245503,0.7638918915577811,0.0,0.6453442321833172,0.0
0.033713579177856445,9.632733343982894,-1.5689146519797414,-4.516824914429039,0.15467230657866352,-2.4297357696285578,-0.8008685059089372,0.0,50.0,20.0,1.0,0.0,0.0,0.0,-341.40535475431636,70.0,133.29383560245503,0.7638918915577811,0.0,0.6453442321833172,0.0
0.06700968742370605,9.68124137025877,-2.197160063990754,-4.5265048770336085,-0.02466213958554933,-2.3978008417276953,-0.8347353948872815,0.0,50.0,20.0,1.0,0.0,0.0,0.0,-341.2119882452043,70.0,134.4781208117593,0.7600061815151266,0.0,0.6499158438281041,0.0
0.08880996704101562,9.676818040676158,-1.959873815101453,-4.6331319266611795,0.10765965387965179,-2.276122416492828,-0.8881973930407331,0.0,50.0,20.0,1.0,0.0,0.0,0.0,-341.0385545299592,70.0,135.62528920360003,0.7562232170344944,0.0,0.654313721404343,0.0
0.13373422622680664,9.791646713955185,-1.2129404229404737,-4.295542830438572,0.18409243557045799,-2.205772244431126,-0.7991389677597401,0.0,50.0,20.0,1.0,0.0,0.0,0.0,-340.7465005237091,70.0,137.80398254716232,0.7489860394321034,0.0,0.6625857776437792,0.0
0.15072345733642578,10.265109323983674,-1.9538788052128724,-4.584046368187613,-0.004391668898986012,-2.018242493456725,-0.7841681571729844,0.0,50.0,20.0,1.0,0.0,0.0,0.0,-340.6254085233507,70.0,138.83350686880354,0.7455417263010718,0.0,0.6664589517322261,0.0
0.18366670608520508,9.476000558604413,-2.085951225191656,-4.4005443473498325,0.12890403099891173,-2.048919350924399,-0.625884509908173,0.0,50.0,20.0,1.0,0.0,0.0,0.0,-340.5193158801731,70.0,139.82191142447547,0.7422199423874454,0.0,0.6701563676653214,0.0
0.2169933319091797,9.619953723708987,-1.789728994937398,-4.49150935752242,0.30626732375122256,-2.174434843594889,-0.6346814503124449,0.0,50.0,20.0,1.0,0.0,0.0,0.0,-340.42702971815174,70.0,140.76833767676877,0.7390252442346987,0.0,0.6736777333294042,0.0
0.24084758758544922,8.899388221980344,-1.972267375370273,-4.27294385536324,0.27966921564407843,-2.160897574883154,-0.7204460245595685,0.0,50.0,20.0,1.0,0.0,0.0,0.0,-340.34738281497977,70.0,141.67198173778345,0.7359620175736535,0.0,0.677022827302682,0.0
0.2730093002319336,8.648357046640008,-1.7024876775203968,-4.454802239316687,0.23732575801569425,-1.9688583175056773,-0.5599438046790257,0.0,50.0,20.0,1.0,0.0,0.0,0.0,-340.2214926196241,70.0,143.34797286954796,0.730246626594235,0.0,0.6831836241800149,0.0
0.30239081382751465,9.023126256323414,-1.5503623528965482,-3.89866722942018,0.048207559696919505,-1.8821599467311332,-0.4416601118442465,0.0,50.0,20.0,1.0,0.0,0.0,0.0,-340.17308218365565,70.0,144.11897293928791,0.7276023194737359,0.0,0.6859991725187717,0.0
0.3336451053619385,9.753536402363025,-1.4519147773512173,-3.6909993481247074,-0.14150020430768814,-1.9441903076487779,-0.36990999518565326,0.0,50.0,20.0,1.0,0.0,0.0,0.0,-340.1329846474329,70.0,144.8444937619927,0.7251051862937103,0.0,0.6886381261663949,0.0
0.36721205711364746,10.087025286272802,-1.6738514265676745,-4.2604098093077445,-0.2523098412683845,-2.0409037412350948,-0.33237279721483437,0.0,50.0,20.0,1.0,0.0,0.0,0.0,-340.1002238603427,70.0,145.52398310477383,0.7227586626780276,0.0,0.6911005104352544,0.0
0.40061116218566895,9.987096260333576,-2.4401576720364737,-3.662222612748023,-0.07598661919486299,-2.1757084641855773,-0.3772345501630707,0.0,50.0,20.0,1.0,0.0,0.0,0.0,-340.0530580630309,70.0,146.74288510363345,0.7185301486241428,0.0,0.6954958127251143,0.0
0.43413352966308594,10.438084955690439,-3.1150909524673276,-4.346213072454175,-0.17538544220393704,-2.1516299718687555,-0.2302474995855905,0.0,50.0,20.0,1.0,0.0,0.0,0.0,-340.03696034543407,70.0,147.28141525427813,0.716653977682821,0.0,0.6974289040980383,0.0
0.467456579208374,10.937723198434032,-2.7992874492800164,-5.06689394093381,-0.08566947046755968,-2.121853175035062,-0.21989439663060562,0.0,50.0,20.0,1.0,0.0,0.0,0.0,-340.02481975072436,70.0,147.7721458474914,0.7149400469707533,0.0,0.6991857616095003,0.0
0.48499035835266113,11.493999485197444,-2.479365452299803,-4.953851873075686,-0.1719116777172967,-2.1883694715799495,-0.09327750886362551,0.0,50.0,20.0,1.0,0.0,0.0,0.0,-340.01593708189324,70.0,148.2147374456195,0.7133907153670438,0.0,0.700766499790121,0.0
0.5170884132385254,11.889260367098807,-2.849299081309967,-4.846500672826376,-0.0714238550245348,-2.1663356008742904,0.10490247438333489,0.0,50.0,20.0,1.0,0.0,0.0,0.0,-340.0096764200608,70.0,148.60888879701722,0.7120081151327657,0.0,0.7021712355153023,0.0
0.5506978034973145,12.496787916806907,-2.0728508850803085,-4.709334212855921,-0.2632186096152434,-2.2006581756297257,0.05434900353764513,0.0,50.0,20.0,1.0,0.0,0.0,0.0,-340.0028061744759,70.0,149.25084913364412,0.7097504873769228,0.0,0.7044531536363654,0.0
0.5840675830841064,11.981986502956316,-2.256813358489876,-4.906331203711739,-0.3239634673979669,-2.3322523107488706,0.15781719480343256,0.0,50.0,20.0,1.0,0.0,0.0,0.0,-340.00125884545344,70.0,149.4982356070798,0.7088785664446351,0.0,0.7053305452306734,0.0
0.6173193454742432,11.66535480256804,-2.901683678750044,-4.186460021388757,-0.15695586493924696,-2.2910081438572294,-0.00390351937981398,0.0,50.0,20.0,1.0,0.0,0.0,0.0,-340.0004610637132,70.0,149.6963348389046,0.7081795858435042,0.0,0.7060323464222605,0.0
0.6362285614013672,10.940990403954112,-3.3224428007634175,-4.735738570321433,-0.24600432657328308,-2.2083344447606685,-0.08027896966601097,0.0,50.0,20.0,1.0,0.0,0.0,0.0,-340.0001200945775,70.0,149.84501967520902,0.7076545072448525,0.0,0.7065586305297283,0.0
0.6840744018554688,11.255127396525795,-2.633744235302559,-4.66972939940468,-0.384009632255079,-2.04488877207236,-0.1845513370146823,0.0,50.0,20.0,1.0,0.0,0.0,0.0,-340.00000019227275,70.0,149.99379882627275,0.7071287053066339,0.0,0.7070848563866742,0.0
0.7010002136230469,11.129820015790868,-2.2371741304217214,-4.670774858794329,-0.49583772133156295,-1.8483476240656298,-0.10885894360318449,0.0,50.0,20.0,1.0,0.0,0.0,0.0,-340.00000019227275,70.0,149.99379882627275,0.7071287053066339,0.0,0.7070848563866742,0.0
0.733966588973999,11.033162081363985,-1.5367240883666222,-5.179894892554448,-0.38750786005597676,-1.9875640587095214,0.04937889058444106,0.0,50.0,20.0,1.0,0.0,0.0,0.0,-340.0000155708158,70.0,149.94419531458394,0.7073040530260521,0.0,0.7069094542958947,0.0
0.7674612998962402,10.717365241310343,-2.2800156542586354,-5.737099639074729,-0.586374930754004,-2.137343479512154,0.23360701286482738,0.0,50.0,20.0,1.0,0.0,0.0,0.0,-340.0001200945775,70.0,149.84501967520902,0.7076545072448525,0.0,0.7065586305297283,0.0
0.7891957759857178,10.597029050384048,-1.8885933465995324,-5.166341788776833,-0.4152917236523828,-2.177814595894337,0.4319275457534851,0.0,50.0,20.0,1.0,0.0,0.0,0.0,-340.0004610637132,70.0,149.69633483890456,0.7081795858435043,0.0,0.7060323464222604,0.0
0.8341178894042969,10.645306646601675,-1.5150319127050047,-5.640571411553492,-0.5934332132441985,-2.102910056295555,0.3991586757326384,0.0,50.0,20.0,1.0,0.0,0.0,0.0,-340.0028061744759,70.0,149.25084913364407,0.7097504873769229,0.0,0.7044531536363652,0.0
0.8510198593139648,10.311065144249557,-1.350186992804272,-5.297386545042798,-0.5128861964387155,-2.263018385693374,0.388082409668327,0.0,50.0,20.0,1.0,0.0,0.0,0.0,-340.00546722005765,70.0,148.95433556002425,0.7107941489628898,0.0,0.7034000837362199,0.0
0.8839519023895264,9.672567056320165,-1.33376514658581,-5.585769546410563,-0.38336937990691144,-2.1539507168560927,0.4304914666789549,0.0,50.0,20.0,1.0,0.0,0.0,0.0,-340.0096764200608,70.0,148.60888879701722,0.7120081151327659,0.0,0.7021712355153023,0.0
0.9173903465270996,9.531203081799767,-1.4790534250878822,-6.375334585253905,-0.2154842605195622,-2.2334395936097278,0.2775876531855598,0.0,50.0,20.0,1.0,0.0,0.0,0.0,-340.01593708189324,70.0,148.21473744561948,0.7133907153670439,0.0,0.7007664997901208,0.0
0.9411618709564209,9.32637056307459,-1.6890048807720406,-5.95952384419193,-0.35726381335889185,-2.0793055562861937,0.4262041266848375,0.0,50.0,20.0,1.0,0.0,0.0,0.0,-340.02481975072436,70.0,147.77214584749132,0.7149400469707536,0.0,0.6991857616095001,0.0
0.9838840961456299,10.10309565815002,-1.9266939630101496,-5.561858302686071,-0.26855477058562555,-2.121419224503222,0.6125882621528358,0.0,50.0,20.0,1.0,0.0,0.0,0.0,-340.0530580630309,70.0,146.74288510363343,0.7185301486241429,0.0,0.6954958127251143,0.0
1.0173060894012451,10.45349458745373,-1.783330311891016,-5.932708757525484,-0.37255875451977344,-2.085655514318888,0.6379715651085837,0.0,50.0,20.0,1.0,0.0,0.0,0.0,-340.07387305261193,70.0,146.15693438847612,0.7205659775881869,0.0,0.6933863799804411,0.0
1.0341222286224365,11.187962710978397,-2.395143537496354,-5.475472822386464,-0.23663300633588658,-2.0372740137586476,0.4739920414708205,0.0,50.0,20.0,1.0,0.0,0.0,0.0,-340.1002238603427,70.0,145.5239831047738,0.7227586626780277,0.0,0.6911005104352542,0.0
1.0672729015350342,11.950743777286545,-2.8985049861936316,-6.052837387728574,-0.23303406311042582,-1.9340205749125203,0.32709112951465924,0.0,50.0,20.0,1.0,0.0,0.0,0.0,-340.1329846474329,70.0,144.8444937619927,0.7251051862937105,0.0,0.6886381261663949,0.0
1.1007616519927979,12.047935942998421,-2.115622267077609,-5.806854651414279,-0.2382781775609421,-1.8452910753854999,0.4279512446563252,0.0,50.0,20.0,1.0,0.0,0.0,0.0,-340.2214926196241,70.0,143.34797286954787,0.7302466265942353,0.0,0.6831836241800145,0.0
1.133984088897705,11.989176192037188,-1.7817385896071996,-5.027026463193733,-0.28393932652277537,-1.7752440852775817,0.4145215960396821,0.0,50.0,20.0,1.0,0.0,0.0,0.0,-340.27923804179204,70.0,142.5320930325544,0.7330344704290706,0.0,0.6801914915395311,0.0
1.1679573059082031,12.669740672776335,-2.096189295952437,-5.214637183042204,-0.23195455390785175,-1.8631809665110344,0.5298447916436975,0.0,50.0,20.0,1.0,0.0,0.0,0.0,-340.3473828149798,70.0,141.67198173778337,0.7359620175736539,0.0,0.6770228273026817,0.0
1.1846354007720947,12.86643650797728,-1.3766646680955044,-5.88272914383663,-0.12664964190051653,-1.7103584130311935,0.3863607689892963,0.0,50.0,20.0,1.0,0.0,0.0,0.0,-340.42702971815174,70.0,140.76833767676868,0.7390252442346991,0.0,0.6736777333294038,0.0
1.2180051803588867,13.0,-1.9287824073328954,-5.242492701030409,-0.31517783116309267,-1.9033721442746674,0.4149963956611245,0.0,50.0,20.0,1.0,0.0,0.0,0.0,-340.5193158801731,70.0,139.82191142447542,0.7422199423874456,0.0,0.670156367665321,0.0
1.2513649463653564,12.449985983787425,-2.394824420188285,-5.4292137661887505,-0.19218854951907738,-2.025395220754456,0.3526860950749593,0.0,50.0,20.0,1.0,0.0,0.0,0.0,-340.7465005237091,70.0,137.80398254716224,0.7489860394321037,0.0,0.6625857776437789,0.0
1.2845914363861084,11.71449008546741,-3.0300793451246504,-5.2745097210298635,-0.0542913274714531,-1.8445951138552514,0.31027445946751997,0.0,50.0,20.0,1.0,0.0,0.0,0.0,-340.8838057981577,70.0,136.73425286903583,0.7525481616845667,0.0,0.6585372156113724,0.0
1.3179783821105957,11.617378881956663,-3.7650844177279374,-5.526302175541426,0.1411312793884919,-1.9856519931396375,0.44876701674599345,0.0,50.0,20.0,1.0,0.0,0.0,0.0,-341.0385545299592,70.0,135.62528920359995,0.7562232170344946,0.0,0.6543137214043427,0.0
1.3368206024169922,12.131551471408827,-3.5861743402023536,-5.551478688492021,0.1717686585461302,-2.072342467162335,0.5256517354276898,0.0,50.0,20.0,1.0,0.0,0.0,0.0,-341.2119882452043,70.0,134.47812081175923,0.7600061815151268,0.0,0.6499158438281037,0.0
1.3843700885772705,12.734531138772347,-3.539722580137611,-5.342418609990601,-0.015113261335212597,-1.9316823279146138,0.5494143074193207,0.0,50.0,20.0,1.0,0.0,0.0,0.0,-341.6199029739431,70.0,132.0735806937459,0.7678750526819259,0.0,0.6405996436689061,0.0
1.4015145301818848,12.432028996421064,-2.911297720459295,-5.324065273980845,-0.048699520988574246,-1.8556039199475856,0.43411344911481364,0.0,50.0,20.0,1.0,0.0,0.0,0.0,-341.8568776459206,70.0,130.81856275999655,0.7719502485264301,0.0,0.6356829506916029,0.0
1.434342622756958,13.0,-2.7677551841086117,-4.819137211289255,-0.21962027902093065,-1.8634579029731424,0.6186489467794152,0.0,50.0,20.0,1.0,0.0,0.0,0.0,-342.1175139713099,70.0,129.53004814750946,0.7761119502123728,0.0,0.6305951480447239,0.0
1.467952013015747,13.0,-1.9976220006297234,-4.893222001118732,-0.2562045603114221,-1.9134756928915915,0.8033069286209793,0.0,50.0,20.0,1.0,0.0,0.0,0.0,-342.40303217878386,70.0,128.2093627421202,0.7803545260260871,0.0,0.6253373599191088,0.0
1.4888081550598145,12.64327764880789,-2.44445692357075,-5.32021924864865,-0.09176277986440806,-2.104442679794994,0.6886869358168545,0.0,50.0,20.0,1.0,0.0,0.0,0.0,-342.71463204786807,70.0,126.85789157362066,0.7846722514094,0.0,0.6199108467095114,0.0
1.5343611240386963,13.0,-2.8417961082315397,-5.539583321845111,-0.13800967921081853,-2.185447530638883,0.615404514277724,0.0,50.0,20.0,1.0,0.0,0.0,0.0,-343.4207406410569,70.0,124.0684234633139,0.7935098504010082,0.0,0.6085574067551636,0.0
1.5512473583221436,13.0,-2.848020024630515,-5.364224187251651,-0.13845535971883974,-1.9929268005939789,0.5314970386145871,0.0,50.0,20.0,1.0,0.0,0.0,0.0,-343.81749719632876,70.0,122.63348479579886,0.7980179045742054,0.0,0.602633739496051,0.0
1.5847506523132324,12.848025457860144,-2.2875036788273357,-4.729207223344172,-0.23662291287338127,-2.027292816892367,0.38823278868390876,0.0,50.0,20.0,1.0,0.0,0.0,0.0,-344.2448201670559,70.0,121.17387408685435,0.8025774913151553,0.0,0.5965478777384694,0.0
1.6179442405700684,12.532364374151774,-2.918295879706978,-4.5347448616726815,-0.21087440442969446,-1.8999332594739564,0.26864541095308564,0.0,50.0,20.0,1.0,0.0,0.0,0.0,-344.70372492925543,70.0,119.6912560860568,0.8071825813096539,0.0,0.590301855350535,0.0
1.6407113075256348,13.0,-3.6459805925545616,-4.827533579968982,-0.33819582128918035,-1.8842981789806579,0.4065491754726153,0.0,50.0,20.0,1.0,0.0,0.0,0.0,-345.195173883415,70.0,118.1873461496202,0.8118271178347636,0.0,0.5838978769854374,0.0
1.6731407642364502,13.0,-3.6999732510381604,-5.483823345602929,-0.33509730547364613,-1.961875376056808,0.42596479611482624,0.0,50.0,20.0,1.0,0.0,0.0,0.0,-346.279258438653,70.0,115.12274951789902,0.8212102364257918,0.0,0.5706257508993922,0.0
1.702542781829834,12.868816967769224,-3.2212408009164504,-5.679690624888074,-0.16777669897274472,-1.8340298164890434,0.25026807424772035,0.0,50.0,20.0,1.0,0.0,0.0,0.0,-346.87350853945213,70.0,113.56572234490571,0.8259366732840184,0.0,0.5637629038208603,0.0
1.7346129417419434,13.0,-4.001107685262059,-5.940709914023439,-0.1509643749495504,-1.6590700597642303,0.1176732957819524,0.0,50.0,20.0,1.0,0.0,0.0,0.0,-347.50352242610455,70.0,111.99471567766057,0.8306782900808816,0.0,0.5567527084696605,0.0
1.7677466869354248,13.0,-4.107772525231248,-5.285014803076376,0.04464541355214402,-1.7646187523112278,0.05529042829229139,0.0,50.0,20.0,1.0,0.0,0.0,0.0,-348.1699240334772,70.0,110.41165388674793,0.8354290697397717,0.0,0.5495982800498375,0.0
1.8013126850128174,12.953917585617898,-4.611067935573813,-5.164198564083818,-0.10695769099474911,-1.900092556387328,0.22773175270048282,0.0,50.0,20.0,1.0,0.0,0.0,0.0,-349.61397739743705,70.0,107.21721236187412,0.8449342803973747,0.0,0.5348701354622172,0.0
1.8343608379364014,12.778313903999733,-4.5805432837464055,-5.7907364716877545,-0.10880038623812005,-1.8922596992672025,0.1979160087238485,0.0,50.0,20.0,1.0,0.0,0.0,0.0,-350.39245706997315,70.0,105.60981808954386,0.8496769442277934,0.0,0.5273036036741255,0.0
1.8679742813110352,13.0,-4.575411200447013,-5.630254796499426,0.06887100309553762,-1.9535842202540061,0.1177363112572856,0.0,50.0,20.0,1.0,0.0,0.0,0.0,-351.2089735581603,70.0,103.99833021069202,0.854405260369188,0.0,0.5196072084310033,0.0
1.8846304416656494,12.839860193305125,-4.708419509402441,-4.872129907179074,-0.05153310843623944,-2.0095743563192814,0.11147230995419162,0.0,50.0,20.0,1.0,0.0,0.0,0.0,-352.06371067527897,70.0,102.38478163655077,0.8591135500137606,0.0,0.5117850214521268,0.0
1.9180281162261963,13.0,-4.312646527371273,-4.99693608484109,0.009061324060435402,-1.9513178051675317,-0.0840635282151967,0.0,50.0,20.0,1.0,0.0,0.0,0.0,-352.9567553272278,70.0,100.77121211287124,0.8637962372201234,0.0,0.5038413049407087,0.0
1.9512975215911865,12.295768050862758,-4.442283159703304,-5.469381729505507,0.12344944194968825,-1.8496101244239092,0.04600479637228548,0.0,50.0,20.0,1.0,0.0,0.0,0.0,-354.85761806104006,70.0,97.55217070497318,0.8730630827581327,0.0,0.48760727386377856,0.0
1.9849941730499268,11.919618018319186,-4.008456710075242,-5.729401904351137,0.011179948758291411,-1.876742993334173,0.03154664465490657,0.0,50.0,20.0,1.0,0.0,0.0,0.0,-355.8651084332195,70.0,95.95076299293308,0.8776367044713517,0.0,0.47932641797074504,0.0
2.01794695854187,11.468704439420362,-4.666383527302978,-5.392707568950632,0.09433721202780442,-1.8404498249665244,-0.013424148036583025,0.0,50.0,20.0,1.0,0.0,0.0,0.0,-356.9102487425735,70.0,94.35745120881867,0.8821636718636211,0.0,0.47094294351236793,0.0
2.0364770889282227,10.735726760825992,-4.770401654829488,-5.186568837575598,0.18431106355690569,-2.011911220168616,0.12318620600385723,0.0,50.0,20.0,1.0,0.0,0.0,0.0,-357.99261785746046,70.0,92.77422543881572,0.8866390882461259,0.0,0.4624620278402094,0.0
2.084610939025879,11.413675063283325,-5.200537373719755,-4.5313798320013206,0.22524873100890208,-2.1120956370529256,0.26797059046545746,0.0,50.0,20.0,1.0,0.0,0.0,0.0,-360.2668415672147,70.0,89.64584980026342,0.8954165237467326,0.0,0.44522943411382526,0.0
2.101774215698242,10.7421744287373,-5.888731814490368,-5.1068615526772625,0.3558550952171832,-2.2023894972395675,0.42471017785351206,0.0,50.0,20.0,1.0,0.0,0.0,0.0,-361.4573392063382,70.0,88.10452007253048,0.8997096196203237,0.0,0.4364889464381113,0.0
2.134620189666748,10.583417333056477,-5.410077457618431,-5.069608958565866,0.43084212645757375,-2.3426358479350484,0.5751702875882843,0.0,50.0,20.0,1.0,0.0,0.0,0.0,-362.68235390505873,70.0,86.58090506529274,0.9039333353038466,0.0,0.4276733862732912,0.0
2.167958974838257,9.982269989154227,-5.2663238129267125,-4.895665096737369,0.3731024260269376,-2.154487045639648,0.46524646438550643,0.0,50.0,20.0,1.0,0.0,0.0,0.0,-363.9409563274749,70.0,85.07680017419875,0.9080836961035069,0.0,0.4187887305921612,0.0
2.188847303390503,10.431417389621034,-4.808878948538431,-4.489414065520661,0.4807424904815291,-2.2860783308100006,0.6290593636776242,0.0,50.0,20.0,1.0,0.0,0.0,0.0,-365.23212024542346,70.0,83.59394487695282,0.9121569358477937,0.0,0.4098410965054189,0.0
2.2342779636383057,10.012423107118487,-4.351816255907871,-3.7162558488179096,0.4101078004187599,-2.178683298764468,0.5324085841867076,0.0,50.0,20.0,1.0,0.0,0.0,0.0,-367.9075589665144,70.0,80.69862955299226,0.9200580700341902,0.0,0.39178201562215853,0.0
2.251577854156494,10.391947428462693,-3.906182648127732,-3.4877332016698164,0.3836471927697489,-2.1587037036091146,0.6700852774127075,0.0,50.0,20.0,1.0,0.0,0.0,0.0,-369.28932188134536,70.0,79.28932188134513,0.9238795325112871,0.0,0.38268343236508906,0.0
2.284336566925049,11.053258799158263,-3.494589251872725,-2.9009490539537843,0.310453147110066,-2.2350417789358374,0.6642012622858767,0.0,50.0,20.0,1.0,0.0,0.0,0.0,-370.6986295529925,70.0,77.90755896651415,0.9276110203999461,0.0,0.37354758041321956,0.0
2.317995309829712,11.38588729544284,-2.878992407900544,-2.71942330683735,0.18156480468638925,-2.117772154328519,0.8130844441271268,0.0,50.0,20.0,1.0,0.0,0.0,0.0,-372.134017394298,70.0,76.5547251011847,0.9312498990572168,0.0,0.364381154158559,0.0
2.3408188819885254,10.993903983087627,-3.238294543028381,-3.221913711496081,0.08302870712205906,-2.054126423207342,0.9472012864435894,0.0,50.0,20.0,1.0,0.0,0.0,0.0,-373.59394487695306,70.0,75.23212024542322,0.93479377339223,0.0,0.35519093629640397,0.0
2.37312388420105,11.252676394221382,-3.3707253668386414,-2.644017149194392,-0.07263437167264816,-2.1757093803005914,0.839692158829128,0.0,50.0,20.0,1.0,0.0,0.0,0.0,-376.580905065293,70.0,72.68235390505852,0.9415881427007816,0.0,0.33676663956706365,0.0
2.4021854400634766,11.255560207901953,-2.862417239931923,-2.32126486650609,-0.0003731455719018506,-2.2179504031639765,0.789657381986605,0.0,50.0,20.0,1.0,0.0,0.0,0.0,-378.10452007253076,70.0,71.45733920633799,0.944835067071661,0.0,0.3275464791929383,0.0
2.434628486633301,11.527133889821785,-3.5037654353543597,-2.2455103738643243,0.009725128710229819,-2.2669727511967084,0.9408539269062219,0.0,50.0,20.0,1.0,0.0,0.0,0.0,-379.64584980026365,70.0,70.26684156721454,0.9479798479735354,0.0,0.3183303438820634,0.0
2.4679510593414307,10.995198810763616,-3.8719688986538037,-1.4867282030743134,-0.15910647992476473,-2.276312092041319,0.8726062426213799,0.0,50.0,20.0,1.0,0.0,0.0,0.0,-381.2030484442469,70.0,69.11169127895907,0.9510213160624764,0.0,0.3091253085640116,0.0
2.501084566116333,10.692240633893954,-4.268287765531621,-1.931561905374216,-0.013637804325684622,-2.3559184162140525,0.7538501498869137,0.0,50.0,20.0,1.0,0.0,0.0,0.0,-384.35745120881893,70.0,66.91024874257333,0.9567908634007399,0.0,0.29077696558164073,0.0
2.534660577774048,10.718112592224351,-4.88039418563346,-2.61008412868716,-0.12812216268559612,-2.2206876210331514,0.6075517629737239,0.0,50.0,20.0,1.0,0.0,0.0,0.0,-385.95076299293333,70.0,65.86510843321936,0.9595178256988784,0.0,0.281647904600934,0.0
2.5680735111236572,10.970601770459263,-5.456355297130942,-3.132099868930237,-0.2458135762032235,-2.1531112929037772,0.47177566056012427,0.0,50.0,20.0,1.0,0.0,0.0,0.0,-387.5521707049735,70.0,64.85761806103991,0.9621392361268718,0.0,0.2725584163169422,0.0
2.58457612991333,11.213360891103122,-5.56300977849902,-3.3299735580903906,-0.30857147966798115,-2.3165834690778406,0.3377264237114885,0.0,50.0,20.0,1.0,0.0,0.0,0.0,-389.1596628000391,70.0,63.888095402585165,0.9646551316336187,0.0,0.26351561056781025,0.0
2.617933750152588,10.655989323797705,-5.403104506242734,-2.8269637963220955,-0.1286428089457427,-2.4758392538560647,0.48129448510384043,0.0,50.0,20.0,1.0,0.0,0.0,0.0,-390.7712121128715,70.0,62.956755327227654,0.9670657802672276,0.0,0.25452657353631714,0.0
2.6511921882629395,9.90961380906536,-5.3623720309290155,-3.3104623843552394,0.04133738125175085,-2.373864947922678,0.4801779057133905,0.0,50.0,20.0,1.0,0.0,0.0,0.0,-393.9983302106923,70.0,61.208973558160196,0.9715735341234851,0.0,0.23673797285353482,0.0
2.684413433074951,9.235151180569524,-6.105514614248379,-3.7724541614056664,0.19185183228658453,-2.5,0.5223590914915964,0.0,50.0,20.0,1.0,0.0,0.0,0.0,-395.6098180895441,70.0,60.39245706997298,0.9736722829834149,0.0,0.22795237517925734,0.0
2.7179970741271973,8.886979290602952,-6.248526914253234,-3.1766873963006756,0.3322719492351778,-2.5,0.5130955562979117,0.0,50.0,20.0,1.0,0.0,0.0,0.0,-397.2172123618744,70.0,59.61397739743691,0.9756690591654608,0.0,0.21924845948645696,0.0
2.736818552017212,8.281293743265008,-5.5265167943152855,-3.077155022674879,0.4469333897083914,-2.5,0.37758117797285706,0.0,50.0,20.0,1.0,0.0,0.0,0.0,-398.8184921961963,70.0,58.87325631295029,0.9775651990712684,0.0,0.2106330495547919,0.0
2.7845985889434814,8.324622774848153,-5.018851155438158,-3.3951425926162218,0.29316778699211576,-2.442554023978153,0.36377447402485696,0.0,50.0,20.0,1.0,0.0,0.0,0.0,-401.99471567766085,70.0,57.50352242610445,0.9810618675035115,0.0,0.193694636297762,0.0
2.80204439163208,8.833612388257178,-4.4002959019436805,-3.2646988710486395,0.2863852720115907,-2.290233666927154,0.44285244003106594,0.0,50.0,20.0,1.0,0.0,0.0,0.0,-403.56572234490596,70.0,56.87350853945202,0.9826659947829374,0.0,0.18538485023663637,0.0
2.834576368331909,8.621757095827508,-5.018114949813929,-2.8268956140008017,0.4424234631394995,-2.271829892934514,0.3626545193328389,0.0,50.0,20.0,1.0,0.0,0.0,0.0,-405.12274951789925,70.0,56.279258438652946,0.9841766649371114,0.0,0.1771899889758582,0.0
2.8679146766662598,8.851019336022276,-5.5865628051958485,-2.805309629592761,0.3749882842140517,-2.31056990183603,0.5529935353419694,0.0,50.0,20.0,1.0,0.0,0.0,0.0,-406.6639077250033,70.0,55.72007132038705,0.9855960853199777,0.0,0.1691163995653148,0.0
2.888808012008667,8.544541486893305,-4.99850483422967,-3.096583065095573,0.4513142645280942,-2.2601301181913924,0.6862975994613296,0.0,50.0,20.0,1.0,0.0,0.0,0.0,-408.18734614962045,70.0,55.195173883414924,0.9869266085089232,0.0,0.16117031183525907,0.0
2.934568166732788,8.436608680544651,-4.431326165770929,-2.990147083754863,0.344740063131882,-2.3381935595878547,0.7827777682836556,0.0,50.0,20.0,1.0,0.0,0.0,0.0,-411.1738740868546,70.0,54.24482016705578,0.9893310361879492,0.0,0.14568493688531725,0.0
2.951948881149292,8.753338491156086,-3.8666230540918463,-2.4619962762475898,0.5050537149260262,-2.2617440696366042,0.8540446959308715,0.0,50.0,20.0,1.0,0.0,0.0,0.0,-412.6334847957991,70.0,53.817497196328674,0.9904102756021651,0.0,0.1381574680632335,0.0
3.001260995864868,8.202875937210893,-3.1941305347991644,-2.1302771031173005,0.5281757799048441,-2.1214955237512703,0.7726115120072672,0.0,50.0,20.0,1.0,0.0,0.0,0.0,-414.06842346331416,70.0,53.42074064105688,0.9914112652147521,0.0,0.13078112709899842,0.0
3.017883539199829,7.828639360087346,-3.2085737373981407,-2.920288792804797,0.7206028345916342,-2.160777741967888,0.953445481246791,0.0,50.0,20.0,1.0,0.0,0.0,0.0,-415.47707814339384,70.0,53.05348740870156,0.9923369200813261,0.0,0.12356147070793463,0.0
3.0405588150024414,8.624213387232958,-3.428330727454266,-3.5314071326112186,0.6946937193789464,-2.0064411479519606,0.8385941887762225,0.0,50.0,20.0,1.0,0.0,0.0,0.0,-416.8578915736209,70.0,52.714632047867994,0.9931902334198922,0.0,0.11650390654111115,0.0
3.07316517829895,7.843186540995509,-3.744972978459123,-3.4018065836920846,0.6774018914289586,-2.148388725916641,0.8326176781004665,0.0,50.0,20.0,1.0,0.0,0.0,0.0,-419.5300481475097,70.0,52.11751397130982,0.9946921283208443,0.0,0.1028959175893246,0.0
3.102386474609375,7.996984418917638,-3.524591645871409,-3.2730724019976156,0.6203287623576544,-2.061872527016637,0.6332349270788749,0.0,50.0,20.0,1.0,0.0,0.0,0.0,-420.8185627599968,70.0,51.856877645920505,0.9953469805903856,0.0,0.09635553035297223,0.0
3.134617805480957,7.983785641023899,-2.918838966421343,-3.965160265684238,0.619086900024066,-1.8639989666760752,0.6931915848670205,0.0,50.0,20.0,1.0,0.0,0.0,0.0,-422.0735806937461,70.0,51.61990297394311,0.9959420089193368,0.0,0.08999730479139664,0.0
3.1679604053497314,7.968357844275408,-3.2252044526718007,-3.8954459509703754,0.48597988122063274,-1.9014247653668443,0.5604704376238813,0.0,50.0,20.0,1.0,0.0,0.0,0.0,-423.29383560245515,70.0,51.40535475431638,0.9964804193903752,0.0,0.08382585383747597,0.0
3.201277017593384,7.617873200247287,-2.6500657846784668,-3.926296615999817,0.4440262076846778,-1.8891535012484553,0.669645770565445,0.0,50.0,20.0,1.0,0.0,0.0,0.0,-425.6252892036001,70.0,51.03855452995917,0.9974002342842135,0.0,0.07206089542738031,0.0
3.2346274852752686,8.074877429514281,-2.915692137208248,-3.241614355920766,0.3543814872203108,-2.0488185282634577,0.6326423790494777,0.0,50.0,20.0,1.0,0.0,0.0,0.0,-426.734252869036,70.0,50.88380579815768,0.9977880391191366,0.0,0.06647577747411756,0.0
3.267960548400879,7.889760477654689,-3.244485215879327,-3.4782093371091958,0.45664480564343063,-1.8586353180179693,0.7440068046837714,0.0,50.0,20.0,1.0,0.0,0.0,0.0,-427.80398254716243,70.0,50.74650052370909,0.9981320039861734,0.0,0.06109421100681643,0.0
3.2845396995544434,7.854398917405359,-3.0243271883873253,-3.168665144317278,0.5552764152932023,-1.8637659350747742,0.6734478779850591,0.0,50.0,20.0,1.0,0.0,0.0,0.0,-428.8335068688037,70.0,50.62540852335067,0.9984352544773479,0.0,0.05591996617267721,0.0
3.3179688453674316,7.716719903428003,-2.8569320447519804,-3.4685660316091957,0.4214454600294924,-1.9445665346086276,0.7973628835612656,0.0,50.0,20.0,1.0,0.0,0.0,0.0,-429.82191142447556,70.0,50.51931588017311,0.9987008664255451,0.0,0.05095664236255689,0.0
3.3514740467071533,7.675520640726249,-3.026760615215788,-3.873722159599404,0.6150134732405855,-2.1406212762154024,0.8939048219909217,0.0,50.0,20.0,1.0,0.0,0.0,0.0,-431.67198173778354,70.0,50.34738281497977,0.9991311655258789,0.0,0.041676301118247716,0.0
3.4013586044311523,7.129114351288404,-3.081940600936333,-3.8671473921994703,0.8093154435177757,-2.1425462371866635,0.9447711278897393,0.0,50.0,20.0,1.0,0.0,0.0,0.0,-432.53209303255454,70.0,50.27923804179201,0.9993016610568802,0.0,0.0373656287108903,0.0
3.4179275035858154,6.691269002690221,-3.6467752428885682,-3.543467869720561,0.6980118834563247,-2.2071259624633774,0.9308041878797177,0.0,50.0,20.0,1.0,0.0,0.0,0.0,-433.347972869548,70.0,50.22149261962409,0.9994461150566746,0.0,0.03327856815009359,0.0
3.4365837574005127,6.8126397123844695,-3.2293295565179587,-3.075758615540946,0.7043047190833486,-2.3259296054720067,0.8463786449634507,0.0,50.0,20.0,1.0,0.0,0.0,0.0,-434.11897293928797,70.0,50.17308218365562,0.9995672008833232,0.0,0.029417867330555344,0.0
3.4845528602600098,7.3978896998952255,-3.513754433538614,-3.320421786621389,0.7614804086424594,-2.132469867886663,0.7626762142894693,0.0,50.0,20.0,1.0,0.0,0.0,0.0,-435.5239831047739,70.0,50.10022386034265,0.9997494089512065,0.0,0.022385694130700663,0.0
3.501445770263672,6.894766288787161,-3.1392367579453317,-3.3167642667514685,0.6356256339056607,-2.2930210784860985,0.5654807139693612,0.0,50.0,20.0,1.0,0.0,0.0,0.0,-436.1569343884762,70.0,50.0738730526119,0.9998153003114828,0.0,0.01921887777835824,0.0
3.534585475921631,7.165097994592244,-3.5295316550088116,-3.5409648594744114,0.8140292268992262,-2.095436480656428,0.6511657387881876,0.0,50.0,20.0,1.0,0.0,0.0,0.0,-436.74288510363357,70.0,50.05305806303092,0.9998673460438866,0.0,0.016287735114331296,0.0
3.568007707595825,7.027104817100756,-3.0256795148196702,-3.26974326622448,0.819929049689797,-2.057031763273166,0.6179166915708301,0.0,50.0,20.0,1.0,0.0,0.0,0.0,-437.28141525427816,70.0,50.03696034543404,0.9999075948670606,0.0,0.013594179900609998,0.0
3.588747978210449,6.360525293929695,-3.3240453041674014,-3.011751862204528,0.8384665848866846,-1.8691623518015783,0.43752259953949946,0.0,50.0,20.0,1.0,0.0,0.0,0.0,-437.7721458474914,70.0,50.024819750724376,0.999937948698007,0.0,0.011139962011689878,0.0
3.6345808506011963,6.50842504526057,-2.5608185318533483,-2.4615762363201323,0.8532263855514735,-2.0536780215154784,0.47910636751573576,0.0,50.0,20.0,1.0,0.0,0.0,0.0,-438.6088887970173,70.0,50.00967642006084,0.9999758086572373,0.0,0.0069557242832239,0.0
3.6516289710998535,7.2666499754310925,-2.7072689067401137,-2.5156321726465247,0.6975118618936723,-2.1458332952298673,0.56640119854684,0.0,50.0,20.0,1.0,0.0,0.0,0.0,-438.9543355600243,70.0,50.005467220057625,0.9999863318564469,0.0,0.005228393662313638,0.0
3.6845297813415527,7.037936258488839,-3.05395528767598,-3.2172348022073964,0.6482109814551131,-2.1914892810953224,0.7656896322754212,0.0,50.0,20.0,1.0,0.0,0.0,0.0,-439.2508491336441,70.0,50.00280617447589,0.9999929845392019,0.0,0.0037457806101563614,0.0
3.71777081489563,6.267690918686284,-2.864546807630718,-2.5384823421890665,0.5364951228014375,-2.294764091213376,0.5751318254318771,0.0,50.0,20.0,1.0,0.0,0.0,0.0,-439.49823560707983,70.0,50.001258845453464,0.9999968528814142,0.0,0.002508829860185865,0.0
3.7406342029571533,6.487908133246741,-3.3580715244940453,-1.8140068652659864,0.33902917833024804,-2.4317827131637824,0.7128410761194961,0.0,50.0,20.0,1.0,0.0,0.0,0.0,-439.6963348389046,70.0,50.00046106371322,0.9999988473400526,0.0,0.0015183275555923576,0.0
3.7726545333862305,6.2354724203149265,-2.6924313411085077,-1.2521779324178077,0.2955107526800177,-2.2812963154775527,0.5830053690947641,0.0,50.0,20.0,1.0,0.0,0.0,0.0,-439.9441953145839,70.0,50.000015570815776,0.9999999610729597,0.0,0.0002790234379418761,0.0
3.8024208545684814,6.331748281469174,-2.202149574296852,-2.0224873073278054,0.338065805512889,-2.464037348681221,0.4441524352405175,0.0,50.0,20.0,1.0,0.0,0.0,0.0,-439.9937988262727,70.0,50.00000019227278,0.9999999995193181,0.0,3.1005868651236565e-05,0.0
3.8345749378204346,6.157231639111304,-1.8203271124735318,-2.5738412678148515,0.34874818427874277,-2.2808125886445385,0.6310813022863104,0.0,50.0,20.0,1.0,0.0,0.0,0.0,-439.9937988262727,70.0,50.00000019227278,0.9999999995193181,0.0,3.1005868651236565e-05,0.0
3.867913007736206,6.420488362267383,-2.2853290944511064,-3.1722903933401936,0.2126816871262903,-2.373021360768204,0.5503139673120536,0.0,50.0,20.0,1.0,0.0,0.0,0.0,-439.9441953145839,70.0,50.000015570815776,0.9999999610729597,0.0,0.0002790234379419633,0.0
3.9178948402404785,7.067839686562597,-1.783095270601504,-3.9550224150340525,0.29005916768896556,-2.5,0.6417298779292074,0.0,50.0,20.0,1.0,0.0,0.0,0.0,-439.69633483890453,70.0,50.00046106371322,0.9999988473400526,0.0,0.0015183275555925757,0.0
3.934575319290161,6.986509361131815,-1.2912942860925938,-4.102117472922442,0.1824030606483795,-2.4231249342490178,0.6044635253619448,0.0,50.0,20.0,1.0,0.0,0.0,0.0,-439.4982356070798,70.0,50.001258845453464,0.9999968528814142,0.0,0.0025088298601861265,0.0
3.9677631855010986,7.760057556255129,-2.003514672300355,-3.342365871745214,0.33916721813496375,-2.5,0.7210280167704796,0.0,50.0,20.0,1.0,0.0,0.0,0.0,-439.25084913364407,70.0,50.00280617447589,0.9999929845392019,0.0,0.00374578061015671,0.0
3.984628438949585,8.50295949195398,-1.2676181532156512,-3.2767680549585116,0.2335505970015067,-2.5,0.5428892596659893,0.0,50.0,20.0,1.0,0.0,0.0,0.0,-438.9543355600242,70.0,50.005467220057625,0.9999863318564468,0.0,0.005228393662314075,0.0
4.017980575561523,8.027228746836196,-1.7147812538705303,-2.5119767947828415,0.3683169329524419,-2.352071764200033,0.6921952590762833,0.0,50.0,20.0,1.0,0.0,0.0,0.0,-438.6088887970172,70.0,50.00967642006084,0.9999758086572373,0.0,0.006955724283224423,0.0
4.051314353942871,8.258072985452754,-1.4968045248855302,-3.247689470335449,0.548282853800266,-2.3863862535584426,0.5028834274376969,0.0,50.0,20.0,1.0,0.0,0.0,0.0,-437.7721458474913,70.0,50.024819750724376,0.999937948698007,0.0,0.011139962011690489,0.0
4.084629774093628,8.926880666700374,-1.811321766224105,-3.517825435822865,0.47715849867204585,-2.449525414541627,0.4418477271140123,0.0,50.0,20.0,1.0,0.0,0.0,0.0,-437.28141525427804,70.0,50.03696034543404,0.9999075948670606,0.0,0.013594179900610695,0.0
4.11795449256897,8.837013207358385,-1.3498616277302584,-3.049950756255769,0.6247805938351114,-2.5,0.465514516011055,0.0,50.0,20.0,1.0,0.0,0.0,0.0,-436.7428851036334,70.0,50.05305806303093,0.9998673460438866,0.0,0.016287735114332166,0.0
4.136425971984863,9.386033320207734,-1.6980860898848094,-3.46354768861001,0.6482157869103018,-2.3473383352686024,0.30067628263450186,0.0,50.0,20.0,1.0,0.0,0.0,0.0,-436.15693438847603,70.0,50.0738730526119,0.9998153003114828,0.0,0.019218877778359067,0.0
4.184381723403931,9.311646997011085,-2.4679228849721837,-4.216514930091174,0.7739951590914333,-2.3051980473170017,0.3922558965817735,0.0,50.0,20.0,1.0,0.0,0.0,0.0,-434.8444937619927,70.0,50.132984647432934,0.9996674830976725,0.0,0.02578610550596264,0.0
4.201540231704712,9.67303476536217,-1.7430496422362134,-3.531778630210501,0.8652742888882823,-2.244353598972569,0.5283756693839204,0.0,50.0,20.0,1.0,0.0,0.0,0.0,-434.11897293928786,70.0,50.17308218365564,0.9995672008833232,0.0,0.029417867330555954,0.0
4.234577417373657,9.295269186735307,-1.6611022367326198,-3.985797827882433,0.9637293276465161,-2.0468042021478445,0.615424529553982,0.0,50.0,20.0,1.0,0.0,0.0,0.0,-433.3479728695479,70.0,50.2214926196241,0.9994461150566746,0.0,0.033278568150094244,0.0
4.267935276031494,9.710429809607382,-2.2586096298747607,-4.148439116847367,0.937123977684646,-1.9906670894898308,0.5844904140335831,0.0,50.0,20.0,1.0,0.0,0.0,0.0,-432.53209303255437,70.0,50.27923804179203,0.9993016610568802,0.0,0.037365628710891004,0.0
4.288838863372803,9.667287277358849,-2.518807044141048,-3.6148692989522178,0.9036800492581156,-2.137548429365014,0.5679590574549963,0.0,50.0,20.0,1.0,0.0,0.0,0.0,-431.6719817377834,70.0,50.34738281497978,0.9991311655258789,0.0,0.04167630111824828,0.0
4.334628343582153,9.933740283174242,-3.249568192013142,-3.9947558939909005,0.7584679805740776,-2.1061578578956106,0.5143410906508622,0.0,50.0,20.0,1.0,0.0,0.0,0.0,-429.8219114244755,70.0,50.51931588017311,0.9987008664255451,0.0,0.050956642362557154,0.0
4.351754426956177,10.188379450590997,-4.035918701331489,-4.146298793167885,0.7062876767767743,-2.1743184885638875,0.5342494123859174,0.0,50.0,20.0,1.0,0.0,0.0,0.0,-428.8335068688036,70.0,50.625408523350686,0.9984352544773479,0.0,0.05591996617267751,0.0
4.384547233581543,9.423900086713173,-4.207191658972884,-3.5644793376918376,0.8780577583419518,-2.3653321786050037,0.4029747492456515,0.0,50.0,20.0,1.0,0.0,0.0,0.0,-427.80398254716243,70.0,50.74650052370909,0.9981320039861734,0.0,0.061094211006816564,0.0
4.418020248413086,9.917068770142611,-3.488368772503419,-3.4190839534685358,0.7988195475313195,-2.2459429337066164,0.48655562949132886,0.0,50.0,20.0,1.0,0.0,0.0,0.0,-426.734252869036,70.0,50.88380579815768,0.9977880391191366,0.0,0.06647577747411748,0.0
4.440810203552246,9.229744131459901,-3.256143956197419,-3.419038618776553,0.9308556060588982,-2.3064263480121623,0.5533883858773799,0.0,50.0,20.0,1.0,0.0,0.0,0.0,-425.6252892036002,70.0,51.03855452995917,0.9974002342842136,0.0,0.07206089542738021,0.0
4.473140239715576,9.657060624931239,-2.9578247731311267,-2.8374066326166876,0.8085063153255532,-2.4481465134435285,0.6669751699333241,0.0,50.0,20.0,1.0,0.0,0.0,0.0,-423.2938356024552,70.0,51.40535475431636,0.9964804193903752,0.0,0.08382585383747568,0.0
4.502408742904663,9.4457084549554,-2.2161310620105965,-2.9003815298310864,0.7025499089382354,-2.306138913893187,0.6293807307873084,0.0,50.0,20.0,1.0,0.0,0.0,0.0,-422.07358069374624,70.0,51.619902973943084,0.9959420089193369,0.0,0.08999730479139609,0.0
4.534610033035278,8.897568404209524,-2.2061064876456893,-2.151558095613826,0.6902722062943755,-2.452930037762219,0.49877340419295646,0.0,50.0,20.0,1.0,0.0,0.0,0.0,-420.8185627599969,70.0,51.85687764592049,0.9953469805903856,0.0,0.09635553035297144,0.0
4.567733287811279,8.968136091029281,-1.9325995037605537,-2.7221970563943874,0.7781788948302544,-2.3226336903671783,0.554402966181351,0.0,50.0,20.0,1.0,0.0,0.0,0.0,-419.5300481475099,70.0,52.117513971309776,0.9946921283208444,0.0,0.1028959175893237,0.0
4.601086854934692,9.611267567217602,-1.6876141451660607,-2.82018451999665,0.8481356563869784,-2.202626805346754,0.3773327584893037,0.0,50.0,20.0,1.0,0.0,0.0,0.0,-416.8578915736211,70.0,52.71463204786794,0.9931902334198923,0.0,0.11650390654111008,0.0
4.634505271911621,9.53676216989502,-2.2490656451826654,-2.603446734369645,0.8119460317919741,-2.36911715453448,0.4144968138353181,0.0,50.0,20.0,1.0,0.0,0.0,0.0,-415.4770781433941,70.0,53.0534874087015,0.9923369200813262,0.0,0.12356147070793325,0.0
4.6679368019104,9.366080172708877,-1.6778337065426838,-2.9048586483072194,0.6770103703100647,-2.34470066161307,0.3740635073096544,0.0,50.0,20.0,1.0,0.0,0.0,0.0,-414.06842346331445,70.0,53.420740641056796,0.9914112652147523,0.0,0.1307811270989969,0.0
4.684516668319702,8.981014134102447,-2.024483278352527,-2.3469114004714013,0.8385146724051153,-2.39632837214618,0.2460637678696035,0.0,50.0,20.0,1.0,0.0,0.0,0.0,-412.63348479579946,70.0,53.817497196328574,0.9904102756021653,0.0,0.13815746806323162,0.0
4.718008995056152,8.545740425363466,-2.0161314013507114,-1.908757147845701,1.0215841939767194,-2.2421807705693806,0.27396600561552403,0.0,50.0,20.0,1.0,0.0,0.0,0.0,-411.17387408685505,70.0,54.24482016705565,0.9893310361879495,0.0,0.14568493688531514,0.0
4.751291990280151,9.300700670817008,-2.7287052929328213,-2.4973473259016576,1.1639910438212953,-2.4328328938737083,0.16340929663868586,0.0,50.0,20.0,1.0,0.0,0.0,0.0,-408.1873461496209,70.0,55.19517388341477,0.9869266085089236,0.0,0.1611703118352567,0.0
4.784579753875732,9.170700490172974,-2.7448425902880347,-2.889772088871769,1.2833425522085185,-2.405214458545187,0.254004147403823,0.0,50.0,20.0,1.0,0.0,0.0,0.0,-406.6639077250038,70.0,55.720071320386864,0.9855960853199781,0.0,0.16911639956531224,0.0
4.817990779876709,9.706097413567386,-2.94239227317109,-3.3465497358241363,1.4589561558319184,-2.455651449495809,0.10444091055394741,0.0,50.0,20.0,1.0,0.0,0.0,0.0,-405.1227495178998,70.0,56.27925843865275,0.9841766649371119,0.0,0.17718998897585536,0.0
4.836764812469482,10.164611084608996,-2.5160989707295585,-3.8465736597314764,1.480715681833324,-2.5,0.11379928030161204,0.0,50.0,20.0,1.0,0.0,0.0,0.0,-403.56572234490653,70.0,56.87350853945179,0.9826659947829379,0.0,0.18538485023663331,0.0
4.884654521942139,10.619627166963895,-2.349674411618083,-4.614207127598018,1.347794556557491,-2.370953604613849,0.023061584434804244,0.0,50.0,20.0,1.0,0.0,0.0,0.0,-400.4116538867489,70.0,58.16992403347673,0.9793622311650662,0.0,0.20211288966165322,0.0
