# Timestamp, Fx, Fy, Fz, Tx, Ty, Tz, FemurPosX, FemurPosY, FemurPosZ, FemurQuatW, FemurQuatX, FemurQuatY, FemurQuatZ, TibiaPosX, TibiaPosY, TibiaPosZ, TibiaQuatW, TibiaQuatX, TibiaQuatY, TibiaQuatZ
0.0033922195434570312,-4.07755,-5.35612,2.35725,-2.21308,-3.41521,3.41119,0.731704,-0.224808,0.698354,-0.165532,0.0842874,0.98216,0.0292779,-0.0694097,-0.0016774,0.556952,0.251138,0.116053,0.957095,-0.0862011
0.023724079132080078,-4.07755,-5.35612,2.35725,-2.21308,-3.41521,3.41119,0.731704,-0.224808,0.698354,-0.165532,0.0842874,0.98216,0.0292779,-0.0694097,-0.0016774,0.556952,0.251138,0.116053,0.957095,-0.0862011
0.04406261444091797,-4.07755,-5.35612,2.35725,-2.21308,-3.41521,3.41119,0.731704,-0.224808,0.698354,-0.165532,0.0842874,0.98216,0.0292779,-0.0694097,-0.0016774,0.556952,0.251138,0.116053,0.957095,-0.0862011
0.06337690353393555,-4.07755,-5.35612,2.35725,-2.21308,-3.41521,3.41119,0.731704,-0.224808,0.698354,-0.165532,0.0842874,0.98216,0.0292779,-0.0694097,-0.0016774,0.556952,0.251138,0.116053,0.957095,-0.0862011
0.0836935043334961,-4.07755,-5.35612,2.35725,-2.21308,-3.41521,3.41119,0.731704,-0.224808,0.698354,-0.165532,0.0842874,0.98216,0.0292779,-0.0694097,-0.0016774,0.556952,0.251138,0.116053,0.957095,-0.0862011
0.10401606559753418,-4.07755,-5.35612,2.35725,-2.21308,-3.41521,3.41119,0.731704,-0.224808,0.698354,-0.165532,0.0842874,0.98216,0.0292779,-0.0694097,-0.0016774,0.556952,0.251138,0.116053,0.957095,-0.0862011
0.12433266639709473,-4.07755,-5.35612,2.35725,-2.21308,-3.41521,3.41119,0.731704,-0.224808,0.698354,-0.165532,0.0842874,0.98216,0.0292779,-0.0694097,-0.0016774,0.556952,0.251138,0.116053,0.957095,-0.0862011
0.1436452865600586,-4.07755,-5.35612,2.35725,-2.21308,-3.41521,3.41119,0.731704,-0.224808,0.698354,-0.165532,0.0842874,0.98216,0.0292779,-0.0694097,-0.0016774,0.556952,0.251138,0.116053,0.957095,-0.0862011
0.16396260261535645,-4.07755,-5.35612,2.35725,-2.21308,-3.41521,3.41119,0.731704,-0.224808,0.698354,-0.165532,0.0842874,0.98216,0.0292779,-0.0694097,-0.0016774,0.556952,0.251138,0.116053,0.957095,-0.0862011
0.18428564071655273,-4.07755,-5.35612,2.35725,-2.21308,-3.41521,3.41119,0.731704,-0.224808,0.698354,-0.165532,0.0842874,0.98216,0.0292779,-0.0694097,-0.0016774,0.556952,0.251138,0.116053,0.957095,-0.0862011
0.20358705520629883,-4.07755,-5.35612,2.35725,-2.21308,-3.41521,3.41119,0.731704,-0.224808,0.698354,-0.165532,0.0842874,0.98216,0.0292779,-0.0694097,-0.0016774,0.556952,0.251138,0.116053,0.957095,-0.0862011
0.22382831573486328,-4.07755,-5.35612,2.35725,-2.21308,-3.41521,3.41119,0.731704,-0.224808,0.698354,-0.165532,0.0842874,0.98216,0.0292779,-0.0694097,-0.0016774,0.556952,0.251138,0.116053,0.957095,-0.0862011
0.2441716194152832,-4.07755,-5.35612,2.35725,-2.21308,-3.41521,3.41119,0.731704,-0.224808,0.698354,-0.165532,0.0842874,0.98216,0.0292779,-0.0694097,-0.0016774,0.556952,0.251138,0.116053,0.957095,-0.0862011
0.2634878158569336,-4.07755,-5.35612,2.35725,-2.21308,-3.41521,3.41119,0.731704,-0.224808,0.698354,-0.165532,0.0842874,0.98216,0.0292779,-0.0694097,-0.0016774,0.556952,0.251138,0.116053,0.957095,-0.0862011
0.28380703926086426,-4.07755,-5.35612,2.35725,-2.21308,-3.41521,3.41119,0.731704,-0.224808,0.698354,-0.165532,0.0842874,0.98216,0.0292779,-0.0694097,-0.0016774,0.556952,0.251138,0.116053,0.957095,-0.0862011
0.3041505813598633,-4.07755,-5.35612,2.35725,-2.21308,-3.41521,3.41119,0.731704,-0.224808,0.698354,-0.165532,0.0842874,0.98216,0.0292779,-0.0694097,-0.0016774,0.556952,0.251138,0.116053,0.957095,-0.0862011
0.32346653938293457,-4.07755,-5.35612,2.35725,-2.21308,-3.41521,3.41119,0.731704,-0.224808,0.698354,-0.165532,0.0842874,0.98216,0.0292779,-0.0694097,-0.0016774,0.556952,0.251138,0.116053,0.957095,-0.0862011
0.34378600120544434,-4.07755,-5.35612,2.35725,-2.21308,-3.41521,3.41119,0.731704,-0.224808,0.698354,-0.165532,0.0842874,0.98216,0.0292779,-0.0694097,-0.0016774,0.556952,0.251138,0.116053,0.957095,-0.0862011
0.3641066551208496,-4.07755,-5.35612,2.35725,-2.21308,-3.41521,3.41119,0.731704,-0.224808,0.698354,-0.165532,0.0842874,0.98216,0.0292779,-0.0694097,-0.0016774,0.556952,0.251138,0.116053,0.957095,-0.0862011
0.3834202289581299,-4.07755,-5.35612,2.35725,-2.21308,-3.41521,3.41119,0.731704,-0.224808,0.698354,-0.165532,0.0842874,0.98216,0.0292779,-0.0694097,-0.0016774,0.556952,0.251138,0.116053,0.957095,-0.0862011
0.403745174407959,-4.07755,-5.35612,2.35725,-2.21308,-3.41521,3.41119,0.731704,-0.224808,0.698354,-0.165532,0.0842874,0.98216,0.0292779,-0.0694097,-0.0016774,0.556952,0.251138,0.116053,0.957095,-0.0862011
0.42406368255615234,-4.07755,-5.35612,2.35725,-2.21308,-3.41521,3.41119,0.731704,-0.224808,0.698354,-0.165532,0.0842874,0.98216,0.0292779,-0.0694097,-0.0016774,0.556952,0.251138,0.116053,0.957095,-0.0862011
0.44335222244262695,-4.07755,-5.35612,2.35725,-2.21308,-3.41521,3.41119,0.731704,-0.224808,0.698354,-0.165532,0.0842874,0.98216,0.0292779,-0.0694097,-0.0016774,0.556952,0.251138,0.116053,0.957095,-0.0862011
0.4636974334716797,-4.07755,-5.35612,2.35725,-2.21308,-3.41521,3.41119,0.731704,-0.224808,0.698354,-0.165532,0.0842874,0.98216,0.0292779,-0.0694097,-0.0016774,0.556952,0.251138,0.116053,0.957095,-0.0862011
0.48401737213134766,-4.07755,-5.35612,2.35725,-2.21308,-3.41521,3.41119,0.731704,-0.224808,0.698354,-0.165532,0.0842874,0.98216,0.0292779,-0.0694097,-0.0016774,0.556952,0.251138,0.116053,0.957095,-0.0862011
0.5042378902435303,-4.07755,-5.35612,2.35725,-2.21308,-3.41521,3.41119,0.731704,-0.224808,0.698354,-0.165532,0.0842874,0.98216,0.0292779,-0.0694097,-0.0016774,0.556952,0.251138,0.116053,0.957095,-0.0862011
0.5235466957092285,-4.07755,-5.35612,2.35725,-2.21308,-3.41521,3.41119,0.731704,-0.224808,0.698354,-0.165532,0.0842874,0.98216,0.0292779,-0.0694097,-0.0016774,0.556952,0.251138,0.116053,0.957095,-0.0862011
0.5438632965087891,-4.07755,-5.35612,2.35725,-2.21308,-3.41521,3.41119,0.731704,-0.224808,0.698354,-0.165532,0.0842874,0.98216,0.0292779,-0.0694097,-0.0016774,0.556952,0.251138,0.116053,0.957095,-0.0862011
0.5641779899597168,-4.07755,-5.35612,2.35725,-2.21308,-3.41521,3.41119,0.731704,-0.224808,0.698354,-0.165532,0.0842874,0.98216,0.0292779,-0.0694097,-0.0016774,0.556952,0.251138,0.116053,0.957095,-0.0862011
0.5834918022155762,-4.07755,-5.35612,2.35725,-2.21308,-3.41521,3.41119,0.731704,-0.224808,0.698354,-0.165532,0.0842874,0.98216,0.0292779,-0.0694097,-0.0016774,0.556952,0.251138,0.116053,0.957095,-0.0862011
0.6038129329681396,-4.07755,-5.35612,2.35725,-2.21308,-3.41521,3.41119,0.731704,-0.224808,0.698354,-0.165532,0.0842874,0.98216,0.0292779,-0.0694097,-0.0016774,0.556952,0.251138,0.116053,0.957095,-0.0862011
0.6241405010223389,-4.07755,-5.35612,2.35725,-2.21308,-3.41521,3.41119,0.731704,-0.224808,0.698354,-0.165532,0.0842874,0.98216,0.0292779,-0.0694097,-0.0016774,0.556952,0.251138,0.116053,0.957095,-0.0862011
0.6433591842651367,-4.07755,-5.35612,2.35725,-2.21308,-3.41521,3.41119,0.731704,-0.224808,0.698354,-0.165532,0.0842874,0.98216,0.0292779,-0.0694097,-0.0016774,0.556952,0.251138,0.116053,0.957095,-0.0862011
0.6636788845062256,-4.07755,-5.35612,2.35725,-2.21308,-3.41521,3.41119,0.731704,-0.224808,0.698354,-0.165532,0.0842874,0.98216,0.0292779,-0.0694097,-0.0016774,0.556952,0.251138,0.116053,0.957095,-0.0862011
0.6839964389801025,-4.07755,-5.35612,2.35725,-2.21308,-3.41521,3.41119,0.731704,-0.224808,0.698354,-0.165532,0.0842874,0.98216,0.0292779,-0.0694097,-0.0016774,0.556952,0.251138,0.116053,0.957095,-0.0862011
0.7039237022399902,-4.07755,-5.35612,2.35725,-2.21308,-3.41521,3.41119,0.731704,-0.224808,0.698354,-0.165532,0.0842874,0.98216,0.0292779,-0.0694097,-0.0016774,0.556952,0.251138,0.116053,0.957095,-0.0862011
0.7239835262298584,-4.07755,-5.35612,2.35725,-2.21308,-3.41521,3.41119,0.731704,-0.224808,0.698354,-0.165532,0.0842874,0.98216,0.0292779,-0.0694097,-0.0016774,0.556952,0.251138,0.116053,0.957095,-0.0862011
0.7439634799957275,-4.07755,-5.35612,2.35725,-2.21308,-3.41521,3.41119,0.731704,-0.224808,0.698354,-0.165532,0.0842874,0.98216,0.0292779,-0.0694097,-0.0016774,0.556952,0.251138,0.116053,0.957095,-0.0862011
0.7642917633056641,-4.07755,-5.35612,2.35725,-2.21308,-3.41521,3.41119,0.731704,-0.224808,0.698354,-0.165532,0.0842874,0.98216,0.0292779,-0.0694097,-0.0016774,0.556952,0.251138,0.116053,0.957095,-0.0862011
0.7839767932891846,-4.07755,-5.35612,2.35725,-2.21308,-3.41521,3.41119,0.731704,-0.224808,0.698354,-0.165532,0.0842874,0.98216,0.0292779,-0.0694097,-0.0016774,0.556952,0.251138,0.116053,0.957095,-0.0862011
0.8039860725402832,-4.07755,-5.35612,2.35725,-2.21308,-3.41521,3.41119,0.731704,-0.224808,0.698354,-0.165532,0.0842874,0.98216,0.0292779,-0.0694097,-0.0016774,0.556952,0.251138,0.116053,0.957095,-0.0862011
0.8239514827728271,-4.07755,-5.35612,2.35725,-2.21308,-3.41521,3.41119,0.731704,-0.224808,0.698354,-0.165532,0.0842874,0.98216,0.0292779,-0.0694097,-0.0016774,0.556952,0.251138,0.116053,0.957095,-0.0862011
0.8439741134643555,-4.07755,-5.35612,2.35725,-2.21308,-3.41521,3.41119,0.731704,-0.224808,0.698354,-0.165532,0.0842874,0.98216,0.0292779,-0.0694097,-0.0016774,0.556952,0.251138,0.116053,0.957095,-0.0862011
0.8642730712890625,-4.07755,-5.35612,2.35725,-2.21308,-3.41521,3.41119,0.731704,-0.224808,0.698354,-0.165532,0.0842874,0.98216,0.0292779,-0.0694097,-0.0016774,0.556952,0.251138,0.116053,0.957095,-0.0862011
0.8833596706390381,-4.07755,-5.35612,2.35725,-2.21308,-3.41521,3.41119,0.731704,-0.224808,0.698354,-0.165532,0.0842874,0.98216,0.0292779,-0.0694097,-0.0016774,0.556952,0.251138,0.116053,0.957095,-0.0862011
0.9036819934844971,-4.07755,-5.35612,2.35725,-2.21308,-3.41521,3.41119,0.731704,-0.224808,0.698354,-0.165532,0.0842874,0.98216,0.0292779,-0.0694097,-0.0016774,0.556952,0.251138,0.116053,0.957095,-0.0862011
0.9239952564239502,-4.07755,-5.35612,2.35725,-2.21308,-3.41521,3.41119,0.731704,-0.224808,0.698354,-0.165532,0.0842874,0.98216,0.0292779,-0.0694097,-0.0016774,0.556952,0.251138,0.116053,0.957095,-0.0862011
0.9431052207946777,-4.07755,-5.35612,2.35725,-2.21308,-3.41521,3.41119,0.731704,-0.224808,0.698354,-0.165532,0.0842874,0.98216,0.0292779,-0.0694097,-0.0016774,0.556952,0.251138,0.116053,0.957095,-0.0862011
0.9643123149871826,-4.07755,-5.35612,2.35725,-2.21308,-3.41521,3.41119,0.731704,-0.224808,0.698354,-0.165532,0.0842874,0.98216,0.0292779,-0.0694097,-0.0016774,0.556952,0.251138,0.116053,0.957095,-0.0862011
0.9841408729553223,-4.07755,-5.35612,2.35725,-2.21308,-3.41521,3.41119,0.731704,-0.224808,0.698354,-0.165532,0.0842874,0.98216,0.0292779,-0.0694097,-0.0016774,0.556952,0.251138,0.116053,0.957095,-0.0862011
1.0034520626068115,-4.07755,-5.35612,2.35725,-2.21308,-3.41521,3.41119,0.731704,-0.224808,0.698354,-0.165532,0.0842874,0.98216,0.0292779,-0.0694097,-0.0016774,0.556952,0.251138,0.116053,0.957095,-0.0862011
1.023331642150879,-4.07755,-5.35612,2.35725,-2.21308,-3.41521,3.41119,0.731704,-0.224808,0.698354,-0.165532,0.0842874,0.98216,0.0292779,-0.0694097,-0.0016774,0.556952,0.251138,0.116053,0.957095,-0.0862011
1.0438807010650635,-4.07755,-5.35612,2.35725,-2.21308,-3.41521,3.41119,0.731704,-0.224808,0.698354,-0.165532,0.0842874,0.98216,0.0292779,-0.0694097,-0.0016774,0.556952,0.251138,0.116053,0.957095,-0.0862011
1.0638928413391113,-4.07755,-5.35612,2.35725,-2.21308,-3.41521,3.41119,0.731704,-0.224808,0.698354,-0.165532,0.0842874,0.98216,0.0292779,-0.0694097,-0.0016774,0.556952,0.251138,0.116053,0.957095,-0.0862011
1.0838260650634766,-4.07755,-5.35612,2.35725,-2.21308,-3.41521,3.41119,0.731704,-0.224808,0.698354,-0.165532,0.0842874,0.98216,0.0292779,-0.0694097,-0.0016774,0.556952,0.251138,0.116053,0.957095,-0.0862011
1.104090929031372,-4.07755,-5.35612,2.35725,-2.21308,-3.41521,3.41119,0.731704,-0.224808,0.698354,-0.165532,0.0842874,0.98216,0.0292779,-0.0694097,-0.0016774,0.556952,0.251138,0.116053,0.957095,-0.0862011
1.1239347457885742,-4.07755,-5.35612,2.35725,-2.21308,-3.41521,3.41119,0.731704,-0.224808,0.698354,-0.165532,0.0842874,0.98216,0.0292779,-0.0694097,-0.0016774,0.556952,0.251138,0.116053,0.957095,-0.0862011
1.1442511081695557,-4.07755,-5.35612,2.35725,-2.21308,-3.41521,3.41119,0.731704,-0.224808,0.698354,-0.165532,0.0842874,0.98216,0.0292779,-0.0694097,-0.0016774,0.556952,0.251138,0.116053,0.957095,-0.0862011
1.163562297821045,-4.07755,-5.35612,2.35725,-2.21308,-3.41521,3.41119,0.731704,-0.224808,0.698354,-0.165532,0.0842874,0.98216,0.0292779,-0.0694097,-0.0016774,0.556952,0.251138,0.116053,0.957095,-0.0862011
1.1838767528533936,-4.07755,-5.35612,2.35725,-2.21308,-3.41521,3.41119,0.731704,-0.224808,0.698354,-0.165532,0.0842874,0.98216,0.0292779,-0.0694097,-0.0016774,0.556952,0.251138,0.116053,0.957095,-0.0862011
1.2041904926300049,-4.07755,-5.35612,2.35725,-2.21308,-3.41521,3.41119,0.731704,-0.224808,0.698354,-0.165532,0.0842874,0.98216,0.0292779,-0.0694097,-0.0016774,0.556952,0.251138,0.116053,0.957095,-0.0862011
1.2235031127929688,-4.07755,-5.35612,2.35725,-2.21308,-3.41521,3.41119,0.731704,-0.224808,0.698354,-0.165532,0.0842874,0.98216,0.0292779,-0.0694097,-0.0016774,0.556952,0.251138,0.116053,0.957095,-0.0862011
1.2438220977783203,-4.07755,-5.35612,2.35725,-2.21308,-3.41521,3.41119,0.731704,-0.224808,0.698354,-0.165532,0.0842874,0.98216,0.0292779,-0.0694097,-0.0016774,0.556952,0.251138,0.116053,0.957095,-0.0862011
1.2641441822052002,-4.07755,-5.35612,2.35725,-2.21308,-3.41521,3.41119,0.731704,-0.224808,0.698354,-0.165532,0.0842874,0.98216,0.0292779,-0.0694097,-0.0016774,0.556952,0.251138,0.116053,0.957095,-0.0862011
1.283461093902588,-4.07755,-5.35612,2.35725,-2.21308,-3.41521,3.41119,0.731704,-0.224808,0.698354,-0.165532,0.0842874,0.98216,0.0292779,-0.0694097,-0.0016774,0.556952,0.251138,0.116053,0.957095,-0.0862011
1.3037810325622559,-4.07755,-5.35612,2.35725,-2.21308,-3.41521,3.41119,0.731704,-0.224808,0.698354,-0.165532,0.0842874,0.98216,0.0292779,-0.0694097,-0.0016774,0.556952,0.251138,0.116053,0.957095,-0.0862011
1.3241026401519775,-4.07755,-5.35612,2.35725,-2.21308,-3.41521,3.41119,0.731704,-0.224808,0.698354,-0.165532,0.0842874,0.98216,0.0292779,-0.0694097,-0.0016774,0.556952,0.251138,0.116053,0.957095,-0.0862011
1.3433465957641602,-4.07755,-5.35612,2.35725,-2.21308,-3.41521,3.41119,0.731704,-0.224808,0.698354,-0.165532,0.0842874,0.98216,0.0292779,-0.0694097,-0.0016774,0.556952,0.251138,0.116053,0.957095,-0.0862011
1.3636691570281982,-4.07755,-5.35612,2.35725,-2.21308,-3.41521,3.41119,0.731704,-0.224808,0.698354,-0.165532,0.0842874,0.98216,0.0292779,-0.0694097,-0.0016774,0.556952,0.251138,0.116053,0.957095,-0.0862011
1.3839890956878662,-4.07755,-5.35612,2.35725,-2.21308,-3.41521,3.41119,0.731704,-0.224808,0.698354,-0.165532,0.0842874,0.98216,0.0292779,-0.0694097,-0.0016774,0.556952,0.251138,0.116053,0.957095,-0.0862011
1.4042308330535889,-4.07755,-5.35612,2.35725,-2.21308,-3.41521,3.41119,0.731704,-0.224808,0.698354,-0.165532,0.0842874,0.98216,0.0292779,-0.0694097,-0.0016774,0.556952,0.251138,0.116053,0.957095,-0.0862011
1.423553228378296,-4.07755,-5.35612,2.35725,-2.21308,-3.41521,3.41119,0.731704,-0.224808,0.698354,-0.165532,0.0842874,0.98216,0.0292779,-0.0694097,-0.0016774,0.556952,0.251138,0.116053,0.957095,-0.0862011
1.4439170360565186,-4.07755,-5.35612,2.35725,-2.21308,-3.41521,3.41119,0.731704,-0.224808,0.698354,-0.165532,0.0842874,0.98216,0.0292779,-0.0694097,-0.0016774,0.556952,0.251138,0.116053,0.957095,-0.0862011
1.4641308784484863,-4.07755,-5.35612,2.35725,-2.21308,-3.41521,3.41119,0.731704,-0.224808,0.698354,-0.165532,0.0842874,0.98216,0.0292779,-0.0694097,-0.0016774,0.556952,0.251138,0.116053,0.957095,-0.0862011
1.4834611415863037,-4.07755,-5.35612,2.35725,-2.21308,-3.41521,3.41119,0.731704,-0.224808,0.698354,-0.165532,0.0842874,0.98216,0.0292779,-0.0694097,-0.0016774,0.556952,0.251138,0.116053,0.957095,-0.0862011
1.503774642944336,-4.07755,-5.35612,2.35725,-2.21308,-3.41521,3.41119,0.731704,-0.224808,0.698354,-0.165532,0.0842874,0.98216,0.0292779,-0.0694097,-0.0016774,0.556952,0.251138,0.116053,0.957095,-0.0862011
1.5240936279296875,-4.07755,-5.35612,2.35725,-2.21308,-3.41521,3.41119,0.731704,-0.224808,0.698354,-0.165532,0.0842874,0.98216,0.0292779,-0.0694097,-0.0016774,0.556952,0.251138,0.116053,0.957095,-0.0862011
1.543341875076294,-4.07755,-5.35612,2.35725,-2.21308,-3.41521,3.41119,0.731704,-0.224808,0.698354,-0.165532,0.0842874,0.98216,0.0292779,-0.0694097,-0.0016774,0.556952,0.251138,0.116053,0.957095,-0.0862011
1.563582181930542,-4.07755,-5.35612,2.35725,-2.21308,-3.41521,3.41119,0.731704,-0.224808,0.698354,-0.165532,0.0842874,0.98216,0.0292779,-0.0694097,-0.0016774,0.556952,0.251138,0.116053,0.957095,-0.0862011
1.583899736404419,-4.07755,-5.35612,2.35725,-2.21308,-3.41521,3.41119,0.731704,-0.224808,0.698354,-0.165532,0.0842874,0.98216,0.0292779,-0.0694097,-0.0016774,0.556952,0.251138,0.116053,0.957095,-0.0862011
1.6042046546936035,-4.07755,-5.35612,2.35725,-2.21308,-3.41521,3.41119,0.731704,-0.224808,0.698354,-0.165532,0.0842874,0.98216,0.0292779,-0.0694097,-0.0016774,0.556952,0.251138,0.116053,0.957095,-0.0862011
1.6235153675079346,-4.07755,-5.35612,2.35725,-2.21308,-3.41521,3.41119,0.731704,-0.224808,0.698354,-0.165532,0.0842874,0.98216,0.0292779,-0.0694097,-0.0016774,0.556952,0.251138,0.116053,0.957095,-0.0862011
1.6438336372375488,-4.07755,-5.35612,2.35725,-2.21308,-3.41521,3.41119,0.731704,-0.224808,0.698354,-0.165532,0.0842874,0.98216,0.0292779,-0.0694097,-0.0016774,0.556952,0.251138,0.116053,0.957095,-0.0862011
1.6641528606414795,-4.07755,-5.35612,2.35725,-2.21308,-3.41521,3.41119,0.731704,-0.224808,0.698354,-0.165532,0.0842874,0.98216,0.0292779,-0.0694097,-0.0016774,0.556952,0.251138,0.116053,0.957095,-0.0862011
1.683389663696289,-4.07755,-5.35612,2.35725,-2.21308,-3.41521,3.41119,0.731704,-0.224808,0.698354,-0.165532,0.0842874,0.98216,0.0292779,-0.0694097,-0.0016774,0.556952,0.251138,0.116053,0.957095,-0.0862011
1.7032661437988281,-4.07755,-5.35612,2.35725,-2.21308,-3.41521,3.41119,0.731704,-0.224808,0.698354,-0.165532,0.0842874,0.98216,0.0292779,-0.0694097,-0.0016774,0.556952,0.251138,0.116053,0.957095,-0.0862011
1.7242672443389893,-4.07755,-5.35612,2.35725,-2.21308,-3.41521,3.41119,0.731704,-0.224808,0.698354,-0.165532,0.0842874,0.98216,0.0292779,-0.0694097,-0.0016774,0.556952,0.251138,0.116053,0.957095,-0.0862011
1.7442874908447266,-4.07755,-5.35612,2.35725,-2.21308,-3.41521,3.41119,0.731704,-0.224808,0.698354,-0.165532,0.0842874,0.98216,0.0292779,-0.0694097,-0.0016774,0.556952,0.251138,0.116053,0.957095,-0.0862011
1.7640013694763184,-4.07755,-5.35612,2.35725,-2.21308,-3.41521,3.41119,0.731704,-0.224808,0.698354,-0.165532,0.0842874,0.98216,0.0292779,-0.0694097,-0.0016774,0.556952,0.251138,0.116053,0.957095,-0.0862011
1.7839508056640625,-4.07755,-5.35612,2.35725,-2.21308,-3.41521,3.41119,0.731704,-0.224808,0.698354,-0.165532,0.0842874,0.98216,0.0292779,-0.0694097,-0.0016774,0.556952,0.251138,0.116053,0.957095,-0.0862011
1.803907871246338,-4.07755,-5.35612,2.35725,-2.21308,-3.41521,3.41119,0.731704,-0.224808,0.698354,-0.165532,0.0842874,0.98216,0.0292779,-0.0694097,-0.0016774,0.556952,0.251138,0.116053,0.957095,-0.0862011
1.8239781856536865,-4.07755,-5.35612,2.35725,-2.21308,-3.41521,3.41119,0.731704,-0.224808,0.698354,-0.165532,0.0842874,0.98216,0.0292779,-0.0694097,-0.0016774,0.556952,0.251138,0.116053,0.957095,-0.0862011
1.8439598083496094,-4.07755,-5.35612,2.35725,-2.21308,-3.41521,3.41119,0.731704,-0.224808,0.698354,-0.165532,0.0842874,0.98216,0.0292779,-0.0694097,-0.0016774,0.556952,0.251138,0.116053,0.957095,-0.0862011
1.8638763427734375,-4.07755,-5.35612,2.35725,-2.21308,-3.41521,3.41119,0.731704,-0.224808,0.698354,-0.165532,0.0842874,0.98216,0.0292779,-0.0694097,-0.0016774,0.556952,0.251138,0.116053,0.957095,-0.0862011
1.8839445114135742,-4.07755,-5.35612,2.35725,-2.21308,-3.41521,3.41119,0.731704,-0.224808,0.698354,-0.165532,0.0842874,0.98216,0.0292779,-0.0694097,-0.0016774,0.556952,0.251138,0.116053,0.957095,-0.0862011
1.903987169265747,-4.07755,-5.35612,2.35725,-2.21308,-3.41521,3.41119,0.731704,-0.224808,0.698354,-0.165532,0.0842874,0.98216,0.0292779,-0.0694097,-0.0016774,0.556952,0.251138,0.116053,0.957095,-0.0862011
1.9239697456359863,-4.07755,-5.35612,2.35725,-2.21308,-3.41521,3.41119,0.731704,-0.224808,0.698354,-0.165532,0.0842874,0.98216,0.0292779,-0.0694097,-0.0016774,0.556952,0.251138,0.116053,0.957095,-0.0862011
1.9441967010498047,-4.07755,-5.35612,2.35725,-2.21308,-3.41521,3.41119,0.731704,-0.224808,0.698354,-0.165532,0.0842874,0.98216,0.0292779,-0.0694097,-0.0016774,0.556952,0.251138,0.116053,0.957095,-0.0862011
1.9634885787963867,-4.07755,-5.35612,2.35725,-2.21308,-3.41521,3.41119,0.731704,-0.224808,0.698354,-0.165532,0.0842874,0.98216,0.0292779,-0.0694097,-0.0016774,0.556952,0.251138,0.116053,0.957095,-0.0862011
1.984008550643921,-4.07755,-5.35612,2.35725,-2.21308,-3.41521,3.41119,0.731704,-0.224808,0.698354,-0.165532,0.0842874,0.98216,0.0292779,-0.0694097,-0.0016774,0.556952,0.251138,0.116053,0.957095,-0.0862011
2.0042295455932617,-4.07755,-5.35612,2.35725,-2.21308,-3.41521,3.41119,0.731704,-0.224808,0.698354,-0.165532,0.0842874,0.98216,0.0292779,-0.0694097,-0.0016774,0.556952,0.251138,0.116053,0.957095,-0.0862011
2.0235438346862793,-4.07755,-5.35612,2.35725,-2.21308,-3.41521,3.41119,0.731704,-0.224808,0.698354,-0.165532,0.0842874,0.98216,0.0292779,-0.0694097,-0.0016774,0.556952,0.251138,0.116053,0.957095,-0.0862011
2.043863296508789,-4.07755,-5.35612,2.35725,-2.21308,-3.41521,3.41119,0.731704,-0.224808,0.698354,-0.165532,0.0842874,0.98216,0.0292779,-0.0694097,-0.0016774,0.556952,0.251138,0.116053,0.957095,-0.0862011
2.0641818046569824,-4.07755,-5.35612,2.35725,-2.21308,-3.41521,3.41119,0.731704,-0.224808,0.698354,-0.165532,0.0842874,0.98216,0.0292779,-0.0694097,-0.0016774,0.556952,0.251138,0.116053,0.957095,-0.0862011
2.083416223526001,-4.07755,-5.35612,2.35725,-2.21308,-3.41521,3.41119,0.731704,-0.224808,0.698354,-0.165532,0.0842874,0.98216,0.0292779,-0.0694097,-0.0016774,0.556952,0.251138,0.116053,0.957095,-0.0862011
2.1042351722717285,-4.07755,-5.35612,2.35725,-2.21308,-3.41521,3.41119,0.731704,-0.224808,0.698354,-0.165532,0.0842874,0.98216,0.0292779,-0.0694097,-0.0016774,0.556952,0.251138,0.116053,0.957095,-0.0862011
2.1235511302948,-4.07755,-5.35612,2.35725,-2.21308,-3.41521,3.41119,0.731704,-0.224808,0.698354,-0.165532,0.0842874,0.98216,0.0292779,-0.0694097,-0.0016774,0.556952,0.251138,0.116053,0.957095,-0.0862011
2.1438724994659424,-4.07755,-5.35612,2.35725,-2.21308,-3.41521,3.41119,0.731704,-0.224808,0.698354,-0.165532,0.0842874,0.98216,0.0292779,-0.0694097,-0.0016774,0.556952,0.251138,0.116053,0.957095,-0.0862011
2.1641945838928223,-4.07755,-5.35612,2.35725,-2.21308,-3.41521,3.41119,0.731704,-0.224808,0.698354,-0.165532,0.0842874,0.98216,0.0292779,-0.0694097,-0.0016774,0.556952,0.251138,0.116053,0.957095,-0.0862011
2.183509349822998,-4.07755,-5.35612,2.35725,-2.21308,-3.41521,3.41119,0.731704,-0.224808,0.698354,-0.165532,0.0842874,0.98216,0.0292779,-0.0694097,-0.0016774,0.556952,0.251138,0.116053,0.957095,-0.0862011
2.203836679458618,-4.07755,-5.35612,2.35725,-2.21308,-3.41521,3.41119,0.731704,-0.224808,0.698354,-0.165532,0.0842874,0.98216,0.0292779,-0.0694097,-0.0016774,0.556952,0.251138,0.116053,0.957095,-0.0862011
2.224156141281128,-4.07755,-5.35612,2.35725,-2.21308,-3.41521,3.41119,0.731704,-0.224808,0.698354,-0.165532,0.0842874,0.98216,0.0292779,-0.0694097,-0.0016774,0.556952,0.251138,0.116053,0.957095,-0.0862011
2.243352174758911,-4.07755,-5.35612,2.35725,-2.21308,-3.41521,3.41119,0.731704,-0.224808,0.698354,-0.165532,0.0842874,0.98216,0.0292779,-0.0694097,-0.0016774,0.556952,0.251138,0.116053,0.957095,-0.0862011
2.263671398162842,-4.07755,-5.35612,2.35725,-2.21308,-3.41521,3.41119,0.731704,-0.224808,0.698354,-0.165532,0.0842874,0.98216,0.0292779,-0.0694097,-0.0016774,0.556952,0.251138,0.116053,0.957095,-0.0862011
2.283977508544922,-4.07755,-5.35612,2.35725,-2.21308,-3.41521,3.41119,0.731704,-0.224808,0.698354,-0.165532,0.0842874,0.98216,0.0292779,-0.0694097,-0.0016774,0.556952,0.251138,0.116053,0.957095,-0.0862011
2.304201126098633,-4.07755,-5.35612,2.35725,-2.21308,-3.41521,3.41119,0.731704,-0.224808,0.698354,-0.165532,0.0842874,0.98216,0.0292779,-0.0694097,-0.0016774,0.556952,0.251138,0.116053,0.957095,-0.0862011
2.3235175609588623,-4.07755,-5.35612,2.35725,-2.21308,-3.41521,3.41119,0.731704,-0.224808,0.698354,-0.165532,0.0842874,0.98216,0.0292779,-0.0694097,-0.0016774,0.556952,0.251138,0.116053,0.957095,-0.0862011
2.3438363075256348,-4.07755,-5.35612,2.35725,-2.21308,-3.41521,3.41119,0.731704,-0.224808,0.698354,-0.165532,0.0842874,0.98216,0.0292779,-0.0694097,-0.0016774,0.556952,0.251138,0.116053,0.957095,-0.0862011
2.3641579151153564,-4.07755,-5.35612,2.35725,-2.21308,-3.41521,3.41119,0.731704,-0.224808,0.698354,-0.165532,0.0842874,0.98216,0.0292779,-0.0694097,-0.0016774,0.556952,0.251138,0.116053,0.957095,-0.0862011
2.383490800857544,-4.07755,-5.35612,2.35725,-2.21308,-3.41521,3.41119,0.731704,-0.224808,0.698354,-0.165532,0.0842874,0.98216,0.0292779,-0.0694097,-0.0016774,0.556952,0.251138,0.116053,0.957095,-0.0862011
2.4038145542144775,-4.07755,-5.35612,2.35725,-2.21308,-3.41521,3.41119,0.731704,-0.224808,0.698354,-0.165532,0.0842874,0.98216,0.0292779,-0.0694097,-0.0016774,0.556952,0.251138,0.116053,0.957095,-0.0862011
2.4241364002227783,-4.07755,-5.35612,2.35725,-2.21308,-3.41521,3.41119,0.731704,-0.224808,0.698354,-0.165532,0.0842874,0.98216,0.0292779,-0.0694097,-0.0016774,0.556952,0.251138,0.116053,0.957095,-0.0862011
2.4433135986328125,-4.07755,-5.35612,2.35725,-2.21308,-3.41521,3.41119,0.731704,-0.224808,0.698354,-0.165532,0.0842874,0.98216,0.0292779,-0.0694097,-0.0016774,0.556952,0.251138,0.116053,0.957095,-0.0862011
2.4636361598968506,-4.07755,-5.35612,2.35725,-2.21308,-3.41521,3.41119,0.731704,-0.224808,0.698354,-0.165532,0.0842874,0.98216,0.0292779,-0.0694097,-0.0016774,0.556952,0.251138,0.116053,0.957095,-0.0862011
2.483873128890991,-4.07755,-5.35612,2.35725,-2.21308,-3.41521,3.41119,0.731704,-0.224808,0.698354,-0.165532,0.0842874,0.98216,0.0292779,-0.0694097,-0.0016774,0.556952,0.251138,0.116053,0.957095,-0.0862011
2.504164695739746,-4.07755,-5.35612,2.35725,-2.21308,-3.41521,3.41119,0.731704,-0.224808,0.698354,-0.165532,0.0842874,0.98216,0.0292779,-0.0694097,-0.0016774,0.556952,0.251138,0.116053,0.957095,-0.0862011
2.5234789848327637,-4.07755,-5.35612,2.35725,-2.21308,-3.41521,3.41119,0.731704,-0.224808,0.698354,-0.165532,0.0842874,0.98216,0.0292779,-0.0694097,-0.0016774,0.556952,0.251138,0.116053,0.957095,-0.0862011
2.5438027381896973,-4.07755,-5.35612,2.35725,-2.21308,-3.41521,3.41119,0.731704,-0.224808,0.698354,-0.165532,0.0842874,0.98216,0.0292779,-0.0694097,-0.0016774,0.556952,0.251138,0.116053,0.957095,-0.0862011
2.564112901687622,-4.07755,-5.35612,2.35725,-2.21308,-3.41521,3.41119,0.731704,-0.224808,0.698354,-0.165532,0.0842874,0.98216,0.0292779,-0.0694097,-0.0016774,0.556952,0.251138,0.116053,0.957095,-0.0862011
2.583422899246216,-4.07755,-5.35612,2.35725,-2.21308,-3.41521,3.41119,0.731704,-0.224808,0.698354,-0.165532,0.0842874,0.98216,0.0292779,-0.0694097,-0.0016774,0.556952,0.251138,0.116053,0.957095,-0.0862011
2.603743076324463,-4.07755,-5.35612,2.35725,-2.21308,-3.41521,3.41119,0.731704,-0.224808,0.698354,-0.165532,0.0842874,0.98216,0.0292779,-0.0694097,-0.0016774,0.556952,0.251138,0.116053,0.957095,-0.0862011
2.6240551471710205,-4.07755,-5.35612,2.35725,-2.21308,-3.41521,3.41119,0.731704,-0.224808,0.698354,-0.165532,0.0842874,0.98216,0.0292779,-0.0694097,-0.0016774,0.556952,0.251138,0.116053,0.957095,-0.0862011
2.643332004547119,-4.07755,-5.35612,2.35725,-2.21308,-3.41521,3.41119,0.731704,-0.224808,0.698354,-0.165532,0.0842874,0.98216,0.0292779,-0.0694097,-0.0016774,0.556952,0.251138,0.116053,0.957095,-0.0862011
2.663649082183838,-4.07755,-5.35612,2.35725,-2.21308,-3.41521,3.41119,0.731704,-0.224808,0.698354,-0.165532,0.0842874,0.98216,0.0292779,-0.0694097,-0.0016774,0.556952,0.251138,0.116053,0.957095,-0.0862011
2.6839241981506348,-4.07755,-5.35612,2.35725,-2.21308,-3.41521,3.41119,0.731704,-0.224808,0.698354,-0.165532,0.0842874,0.98216,0.0292779,-0.0694097,-0.0016774,0.556952,0.251138,0.116053,0.957095,-0.0862011
2.70398211479187,-4.07755,-5.35612,2.35725,-2.21308,-3.41521,3.41119,0.731704,-0.224808,0.698354,-0.165532,0.0842874,0.98216,0.0292779,-0.0694097,-0.0016774,0.556952,0.251138,0.116053,0.957095,-0.0862011
2.7239792346954346,-4.07755,-5.35612,2.35725,-2.21308,-3.41521,3.41119,0.731704,-0.224808,0.698354,-0.165532,0.0842874,0.98216,0.0292779,-0.0694097,-0.0016774,0.556952,0.251138,0.116053,0.957095,-0.0862011
2.7439372539520264,-4.07755,-5.35612,2.35725,-2.21308,-3.41521,3.41119,0.731704,-0.224808,0.698354,-0.165532,0.0842874,0.98216,0.0292779,-0.0694097,-0.0016774,0.556952,0.251138,0.116053,0.957095,-0.0862011
2.7640018463134766,-4.07755,-5.35612,2.35725,-2.21308,-3.41521,3.41119,0.731704,-0.224808,0.698354,-0.165532,0.0842874,0.98216,0.0292779,-0.0694097,-0.0016774,0.556952,0.251138,0.116053,0.957095,-0.0862011
2.783980369567871,-4.07755,-5.35612,2.35725,-2.21308,-3.41521,3.41119,0.731704,-0.224808,0.698354,-0.165532,0.0842874,0.98216,0.0292779,-0.0694097,-0.0016774,0.556952,0.251138,0.116053,0.957095,-0.0862011
2.8042101860046387,-4.07755,-5.35612,2.35725,-2.21308,-3.41521,3.41119,0.731704,-0.224808,0.698354,-0.165532,0.0842874,0.98216,0.0292779,-0.0694097,-0.0016774,0.556952,0.251138,0.116053,0.957095,-0.0862011
2.8239846229553223,-4.07755,-5.35612,2.35725,-2.21308,-3.41521,3.41119,0.731704,-0.224808,0.698354,-0.165532,0.0842874,0.98216,0.0292779,-0.0694097,-0.0016774,0.556952,0.251138,0.116053,0.957095,-0.0862011
2.843893051147461,-4.07755,-5.35612,2.35725,-2.21308,-3.41521,3.41119,0.731704,-0.224808,0.698354,-0.165532,0.0842874,0.98216,0.0292779,-0.0694097,-0.0016774,0.556952,0.251138,0.116053,0.957095,-0.0862011
2.8640387058258057,-4.07755,-5.35612,2.35725,-2.21308,-3.41521,3.41119,0.731704,-0.224808,0.698354,-0.165532,0.0842874,0.98216,0.0292779,-0.0694097,-0.0016774,0.556952,0.251138,0.116053,0.957095,-0.0862011
2.8839845657348633,-4.07755,-5.35612,2.35725,-2.21308,-3.41521,3.41119,0.731704,-0.224808,0.698354,-0.165532,0.0842874,0.98216,0.0292779,-0.0694097,-0.0016774,0.556952,0.251138,0.116053,0.957095,-0.0862011
2.904015302658081,-4.07755,-5.35612,2.35725,-2.21308,-3.41521,3.41119,0.731704,-0.224808,0.698354,-0.165532,0.0842874,0.98216,0.0292779,-0.0694097,-0.0016774,0.556952,0.251138,0.116053,0.957095,-0.0862011
2.924342393875122,-4.07755,-5.35612,2.35725,-2.21308,-3.41521,3.41119,0.731704,-0.224808,0.698354,-0.165532,0.0842874,0.98216,0.0292779,-0.0694097,-0.0016774,0.556952,0.251138,0.116053,0.957095,-0.0862011
2.943981647491455,-4.07755,-5.35612,2.35725,-2.21308,-3.41521,3.41119,0.731704,-0.224808,0.698354,-0.165532,0.0842874,0.98216,0.0292779,-0.0694097,-0.0016774,0.556952,0.251138,0.116053,0.957095,-0.0862011
2.9638562202453613,-4.07755,-5.35612,2.35725,-2.21308,-3.41521,3.41119,0.731704,-0.224808,0.698354,-0.165532,0.0842874,0.98216,0.0292779,-0.0694097,-0.0016774,0.556952,0.251138,0.116053,0.957095,-0.0862011
2.9838802814483643,-4.07755,-5.35612,2.35725,-2.21308,-3.41521,3.41119,0.731704,-0.224808,0.698354,-0.165532,0.0842874,0.98216,0.0292779,-0.0694097,-0.0016774,0.556952,0.251138,0.116053,0.957095,-0.0862011
3.003981351852417,-4.07755,-5.35612,2.35725,-2.21308,-3.41521,3.41119,0.731704,-0.224808,0.698354,-0.165532,0.0842874,0.98216,0.0292779,-0.0694097,-0.0016774,0.556952,0.251138,0.116053,0.957095,-0.0862011
3.024301290512085,-4.07755,-5.35612,2.35725,-2.21308,-3.41521,3.41119,0.731704,-0.224808,0.698354,-0.165532,0.0842874,0.98216,0.0292779,-0.0694097,-0.0016774,0.556952,0.251138,0.116053,0.957095,-0.0862011
3.043489456176758,-4.07755,-5.35612,2.35725,-2.21308,-3.41521,3.41119,0.731704,-0.224808,0.698354,-0.165532,0.0842874,0.98216,0.0292779,-0.0694097,-0.0016774,0.556952,0.251138,0.116053,0.957095,-0.0862011
3.0638086795806885,-4.07755,-5.35612,2.35725,-2.21308,-3.41521,3.41119,0.731704,-0.224808,0.698354,-0.165532,0.0842874,0.98216,0.0292779,-0.0694097,-0.0016774,0.556952,0.251138,0.116053,0.957095,-0.0862011
3.0841331481933594,-4.07755,-5.35612,2.35725,-2.21308,-3.41521,3.41119,0.731704,-0.224808,0.698354,-0.165532,0.0842874,0.98216,0.0292779,-0.0694097,-0.0016774,0.556952,0.251138,0.116053,0.957095,-0.0862011
3.1034138202667236,-4.07755,-5.35612,2.35725,-2.21308,-3.41521,3.41119,0.731704,-0.224808,0.698354,-0.165532,0.0842874,0.98216,0.0292779,-0.0694097,-0.0016774,0.556952,0.251138,0.116053,0.957095,-0.0862011
3.1237292289733887,-4.07755,-5.35612,2.35725,-2.21308,-3.41521,3.41119,0.731704,-0.224808,0.698354,-0.165532,0.0842874,0.98216,0.0292779,-0.0694097,-0.0016774,0.556952,0.251138,0.116053,0.957095,-0.0862011
3.1440513134002686,-4.07755,-5.35612,2.35725,-2.21308,-3.41521,3.41119,0.731704,-0.224808,0.698354,-0.165532,0.0842874,0.98216,0.0292779,-0.0694097,-0.0016774,0.556952,0.251138,0.116053,0.957095,-0.0862011
3.163872003555298,-4.07755,-5.35612,2.35725,-2.21308,-3.41521,3.41119,0.731704,-0.224808,0.698354,-0.165532,0.0842874,0.98216,0.0292779,-0.0694097,-0.0016774,0.556952,0.251138,0.116053,0.957095,-0.0862011
3.1841886043548584,-4.07755,-5.35612,2.35725,-2.21308,-3.41521,3.41119,0.731704,-0.224808,0.698354,-0.165532,0.0842874,0.98216,0.0292779,-0.0694097,-0.0016774,0.556952,0.251138,0.116053,0.957095,-0.0862011
3.2035062313079834,-4.07755,-5.35612,2.35725,-2.21308,-3.41521,3.41119,0.731704,-0.224808,0.698354,-0.165532,0.0842874,0.98216,0.0292779,-0.0694097,-0.0016774,0.556952,0.251138,0.116053,0.957095,-0.0862011
3.2238245010375977,-4.07755,-5.35612,2.35725,-2.21308,-3.41521,3.41119,0.731704,-0.224808,0.698354,-0.165532,0.0842874,0.98216,0.0292779,-0.0694097,-0.0016774,0.556952,0.251138,0.116053,0.957095,-0.0862011
3.244147300720215,-4.07755,-5.35612,2.35725,-2.21308,-3.41521,3.41119,0.731704,-0.224808,0.698354,-0.165532,0.0842874,0.98216,0.0292779,-0.0694097,-0.0016774,0.556952,0.251138,0.116053,0.957095,-0.0862011
3.26347017288208,-4.07755,-5.35612,2.35725,-2.21308,-3.41521,3.41119,0.731704,-0.224808,0.698354,-0.165532,0.0842874,0.98216,0.0292779,-0.0694097,-0.0016774,0.556952,0.251138,0.116053,0.957095,-0.0862011
3.283792018890381,-4.07755,-5.35612,2.35725,-2.21308,-3.41521,3.41119,0.731704,-0.224808,0.698354,-0.165532,0.0842874,0.98216,0.0292779,-0.0694097,-0.0016774,0.556952,0.251138,0.116053,0.957095,-0.0862011
3.3041412830352783,-4.07755,-5.35612,2.35725,-2.21308,-3.41521,3.41119,0.731704,-0.224808,0.698354,-0.165532,0.0842874,0.98216,0.0292779,-0.0694097,-0.0016774,0.556952,0.251138,0.116053,0.957095,-0.0862011
3.323458671569824,-4.07755,-5.35612,2.35725,-2.21308,-3.41521,3.41119,0.731704,-0.224808,0.698354,-0.165532,0.0842874,0.98216,0.0292779,-0.0694097,-0.0016774,0.556952,0.251138,0.116053,0.957095,-0.0862011
3.3437764644622803,-4.07755,-5.35612,2.35725,-2.21308,-3.41521,3.41119,0.731704,-0.224808,0.698354,-0.165532,0.0842874,0.98216,0.0292779,-0.0694097,-0.0016774,0.556952,0.251138,0.116053,0.957095,-0.0862011
3.3640925884246826,-4.07755,-5.35612,2.35725,-2.21308,-3.41521,3.41119,0.731704,-0.224808,0.698354,-0.165532,0.0842874,0.98216,0.0292779,-0.0694097,-0.0016774,0.556952,0.251138,0.116053,0.957095,-0.0862011
3.3834071159362793,-4.07755,-5.35612,2.35725,-2.21308,-3.41521,3.41119,0.731704,-0.224808,0.698354,-0.165532,0.0842874,0.98216,0.0292779,-0.0694097,-0.0016774,0.556952,0.251138,0.116053,0.957095,-0.0862011
3.4037272930145264,-4.07755,-5.35612,2.35725,-2.21308,-3.41521,3.41119,0.731704,-0.224808,0.698354,-0.165532,0.0842874,0.98216,0.0292779,-0.0694097,-0.0016774,0.556952,0.251138,0.116053,0.957095,-0.0862011
3.424046277999878,-4.07755,-5.35612,2.35725,-2.21308,-3.41521,3.41119,0.731704,-0.224808,0.698354,-0.165532,0.0842874,0.98216,0.0292779,-0.0694097,-0.0016774,0.556952,0.251138,0.116053,0.957095,-0.0862011
3.4433443546295166,-4.07755,-5.35612,2.35725,-2.21308,-3.41521,3.41119,0.731704,-0.224808,0.698354,-0.165532,0.0842874,0.98216,0.0292779,-0.0694097,-0.0016774,0.556952,0.251138,0.116053,0.957095,-0.0862011
3.4636640548706055,-4.07755,-5.35612,2.35725,-2.21308,-3.41521,3.41119,0.731704,-0.224808,0.698354,-0.165532,0.0842874,0.98216,0.0292779,-0.0694097,-0.0016774,0.556952,0.251138,0.116053,0.957095,-0.0862011
3.483907699584961,-4.07755,-5.35612,2.35725,-2.21308,-3.41521,3.41119,0.731704,-0.224808,0.698354,-0.165532,0.0842874,0.98216,0.0292779,-0.0694097,-0.0016774,0.556952,0.251138,0.116053,0.957095,-0.0862011
3.50412654876709,-4.07755,-5.35612,2.35725,-2.21308,-3.41521,3.41119,0.731704,-0.224808,0.698354,-0.165532,0.0842874,0.98216,0.0292779,-0.0694097,-0.0016774,0.556952,0.251138,0.116053,0.957095,-0.0862011
3.523444414138794,-4.07755,-5.35612,2.35725,-2.21308,-3.41521,3.41119,0.731704,-0.224808,0.698354,-0.165532,0.0842874,0.98216,0.0292779,-0.0694097,-0.0016774,0.556952,0.251138,0.116053,0.957095,-0.0862011
3.543769121170044,-4.07755,-5.35612,2.35725,-2.21308,-3.41521,3.41119,0.731704,-0.224808,0.698354,-0.165532,0.0842874,0.98216,0.0292779,-0.0694097,-0.0016774,0.556952,0.251138,0.116053,0.957095,-0.0862011
3.564099073410034,-4.07755,-5.35612,2.35725,-2.21308,-3.41521,3.41119,0.731704,-0.224808,0.698354,-0.165532,0.0842874,0.98216,0.0292779,-0.0694097,-0.0016774,0.556952,0.251138,0.116053,0.957095,-0.0862011
3.583299160003662,-4.07755,-5.35612,2.35725,-2.21308,-3.41521,3.41119,0.731704,-0.224808,0.698354,-0.165532,0.0842874,0.98216,0.0292779,-0.0694097,-0.0016774,0.556952,0.251138,0.116053,0.957095,-0.0862011
3.6035594940185547,-4.07755,-5.35612,2.35725,-2.21308,-3.41521,3.41119,0.731704,-0.224808,0.698354,-0.165532,0.0842874,0.98216,0.0292779,-0.0694097,-0.0016774,0.556952,0.251138,0.116053,0.957095,-0.0862011
3.623889446258545,-4.07755,-5.35612,2.35725,-2.21308,-3.41521,3.41119,0.731704,-0.224808,0.698354,-0.165532,0.0842874,0.98216,0.0292779,-0.0694097,-0.0016774,0.556952,0.251138,0.116053,0.957095,-0.0862011
3.6442031860351562,-4.07755,-5.35612,2.35725,-2.21308,-3.41521,3.41119,0.731704,-0.224808,0.698354,-0.165532,0.0842874,0.98216,0.0292779,-0.0694097,-0.0016774,0.556952,0.251138,0.116053,0.957095,-0.0862011
3.6635100841522217,-4.07755,-5.35612,2.35725,-2.21308,-3.41521,3.41119,0.731704,-0.224808,0.698354,-0.165532,0.0842874,0.98216,0.0292779,-0.0694097,-0.0016774,0.556952,0.251138,0.116053,0.957095,-0.0862011
3.683856248855591,-4.07755,-5.35612,2.35725,-2.21308,-3.41521,3.41119,0.731704,-0.224808,0.698354,-0.165532,0.0842874,0.98216,0.0292779,-0.0694097,-0.0016774,0.556952,0.251138,0.116053,0.957095,-0.0862011
3.704127073287964,-4.07755,-5.35612,2.35725,-2.21308,-3.41521,3.41119,0.731704,-0.224808,0.698354,-0.165532,0.0842874,0.98216,0.0292779,-0.0694097,-0.0016774,0.556952,0.251138,0.116053,0.957095,-0.0862011
3.7235658168792725,-4.07755,-5.35612,2.35725,-2.21308,-3.41521,3.41119,0.731704,-0.224808,0.698354,-0.165532,0.0842874,0.98216,0.0292779,-0.0694097,-0.0016774,0.556952,0.251138,0.116053,0.957095,-0.0862011
3.7438745498657227,-4.07755,-5.35612,2.35725,-2.21308,-3.41521,3.41119,0.731704,-0.224808,0.698354,-0.165532,0.0842874,0.98216,0.0292779,-0.0694097,-0.0016774,0.556952,0.251138,0.116053,0.957095,-0.0862011
3.764256238937378,-4.07755,-5.35612,2.35725,-2.21308,-3.41521,3.41119,0.731704,-0.224808,0.698354,-0.165532,0.0842874,0.98216,0.0292779,-0.0694097,-0.0016774,0.556952,0.251138,0.116053,0.957095,-0.0862011
3.7835805416107178,-4.07755,-5.35612,2.35725,-2.21308,-3.41521,3.41119,0.731704,-0.224808,0.698354,-0.165532,0.0842874,0.98216,0.0292779,-0.0694097,-0.0016774,0.556952,0.251138,0.116053,0.957095,-0.0862011
3.8038930892944336,-4.07755,-5.35612,2.35725,-2.21308,-3.41521,3.41119,0.731704,-0.224808,0.698354,-0.165532,0.0842874,0.98216,0.0292779,-0.0694097,-0.0016774,0.556952,0.251138,0.116053,0.957095,-0.0862011
3.824212074279785,-4.07755,-5.35612,2.35725,-2.21308,-3.41521,3.41119,0.731704,-0.224808,0.698354,-0.165532,0.0842874,0.98216,0.0292779,-0.0694097,-0.0016774,0.556952,0.251138,0.116053,0.957095,-0.0862011
3.8434367179870605,-4.07755,-5.35612,2.35725,-2.21308,-3.41521,3.41119,0.731704,-0.224808,0.698354,-0.165532,0.0842874,0.98216,0.0292779,-0.0694097,-0.0016774,0.556952,0.251138,0.116053,0.957095,-0.0862011
3.8637571334838867,-4.07755,-5.35612,2.35725,-2.21308,-3.41521,3.41119,0.731704,-0.224808,0.698354,-0.165532,0.0842874,0.98216,0.0292779,-0.0694097,-0.0016774,0.556952,0.251138,0.116053,0.957095,-0.0862011
3.8840746879577637,-4.07755,-5.35612,2.35725,-2.21308,-3.41521,3.41119,0.731704,-0.224808,0.698354,-0.165532,0.0842874,0.98216,0.0292779,-0.0694097,-0.0016774,0.556952,0.251138,0.116053,0.957095,-0.0862011
3.9033961296081543,-4.07755,-5.35612,2.35725,-2.21308,-3.41521,3.41119,0.731704,-0.224808,0.698354,-0.165532,0.0842874,0.98216,0.0292779,-0.0694097,-0.0016774,0.556952,0.251138,0.116053,0.957095,-0.0862011
3.923713207244873,-4.07755,-5.35612,2.35725,-2.21308,-3.41521,3.41119,0.731704,-0.224808,0.698354,-0.165532,0.0842874,0.98216,0.0292779,-0.0694097,-0.0016774,0.556952,0.251138,0.116053,0.957095,-0.0862011
3.944033622741699,-4.07755,-5.35612,2.35725,-2.21308,-3.41521,3.41119,0.731704,-0.224808,0.698354,-0.165532,0.0842874,0.98216,0.0292779,-0.0694097,-0.0016774,0.556952,0.251138,0.116053,0.957095,-0.0862011
3.9643518924713135,-4.07755,-5.35612,2.35725,-2.21308,-3.41521,3.41119,0.731704,-0.224808,0.698354,-0.165532,0.0842874,0.98216,0.0292779,-0.0694097,-0.0016774,0.556952,0.251138,0.116053,0.957095,-0.0862011
3.983665943145752,-4.07755,-5.35612,2.35725,-2.21308,-3.41521,3.41119,0.731704,-0.224808,0.698354,-0.165532,0.0842874,0.98216,0.0292779,-0.0694097,-0.0016774,0.556952,0.251138,0.116053,0.957095,-0.0862011
4.0039894580841064,-4.07755,-5.35612,2.35725,-2.21308,-3.41521,3.41119,0.731704,-0.224808,0.698354,-0.165532,0.0842874,0.98216,0.0292779,-0.0694097,-0.0016774,0.556952,0.251138,0.116053,0.957095,-0.0862011
4.024314880371094,-4.07755,-5.35612,2.35725,-2.21308,-3.41521,3.41119,0.731704,-0.224808,0.698354,-0.165532,0.0842874,0.98216,0.0292779,-0.0694097,-0.0016774,0.556952,0.251138,0.116053,0.957095,-0.0862011
4.043627738952637,-4.07755,-5.35612,2.35725,-2.21308,-3.41521,3.41119,0.731704,-0.224808,0.698354,-0.165532,0.0842874,0.98216,0.0292779,-0.0694097,-0.0016774,0.556952,0.251138,0.116053,0.957095,-0.0862011
4.063948631286621,-4.07755,-5.35612,2.35725,-2.21308,-3.41521,3.41119,0.731704,-0.224808,0.698354,-0.165532,0.0842874,0.98216,0.0292779,-0.0694097,-0.0016774,0.556952,0.251138,0.116053,0.957095,-0.0862011
4.084272623062134,-4.07755,-5.35612,2.35725,-2.21308,-3.41521,3.41119,0.731704,-0.224808,0.698354,-0.165532,0.0842874,0.98216,0.0292779,-0.0694097,-0.0016774,0.556952,0.251138,0.116053,0.957095,-0.0862011
4.103587865829468,-4.07755,-5.35612,2.35725,-2.21308,-3.41521,3.41119,0.731704,-0.224808,0.698354,-0.165532,0.0842874,0.98216,0.0292779,-0.0694097,-0.0016774,0.556952,0.251138,0.116053,0.957095,-0.0862011
4.123908758163452,-4.07755,-5.35612,2.35725,-2.21308,-3.41521,3.41119,0.731704,-0.224808,0.698354,-0.165532,0.0842874,0.98216,0.0292779,-0.0694097,-0.0016774,0.556952,0.251138,0.116053,0.957095,-0.0862011
4.144230365753174,-4.07755,-5.35612,2.35725,-2.21308,-3.41521,3.41119,0.731704,-0.224808,0.698354,-0.165532,0.0842874,0.98216,0.0292779,-0.0694097,-0.0016774,0.556952,0.251138,0.116053,0.957095,-0.0862011
4.163545608520508,-4.07755,-5.35612,2.35725,-2.21308,-3.41521,3.41119,0.731704,-0.224808,0.698354,-0.165532,0.0842874,0.98216,0.0292779,-0.0694097,-0.0016774,0.556952,0.251138,0.116053,0.957095,-0.0862011
4.1839072704315186,-4.07755,-5.35612,2.35725,-2.21308,-3.41521,3.41119,0.731704,-0.224808,0.698354,-0.165532,0.0842874,0.98216,0.0292779,-0.0694097,-0.0016774,0.556952,0.251138,0.116053,0.957095,-0.0862011
4.20391321182251,-4.07755,-5.35612,2.35725,-2.21308,-3.41521,3.41119,0.731704,-0.224808,0.698354,-0.165532,0.0842874,0.98216,0.0292779,-0.0694097,-0.0016774,0.556952,0.251138,0.116053,0.957095,-0.0862011
4.223339796066284,-4.07755,-5.35612,2.35725,-2.21308,-3.41521,3.41119,0.731704,-0.224808,0.698354,-0.165532,0.0842874,0.98216,0.0292779,-0.0694097,-0.0016774,0.556952,0.251138,0.116053,0.957095,-0.0862011
4.243661165237427,-4.07755,-5.35612,2.35725,-2.21308,-3.41521,3.41119,0.731704,-0.224808,0.698354,-0.165532,0.0842874,0.98216,0.0292779,-0.0694097,-0.0016774,0.556952,0.251138,0.116053,0.957095,-0.0862011
4.2639851570129395,-4.07755,-5.35612,2.35725,-2.21308,-3.41521,3.41119,0.731704,-0.224808,0.698354,-0.165532,0.0842874,0.98216,0.0292779,-0.0694097,-0.0016774,0.556952,0.251138,0.116053,0.957095,-0.0862011
4.2843053340911865,-4.07755,-5.35612,2.35725,-2.21308,-3.41521,3.41119,0.731704,-0.224808,0.698354,-0.165532,0.0842874,0.98216,0.0292779,-0.0694097,-0.0016774,0.556952,0.251138,0.116053,0.957095,-0.0862011
4.303625106811523,-4.07755,-5.35612,2.35725,-2.21308,-3.41521,3.41119,0.731704,-0.224808,0.698354,-0.165532,0.0842874,0.98216,0.0292779,-0.0694097,-0.0016774,0.556952,0.251138,0.116053,0.957095,-0.0862011
4.3239428997039795,-4.07755,-5.35612,2.35725,-2.21308,-3.41521,3.41119,0.731704,-0.224808,0.698354,-0.165532,0.0842874,0.98216,0.0292779,-0.0694097,-0.0016774,0.556952,0.251138,0.116053,0.957095,-0.0862011
4.34426212310791,-4.07755,-5.35612,2.35725,-2.21308,-3.41521,3.41119,0.731704,-0.224808,0.698354,-0.165532,0.0842874,0.98216,0.0292779,-0.0694097,-0.0016774,0.556952,0.251138,0.116053,0.957095,-0.0862011
4.36356520652771,-4.07755,-5.35612,2.35725,-2.21308,-3.41521,3.41119,0.731704,-0.224808,0.698354,-0.165532,0.0842874,0.98216,0.0292779,-0.0694097,-0.0016774,0.556952,0.251138,0.116053,0.957095,-0.0862011
4.383887767791748,-4.07755,-5.35612,2.35725,-2.21308,-3.41521,3.41119,0.731704,-0.224808,0.698354,-0.165532,0.0842874,0.98216,0.0292779,-0.0694097,-0.0016774,0.556952,0.251138,0.116053,0.957095,-0.0862011
4.404155731201172,-4.07755,-5.35612,2.35725,-2.21308,-3.41521,3.41119,0.731704,-0.224808,0.698354,-0.165532,0.0842874,0.98216,0.0292779,-0.0694097,-0.0016774,0.556952,0.251138,0.116053,0.957095,-0.0862011
4.42347526550293,-4.07755,-5.35612,2.35725,-2.21308,-3.41521,3.41119,0.731704,-0.224808,0.698354,-0.165532,0.0842874,0.98216,0.0292779,-0.0694097,-0.0016774,0.556952,0.251138,0.116053,0.957095,-0.0862011
4.4437971115112305,-4.07755,-5.35612,2.35725,-2.21308,-3.41521,3.41119,0.731704,-0.224808,0.698354,-0.165532,0.0842874,0.98216,0.0292779,-0.0694097,-0.0016774,0.556952,0.251138,0.116053,0.957095,-0.0862011
4.464125156402588,-4.07755,-5.35612,2.35725,-2.21308,-3.41521,3.41119,0.731704,-0.224808,0.698354,-0.165532,0.0842874,0.98216,0.0292779,-0.0694097,-0.0016774,0.556952,0.251138,0.116053,0.957095,-0.0862011
4.483311176300049,-4.07755,-5.35612,2.35725,-2.21308,-3.41521,3.41119,0.731704,-0.224808,0.698354,-0.165532,0.0842874,0.98216,0.0292779,-0.0694097,-0.0016774,0.556952,0.251138,0.116053,0.957095,-0.0862011
4.503653049468994,-4.07755,-5.35612,2.35725,-2.21308,-3.41521,3.41119,0.731704,-0.224808,0.698354,-0.165532,0.0842874,0.98216,0.0292779,-0.0694097,-0.0016774,0.556952,0.251138,0.116053,0.957095,-0.0862011
4.523974418640137,-4.07755,-5.35612,2.35725,-2.21308,-3.41521,3.41119,0.731704,-0.224808,0.698354,-0.165532,0.0842874,0.98216,0.0292779,-0.0694097,-0.0016774,0.556952,0.251138,0.116053,0.957095,-0.0862011
4.5442938804626465,-4.07755,-5.35612,2.35725,-2.21308,-3.41521,3.41119,0.731704,-0.224808,0.698354,-0.165532,0.0842874,0.98216,0.0292779,-0.0694097,-0.0016774,0.556952,0.251138,0.116053,0.957095,-0.0862011
4.563602685928345,-4.07755,-5.35612,2.35725,-2.21308,-3.41521,3.41119,0.731704,-0.224808,0.698354,-0.165532,0.0842874,0.98216,0.0292779,-0.0694097,-0.0016774,0.556952,0.251138,0.116053,0.957095,-0.0862011
4.583861351013184,-4.07755,-5.35612,2.35725,-2.21308,-3.41521,3.41119,0.731704,-0.224808,0.698354,-0.165532,0.0842874,0.98216,0.0292779,-0.0694097,-0.0016774,0.556952,0.251138,0.116053,0.957095,-0.0862011
4.604110956192017,-4.07755,-5.35612,2.35725,-2.21308,-3.41521,3.41119,0.731704,-0.224808,0.698354,-0.165532,0.0842874,0.98216,0.0292779,-0.0694097,-0.0016774,0.556952,0.251138,0.116053,0.957095,-0.0862011
4.623434066772461,-4.07755,-5.35612,2.35725,-2.21308,-3.41521,3.41119,0.731704,-0.224808,0.698354,-0.165532,0.0842874,0.98216,0.0292779,-0.0694097,-0.0016774,0.556952,0.251138,0.116053,0.957095,-0.0862011
4.643749475479126,-4.07755,-5.35612,2.35725,-2.21308,-3.41521,3.41119,0.731704,-0.224808,0.698354,-0.165532,0.0842874,0.98216,0.0292779,-0.0694097,-0.0016774,0.556952,0.251138,0.116053,0.957095,-0.0862011
4.664066791534424,-4.07755,-5.35612,2.35725,-2.21308,-3.41521,3.41119,0.731704,-0.224808,0.698354,-0.165532,0.0842874,0.98216,0.0292779,-0.0694097,-0.0016774,0.556952,0.251138,0.116053,0.957095,-0.0862011
4.6833789348602295,-4.07755,-5.35612,2.35725,-2.21308,-3.41521,3.41119,0.731704,-0.224808,0.698354,-0.165532,0.0842874,0.98216,0.0292779,-0.0694097,-0.0016774,0.556952,0.251138,0.116053,0.957095,-0.0862011
4.703694820404053,-4.07755,-5.35612,2.35725,-2.21308,-3.41521,3.41119,0.731704,-0.224808,0.698354,-0.165532,0.0842874,0.98216,0.0292779,-0.0694097,-0.0016774,0.556952,0.251138,0.116053,0.957095,-0.0862011
4.72401762008667,-4.07755,-5.35612,2.35725,-2.21308,-3.41521,3.41119,0.731704,-0.224808,0.698354,-0.165532,0.0842874,0.98216,0.0292779,-0.0694097,-0.0016774,0.556952,0.251138,0.116053,0.957095,-0.0862011
4.744256258010864,-4.07755,-5.35612,2.35725,-2.21308,-3.41521,3.41119,0.731704,-0.224808,0.698354,-0.165532,0.0842874,0.98216,0.0292779,-0.0694097,-0.0016774,0.556952,0.251138,0.116053,0.957095,-0.0862011
4.763566970825195,-4.07755,-5.35612,2.35725,-2.21308,-3.41521,3.41119,0.731704,-0.224808,0.698354,-0.165532,0.0842874,0.98216,0.0292779,-0.0694097,-0.0016774,0.556952,0.251138,0.116053,0.957095,-0.0862011
4.7838897705078125,-4.07755,-5.35612,2.35725,-2.21308,-3.41521,3.41119,0.731704,-0.224808,0.698354,-0.165532,0.0842874,0.98216,0.0292779,-0.0694097,-0.0016774,0.556952,0.251138,0.116053,0.957095,-0.0862011
4.804148435592651,-4.07755,-5.35612,2.35725,-2.21308,-3.41521,3.41119,0.731704,-0.224808,0.698354,-0.165532,0.0842874,0.98216,0.0292779,-0.0694097,-0.0016774,0.556952,0.251138,0.116053,0.957095,-0.0862011
4.8234782218933105,-4.07755,-5.35612,2.35725,-2.21308,-3.41521,3.41119,0.731704,-0.224808,0.698354,-0.165532,0.0842874,0.98216,0.0292779,-0.0694097,-0.0016774,0.556952,0.251138,0.116053,0.957095,-0.0862011
4.843796730041504,-4.07755,-5.35612,2.35725,-2.21308,-3.41521,3.41119,0.731704,-0.224808,0.698354,-0.165532,0.0842874,0.98216,0.0292779,-0.0694097,-0.0016774,0.556952,0.251138,0.116053,0.957095,-0.0862011
4.864114999771118,-4.07755,-5.35612,2.35725,-2.21308,-3.41521,3.41119,0.731704,-0.224808,0.698354,-0.165532,0.0842874,0.98216,0.0292779,-0.0694097,-0.0016774,0.556952,0.251138,0.116053,0.957095,-0.0862011
4.883428573608398,-4.07755,-5.35612,2.35725,-2.21308,-3.41521,3.41119,0.731704,-0.224808,0.698354,-0.165532,0.0842874,0.98216,0.0292779,-0.0694097,-0.0016774,0.556952,0.251138,0.116053,0.957095,-0.0862011
4.903746604919434,-4.07755,-5.35612,2.35725,-2.21308,-3.41521,3.41119,0.731704,-0.224808,0.698354,-0.165532,0.0842874,0.98216,0.0292779,-0.0694097,-0.0016774,0.556952,0.251138,0.116053,0.957095,-0.0862011
4.924065351486206,-4.07755,-5.35612,2.35725,-2.21308,-3.41521,3.41119,0.731704,-0.224808,0.698354,-0.165532,0.0842874,0.98216,0.0292779,-0.0694097,-0.0016774,0.556952,0.251138,0.116053,0.957095,-0.0862011
4.943340539932251,-4.07755,-5.35612,2.35725,-2.21308,-3.41521,3.41119,0.731704,-0.224808,0.698354,-0.165532,0.0842874,0.98216,0.0292779,-0.0694097,-0.0016774,0.556952,0.251138,0.116053,0.957095,-0.0862011
4.96366024017334,-4.07755,-5.35612,2.35725,-2.21308,-3.41521,3.41119,0.731704,-0.224808,0.698354,-0.165532,0.0842874,0.98216,0.0292779,-0.0694097,-0.0016774,0.556952,0.251138,0.116053,0.957095,-0.0862011
4.983978986740112,-4.07755,-5.35612,2.35725,-2.21308,-3.41521,3.41119,0.731704,-0.224808,0.698354,-0.165532,0.0842874,0.98216,0.0292779,-0.0694097,-0.0016774,0.556952,0.251138,0.116053,0.957095,-0.0862011
5.004172325134277,-4.07755,-5.35612,2.35725,-2.21308,-3.41521,3.41119,0.731704,-0.224808,0.698354,-0.165532,0.0842874,0.98216,0.0292779,-0.0694097,-0.0016774,0.556952,0.251138,0.116053,0.957095,-0.0862011
5.0234856605529785,-4.07755,-5.35612,2.35725,-2.21308,-3.41521,3.41119,0.731704,-0.224808,0.698354,-0.165532,0.0842874,0.98216,0.0292779,-0.0694097,-0.0016774,0.556952,0.251138,0.116053,0.957095,-0.0862011
5.0438072681427,-4.07755,-5.35612,2.35725,-2.21308,-3.41521,3.41119,0.731704,-0.224808,0.698354,-0.165532,0.0842874,0.98216,0.0292779,-0.0694097,-0.0016774,0.556952,0.251138,0.116053,0.957095,-0.0862011
5.064126968383789,-4.07755,-5.35612,2.35725,-2.21308,-3.41521,3.41119,0.731704,-0.224808,0.698354,-0.165532,0.0842874,0.98216,0.0292779,-0.0694097,-0.0016774,0.556952,0.251138,0.116053,0.957095,-0.0862011
5.083441495895386,-4.07755,-5.35612,2.35725,-2.21308,-3.41521,3.41119,0.731704,-0.224808,0.698354,-0.165532,0.0842874,0.98216,0.0292779,-0.0694097,-0.0016774,0.556952,0.251138,0.116053,0.957095,-0.0862011
5.103638648986816,-4.07755,-5.35612,2.35725,-2.21308,-3.41521,3.41119,0.731704,-0.224808,0.698354,-0.165532,0.0842874,0.98216,0.0292779,-0.0694097,-0.0016774,0.556952,0.251138,0.116053,0.957095,-0.0862011
5.123958587646484,-4.07755,-5.35612,2.35725,-2.21308,-3.41521,3.41119,0.731704,-0.224808,0.698354,-0.165532,0.0842874,0.98216,0.0292779,-0.0694097,-0.0016774,0.556952,0.251138,0.116053,0.957095,-0.0862011
5.144283056259155,-4.07755,-5.35612,2.35725,-2.21308,-3.41521,3.41119,0.731704,-0.224808,0.698354,-0.165532,0.0842874,0.98216,0.0292779,-0.0694097,-0.0016774,0.556952,0.251138,0.116053,0.957095,-0.0862011
5.16351318359375,-4.07755,-5.35612,2.35725,-2.21308,-3.41521,3.41119,0.731704,-0.224808,0.698354,-0.165532,0.0842874,0.98216,0.0292779,-0.0694097,-0.0016774,0.556952,0.251138,0.116053,0.957095,-0.0862011
5.183832883834839,-4.07755,-5.35612,2.35725,-2.21308,-3.41521,3.41119,0.731704,-0.224808,0.698354,-0.165532,0.0842874,0.98216,0.0292779,-0.0694097,-0.0016774,0.556952,0.251138,0.116053,0.957095,-0.0862011
5.204060316085815,-4.07755,-5.35612,2.35725,-2.21308,-3.41521,3.41119,0.731704,-0.224808,0.698354,-0.165532,0.0842874,0.98216,0.0292779,-0.0694097,-0.0016774,0.556952,0.251138,0.116053,0.957095,-0.0862011
