# Timestamp, Fx, Fy, Fz, Tx, Ty, Tz, FemurPosX, FemurPosY, FemurPosZ, FemurQuatW, FemurQuatX, FemurQuatY, FemurQuatZ, TibiaPosX, TibiaPosY, TibiaPosZ, TibiaQuatW, TibiaQuatX, TibiaQuatY, TibiaQuatZ
0.018444538116455078,-6.050808996440305,10.715402926530988,7.161577562241195,0.23457631109687732,2.456191501956977,-1.2897699786007384,0.0,50.0,20.0,1.0,0.0,0.0,0.0,-434.8444937620038,70.0,50.13298464743235,0.999667483097674,0.0,0.02578610550590663,0.0
0.03976106643676758,-5.842833772645987,10.083654704447717,7.3576583766393355,0.05693097943984329,2.3248176126271662,-1.1946325835483615,0.0,50.0,20.0,1.0,0.0,0.0,0.0,-434.8444937620038,70.0,50.13298464743235,0.999667483097674,0.0,0.02578610550590663,0.0
0.08376646041870117,-6.106421228330446,9.82962552224074,7.557882718386606,0.13542136412526137,2.2671130272633597,-1.1003267711680067,0.0,50.0,20.0,1.0,0.0,0.0,0.0,-433.3479728695606,70.0,50.22149261962325,0.9994461150566767,0.0,0.03327856815003067,0.0
0.10135221481323242,-5.722647123635031,9.140563778827996,7.779744356289918,0.16448464393289183,2.44980191126102,-1.2143757864837,0.0,50.0,20.0,1.0,0.0,0.0,0.0,-432.53209303256773,70.0,50.27923804179103,0.9993016610568827,0.0,0.037365628710824085,0.0
0.1339411735534668,-5.508434774023263,9.647565702175845,7.282172514913788,0.03473014813150879,2.4376649401501282,-1.0257612324861864,0.0,50.0,20.0,1.0,0.0,0.0,0.0,-431.6719817377975,70.0,50.3473828149786,0.9991311655258818,0.0,0.04167630111817767,0.0
0.16707730293273926,-6.163989871330509,9.200325243052529,6.941938157529817,0.04707325095724005,2.4688039781788325,-0.9367186145501928,0.0,50.0,20.0,1.0,0.0,0.0,0.0,-430.7683376767836,70.0,50.42702971815038,0.9989318552380078,0.0,0.04620766809472147,0.0
0.20047664642333984,-5.575855416975807,8.656990901189907,6.668552097704326,-0.1446264525094535,2.456830987260334,-0.92442863143509,0.0,50.0,20.0,1.0,0.0,0.0,0.0,-428.83350686881965,70.0,50.62540852334887,0.9984352544773525,0.0,0.055919966172596765,0.0
0.23374104499816895,-5.388000398804075,8.216056622715518,6.139722841733883,0.05261221501088198,2.5,-1.070473055341054,0.0,50.0,20.0,1.0,0.0,0.0,0.0,-427.8039825471792,70.0,50.74650052370703,0.9981320039861786,0.0,0.06109421100673227,0.0
0.26691532135009766,-4.968137143857417,8.194813612442172,6.515365975633191,-0.14158098562649876,2.419464263398046,-1.063225524760633,0.0,50.0,20.0,1.0,0.0,0.0,0.0,-426.7342528690535,70.0,50.88380579815535,0.9977880391191424,0.0,0.06647577747402973,0.0
0.28377795219421387,-4.933116252378047,8.462482976187122,6.119698964721618,-0.08390547775488019,2.5,-1.0622999586291313,0.0,50.0,20.0,1.0,0.0,0.0,0.0,-425.62528920361814,70.0,51.038554529956556,0.9974002342842201,0.0,0.07206089542728963,0.0
0.3169059753417969,-4.167978335620328,9.206676531417333,6.657140989341448,-0.0027324286472613923,2.5,-1.1392722877487813,0.0,50.0,20.0,1.0,0.0,0.0,0.0,-424.47812081177807,70.0,51.21198824520131,0.996965425064477,0.0,0.07784562432151583,0.0
0.35056328773498535,-4.205473214223489,8.855340443865657,6.315315056130459,-0.18200912115805362,2.3982474759478167,-1.1470678376175603,0.0,50.0,20.0,1.0,0.0,0.0,0.0,-422.0735806937661,70.0,51.619902973939475,0.995942008919346,0.0,0.0899973047912956,0.0
0.3838026523590088,-4.190475354666977,9.354056629691803,7.111778087633827,-0.2136811488085259,2.465843486972626,-1.0334325298749392,0.0,50.0,20.0,1.0,0.0,0.0,0.0,-420.8185627600172,70.0,51.856877645916526,0.9953469805903956,0.0,0.09635553035286867,0.0
0.41706228256225586,-3.6806815407469777,8.833488403205335,6.9313125607187,-0.03902210619799906,2.2664432568471122,-1.0906731095784654,0.0,50.0,20.0,1.0,0.0,0.0,0.0,-419.5300481475307,70.0,52.117513971305414,0.9946921283208553,0.0,0.10289591758921784,0.0
0.43374133110046387,-3.304775277760127,8.130691448586793,7.486350721936264,-0.15352010549117917,2.073736714666224,-1.087512624071601,0.0,50.0,20.0,1.0,0.0,0.0,0.0,-418.209362742142,70.0,52.40303217877897,0.9939742648107672,0.0,0.1096136893544547,0.0
0.467318058013916,-2.877523825050727,7.652437548473755,7.469687125081288,-0.1369204592347469,2.1285535985879287,-1.0017371060343996,0.0,50.0,20.0,1.0,0.0,0.0,0.0,-415.4770781434164,70.0,53.05348740869586,0.9923369200813404,0.0,0.12356147070781924,0.0
0.5003297328948975,-2.1023440305269356,7.741698889288898,7.851792908741187,-0.149688282694265,1.9691426214544538,-1.0864811250945463,0.0,50.0,20.0,1.0,0.0,0.0,0.0,-414.0684234633372,70.0,53.420740641050685,0.9914112652147677,0.0,0.13078112709888007,0.0
0.53359055519104,-1.4356230245433705,7.744688436206243,8.053149551927056,-0.023895538246538367,2.150573694958703,-0.9569709338869639,0.0,50.0,20.0,1.0,0.0,0.0,0.0,-412.6334847958225,70.0,53.81749719632202,0.9904102756021819,0.0,0.13815746806311321,0.0
0.5670361518859863,-1.7043144361618876,7.893524454533511,8.084217090949672,-0.17649792874742232,2.3328560311998205,-1.1213644878751694,0.0,50.0,20.0,1.0,0.0,0.0,0.0,-411.17387408687847,70.0,54.24482016704859,0.9893310361879672,0.0,0.14568493688519404,0.0
0.5853826999664307,-1.078836165512545,7.329860876930559,8.059375512593242,-0.3724054372964231,2.3569904777919035,-1.082702074055474,0.0,50.0,20.0,1.0,0.0,0.0,0.0,-409.69125608608135,70.0,54.70372492924763,0.9881707217651016,0.0,0.15335783203422687,0.0
0.6174945831298828,-0.9617522192202751,6.603245892526726,8.10250945561514,-0.42842985019868796,2.3288258584897803,-1.1915436362936576,0.0,50.0,20.0,1.0,0.0,0.0,0.0,-406.6639077250282,70.0,55.72007132037824,0.9855960853200001,0.0,0.16911639956518465,0.0
0.6504082679748535,-1.480526127436868,6.7883434049946345,8.11049291331347,-0.30935577783774576,2.3225096381485466,-1.280757788902427,0.0,50.0,20.0,1.0,0.0,0.0,0.0,-405.12274951792455,70.0,56.27925843864354,0.9841766649371353,0.0,0.1771899889757254,0.0
0.6837830543518066,-1.2988291400512872,7.395483737128521,8.793101902133387,-0.5029488511668823,2.424102471042704,-1.1235490582927057,0.0,50.0,20.0,1.0,0.0,0.0,0.0,-403.5657223449316,70.0,56.873508539442,0.9826659947829629,0.0,0.18538485023650125,0.0
0.7170698642730713,-1.8917850302250219,6.754823379757162,8.111499259143882,-0.3164604278837104,2.4694632377734704,-1.1285565440864165,0.0,50.0,20.0,1.0,0.0,0.0,0.0,-401.99471567768654,70.0,57.503522426093895,0.9810618675035385,0.0,0.19369463629762565,0.0
0.7504315376281738,-2.209059311498655,6.4276089170992625,8.876310215188502,-0.28639043032319506,2.5,-1.1557735687539963,0.0,50.0,20.0,1.0,0.0,0.0,0.0,-398.81849219622256,70.0,58.87325631293842,0.9775651990712987,0.0,0.21063304955465112,0.0
0.7837841510772705,-2.588567299484691,6.914744756374158,9.020988037050484,-0.1862549078656624,2.440952122760385,-1.1894109048929358,0.0,50.0,20.0,1.0,0.0,0.0,0.0,-397.21721236190086,70.0,59.61397739742439,0.9756690591654928,0.0,0.21924845948631413,0.0
0.8008356094360352,-3.379736381161851,7.213204725940605,9.22724357392055,-0.3518283148496038,2.5,-1.36337877627024,0.0,50.0,20.0,1.0,0.0,0.0,0.0,-395.6098180895705,70.0,60.39245706995989,0.9736722829834484,0.0,0.22795237517911385,0.0
0.8337807655334473,-3.0833720347409117,6.745902561349978,9.791184179663338,-0.20963691584519528,2.44917379088324,-1.4693841552988345,0.0,50.0,20.0,1.0,0.0,0.0,0.0,-393.9983302107189,70.0,61.208973558146425,0.9715735341235207,0.0,0.2367379728533894,0.0
0.8669211864471436,-2.3339340425178134,7.185658729531006,9.400888078842149,-0.3253869832426556,2.327824583114215,-1.6379582224901492,0.0,50.0,20.0,1.0,0.0,0.0,0.0,-392.3847816365777,70.0,62.063710675264375,0.9693716762025173,0.0,0.24559835784532816,0.0
0.9003939628601074,-2.709263172548985,6.904581879160695,8.645672099780887,-0.3854177478821338,2.420018503163433,-1.5228144918358624,0.0,50.0,20.0,1.0,0.0,0.0,0.0,-389.15966280006575,70.0,63.88809540256946,0.9646551316336593,0.0,0.2635156105676612,0.0
0.9338765144348145,-3.4531183944584494,6.388153263351798,8.796210202196377,-0.3141939280500421,2.330782734370779,-1.5069104473983095,0.0,50.0,20.0,1.0,0.0,0.0,0.0,-387.5521707050001,70.0,64.85761806102353,0.9621392361269144,0.0,0.27255841631679184,0.0
0.9670696258544922,-3.3457979831543483,6.417957984778516,8.916048282608793,-0.28894280703443614,2.4726948164746445,-1.652047037077542,0.0,50.0,20.0,1.0,0.0,0.0,0.0,-385.95076299295994,70.0,65.86510843320227,0.959517825698923,0.0,0.2816479046007823,0.0
0.9837465286254883,-2.7221775402421704,6.154342460676547,8.582677175843846,-0.39379721292314884,2.339742605889389,-1.832409884918968,0.0,50.0,20.0,1.0,0.0,0.0,0.0,-384.35745120884525,70.0,66.91024874255571,0.956790863400786,0.0,0.2907769655814892,0.0
1.017040491104126,-3.018976216605567,6.390727281005718,9.26411944466662,-0.2125527182572014,2.143487143723319,-1.86747537591697,0.0,50.0,20.0,1.0,0.0,0.0,0.0,-382.7742254388422,70.0,67.99261785744196,0.9539585476910358,0.0,0.2999384758366452,0.0
1.0503063201904297,-3.1008115916991983,5.833460606098301,9.63947390040061,-0.1336871484886586,2.0418964566412505,-2.0614271365908112,0.0,50.0,20.0,1.0,0.0,0.0,0.0,-379.6458498002894,70.0,70.26684156719504,0.9479798479735868,0.0,0.3183303438819103,0.0
1.083777904510498,-2.4843535293698844,6.205826145032228,10.227165552860747,0.019701189490319515,1.9009465090182176,-1.8685982356697495,0.0,50.0,20.0,1.0,0.0,0.0,0.0,-378.10452007255634,70.0,71.45733920631783,0.9448350670717143,0.0,0.3275464791927844,0.0
1.1170694828033447,-1.7564126792815282,5.475900910920749,10.680893716958032,0.08052867221557514,2.059507943547497,-2.0199717709766882,0.0,50.0,20.0,1.0,0.0,0.0,0.0,-376.58090506531835,70.0,72.68235390503771,0.9415881427008368,0.0,0.3367666395669093,0.0
1.1337482929229736,-2.3959117580834226,5.074986611379932,9.940607604478686,0.26591200226695855,1.9415604818931307,-1.9102122663525187,0.0,50.0,20.0,1.0,0.0,0.0,0.0,-375.0768001742241,70.0,73.94095632745325,0.9382404906860148,0.0,0.345983788113354,0.0
1.1675353050231934,-3.0443313902560214,4.686472109552096,10.139573155753894,0.07980428087853986,2.012928243509967,-1.8033554878461835,0.0,50.0,20.0,1.0,0.0,0.0,0.0,-372.1340173943223,70.0,76.55472510116223,0.9312498990572771,0.0,0.36438115415840483,0.0
1.2004356384277344,-2.488636732882214,4.364339275305399,9.36135051148006,-0.052491585915341143,1.9828124468003059,-1.658204135521646,0.0,50.0,20.0,1.0,0.0,0.0,0.0,-370.6986295530165,70.0,77.9075589664911,0.9276110204000082,0.0,0.3735475804130653,0.0
1.2337775230407715,-1.8776603095319033,3.824977513467558,8.707970986716322,-0.24505450082238905,1.916408302775983,-1.5278684747426492,0.0,50.0,20.0,1.0,0.0,0.0,0.0,-369.2893218813688,70.0,79.28932188132171,0.9238795325113505,0.0,0.382683432364936,0.0
1.2671070098876953,-1.7960241025307517,3.2371263957811283,9.329868250170435,-0.34745752951893005,1.9019813086072748,-1.4946737081396453,0.0,50.0,20.0,1.0,0.0,0.0,0.0,-367.9075589665374,70.0,80.6986295529683,0.9200580700342552,0.0,0.3917820156220056,0.0
1.2860074043273926,-1.3199482679070118,2.509712273856916,8.99589796493025,-0.2433381839798418,1.8436026767275515,-1.4217742547879157,0.0,50.0,20.0,1.0,0.0,0.0,0.0,-366.5547251012075,70.0,82.13401739427326,0.9161495036448111,0.0,0.40083673356039395,0.0
1.3171970844268799,-1.7388776777459494,2.8160921984335943,8.952547737616568,-0.1573669310917672,1.6545068749112455,-1.4863517285528751,0.0,50.0,20.0,1.0,0.0,0.0,0.0,-363.94095632749645,70.0,85.07680017417351,0.9080836961035763,0.0,0.41878873059201055,0.0
1.350576639175415,-2.1130677315661948,2.463144227947821,9.63744294253099,-0.0792577825194749,1.5752058100352286,-1.4051797582814027,0.0,50.0,20.0,1.0,0.0,0.0,0.0,-362.68235390507976,70.0,86.58090506526709,0.9039333353039175,0.0,0.42767338627314117,0.0
1.3837697505950928,-2.62337810559609,2.0094023556385867,9.942364469066153,-0.273493313361837,1.4498676096137775,-1.3059639063788109,0.0,50.0,20.0,1.0,0.0,0.0,0.0,-361.4573392063587,70.0,88.10452007250441,0.8997096196203961,0.0,0.43648894643796204,0.0
1.4169621467590332,-3.2380745966433113,2.7941981196737817,10.359003916249229,-0.120798337129569,1.5385612797613581,-1.4882346769618544,0.0,50.0,20.0,1.0,0.0,0.0,0.0,-360.2668415672346,70.0,89.64584980023716,0.8954165237468059,0.0,0.4452294341136779,0.0
1.4503767490386963,-2.452060823368365,2.9609125769450286,10.646349795045143,-0.2743392000339884,1.541943971969784,-1.466036298441679,0.0,50.0,20.0,1.0,0.0,0.0,0.0,-357.9926178574792,70.0,92.77422543878879,0.8866390882462017,0.0,0.46246202784006385,0.0
1.4838244915008545,-2.896204090633863,3.420775321134639,10.807054590602142,-0.0920033253364601,1.4579436137446002,-1.420237798965152,0.0,50.0,20.0,1.0,0.0,0.0,0.0,-356.9102487425916,70.0,94.35745120879169,0.8821636718636976,0.0,0.4709429435122247,0.0
1.500861406326294,-2.2745614614436596,3.048735804761302,10.697204054697663,-0.00988937971857129,1.3026835018152898,-1.5086790501192964,0.0,50.0,20.0,1.0,0.0,0.0,0.0,-355.865108433237,70.0,95.95076299290585,0.8776367044714293,0.0,0.479326417970603,0.0
1.5338068008422852,-2.2958144424602573,2.2720422788586667,10.535761823662636,0.1048072840682176,1.403432096718406,-1.6141235191081578,0.0,50.0,20.0,1.0,0.0,0.0,0.0,-354.857618061057,70.0,97.55217070494572,0.8730630827582113,0.0,0.4876072738636378,0.0
1.5670325756072998,-2.143309115649153,1.6592385711685576,10.071832499222905,-0.07109322810298785,1.5760755150682377,-1.6313851490273072,0.0,50.0,20.0,1.0,0.0,0.0,0.0,-353.8880954026016,70.0,99.1596628000112,0.8684478602656258,0.0,0.4957805099033806,0.0
1.6003289222717285,-1.6354946143202496,1.9637698876253307,9.700235027304654,0.03741704591165207,1.6999186141566618,-1.6151495167789518,0.0,50.0,20.0,1.0,0.0,0.0,0.0,-352.063710675294,70.0,102.38478163652306,0.8591135500138412,0.0,0.5117850214519915,0.0
1.6337368488311768,-1.647808037425489,1.4319050781932527,9.819774902574624,0.1692581779059954,1.6024658204051743,-1.5518930861392597,0.0,50.0,20.0,1.0,0.0,0.0,0.0,-351.20897355817476,70.0,103.99833021066425,0.8544052603692692,0.0,0.5196072084308696,0.0
1.6670794486999512,-1.2858679229805965,1.5262680248331848,10.39061654304278,0.2471283559540935,1.6151571227783335,-1.534272503008469,0.0,50.0,20.0,1.0,0.0,0.0,0.0,-350.3924570699868,70.0,105.60981808951624,0.8496769442278747,0.0,0.5273036036739946,0.0
1.6838037967681885,-0.9865015174765603,1.0825896352763078,11.159018840809273,0.3312125893351399,1.6417600484706543,-1.36906562612601,0.0,50.0,20.0,1.0,0.0,0.0,0.0,-349.61397739745007,70.0,107.21721236184652,0.8449342803974563,0.0,0.5348701354620883,0.0
1.7171454429626465,-1.4912712177238054,1.1703828849933346,11.87922474708915,0.3932474379347069,1.4444975747583988,-1.2500372956062906,0.0,50.0,20.0,1.0,0.0,0.0,0.0,-348.8732563129629,70.0,108.81849219616844,0.8401830389975495,0.0,0.5423029236329472,0.0
1.7505416870117188,-1.7915267390163967,1.3767512439857261,11.350605935871219,0.5843276234100887,1.4769220199363442,-1.2576026901019177,0.0,50.0,20.0,1.0,0.0,0.0,0.0,-347.50352242611575,70.0,111.99471567763335,0.8306782900809635,0.0,0.5567527084695383,0.0
1.783735752105713,-2.378148612938615,0.9806580008810366,11.066405461006426,0.7539542635817965,1.4759443136559307,-1.385107625884137,0.0,50.0,20.0,1.0,0.0,0.0,0.0,-346.8735085394627,70.0,113.5657223448786,0.8259366732841005,0.0,0.56376290382074,0.0
1.8170371055603027,-2.0391738791590917,0.2709056284039102,10.474669306318768,0.8694507107261369,1.5262641174744964,-1.207259949783802,0.0,50.0,20.0,1.0,0.0,0.0,0.0,-346.2792584386631,70.0,115.12274951787208,0.8212102364258739,0.0,0.570625750899274,0.0
1.8337011337280273,-1.7472094055597367,-0.25882997220888626,10.153263403821592,0.8187988793380098,1.5207907252018051,-1.1557525914705762,0.0,50.0,20.0,1.0,0.0,0.0,0.0,-345.7200713203965,70.0,116.66390772497654,0.816505028383241,0.0,0.5773383224980676,0.0
1.8675310611724854,-2.0407520808283324,-0.9926251850741749,10.728344717037192,0.6838483618613331,1.424850129191091,-1.247225539574482,0.0,50.0,20.0,1.0,0.0,0.0,0.0,-344.70372492926373,70.0,119.69125608603078,0.8071825813097345,0.0,0.5903018553504248,0.0
1.9001944065093994,-1.8234029032473202,-0.8676241614867938,10.874655634455536,0.7058758441366103,1.408827170701256,-1.0888814214324354,0.0,50.0,20.0,1.0,0.0,0.0,0.0,-344.2448201670636,70.0,121.17387408682868,0.8025774913152354,0.0,0.5965478777383617,0.0
1.9335603713989258,-1.3088152839879938,-1.050128343151946,11.421152724782043,0.7972429474973735,1.2484320054573348,-1.2881475968100744,0.0,50.0,20.0,1.0,0.0,0.0,0.0,-343.8174971963359,70.0,122.6334847957737,0.7980179045742843,0.0,0.6026337394959467,0.0
1.9670069217681885,-1.239037631308754,-1.3218843470495933,11.582159868023725,0.6299464330491396,1.2439711755080096,-1.2952591127908317,0.0,50.0,20.0,1.0,0.0,0.0,0.0,-343.4207406410636,70.0,124.06842346328905,0.7935098504010866,0.0,0.6085574067550614,0.0
1.9857816696166992,-1.8703282846017728,-1.5909488002301062,12.196397811006696,0.8018188505600856,1.4281266524783816,-1.2002091203008804,0.0,50.0,20.0,1.0,0.0,0.0,0.0,-343.05348740870784,70.0,125.47707814336913,0.7890593192423205,0.0,0.6143170115802147,0.0
2.017369270324707,-1.4710198616294248,-2.2985617960886358,12.135212164066848,0.8867132906331916,1.2492345636372437,-1.1784349928187139,0.0,50.0,20.0,1.0,0.0,0.0,0.0,-342.4030321787891,70.0,128.20936274209677,0.7803545260261622,0.0,0.6253373599190151,0.0
2.050276517868042,-2.0854358576516328,-2.4408349571576795,11.733406215182157,0.8422837152883007,1.244573724304095,-1.0995966597110935,0.0,50.0,20.0,1.0,0.0,0.0,0.0,-342.1175139713147,70.0,129.53004814748653,0.7761119502124467,0.0,0.6305951480446331,0.0
2.08375883102417,-1.7798677134312,-3.223196203647522,11.549553887040746,0.9435585698455746,1.0490021686143935,-1.2901555426980327,0.0,50.0,20.0,1.0,0.0,0.0,0.0,-341.85687764592495,70.0,130.81856275997413,0.7719502485265027,0.0,0.6356829506915146,0.0
2.1171634197235107,-1.5458459200892847,-2.5694783168860296,11.640345224976903,0.9252937978488591,0.9877501806384114,-1.166106561511895,0.0,50.0,20.0,1.0,0.0,0.0,0.0,-341.6199029739471,70.0,132.07358069372418,0.7678750526819966,0.0,0.6405996436688214,0.0
2.150491237640381,-1.7669598523947943,-3.081283244954868,11.2834443779231,0.9706848558211343,0.9448643779520656,-1.05490767248891,0.0,50.0,20.0,1.0,0.0,0.0,0.0,-341.2119882452075,70.0,134.47812081173856,0.7600061815151947,0.0,0.6499158438280243,0.0
2.183969497680664,-1.0865361358836727,-3.5484852888561216,10.93829658884147,1.1187880985459098,0.9017596010314113,-1.0674319983455183,0.0,50.0,20.0,1.0,0.0,0.0,0.0,-341.0385545299621,70.0,135.62528920358008,0.7562232170345603,0.0,0.6543137214042667,0.0
2.2009313106536865,-0.72769378077236,-3.2254420591156148,10.333131055214166,1.094776232246874,1.0002976152014167,-1.0262739615911414,0.0,50.0,20.0,1.0,0.0,0.0,0.0,-340.88380579816027,70.0,136.7342528690166,0.7525481616846307,0.0,0.6585372156112993,0.0
2.233754873275757,-1.4870085770314434,-2.6094126399577204,9.547350075022496,1.0686852106362947,1.0193073027927233,-0.9863331046157899,0.0,50.0,20.0,1.0,0.0,0.0,0.0,-340.7465005237114,70.0,137.80398254714362,0.7489860394321659,0.0,0.6625857776437086,0.0
2.267033338546753,-0.7726052181244205,-2.472251227874905,9.241446327747234,0.9125456242115724,1.0967191964903127,-0.8338367087286904,0.0,50.0,20.0,1.0,0.0,0.0,0.0,-340.6254085233527,70.0,138.8335068687855,0.7455417263011324,0.0,0.6664589517321585,0.0
2.300330400466919,-0.33651391774399375,-3.0832834118647625,9.796833844295898,0.7924451986990881,1.0873258775512527,-0.7149456413796439,0.0,50.0,20.0,1.0,0.0,0.0,0.0,-340.4270297181533,70.0,140.76833767675222,0.7390252442347547,0.0,0.6736777333293428,0.0
2.333698034286499,0.4324786071694242,-3.2559000190665026,9.886830429345364,0.8710695261793869,1.1306769075530192,-0.678588218886723,0.0,50.0,20.0,1.0,0.0,0.0,0.0,-340.3473828149811,70.0,141.67198173776762,0.7359620175737073,0.0,0.6770228273026236,0.0
2.3670578002929688,1.0893048014921798,-2.5549538795324818,10.39933248986238,1.043891249894668,0.9904339465498443,-0.841055044127646,0.0,50.0,20.0,1.0,0.0,0.0,0.0,-340.2792380417932,70.0,142.53209303253948,0.7330344704291215,0.0,0.6801914915394762,0.0
2.383767604827881,1.0950799093984944,-2.414346783619123,9.702974349219463,1.0757000512518005,1.1358553704447414,-0.8837363903889053,0.0,50.0,20.0,1.0,0.0,0.0,0.0,-340.22149261962505,70.0,143.34797286953372,0.7302466265942839,0.0,0.6831836241799628,0.0
2.4170982837677,0.9672799998642834,-2.8074168038849585,9.513951036892996,1.1283702762105463,1.0740564843144458,-1.073637779682878,0.0,50.0,20.0,1.0,0.0,0.0,0.0,-340.17308218365645,70.0,144.11897293927444,0.7276023194737822,0.0,0.6859991725187227,0.0
2.4504024982452393,1.697703748572366,-2.713216489201373,9.232783986630743,1.1802740797688136,1.0437581412287853,-0.9210071215416495,0.0,50.0,20.0,1.0,0.0,0.0,0.0,-340.1002238603432,70.0,145.52398310476207,0.7227586626780683,0.0,0.6911005104352118,0.0
2.483706474304199,2.4010366092879503,-1.9610484035111793,8.725960769841542,1.1112989779986926,1.0803204929443364,-0.9516665965248955,0.0,50.0,20.0,1.0,0.0,0.0,0.0,-340.0738730526123,70.0,146.15693438846515,0.7205659775882249,0.0,0.6933863799804015,0.0
2.5170226097106934,3.033575302296234,-1.6548596657624908,9.298516276270357,1.1786235316920721,1.1799945441921866,-0.7847074545284318,0.0,50.0,20.0,1.0,0.0,0.0,0.0,-340.05305806303124,70.0,146.7428851036233,0.7185301486241781,0.0,0.6954958127250778,0.0
2.533695936203003,2.7394447105145407,-1.6441960094262575,9.291869070048685,1.2456561483557405,1.0288195707001013,-0.9512658334843238,0.0,50.0,20.0,1.0,0.0,0.0,0.0,-340.0369603454343,70.0,147.28141525426886,0.7166539776828533,0.0,0.6974289040980051,0.0
2.5675227642059326,3.038773399568167,-1.1188556133437995,9.664435753460143,1.1946898503930945,1.022348550724758,-0.8693008680569189,0.0,50.0,20.0,1.0,0.0,0.0,0.0,-340.0159370818934,70.0,148.21473744561195,0.7133907153670702,0.0,0.700766499790094,0.0
2.6005704402923584,2.3330977776639603,-0.46341206681369695,10.292621729065095,1.3750315890099511,0.9138039951115291,-0.819610516963429,0.0,50.0,20.0,1.0,0.0,0.0,0.0,-340.00967642006094,70.0,148.60888879701056,0.7120081151327892,0.0,0.7021712355152786,0.0
2.6339101791381836,2.6055334830989296,-1.0397323073544718,9.784221869178369,1.3559655522736116,0.9230720040305413,-0.8664106317126818,0.0,50.0,20.0,1.0,0.0,0.0,0.0,-340.00546722005765,70.0,148.95433556001845,0.7107941489629102,0.0,0.7034000837361994,0.0
2.667126178741455,2.165943415042132,-1.5474917411957176,9.027903501272382,1.2172824139193161,0.9854715263074911,-0.6769322842278527,0.0,50.0,20.0,1.0,0.0,0.0,0.0,-340.00280617447595,70.0,149.25084913363918,0.7097504873769402,0.0,0.7044531536363478,0.0
2.6857683658599854,1.9915702412502458,-1.5191641126682636,8.441136064063857,1.0352561350380203,1.0726392497935873,-0.6549071834460235,0.0,50.0,20.0,1.0,0.0,0.0,0.0,-340.0012588454535,70.0,149.49823560707577,0.7088785664446494,0.0,0.7053305452306591,0.0
2.717449188232422,1.3358641749589997,-1.776235317479855,8.156564923449888,1.233313959346893,1.0452991102679354,-0.5546981641970463,0.0,50.0,20.0,1.0,0.0,0.0,0.0,-340.0001200945775,70.0,149.84501967520677,0.7076545072448603,0.0,0.7065586305297203,0.0
2.7503721714019775,1.166965116718793,-2.484871572667898,7.906714249068989,1.059287110628005,0.9992437879302208,-0.38115387950117613,0.0,50.0,20.0,1.0,0.0,0.0,0.0,-340.0000155708158,70.0,149.94419531458257,0.7073040530260569,0.0,0.7069094542958899,0.0
2.7837040424346924,0.8723660640155921,-2.377448543562061,8.461206341739107,1.2296698661032988,0.9668997248218325,-0.329124368732623,0.0,50.0,20.0,1.0,0.0,0.0,0.0,-340.00000019227275,70.0,149.9937988262723,0.7071287053066354,0.0,0.7070848563866726,0.0
2.817034959793091,1.3314795922126539,-2.767354281314752,8.477800350833245,1.3358089311093262,0.8827039200671398,-0.395253032135558,0.0,50.0,20.0,1.0,0.0,0.0,0.0,-340.00000019227275,70.0,149.99379882627318,0.7071287053066323,0.0,0.7070848563866758,0.0
2.8504443168640137,0.9669958249766402,-2.2873910295176003,8.722327776450076,1.330698080466919,1.0237310749771804,-0.5781665176311865,0.0,50.0,20.0,1.0,0.0,0.0,0.0,-340.0001200945775,70.0,149.84501967521132,0.7076545072448444,0.0,0.7065586305297363,0.0
2.8837060928344727,1.1699202809742144,-2.64415918988192,9.369358923072586,1.2272202910051124,1.1917644401728453,-0.4886100838545184,0.0,50.0,20.0,1.0,0.0,0.0,0.0,-340.0004610637132,70.0,149.69633483890775,0.708179585843493,0.0,0.7060323464222718,0.0
2.9011900424957275,1.8993046135853935,-2.071695197836327,9.20330479270009,1.220470244755149,1.3083305682971882,-0.36256378408721496,0.0,50.0,20.0,1.0,0.0,0.0,0.0,-340.00125884545344,70.0,149.4982356070839,0.7088785664446207,0.0,0.7053305452306879,0.0
2.9337236881256104,1.3026574155460908,-2.748881448554868,9.784958246401242,1.1639645472609499,1.1430243376138527,-0.2849391959732476,0.0,50.0,20.0,1.0,0.0,0.0,0.0,-340.00280617447584,70.0,149.2508491336491,0.7097504873769053,0.0,0.7044531536363831,0.0
2.9670722484588623,0.6023016652570561,-3.000659568097518,10.251447381647324,1.1684980835765202,1.1188531408308209,-0.30642305906890777,0.0,50.0,20.0,1.0,0.0,0.0,0.0,-340.00546722005754,70.0,148.95433556003013,0.7107941489628691,0.0,0.7034000837362409,0.0
3.0002634525299072,1.3619503535589228,-3.1477640498521278,9.475971597822612,1.3042639324271053,0.935930333544118,-0.32791813410313364,0.0,50.0,20.0,1.0,0.0,0.0,0.0,-340.0159370818931,70.0,148.21473744562724,0.7133907153670167,0.0,0.7007664997901485,0.0
3.0337116718292236,1.5551265072412002,-2.670814665209604,8.689278392505484,1.2616099583061502,0.7811312695234394,-0.144941010378705,0.0,50.0,20.0,1.0,0.0,0.0,0.0,-340.0248197507242,70.0,147.77214584749998,0.7149400469707233,0.0,0.699185761609531,0.0
3.0669426918029785,0.8573410259513615,-2.4870527115274417,8.094812282042245,1.0821082409356193,0.9139750393450752,-0.007516762825165835,0.0,50.0,20.0,1.0,0.0,0.0,0.0,-340.0369603454338,70.0,147.2814152542876,0.7166539776827879,0.0,0.6974289040980722,0.0
3.083695411682129,1.4938823670687529,-2.9898147077355666,8.2529763704452,1.10629436598273,0.7864602950242445,-0.08198208329672757,0.0,50.0,20.0,1.0,0.0,0.0,0.0,-340.05305806303056,70.0,146.74288510364386,0.7185301486241066,0.0,0.6954958127251517,0.0
3.117175817489624,1.5904950274259055,-2.7703597536109053,7.626528580984972,1.1592327632396113,0.6696015528998729,0.06963852347006838,0.0,50.0,20.0,1.0,0.0,0.0,0.0,-340.0738730526115,70.0,146.15693438848743,0.7205659775881476,0.0,0.6933863799804818,0.0
3.1504151821136475,2.3090386934159,-2.8676786928944296,7.643207119366558,1.1945877210913625,0.7151071019555201,0.07646005522477844,0.0,50.0,20.0,1.0,0.0,0.0,0.0,-340.13298464743224,70.0,144.84449376200575,0.7251051862936654,0.0,0.6886381261664423,0.0
3.183865785598755,2.1451016152220497,-2.2139249614034355,7.728450349046077,1.3874256281691963,0.8787887650413155,0.23318450249641354,0.0,50.0,20.0,1.0,0.0,0.0,0.0,-340.1730821836548,70.0,144.1189729393018,0.7276023194736881,0.0,0.6859991725188225,0.0
3.2170844078063965,2.1930774458491906,-2.4572483944812413,8.490154088803827,1.463776033563228,0.8006522808110953,0.24208388656783775,0.0,50.0,20.0,1.0,0.0,0.0,0.0,-340.2214926196231,70.0,143.34797286956274,0.7302466265941845,0.0,0.683183624180069,0.0
3.2337136268615723,-6.499127458548429,9.627704984814475,10.282459796528606,0.5146767373784926,2.2268781433393645,-2.2384524180819136,0.0,50.0,20.0,1.0,0.0,0.0,0.0,-340.27923804179085,70.0,142.53209303257,0.7330344704290175,0.0,0.6801914915395884,0.0
3.267676591873169,-7.014979968438101,9.757052613261797,10.147511783943985,0.6906837653636804,2.2406510213861295,-2.1279845054924245,0.0,50.0,20.0,1.0,0.0,0.0,0.0,-340.42702971815015,70.0,140.76833767678605,0.7390252442346403,0.0,0.6736777333294683,0.0
3.300367832183838,-6.699028285037457,10.492547068158759,10.315764210647531,0.8690987609151186,2.219161043721292,-2.0322405055940758,0.0,50.0,20.0,1.0,0.0,0.0,0.0,-340.51931588017123,70.0,139.8219114244935,0.7422199423873846,0.0,0.6701563676653886,0.0
3.3337039947509766,-7.356375964820466,11.229904013374167,10.612310006117102,0.7171524271673773,2.2150073261246375,-1.9608865592670868,0.0,50.0,20.0,1.0,0.0,0.0,0.0,-340.6254085233486,70.0,138.8335068688224,0.7455417263010086,0.0,0.6664589517322969,0.0
3.3670599460601807,-7.2800049221074365,10.7926080467753,10.824668179733688,0.5821528341920368,2.132128598114557,-1.8083344258355851,0.0,50.0,20.0,1.0,0.0,0.0,0.0,-340.7465005237067,70.0,137.803982547182,0.7489860394320378,0.0,0.6625857776438534,0.0
3.385918378829956,-6.676391836987474,10.413951674098556,11.08822524603187,0.44206004356596007,2.1128385099636304,-1.9763471675990567,0.0,50.0,20.0,1.0,0.0,0.0,0.0,-340.883805798155,70.0,136.7342528690564,0.7525481616844985,0.0,0.6585372156114505,0.0
3.4170355796813965,-6.96225013110499,11.17134606058535,10.617626004111193,0.3614280393013371,1.95307224912806,-2.1376092966195164,0.0,50.0,20.0,1.0,0.0,0.0,0.0,-341.2119882452008,70.0,134.47812081178122,0.7600061815150545,0.0,0.6499158438281883,0.0
3.4503824710845947,-7.732078225415317,11.07103812510556,10.220175276151663,0.4283369132905062,1.8815554826315548,-2.3326249391301572,0.0,50.0,20.0,1.0,0.0,0.0,0.0,-341.40535475431255,70.0,133.29383560247766,0.7638918915577071,0.0,0.6453442321834049,0.0
3.4837496280670166,-8.17479056305853,10.756852450765484,10.477046799914891,0.6258430199734617,2.0563719298418013,-2.2794762791240357,0.0,50.0,20.0,1.0,0.0,0.0,0.0,-341.6199029739389,70.0,132.07358069376923,0.76787505268185,0.0,0.6405996436689971,0.0
3.5170438289642334,-7.762804659705278,11.114049377984205,11.012557467242706,0.8032378811676262,1.974728081931509,-2.444919863047615,0.0,50.0,20.0,1.0,0.0,0.0,0.0,-341.85687764591586,70.0,130.8185627600206,0.7719502485263522,0.0,0.6356829506916974,0.0
3.5505268573760986,-7.804669424462867,11.679536330264584,10.68722063804331,0.754373429501898,1.880181508342855,-2.5,0.0,50.0,20.0,1.0,0.0,0.0,0.0,-342.40303217877823,70.0,128.20936274214543,0.7803545260260062,0.0,0.6253373599192097,0.0
3.583756446838379,-7.720541849591193,11.120356314219032,11.066477431407245,0.7823823267942497,1.8069004474068926,-2.4390867669643828,0.0,50.0,20.0,1.0,0.0,0.0,0.0,-342.71463204786187,70.0,126.85789157364655,0.7846722514093175,0.0,0.6199108467096157,0.0
3.6007630825042725,-8.315530844162252,10.705260220356909,10.813958913599796,0.621057760696185,1.9890500481546551,-2.5,0.0,50.0,20.0,1.0,0.0,0.0,0.0,-343.0534874086949,70.0,125.47707814342013,0.789059319242159,0.0,0.6143170115804222,0.0
3.633695602416992,-8.656649728983284,11.369706455329789,11.204714811011659,0.6124496360753378,1.932437438891164,-2.5,0.0,50.0,20.0,1.0,0.0,0.0,0.0,-343.42074064104963,70.0,124.06842346334103,0.7935098504009228,0.0,0.6085574067552749,0.0
3.666961193084717,-8.97120824684562,11.68517399768287,10.920148544805555,0.4464152384413031,1.9626672217183931,-2.5,0.0,50.0,20.0,1.0,0.0,0.0,0.0,-343.8174971963209,70.0,122.63348479582638,0.7980179045741193,0.0,0.6026337394961652,0.0
3.7003514766693115,-9.435984981224095,12.434582042368522,11.237846534858908,0.348702135399957,1.8175864793829803,-2.3249611303475017,0.0,50.0,20.0,1.0,0.0,0.0,0.0,-344.70372492924633,70.0,119.69125608608539,0.8071825813095653,0.0,0.5903018553506562,0.0
3.733739137649536,-9.85782554862421,12.473122060756587,11.670735674776209,0.495122948893455,1.9164504480142233,-2.407307680141498,0.0,50.0,20.0,1.0,0.0,0.0,0.0,-345.19517388340535,70.0,118.18734614964904,0.8118271178346748,0.0,0.5838978769855608,0.0
3.7669193744659424,-9.26430630675463,12.939790553784876,11.776457856509662,0.4777997478677213,1.7863167215616513,-2.5,0.0,50.0,20.0,1.0,0.0,0.0,0.0,-345.7200713203768,70.0,116.66390772503233,0.8165050283830703,0.0,0.5773383224983092,0.0
3.7837202548980713,-8.465531814160189,12.862112187297488,11.076816019094442,0.5234459656414632,1.7758935949350738,-2.4126979163632734,0.0,50.0,20.0,1.0,0.0,0.0,0.0,-346.279258438642,70.0,115.12274951792872,0.8212102364257013,0.0,0.5706257508995223,0.0
3.816936731338501,-8.722882517704125,12.441615590251558,11.00296686913669,0.4293460170480495,1.7703487393978374,-2.431672272048687,0.0,50.0,20.0,1.0,0.0,0.0,0.0,-346.87350853944037,70.0,113.56572234493578,0.8259366732839275,0.0,0.5637629038209936,0.0
3.8505120277404785,-8.727127643741435,12.70446660987664,10.48217633873489,0.26814608431594456,1.7167702724225757,-2.341601439273978,0.0,50.0,20.0,1.0,0.0,0.0,0.0,-348.169924033464,70.0,110.41165388677848,0.8354290697396803,0.0,0.5495982800499765,0.0
3.8838274478912354,-8.259213514006865,12.184966077397691,10.098476024075994,0.29402961312791515,1.7650445866254727,-2.2918046912729766,0.0,50.0,20.0,1.0,0.0,0.0,0.0,-348.8732563129365,70.0,108.81849219622683,0.8401830389973758,0.0,0.5423029236332164,0.0
3.917073965072632,-8.154854224604811,12.673475054799122,9.478832688575647,0.25600846567634805,1.750207608032653,-2.2746725212254226,0.0,50.0,20.0,1.0,0.0,0.0,0.0,-349.61397739742245,70.0,107.21721236190493,0.8449342803972836,0.0,0.5348701354623612,0.0
3.9334893226623535,-8.387526922583683,12.312008834280988,9.729515189414576,0.3312298882397576,1.7759579909714445,-2.218756167135348,0.0,50.0,20.0,1.0,0.0,0.0,0.0,-350.39245706995774,70.0,105.60981808957484,0.8496769442277022,0.0,0.5273036036742725,0.0
3.96753191947937,-8.331799102627977,11.520692194480418,10.290492647139839,0.21095003040769067,1.7946484805843952,-2.250194982327854,0.0,50.0,20.0,1.0,0.0,0.0,0.0,-352.06371067526203,70.0,102.38478163658205,0.8591135500136695,0.0,0.5117850214522796,0.0
4.000380039215088,-8.465605964794017,11.222587847813742,9.937112441260503,0.3673842097948161,1.6100728322496867,-2.0883304378631027,0.0,50.0,20.0,1.0,0.0,0.0,0.0,-352.9567553272102,70.0,100.77121211290239,0.8637962372200333,0.0,0.5038413049408633,0.0
4.033802509307861,-8.213337017858635,10.869144949713478,10.545348355057554,0.50603537486553,1.7668697225911911,-2.1011647983694433,0.0,50.0,20.0,1.0,0.0,0.0,0.0,-353.88809540256693,70.0,99.15966280007007,0.8684478602654564,0.0,0.49578050990367734,0.0
4.067024230957031,-8.364523929081615,11.387755830603028,10.371835034155167,0.5893428665519361,1.668526955974048,-2.2128734552958025,0.0,50.0,20.0,1.0,0.0,0.0,0.0,-354.85761806102084,70.0,97.55217070500439,0.8730630827580433,0.0,0.48760727386393854,0.0
4.085992097854614,-8.177094832876731,11.924320883915419,10.441861693364554,0.4656812384514444,1.631661427816909,-2.083212774210604,0.0,50.0,20.0,1.0,0.0,0.0,0.0,-355.8651084331997,70.0,95.950762992964,0.8776367044712635,0.0,0.4793264179709064,0.0
4.116958141326904,-8.945823869719002,12.216911862660062,10.390722870710352,0.580957773719065,1.6465429038984971,-1.945885817326261,0.0,50.0,20.0,1.0,0.0,0.0,0.0,-357.992617857439,70.0,92.77422543884647,0.8866390882460392,0.0,0.4624620278403756,0.0
4.1505045890808105,-8.545326350617184,12.489045716472926,10.968463554869874,0.5927658552859238,1.5183245709020492,-1.8381929772169987,0.0,50.0,20.0,1.0,0.0,0.0,0.0,-359.11169127893703,70.0,91.20304844427724,0.8910582235626434,0.0,0.45388901971890244,0.0
4.18376612663269,-9.288281064155731,11.755308444591472,11.001219540253068,0.6010519900476412,1.5035389281200364,-1.7908162631037834,0.0,50.0,20.0,1.0,0.0,0.0,0.0,-360.2668415671919,70.0,89.64584980029358,0.8954165237466484,0.0,0.4452294341139946,0.0
4.217015027999878,-9.037903776161812,12.088106653981194,11.27137357046192,0.41717489468440283,1.4557758070091713,-1.631366485740011,0.0,50.0,20.0,1.0,0.0,0.0,0.0,-361.4573392063146,70.0,88.10452007256043,0.8997096196202404,0.0,0.4364889464382829,0.0
4.250369071960449,-8.47627756932677,12.239015272006096,11.627327180283292,0.560923203625006,1.6460249261625424,-1.7370603663707165,0.0,50.0,20.0,1.0,0.0,0.0,0.0,-363.94095632745,70.0,85.07680017422791,0.9080836961034265,0.0,0.4187887305923353,0.0
4.283681869506836,-9.027758310227131,12.7321679464172,10.87068022770337,0.6771316967466608,1.4664851013650648,-1.9267145402503187,0.0,50.0,20.0,1.0,0.0,0.0,0.0,-365.2321202453978,70.0,83.59394487698164,0.9121569358477146,0.0,0.4098410965055947,0.0
4.300759792327881,-8.35687887910655,12.33920770132605,10.27267873967885,0.8222593668727755,1.4498434085576488,-1.9675988618810194,0.0,50.0,20.0,1.0,0.0,0.0,0.0,-366.5547251011586,70.0,82.13401739432618,0.9161495036446666,0.0,0.400836733560724,0.0
4.333665132522583,-7.601489020780241,11.896806462652794,10.876809899784206,0.7146884249688376,1.6343311106420482,-1.8750951920615786,0.0,50.0,20.0,1.0,0.0,0.0,0.0,-367.90755896648744,70.0,80.6986295530203,0.920058070034114,0.0,0.39178201562233744,0.0
4.367071151733398,-7.445734836019331,12.57700494511719,11.326615701633166,0.7523985152899308,1.5188159871872546,-1.9980525922788535,0.0,50.0,20.0,1.0,0.0,0.0,0.0,-369.28932188131796,70.0,79.28932188137253,0.9238795325112129,0.0,0.38268343236526803,0.0
4.400304317474365,-7.840733207273072,12.516674983959003,11.605650930991427,0.7098300927619036,1.6447061208309686,-1.894586223905772,0.0,50.0,20.0,1.0,0.0,0.0,0.0,-372.13401739426934,70.0,76.55472510121115,0.9312498990571458,0.0,0.3643811541587404,0.0
4.433712959289551,-8.023748271827001,12.314685255060208,10.85513882292939,0.862247440473991,1.6569405304690463,-1.809644513052502,0.0,50.0,20.0,1.0,0.0,0.0,0.0,-373.59394487692407,70.0,75.23212024544895,0.9347937733921612,0.0,0.3551909362965851,0.0
4.466885328292847,-8.199918677962536,12.96641635240915,11.334079352894747,0.6843508958983626,1.6759621920938246,-1.97060786030176,0.0,50.0,20.0,1.0,0.0,0.0,0.0,-375.07680017416953,70.0,73.94095632749985,0.9382404906858905,0.0,0.3459837881136908,0.0
4.483704328536987,-8.98429981391781,12.898192050200784,11.475108864409492,0.7120844908587758,1.645627975598888,-2.063368958953701,0.0,50.0,20.0,1.0,0.0,0.0,0.0,-376.580905065263,70.0,72.68235390508312,0.9415881427007162,0.0,0.3367666395672463,0.0
4.516923904418945,-9.120827910150012,12.307178252462094,11.804460747740732,0.552467605661851,1.6584191553401522,-2.032516791982256,0.0,50.0,20.0,1.0,0.0,0.0,0.0,-378.1045200725005,70.0,71.45733920636181,0.9448350670715979,0.0,0.32754647919312013,0.0
4.550363540649414,-8.623190046255624,12.389619435852099,11.98414234554928,0.4913681732520364,1.7236624037498287,-2.0007228948498454,0.0,50.0,20.0,1.0,0.0,0.0,0.0,-381.2030484442158,70.0,69.11169127898167,0.951021316062417,0.0,0.30912530856419435,0.0
4.58370041847229,-8.6322488981751,11.63424589437131,11.764362361598684,0.623863289071025,1.8685753015106936,-2.157407036816588,0.0,50.0,20.0,1.0,0.0,0.0,0.0,-382.7742254387846,70.0,67.9926178574822,0.9539585476909304,0.0,0.2999384758369806,0.0
4.616825103759766,-8.064567224943431,11.603324742050335,12.244748954306324,0.7263691926959885,1.7378719486488257,-2.348641085655245,0.0,50.0,20.0,1.0,0.0,0.0,0.0,-384.35745120878744,70.0,66.91024874259445,0.9567908634006848,0.0,0.29077696558182226,0.0
4.63375449180603,-8.20956713038162,12.19739635421331,12.8179408289286,0.6126083500135371,1.7898941575122926,-2.44263979732121,0.0,50.0,20.0,1.0,0.0,0.0,0.0,-385.95076299290156,70.0,65.8651084332398,0.9595178256988252,0.0,0.28164790460111533,0.0
4.6674230098724365,-7.822940134842227,11.88194610782039,12.111696067159338,0.6102449001766953,1.9208148970983545,-2.5,0.0,50.0,20.0,1.0,0.0,0.0,0.0,-389.15966280000714,70.0,63.888095402604065,0.9646551316335696,0.0,0.26351561056798956,0.0
4.700399160385132,-7.245991426727891,11.31212872504174,12.84418732218465,0.6402100567428426,2.005706122739819,-2.5,0.0,50.0,20.0,1.0,0.0,0.0,0.0,-390.7712121128393,70.0,62.956755327245844,0.9670657802671806,0.0,0.25452657353649594,0.0
4.733722925186157,-6.819750553139508,10.773271315921615,13.0,0.6482224892053323,1.9118019235104267,-2.4094329677598285,0.0,50.0,20.0,1.0,0.0,0.0,0.0,-392.3847816365187,70.0,62.063710675296306,0.9693716762024349,0.0,0.24559835784565334,0.0
4.766977071762085,-7.377600843168788,10.950986373428357,12.492004814313537,0.4540574805032018,1.8292135188539276,-2.5,0.0,50.0,20.0,1.0,0.0,0.0,0.0,-393.9983302106599,70.0,61.208973558176965,0.971573534123442,0.0,0.23673797285371195,0.0
4.785936117172241,-6.728645872426664,11.623041575376448,11.756421881699268,0.5635023954319558,1.8714517621779105,-2.5,0.0,50.0,20.0,1.0,0.0,0.0,0.0,-395.6098180895119,70.0,60.392457069988936,0.9736722829833739,0.0,0.22795237517943231,0.0
4.816938400268555,-6.960799124516798,12.206082788700057,11.390221521512627,0.5696920709723597,1.9960243132233757,-2.5,0.0,50.0,20.0,1.0,0.0,0.0,0.0,-398.81849219616413,70.0,58.87325631296481,0.9775651990712312,0.0,0.21063304955496437,0.0
4.8505494594573975,-7.470689683780266,11.704645646816521,12.068025965091211,0.5339498709223465,2.137468239807529,-2.5,0.0,50.0,20.0,1.0,0.0,0.0,0.0,-400.41165388671635,70.0,58.169924033490744,0.9793622311650303,0.0,0.20211288966182667,0.0
4.883769273757935,-6.867804795799463,11.022448130907492,12.377069343089476,0.6910417214160387,2.04282108751709,-2.5,0.0,50.0,20.0,1.0,0.0,0.0,0.0,-401.99471567762913,70.0,57.5035224261175,0.9810618675034783,0.0,0.1936946362979302,0.0
4.917105674743652,-6.418560458146655,10.671810776405524,12.310613684179954,0.6388860149525769,1.9209757553523694,-2.5,0.0,50.0,20.0,1.0,0.0,0.0,0.0,-403.5657223448744,70.0,56.87350853946437,0.982665994782906,0.0,0.18538485023680296,0.0
4.9504852294921875,-6.373755855084544,9.994771920568555,11.868618830703111,0.6927330150663952,2.0519112670058406,-2.5,0.0,50.0,20.0,1.0,0.0,0.0,0.0,-406.66390772497243,70.0,55.72007132039796,0.98559608531995,0.0,0.16911639956547633,0.0
4.983691453933716,-6.3615080459728,9.355687080102157,11.649766368914586,0.661284118044708,2.1578438552334274,-2.5,0.0,50.0,20.0,1.0,0.0,0.0,0.0,-408.1873461495898,70.0,55.1951738834252,0.9869266085088971,0.0,0.16117031183541836,0.0
5.000601768493652,-6.347518458589525,9.71301223777042,10.984977780081376,0.579985189740947,2.2270841941246866,-2.320685156944103,0.0,50.0,20.0,1.0,0.0,0.0,0.0,-409.6912560860268,70.0,54.70372492926499,0.9881707217650577,0.0,0.15335783203450992,0.0
5.033714056015015,-5.885240560673196,9.032619182419403,11.535502009358611,0.658163580451526,2.182524439299422,-2.2069349985036175,0.0,50.0,20.0,1.0,0.0,0.0,0.0,-411.17387408682487,70.0,54.24482016706472,0.9893310361879265,0.0,0.14568493688547082,0.0
5.066916465759277,-5.15362371782814,9.096520752962928,11.457971439106245,0.6495365405327013,2.2271223016756565,-2.1630375846237464,0.0,50.0,20.0,1.0,0.0,0.0,0.0,-412.6334847957698,70.0,53.81749719633703,0.990410275602144,0.0,0.13815746806338453,0.0
5.100146532058716,-5.076655246521509,9.082330888526148,11.932212002394177,0.7477073379343238,2.124416361047382,-2.256418419259418,0.0,50.0,20.0,1.0,0.0,0.0,0.0,-415.47707814336536,70.0,53.05348740870876,0.992336920081308,0.0,0.12356147070808021,0.0
5.133702278137207,-5.683207259136086,9.096429101422196,12.316642215815842,0.8463851002757561,2.105453182567086,-2.134216153066388,0.0,50.0,20.0,1.0,0.0,0.0,0.0,-416.8578915735931,70.0,52.7146320478746,0.9931902334198757,0.0,0.11650390654125291,0.0
5.166918516159058,-5.388746661863291,8.538621731435557,12.450140782602688,0.6476889584989342,2.2898584867608434,-2.0794309554325046,0.0,50.0,20.0,1.0,0.0,0.0,0.0,-418.20936274209316,70.0,52.403032178789886,0.9939742648107397,0.0,0.10961368935470339,0.0
5.183733701705933,-5.819064802689474,8.755065817058242,11.856039561573208,0.4634883409442154,2.1127967342774916,-2.1418422241930704,0.0,50.0,20.0,1.0,0.0,0.0,0.0,-419.530048147483,70.0,52.117513971315404,0.9946921283208302,0.0,0.10289591758946018,0.0
5.216992616653442,-5.469018945507013,8.949459794606039,12.161217138985755,0.4284481974008155,2.088389535833347,-2.048904722551935,0.0,50.0,20.0,1.0,0.0,0.0,0.0,-420.81856275997086,70.0,51.856877645925564,0.9953469805903729,0.0,0.09635553035310353,0.0
5.250350475311279,-4.746125524176855,9.274680301820837,12.219240974145151,0.23133664365925957,2.2330266012624915,-2.0875179900939105,0.0,50.0,20.0,1.0,0.0,0.0,0.0,-423.2938356024305,70.0,51.405354754320555,0.9964804193903648,0.0,0.08382585383760052,0.0
5.2836594581604,-5.099473146046733,8.476128504050502,12.061912681691348,0.3281003416446644,2.119467899760872,-1.9280550239748906,0.0,50.0,20.0,1.0,0.0,0.0,0.0,-424.47812081173544,70.0,51.211988245208005,0.9969654250644603,0.0,0.07784562432173085,0.0
5.317042112350464,-4.723676271886525,8.675638267790827,11.726690077964227,0.30839827183758534,2.3022768838053196,-1.8755646540165265,0.0,50.0,20.0,1.0,0.0,0.0,0.0,-425.62528920357704,70.0,51.038554529962525,0.9974002342842052,0.0,0.07206089542749668,0.0
5.333587884902954,-4.724969587012344,9.335879488641467,12.273400126777315,0.36570222212526177,2.2982988101515107,-1.757516558810144,0.0,50.0,20.0,1.0,0.0,0.0,0.0,-426.73425286901363,70.0,50.88380579816068,0.997788039119129,0.0,0.06647577747423018,0.0
5.36747932434082,-4.226682557777297,8.66558905692362,12.437097561251555,0.40582938026473353,2.4102102123572946,-1.8006373299935146,0.0,50.0,20.0,1.0,0.0,0.0,0.0,-428.83350686878293,70.0,50.625408523353,0.9984352544773422,0.0,0.05591996617278134,0.0
5.400300979614258,-4.243360249062395,8.797379378320514,12.755873905700481,0.3040123863325868,2.301104357052818,-1.9888026597140487,0.0,50.0,20.0,1.0,0.0,0.0,0.0,-429.82191142445566,70.0,50.51931588017514,0.99870086642554,0.0,0.050956642362656776,0.0
5.43370795249939,-4.415342500990513,9.314384982282789,13.0,0.4798208248848356,2.438459040093789,-1.831364136505615,0.0,50.0,20.0,1.0,0.0,0.0,0.0,-430.76833767674975,70.0,50.42702971815352,0.9989318552379999,0.0,0.046207668094891095,0.0
5.466989755630493,-4.25517478485793,9.345650014247152,13.0,0.4735559063945096,2.3428615087571534,-1.7876126592568877,0.0,50.0,20.0,1.0,0.0,0.0,0.0,-431.6719817377653,70.0,50.3473828149813,0.999131165525875,0.0,0.041676301118339275,0.0
5.485946416854858,-5.028085497007508,9.497279060394613,13.0,0.5006575795217777,2.5,-1.7530272062409817,0.0,50.0,20.0,1.0,0.0,0.0,0.0,-432.5320930325372,70.0,50.27923804179332,0.999301661056877,0.0,0.03736562871097701,0.0
5.516937017440796,-4.92794129319468,10.143081857103438,12.651774269726893,0.460469778663001,2.494600810221716,-1.6174954448500474,0.0,50.0,20.0,1.0,0.0,0.0,0.0,-434.11897293927245,70.0,50.17308218365655,0.999567200883321,0.0,0.029417867330633042,0.0
5.5504701137542725,-5.002444955726023,9.818365531553507,12.134848623202018,0.4055578244865614,2.5,-1.5795607622933918,0.0,50.0,20.0,1.0,0.0,0.0,0.0,-434.84449376197824,70.0,50.13298464743366,0.9996674830976706,0.0,0.025786105506034683,0.0
5.583693265914917,-5.085064179257078,9.426567137839246,11.867333196292746,0.5818431413684515,2.3009748846077334,-1.7310255993918482,0.0,50.0,20.0,1.0,0.0,0.0,0.0,-435.5239831047603,70.0,50.10022386034326,0.999749408951205,0.0,0.02238569413076879,0.0
5.616915702819824,-5.198239373819839,9.814155521346539,11.346323375054922,0.5248997914229729,2.369004312001053,-1.718035369560137,0.0,50.0,20.0,1.0,0.0,0.0,0.0,-436.1569343884635,70.0,50.073873052612385,0.9998153003114816,0.0,0.019218877778421753,0.0
5.650348663330078,-4.856073155052953,9.357168882604274,11.55495591013328,0.5397208421272692,2.4331838871194282,-1.7016185554187568,0.0,50.0,20.0,1.0,0.0,0.0,0.0,-437.2814152542675,70.0,50.03696034543432,0.9999075948670599,0.0,0.013594179900663486,0.0
5.683704376220703,-5.601393334714333,10.09381174793302,11.17746226299959,0.5436465318817308,2.377507992912437,-1.6198506958118435,0.0,50.0,20.0,1.0,0.0,0.0,0.0,-437.7721458474817,70.0,50.02481975072459,0.9999379486980065,0.0,0.01113996201173853,0.0
5.700717926025391,-5.838958040223725,10.29799014397307,10.485184301813094,0.7177891796354808,2.2624292712727687,-1.8109076417395227,0.0,50.0,20.0,1.0,0.0,0.0,0.0,-438.2147374456108,70.0,50.01593708189341,0.9999601565015143,0.0,0.00892666844164644,0.0
5.73369288444519,-5.580493434314595,10.382017859118303,9.756239413806696,0.6601098872977146,2.4577333629514166,-1.8131139095843825,0.0,50.0,20.0,1.0,0.0,0.0,0.0,-438.60888879700957,70.0,50.009676420060956,0.9999758086572371,0.0,0.006955724283262484,0.0
5.767118692398071,-4.7831007407266934,9.651118841849119,10.361515838074695,0.5743014308694144,2.5,-1.9296353642573167,0.0,50.0,20.0,1.0,0.0,0.0,0.0,-438.95433556001757,70.0,50.005467220057696,0.9999863318564467,0.0,0.005228393662347208,0.0
5.8004844188690186,-4.740838920878076,10.040774943257421,9.832498589901597,0.7068368246664142,2.5,-1.8292602422633448,0.0,50.0,20.0,1.0,0.0,0.0,0.0,-439.4982356070752,70.0,50.001258845453506,0.999996852881414,0.0,0.002508829860209103,0.0
5.833675384521484,-5.207012909886628,9.619477619013015,10.147203734067268,0.547232946222498,2.5,-1.8156039856226907,0.0,50.0,20.0,1.0,0.0,0.0,0.0,-439.69633483890095,70.0,50.00046106371323,0.9999988473400526,0.0,0.0015183275556104945,0.0
5.867009162902832,-4.9013758054975956,9.050455908496177,9.871672838100467,0.6322715370926366,2.3956459344889827,-1.6743155595875607,0.0,50.0,20.0,1.0,0.0,0.0,0.0,-439.84501967520646,70.0,50.00012009457748,0.9999996997635112,0.0,0.0007749018566216255,0.0
5.883667469024658,-5.084074495538319,9.322970245907538,9.597192605103599,0.6989838555196677,2.5,-1.7031716307570641,0.0,50.0,20.0,1.0,0.0,0.0,0.0,-439.9441953145824,70.0,50.000015570815776,0.9999999610729597,0.0,0.0002790234379496802,0.0
5.916865348815918,-5.510377110203717,9.979984205946309,9.169211054276492,0.7273459094911527,2.5,-1.5368078406218688,0.0,50.0,20.0,1.0,0.0,0.0,0.0,-439.9937988262722,70.0,50.00000019227278,0.9999999995193181,0.0,3.100586865380887e-05,0.0
5.950479984283447,-5.603607858940414,10.399333661442283,8.93562401902943,0.619889256450478,2.3725657948373433,-1.5824560148385811,0.0,50.0,20.0,1.0,0.0,0.0,0.0,-439.9441953145855,70.0,50.000015570815776,0.9999999610729597,0.0,0.0002790234379341156,0.0
5.9837095737457275,-6.230268978794217,10.09872663822875,8.200608175652153,0.47707522005766473,2.3570277963137367,-1.6486611483264246,0.0,50.0,20.0,1.0,0.0,0.0,0.0,-439.84501967521163,70.0,50.00012009457747,0.9999996997635112,0.0,0.000774901856595728,0.0
6.016808748245239,-6.606677660202323,9.646308330939265,7.544198790533722,0.4424723730165009,2.368458357341555,-1.4791661160282445,0.0,50.0,20.0,1.0,0.0,0.0,0.0,-439.69633483890823,70.0,50.0004610637132,0.9999988473400527,0.0,0.0015183275555742644,0.0
6.033679246902466,-6.410656571299324,10.241780273005006,8.189861520178795,0.4818621374432235,2.5,-1.5290447626776835,0.0,50.0,20.0,1.0,0.0,0.0,0.0,-439.4982356070845,70.0,50.00125884545345,0.9999968528814142,0.0,0.00250882986016254,0.0
6.067453384399414,-6.235539229219628,10.299988944988224,7.935390428873563,0.2899706832647363,2.5,-1.3660665448120246,0.0,50.0,20.0,1.0,0.0,0.0,0.0,-438.954335560031,70.0,50.005467220057554,0.999986331856447,0.0,0.005228393662280111,0.0
6.100344181060791,-6.050808996440305,10.715402926530988,7.161577562241195,0.23457631109687732,2.456191501956977,-1.2897699786007384,0.0,50.0,20.0,1.0,0.0,0.0,0.0,-438.60888879702503,70.0,50.00967642006073,0.9999758086572377,0.0,0.006955724283185185,0.0
6.133636236190796,-5.842833772645987,10.083654704447717,7.3576583766393355,0.05693097943984329,2.3248176126271662,-1.1946325835483615,0.0,50.0,20.0,1.0,0.0,0.0,0.0,-438.2147374456284,70.0,50.0159370818931,0.999960156501515,0.0,0.008926668441558679,0.0
6.166965007781982,-6.106421228330446,9.82962552224074,7.557882718386606,0.13542136412526137,2.2671130272633597,-1.1003267711680067,0.0,50.0,20.0,1.0,0.0,0.0,0.0,-437.7721458475012,70.0,50.02481975072416,0.9999379486980076,0.0,0.011139962011641009,0.0
6.185990571975708,-5.722647123635031,9.140563778827996,7.779744356289918,0.16448464393289183,2.44980191126102,-1.2143757864837,0.0,50.0,20.0,1.0,0.0,0.0,0.0,-437.281415254289,70.0,50.03696034543374,0.9999075948670614,0.0,0.01359417990055594,0.0
6.216951608657837,-5.508434774023263,9.647565702175845,7.282172514913788,0.03473014813150879,2.4376649401501282,-1.0257612324861864,0.0,50.0,20.0,1.0,0.0,0.0,0.0,-436.1569343884891,70.0,50.07387305261139,0.999815300311484,0.0,0.019218877778293855,0.0
6.250532150268555,-6.163989871330509,9.200325243052529,6.941938157529817,0.04707325095724005,2.4688039781788325,-0.9367186145501928,0.0,50.0,20.0,1.0,0.0,0.0,0.0,-435.5239831047877,70.0,50.10022386034204,0.999749408951208,0.0,0.022385694130631534,0.0
6.283822059631348,-5.575855416975807,8.656990901189907,6.668552097704326,-0.1446264525094535,2.456830987260334,-0.92442863143509,0.0,50.0,20.0,1.0,0.0,0.0,0.0,-434.84449376200763,70.0,50.13298464743215,0.9996674830976745,0.0,0.025786105505887717,0.0
6.317100763320923,-5.388000398804075,8.216056622715518,6.139722841733883,0.05261221501088198,2.5,-1.070473055341054,0.0,50.0,20.0,1.0,0.0,0.0,0.0,-434.11897293930383,70.0,50.1730821836547,0.9995672008833255,0.0,0.029417867330475942,0.0
6.350367784500122,-4.968137143857417,8.194813612442172,6.515365975633191,-0.14158098562649876,2.419464263398046,-1.063225524760633,0.0,50.0,20.0,1.0,0.0,0.0,0.0,-432.5320930325723,70.0,50.27923804179069,0.9993016610568836,0.0,0.03736562871080147,0.0
6.3837456703186035,-4.933116252378047,8.462482976187122,6.119698964721618,-0.08390547775488019,2.5,-1.0622999586291313,0.0,50.0,20.0,1.0,0.0,0.0,0.0,-431.67198173780224,70.0,50.347382814978204,0.9991311655258828,0.0,0.04167630111815389,0.0
6.400720834732056,-4.167978335620328,9.206676531417333,6.657140989341448,-0.0027324286472613923,2.5,-1.1392722877487813,0.0,50.0,20.0,1.0,0.0,0.0,0.0,-430.7683376767885,70.0,50.427029718149925,0.9989318552380089,0.0,0.04620766809469646,0.0
6.433682680130005,-4.205473214223489,8.855340443865657,6.315315056130459,-0.18200912115805362,2.3982474759478167,-1.1470678376175603,0.0,50.0,20.0,1.0,0.0,0.0,0.0,-429.8219114244961,70.0,50.51931588017101,0.9987008664255503,0.0,0.05095664236245383,0.0
6.467074871063232,-4.190475354666977,9.354056629691803,7.111778087633827,-0.2136811488085259,2.465843486972626,-1.0334325298749392,0.0,50.0,20.0,1.0,0.0,0.0,0.0,-428.8335068688251,70.0,50.625408523348256,0.998435254477354,0.0,0.055919966172569474,0.0
6.500288486480713,-3.6806815407469777,8.833488403205335,6.9313125607187,-0.03902210619799906,2.2664432568471122,-1.0906731095784654,0.0,50.0,20.0,1.0,0.0,0.0,0.0,-426.7342528690592,70.0,50.88380579815458,0.9977880391191444,0.0,0.06647577747400098,0.0
6.5335845947265625,-3.304775277760127,8.130691448586793,7.486350721936264,-0.15352010549117917,2.073736714666224,-1.087512624071601,0.0,50.0,20.0,1.0,0.0,0.0,0.0,-425.62528920362416,70.0,51.038554529955675,0.9974002342842223,0.0,0.07206089542725908,0.0
6.566909074783325,-2.877523825050727,7.652437548473755,7.469687125081288,-0.1369204592347469,2.1285535985879287,-1.0017371060343996,0.0,50.0,20.0,1.0,0.0,0.0,0.0,-424.4781208117844,70.0,51.21198824520033,0.9969654250644795,0.0,0.07784562432148415,0.0
6.583786249160767,-2.1023440305269356,7.741698889288898,7.851792908741187,-0.149688282694265,1.9691426214544538,-1.0864811250945463,0.0,50.0,20.0,1.0,0.0,0.0,0.0,-423.2938356024807,70.0,51.40535475431204,0.9964804193903861,0.0,0.08382585383734659,0.0
6.616950988769531,-1.4356230245433705,7.744688436206243,8.053149551927056,-0.023895538246538367,2.150573694958703,-0.9569709338869639,0.0,50.0,20.0,1.0,0.0,0.0,0.0,-422.07358069377256,70.0,51.619902973938295,0.9959420089193489,0.0,0.08999730479126278,0.0
6.65034294128418,-1.7043144361618876,7.893524454533511,8.084217090949672,-0.17649792874742232,2.3328560311998205,-1.1213644878751694,0.0,50.0,20.0,1.0,0.0,0.0,0.0,-419.53004814753774,70.0,52.11751397130395,0.994692128320859,0.0,0.10289591758918215,0.0
6.683739900588989,-1.078836165512545,7.329860876930559,8.059375512593242,-0.3724054372964231,2.3569904777919035,-1.082702074055474,0.0,50.0,20.0,1.0,0.0,0.0,0.0,-418.20936274214904,70.0,52.40303217877742,0.9939742648107711,0.0,0.10961368935441902,0.0
6.716862201690674,-0.9617522192202751,6.603245892526726,8.10250945561514,-0.42842985019868796,2.3288258584897803,-1.1915436362936576,0.0,50.0,20.0,1.0,0.0,0.0,0.0,-416.85789157365025,70.0,52.714632047861016,0.9931902334199099,0.0,0.1165039065409614,0.0
6.733737230300903,-1.480526127436868,6.7883434049946345,8.11049291331347,-0.30935577783774576,2.3225096381485466,-1.280757788902427,0.0,50.0,20.0,1.0,0.0,0.0,0.0,-415.4770781434239,70.0,53.053487408693954,0.9923369200813452,0.0,0.12356147070778084,0.0
6.76738977432251,-1.2988291400512872,7.395483737128521,8.793101902133387,-0.5029488511668823,2.424102471042704,-1.1235490582927057,0.0,50.0,20.0,1.0,0.0,0.0,0.0,-412.63348479583027,70.0,53.817497196319806,0.9904102756021874,0.0,0.13815746806307308,0.0
6.800332546234131,-1.8917850302250219,6.754823379757162,8.111499259143882,-0.3164604278837104,2.4694632377734704,-1.1285565440864165,0.0,50.0,20.0,1.0,0.0,0.0,0.0,-411.17387408688637,70.0,54.244820167046214,0.9893310361879734,0.0,0.14568493688515316,0.0
6.833737850189209,-2.209059311498655,6.4276089170992625,8.876310215188502,-0.28639043032319506,2.5,-1.1557735687539963,0.0,50.0,20.0,1.0,0.0,0.0,0.0,-409.6912560860894,70.0,54.70372492924507,0.9881707217651081,0.0,0.1533578320341852,0.0
6.8670570850372314,-2.588567299484691,6.914744756374158,9.020988037050484,-0.1862549078656624,2.440952122760385,-1.1894109048929358,0.0,50.0,20.0,1.0,0.0,0.0,0.0,-408.1873461496531,70.0,55.19517388340397,0.986926608508951,0.0,0.16117031183508904,0.0
6.885805606842041,-3.379736381161851,7.213204725940605,9.22724357392055,-0.3518283148496038,2.5,-1.36337877627024,0.0,50.0,20.0,1.0,0.0,0.0,0.0,-406.66390772503644,70.0,55.720071320375325,0.9855960853200074,0.0,0.16911639956514155,0.0
6.917257785797119,-3.0833720347409117,6.745902561349978,9.791184179663338,-0.20963691584519528,2.44917379088324,-1.4693841552988345,0.0,50.0,20.0,1.0,0.0,0.0,0.0,-403.5657223449398,70.0,56.87350853943879,0.982665994782971,0.0,0.185384850236458,0.0
6.950338840484619,-2.3339340425178134,7.185658729531006,9.400888078842149,-0.3253869832426556,2.327824583114215,-1.6379582224901492,0.0,50.0,20.0,1.0,0.0,0.0,0.0,-401.994715677695,70.0,57.5035224260904,0.9810618675035474,0.0,0.19369463629758063,0.0
6.983647584915161,-2.709263172548985,6.904581879160695,8.645672099780887,-0.3854177478821338,2.420018503163433,-1.5228144918358624,0.0,50.0,20.0,1.0,0.0,0.0,0.0,-400.41165388678274,70.0,58.169924033462124,0.9793622311651033,0.0,0.20211288966147267,0.0
7.017040491104126,-3.4531183944584494,6.388153263351798,8.796210202196377,-0.3141939280500421,2.330782734370779,-1.5069104473983095,0.0,50.0,20.0,1.0,0.0,0.0,0.0,-398.81849219623115,70.0,58.873256312934544,0.9775651990713087,0.0,0.21063304955460502,0.0
7.0503106117248535,-3.3457979831543483,6.417957984778516,8.916048282608793,-0.28894280703443614,2.4726948164746445,-1.652047037077542,0.0,50.0,20.0,1.0,0.0,0.0,0.0,-395.60981808957916,70.0,60.39245706995561,0.9736722829834594,0.0,0.22795237517906683,0.0
7.083655834197998,-2.7221775402421704,6.154342460676547,8.582677175843846,-0.39379721292314884,2.339742605889389,-1.832409884918968,0.0,50.0,20.0,1.0,0.0,0.0,0.0,-393.99833021072754,70.0,61.208973558141935,0.9715735341235322,0.0,0.23673797285334192,0.0
7.1008148193359375,-3.018976216605567,6.390727281005718,9.26411944466662,-0.2125527182572014,2.143487143723319,-1.86747537591697,0.0,50.0,20.0,1.0,0.0,0.0,0.0,-392.3847816365862,70.0,62.0637106752598,0.9693716762025292,0.0,0.2455983578452816,0.0
7.133690357208252,-3.1008115916991983,5.833460606098301,9.63947390040061,-0.1336871484886586,2.0418964566412505,-2.0614271365908112,0.0,50.0,20.0,1.0,0.0,0.0,0.0,-390.7712121129067,70.0,62.95675532720773,0.9670657802672791,0.0,0.2545265735361215,0.0
7.167024612426758,-2.4843535293698844,6.205826145032228,10.227165552860747,0.019701189490319515,1.9009465090182176,-1.8685982356697495,0.0,50.0,20.0,1.0,0.0,0.0,0.0,-389.1596628000744,70.0,63.88809540256433,0.9646551316336727,0.0,0.2635156105676127,0.0
7.200431823730469,-1.7564126792815282,5.475900910920749,10.680893716958032,0.08052867221557514,2.059507943547497,-2.0199717709766882,0.0,50.0,20.0,1.0,0.0,0.0,0.0,-385.9507629929683,70.0,65.8651084331969,0.959517825698937,0.0,0.2816479046007345,0.0
7.233657121658325,-2.3959117580834226,5.074986611379932,9.940607604478686,0.26591200226695855,1.9415604818931307,-1.9102122663525187,0.0,50.0,20.0,1.0,0.0,0.0,0.0,-384.35745120885383,70.0,66.91024874254998,0.9567908634008009,0.0,0.29077696558143995,0.0
7.267001628875732,-3.0443313902560214,4.686472109552096,10.139573155753894,0.07980428087853986,2.012928243509967,-1.8033554878461835,0.0,50.0,20.0,1.0,0.0,0.0,0.0,-382.7742254388507,70.0,67.99261785743603,0.9539585476910514,0.0,0.29993847583659583,0.0
7.28371000289917,-2.488636732882214,4.364339275305399,9.36135051148006,-0.052491585915341143,1.9828124468003059,-1.658204135521646,0.0,50.0,20.0,1.0,0.0,0.0,0.0,-381.2030484442812,70.0,69.11169127893415,0.9510213160625419,0.0,0.30912530856380993,0.0
7.316952466964722,-1.8776603095319033,3.824977513467558,8.707970986716322,-0.24505450082238905,1.916408302775983,-1.5278684747426492,0.0,50.0,20.0,1.0,0.0,0.0,0.0,-379.64584980029775,70.0,70.26684156718875,0.9479798479736035,0.0,0.3183303438818607,0.0
7.350480556488037,-1.7960241025307517,3.2371263957811283,9.329868250170435,-0.34745752951893005,1.9019813086072748,-1.4946737081396453,0.0,50.0,20.0,1.0,0.0,0.0,0.0,-376.5809050653265,70.0,72.68235390503104,0.9415881427008546,0.0,0.33676663956685965,0.0
7.383696556091309,-1.3199482679070118,2.509712273856916,8.99589796493025,-0.2433381839798418,1.8436026767275515,-1.4217742547879157,0.0,50.0,20.0,1.0,0.0,0.0,0.0,-375.07680017423195,70.0,73.94095632744656,0.9382404906860325,0.0,0.34598378811330566,0.0
7.4170637130737305,-1.7388776777459494,2.8160921984335943,8.952547737616568,-0.1573669310917672,1.6545068749112455,-1.4863517285528751,0.0,50.0,20.0,1.0,0.0,0.0,0.0,-373.5939448769856,70.0,75.23212024539433,0.9347937733923073,0.0,0.35519093629620063,0.0
7.433689594268799,-2.1130677315661948,2.463144227947821,9.63744294253099,-0.0792577825194749,1.5752058100352286,-1.4051797582814027,0.0,50.0,20.0,1.0,0.0,0.0,0.0,-372.13401739433004,70.0,76.55472510115504,0.9312498990572964,0.0,0.3643811541583555,0.0
7.467461585998535,-2.62337810559609,2.0094023556385867,9.942364469066153,-0.273493313361837,1.4498676096137775,-1.3059639063788109,0.0,50.0,20.0,1.0,0.0,0.0,0.0,-369.2893218813763,70.0,79.2893218813142,0.9238795325113708,0.0,0.382683432364887,0.0
7.500427961349487,-3.2380745966433113,2.7941981196737817,10.359003916249229,-0.120798337129569,1.5385612797613581,-1.4882346769618544,0.0,50.0,20.0,1.0,0.0,0.0,0.0,-367.9075589665448,70.0,80.69862955296064,0.9200580700342761,0.0,0.3917820156219568,0.0
7.533719062805176,-2.452060823368365,2.9609125769450286,10.646349795045143,-0.2743392000339884,1.541943971969784,-1.466036298441679,0.0,50.0,20.0,1.0,0.0,0.0,0.0,-366.55472510121473,70.0,82.13401739426546,0.9161495036448324,0.0,0.4008367335603453,0.0
7.566905736923218,-2.896204090633863,3.420775321134639,10.807054590602142,-0.0920033253364601,1.4579436137446002,-1.420237798965152,0.0,50.0,20.0,1.0,0.0,0.0,0.0,-365.2321202454525,70.0,83.59394487692012,0.9121569358478833,0.0,0.40984109650521944,0.0
7.585918426513672,-2.2745614614436596,3.048735804761302,10.697204054697663,-0.00988937971857129,1.3026835018152898,-1.5086790501192964,0.0,50.0,20.0,1.0,0.0,0.0,0.0,-363.9409563275033,70.0,85.07680017416548,0.9080836961035985,0.0,0.4187887305919626,0.0
7.617337703704834,-2.2958144424602573,2.2720422788586667,10.535761823662636,0.1048072840682176,1.403432096718406,-1.6141235191081578,0.0,50.0,20.0,1.0,0.0,0.0,0.0,-361.4573392063651,70.0,88.1045200724964,0.8997096196204184,0.0,0.4364889464379161,0.0
7.65041184425354,-2.143309115649153,1.6592385711685576,10.071832499222905,-0.07109322810298785,1.5760755150682377,-1.6313851490273072,0.0,50.0,20.0,1.0,0.0,0.0,0.0,-360.26684156724093,70.0,89.64584980022883,0.8954165237468291,0.0,0.4452294341136311,0.0
7.683760404586792,-1.6354946143202496,1.9637698876253307,9.700235027304654,0.03741704591165207,1.6999186141566618,-1.6151495167789518,0.0,50.0,20.0,1.0,0.0,0.0,0.0,-359.1116912789847,70.0,91.20304844421162,0.8910582235628275,0.0,0.453889019718541,0.0
7.716958999633789,-1.647808037425489,1.4319050781932527,9.819774902574624,0.1692581779059954,1.6024658204051743,-1.5518930861392597,0.0,50.0,20.0,1.0,0.0,0.0,0.0,-357.992617857485,70.0,92.77422543878053,0.8866390882462251,0.0,0.46246202784001916,0.0
7.750625133514404,-1.2858679229805965,1.5262680248331848,10.39061654304278,0.2471283559540935,1.6151571227783335,-1.534272503008469,0.0,50.0,20.0,1.0,0.0,0.0,0.0,-355.86510843324254,70.0,95.95076299289724,0.8776367044714537,0.0,0.4793264179705582,0.0
7.783620595932007,-0.9865015174765603,1.0825896352763078,11.159018840809273,0.3312125893351399,1.6417600484706543,-1.36906562612601,0.0,50.0,20.0,1.0,0.0,0.0,0.0,-354.85761806106234,70.0,97.55217070493708,0.8730630827582361,0.0,0.4876072738635934,0.0
7.80082631111145,-1.4912712177238054,1.1703828849933346,11.87922474708915,0.3932474379347069,1.4444975747583988,-1.2500372956062906,0.0,50.0,20.0,1.0,0.0,0.0,0.0,-353.8880954026066,70.0,99.15966280000278,0.8684478602656501,0.0,0.49578050990333805,0.0
7.833670377731323,-1.7915267390163967,1.3767512439857261,11.350605935871219,0.5843276234100887,1.4769220199363442,-1.2576026901019177,0.0,50.0,20.0,1.0,0.0,0.0,0.0,-352.9567553272483,70.0,100.771212112835,0.8637962372202284,0.0,0.5038413049405289,0.0
7.8669939041137695,-2.378148612938615,0.9806580008810366,11.066405461006426,0.7539542635817965,1.4759443136559307,-1.385107625884137,0.0,50.0,20.0,1.0,0.0,0.0,0.0,-352.0637106752987,70.0,102.38478163651436,0.8591135500138665,0.0,0.5117850214519489,0.0
7.900645732879639,-2.0391738791590917,0.2709056284039102,10.474669306318768,0.8694507107261369,1.5262641174744964,-1.207259949783802,0.0,50.0,20.0,1.0,0.0,0.0,0.0,-350.3924570699911,70.0,105.60981808950758,0.8496769442279001,0.0,0.5273036036739536,0.0
7.933623790740967,-1.7472094055597367,-0.25882997220888626,10.153263403821592,0.8187988793380098,1.5207907252018051,-1.1557525914705762,0.0,50.0,20.0,1.0,0.0,0.0,0.0,-349.61397739745416,70.0,107.21721236183788,0.844934280397482,0.0,0.5348701354620478,0.0
7.967026710510254,-2.0407520808283324,-0.9926251850741749,10.728344717037192,0.6838483618613331,1.424850129191091,-1.247225539574482,0.0,50.0,20.0,1.0,0.0,0.0,0.0,-348.87325631296676,70.0,108.81849219615987,0.8401830389975751,0.0,0.5423029236329077,0.0
7.983670949935913,-1.8234029032473202,-0.8676241614867938,10.874655634455536,0.7058758441366103,1.408827170701256,-1.0888814214324354,0.0,50.0,20.0,1.0,0.0,0.0,0.0,-348.1699240334926,70.0,110.41165388671209,0.835429069739879,0.0,0.5495982800496746,0.0
8.016845226287842,-1.3088152839879938,-1.050128343151946,11.421152724782043,0.7972429474973735,1.2484320054573348,-1.2881475968100744,0.0,50.0,20.0,1.0,0.0,0.0,0.0,-347.5035224261192,70.0,111.99471567762487,0.8306782900809889,0.0,0.5567527084695002,0.0
8.0504629611969,-1.239037631308754,-1.3218843470495933,11.582159868023725,0.6299464330491396,1.2439711755080096,-1.2952591127908317,0.0,50.0,20.0,1.0,0.0,0.0,0.0,-346.2792584386661,70.0,115.12274951786397,0.8212102364258985,0.0,0.5706257508992385,0.0
8.083678960800171,-1.8703282846017728,-1.5909488002301062,12.196397811006696,0.8018188505600856,1.4281266524783816,-1.2002091203008804,0.0,50.0,20.0,1.0,0.0,0.0,0.0,-345.7200713203994,70.0,116.66390772496827,0.8165050283832663,0.0,0.5773383224980317,0.0
8.11708664894104,-1.4710198616294248,-2.2985617960886358,12.135212164066848,0.8867132906331916,1.2492345636372437,-1.1784349928187139,0.0,50.0,20.0,1.0,0.0,0.0,0.0,-345.1951738834266,70.0,118.18734614958574,0.8118271178348696,0.0,0.5838978769852898,0.0
8.133702516555786,-2.0854358576516328,-2.4408349571576795,11.733406215182157,0.8422837152883007,1.244573724304095,-1.0995966597110935,0.0,50.0,20.0,1.0,0.0,0.0,0.0,-344.7037249292663,70.0,119.69125608602276,0.8071825813097593,0.0,0.5903018553503909,0.0
