# Timestamp, Fx, Fy, Fz, Tx, Ty, Tz, FemurPosX, FemurPosY, FemurPosZ, FemurQuatW, FemurQuatX, FemurQuatY, FemurQuatZ, TibiaPosX, TibiaPosY, TibiaPosZ, TibiaQuatW, TibiaQuatX, TibiaQuatY, TibiaQuatZ
0.026697158813476562,-1.6113004958740431,-12.56513018480941,5.032904071696332,-0.7333715583242085,0.38795072669447805,0.31384088169401364,0.0,50.0,20.0,1.0,0.0,0.0,0.0,-369.28932188134524,70.0,79.28932188134524,0.9238795325112867,0.0,0.3826834323650898,0.0
0.05734992027282715,-1.8865980524014416,-12.58237585101676,4.56111570355249,-0.6644740683763357,0.44108713364717267,0.11390420262629652,0.0,50.0,20.0,1.0,0.0,0.0,0.0,-369.28932188134524,70.0,79.28932188134524,0.9238795325112867,0.0,0.3826834323650898,0.0
0.08708930015563965,-1.4607745831845798,-12.734978430866503,5.058087305960466,-0.6697987844413196,0.39283375311770435,0.2449734661991239,0.0,50.0,20.0,1.0,0.0,0.0,0.0,-369.28932188134524,70.0,79.28932188134524,0.9238795325112867,0.0,0.3826834323650898,0.0
0.1167910099029541,-1.7068645336362,-11.982409543567643,5.357553196730555,-0.8635755800622504,0.4422134028866963,0.2908572833189006,0.0,50.0,20.0,1.0,0.0,0.0,0.0,-369.28932188134524,70.0,79.28932188134524,0.9238795325112867,0.0,0.3826834323650898,0.0
0.14850711822509766,-2.4436055575580493,-11.76675046105947,5.509000392226566,-0.911458480681285,0.31861424785154263,0.4824362180163505,0.0,50.0,20.0,1.0,0.0,0.0,0.0,-369.28932188134524,70.0,79.28932188134524,0.9238795325112867,0.0,0.3826834323650898,0.0
0.17948579788208008,-2.3046121425367305,-11.456029519440659,5.753908735541412,-0.8920734225834525,0.4491585092316091,0.5574896095149511,0.0,50.0,20.0,1.0,0.0,0.0,0.0,-369.28932188134524,70.0,79.28932188134524,0.9238795325112867,0.0,0.3826834323650898,0.0
0.2093188762664795,-1.8486328283745679,-10.995314924462704,5.937866408448683,-0.772127214921942,0.34072674896569904,0.559098961053689,0.0,50.0,20.0,1.0,0.0,0.0,0.0,-369.28932188134524,70.0,79.28932188134524,0.9238795325112867,0.0,0.3826834323650898,0.0
0.23882603645324707,-1.4321735854178086,-10.209951579999801,5.394744879216418,-0.6411667335982136,0.5301582442065175,0.41154618487557637,0.0,50.0,20.0,1.0,0.0,0.0,0.0,-369.28932188134524,70.0,79.28932188134524,0.9238795325112867,0.0,0.3826834323650898,0.0
0.2693665027618408,-2.157201236316565,-10.341375214285492,6.082285589203391,-0.4544549816636761,0.7074522621901742,0.26562823297756055,0.0,50.0,20.0,1.0,0.0,0.0,0.0,-369.28932188134524,70.0,79.28932188134524,0.9238795325112867,0.0,0.3826834323650898,0.0
0.301546573638916,-1.7899134135991355,-10.820062628561253,5.53940783996001,-0.4521054918222238,0.5678972286783573,0.2550319859294461,0.0,50.0,20.0,1.0,0.0,0.0,0.0,-369.28932188134524,70.0,79.28932188134524,0.9238795325112867,0.0,0.3826834323650898,0.0
0.3312251567840576,-1.2458428538433806,-10.93469777549931,6.196635118504187,-0.432600213817382,0.6212282491841874,0.40993170095452325,0.0,50.0,20.0,1.0,0.0,0.0,0.0,-369.28932188134524,70.0,79.28932188134524,0.9238795325112867,0.0,0.3826834323650898,0.0
0.3605375289916992,-1.513138338868874,-11.628659586817443,6.122641917040436,-0.257635330933722,0.5104727574337732,0.23588956798316063,0.0,50.0,20.0,1.0,0.0,0.0,0.0,-369.28932188134524,70.0,79.28932188134524,0.9238795325112867,0.0,0.3826834323650898,0.0
0.39148664474487305,-0.873482936037367,-11.913154829859689,6.057007599084779,-0.31647653318097335,0.32229657282465873,0.3416836150730101,0.0,50.0,20.0,1.0,0.0,0.0,0.0,-369.28932188134524,70.0,79.28932188134524,0.9238795325112867,0.0,0.3826834323650898,0.0
0.4205667972564697,-0.6065687625010259,-11.280179908822454,6.507322162408726,-0.35442278678635214,0.14120083545804096,0.5347500744449345,0.0,50.0,20.0,1.0,0.0,0.0,0.0,-369.28932188134524,70.0,79.28932188134524,0.9238795325112867,0.0,0.3826834323650898,0.0
0.45250701904296875,-0.27191456296875005,-12.039029177075774,7.004145209644661,-0.30682899211827286,-0.02605361225534175,0.6242514185194471,0.0,50.0,20.0,1.0,0.0,0.0,0.0,-369.28932188134524,70.0,79.28932188134524,0.9238795325112867,0.0,0.3826834323650898,0.0
0.4834606647491455,0.378569429006423,-12.762625630382534,6.579020440802589,-0.3808180993240725,0.0037690195782500713,0.6071983843535738,0.0,50.0,20.0,1.0,0.0,0.0,0.0,-369.28932188134524,70.0,79.28932188134524,0.9238795325112867,0.0,0.3826834323650898,0.0
0.5126588344573975,-0.34089091144704975,-13.0,6.21761746549025,-0.5779548646582036,0.17886474296953767,0.5462703882308628,0.0,50.0,20.0,1.0,0.0,0.0,0.0,-369.28932188134524,70.0,79.28932188134524,0.9238795325112867,0.0,0.3826834323650898,0.0
0.5435237884521484,-1.0278957974653131,-13.0,6.715982153444172,-0.6714642548301071,0.07851696963115357,0.7419491643415604,0.0,50.0,20.0,1.0,0.0,0.0,0.0,-369.28932188134524,70.0,79.28932188134524,0.9238795325112867,0.0,0.3826834323650898,0.0
0.5734362602233887,-0.6293130354170295,-13.0,7.144718169476921,-0.6545616320463414,0.21005145481522147,0.9066645494093613,0.0,50.0,20.0,1.0,0.0,0.0,0.0,-369.28932188134524,70.0,79.28932188134524,0.9238795325112867,0.0,0.3826834323650898,0.0
0.6047019958496094,-1.37415070387895,-13.0,6.666194528381978,-0.4622446403059194,0.010537815075324086,0.9242738989700477,0.0,50.0,20.0,1.0,0.0,0.0,0.0,-369.28932188134524,70.0,79.28932188134524,0.9238795325112867,0.0,0.3826834323650898,0.0
0.6354293823242188,-1.9531859577332238,-13.0,7.057583476417154,-0.34333518064645235,0.160793563123594,0.9630525800728699,0.0,50.0,20.0,1.0,0.0,0.0,0.0,-369.28932188134524,70.0,79.28932188134524,0.9238795325112867,0.0,0.3826834323650898,0.0
0.6644659042358398,-2.290399068722245,-12.368021638095946,7.711561665918019,-0.2956963760225353,0.29553915794110625,0.7855094903356128,0.0,50.0,20.0,1.0,0.0,0.0,0.0,-369.28932188134524,70.0,79.28932188134524,0.9238795325112867,0.0,0.3826834323650898,0.0
0.6966159343719482,-2.0623324225704156,-12.94871839367105,7.338669158936031,-0.2337831848151301,0.4532845235713536,0.8141145394628344,0.0,50.0,20.0,1.0,0.0,0.0,0.0,-369.28932188134524,70.0,79.28932188134524,0.9238795325112867,0.0,0.3826834323650898,0.0
0.7265615463256836,-2.57655374026472,-13.0,7.375357543322211,-0.30215441510015245,0.5038640617348111,0.7095394908502066,0.0,50.0,20.0,1.0,0.0,0.0,0.0,-369.28932188134524,70.0,79.28932188134524,0.9238795325112867,0.0,0.3826834323650898,0.0
0.7565488815307617,-3.311815009470115,-13.0,7.086859278055975,-0.34423695310236535,0.3285130395253024,0.6684867344467103,0.0,50.0,20.0,1.0,0.0,0.0,0.0,-369.28932188134524,70.0,79.28932188134524,0.9238795325112867,0.0,0.3826834323650898,0.0
0.7874109745025635,-3.227610638236433,-12.317353992879244,6.465030395516793,-0.15633755454647114,0.28374672589560995,0.6833662017003832,0.0,50.0,20.0,1.0,0.0,0.0,0.0,-369.28932188134524,70.0,79.28932188134524,0.9238795325112867,0.0,0.3826834323650898,0.0
0.8170650005340576,-3.0544983424165535,-12.143004387112349,5.850026459296918,-0.04444374038425469,0.10068290458213425,0.5396117217061221,0.0,50.0,20.0,1.0,0.0,0.0,0.0,-369.28932188134524,70.0,79.28932188134524,0.9238795325112867,0.0,0.3826834323650898,0.0
0.8495504856109619,-2.8793287630093705,-12.02050085131602,6.1626547039945425,-0.16762482227152553,-0.06417524600653848,0.5195801102459325,0.0,50.0,20.0,1.0,0.0,0.0,0.0,-369.28932188134524,70.0,79.28932188134524,0.9238795325112867,0.0,0.3826834323650898,0.0
0.8792588710784912,-2.5585809351163875,-12.217309401365647,6.140276643380697,-0.25087626581828204,-0.24290225772063692,0.5123411344686651,0.0,50.0,20.0,1.0,0.0,0.0,0.0,-369.28932188134524,70.0,79.28932188134524,0.9238795325112867,0.0,0.3826834323650898,0.0
0.9087738990783691,-2.9952847854024873,-11.636106322332015,5.468384732588245,-0.17676381681010156,-0.1610546695052654,0.6493097296898362,0.0,50.0,20.0,1.0,0.0,0.0,0.0,-369.28932188134524,70.0,79.28932188134524,0.9238795325112867,0.0,0.3826834323650898,0.0
0.9393000602722168,-2.6114033617540198,-11.105566313065841,6.008336353745419,-0.02950931753502606,-0.10783550180177395,0.5700680134494505,0.0,50.0,20.0,1.0,0.0,0.0,0.0,-369.28932188134524,70.0,79.28932188134524,0.9238795325112867,0.0,0.3826834323650898,0.0
0.9695005416870117,-1.907334707473491,-10.437839753919143,6.6360026675869035,-0.017682332411651874,-0.16110084509544298,0.5525047990471693,0.0,50.0,20.0,1.0,0.0,0.0,0.0,-369.28932188134524,70.0,79.28932188134524,0.9238795325112867,0.0,0.3826834323650898,0.0
1.0011820793151855,-2.6382319083591996,-10.337445930451015,5.892252429967291,-0.12560962344383705,-0.3524552442390934,0.4018519219135437,0.0,50.0,20.0,1.0,0.0,0.0,0.0,-369.28932188134524,70.0,79.28932188134524,0.9238795325112867,0.0,0.3826834323650898,0.0
1.0309228897094727,-2.0039736074044416,-9.965790117811476,6.353203327175152,-0.09546822063582888,-0.3796306931600478,0.2252942265227432,0.0,50.0,20.0,1.0,0.0,0.0,0.0,-369.28932188134524,70.0,79.28932188134524,0.9238795325112867,0.0,0.3826834323650898,0.0
1.0616238117218018,-2.579836194017621,-10.438182802640796,6.729616449320103,-0.10397724599493419,-0.4501999753269008,0.3502695434757108,0.0,50.0,20.0,1.0,0.0,0.0,0.0,-369.28932188134524,70.0,79.28932188134524,0.9238795325112867,0.0,0.3826834323650898,0.0
1.0914123058319092,-2.2438834912323604,-10.416491975421241,6.6269367643910755,0.08309192681041266,-0.5752188216691221,0.4969503321003707,0.0,50.0,20.0,1.0,0.0,0.0,0.0,-369.28932188134524,70.0,79.28932188134524,0.9238795325112867,0.0,0.3826834323650898,0.0
1.1212589740753174,-2.4071856481724776,-9.625203343138855,6.349692753307502,0.05656399626507835,-0.5102349997251061,0.392953311913751,0.0,50.0,20.0,1.0,0.0,0.0,0.0,-369.28932188134524,70.0,79.28932188134524,0.9238795325112867,0.0,0.3826834323650898,0.0
1.1534936428070068,-1.9182432047159497,-9.049367776481166,5.639887554358731,0.07602924070000877,-0.4229413220572668,0.47777267562982884,0.0,50.0,20.0,1.0,0.0,0.0,0.0,-369.28932188134524,70.0,79.28932188134524,0.9238795325112867,0.0,0.3826834323650898,0.0
1.1831824779510498,-2.156476307498451,-9.333423009655114,5.92471496802709,0.11002437480549015,-0.25588219623744923,0.4797139766077171,0.0,50.0,20.0,1.0,0.0,0.0,0.0,-369.28932188134524,70.0,79.28932188134524,0.9238795325112867,0.0,0.3826834323650898,0.0
1.2128992080688477,-2.705597080405339,-10.04627646116323,5.7887625474496,0.18692833411947557,-0.3526535962563322,0.44326996666183965,0.0,50.0,20.0,1.0,0.0,0.0,0.0,-369.28932188134524,70.0,79.28932188134524,0.9238795325112867,0.0,0.3826834323650898,0.0
1.243546962738037,-3.2407894254797704,-10.380762927350295,5.4525366060593266,0.2144083356758906,-0.3000491277818202,0.4126395181237891,0.0,50.0,20.0,1.0,0.0,0.0,0.0,-369.28932188134524,70.0,79.28932188134524,0.9238795325112867,0.0,0.3826834323650898,0.0
1.2734439373016357,-2.7028387661553372,-10.019063518225435,5.043529844968122,0.09423764544889461,-0.15000657185767086,0.37230693532239884,0.0,50.0,20.0,1.0,0.0,0.0,0.0,-369.28932188134524,70.0,79.28932188134524,0.9238795325112867,0.0,0.3826834323650898,0.0
1.305237054824829,-2.5093156667142495,-9.245823440119558,4.864757376368277,0.12275878668159172,-0.06267918337456357,0.3612502790200848,0.0,50.0,20.0,1.0,0.0,0.0,0.0,-369.28932188134524,70.0,79.28932188134524,0.9238795325112867,0.0,0.3826834323650898,0.0
1.334848403930664,-3.2301504348108434,-9.139819856146513,4.642790323268426,-0.03464269800089688,-0.22987923064143814,0.5110713795433068,0.0,50.0,20.0,1.0,0.0,0.0,0.0,-369.28932188134524,70.0,79.28932188134524,0.9238795325112867,0.0,0.3826834323650898,0.0
1.365570306777954,-2.8084627023967887,-9.17082049965786,3.975997883278797,0.07491669897428314,-0.09758865422680538,0.3932049043048197,0.0,50.0,20.0,1.0,0.0,0.0,0.0,-369.28932188134524,70.0,79.28932188134524,0.9238795325112867,0.0,0.3826834323650898,0.0
1.3971688747406006,-2.934730795028117,-8.942561574001523,4.726462940957467,0.06631202535715901,0.07374013809429789,0.23578517748268124,0.0,50.0,20.0,1.0,0.0,0.0,0.0,-369.28932188134524,70.0,79.28932188134524,0.9238795325112867,0.0,0.3826834323650898,0.0
1.4267845153808594,-3.405091199523528,-8.20113878724031,4.924039012486205,-0.09105355769038949,0.14365831041810548,0.1090145452228348,0.0,50.0,20.0,1.0,0.0,0.0,0.0,-369.28932188134524,70.0,79.28932188134524,0.9238795325112867,0.0,0.3826834323650898,0.0
1.4563450813293457,-3.4183055261248123,-7.793393320981899,4.195296647944613,-0.01496564492043058,0.2259925450029416,-0.03853590520569661,0.0,50.0,20.0,1.0,0.0,0.0,0.0,-369.28932188134524,70.0,79.28932188134524,0.9238795325112867,0.0,0.3826834323650898,0.0
1.4869492053985596,-3.7072234783870335,-7.04086665287798,4.3094870205247915,0.13141903386843418,0.3988237864347769,-0.11181892203232904,0.0,50.0,20.0,1.0,0.0,0.0,0.0,-369.28932188134524,70.0,79.28932188134524,0.9238795325112867,0.0,0.3826834323650898,0.0
1.5175130367279053,-2.9858648370389886,-7.27788429603514,4.786284555499355,0.1415415794907294,0.562388192741982,0.08602278603143335,0.0,50.0,20.0,1.0,0.0,0.0,0.0,-369.28932188134524,70.0,79.28932188134524,0.9238795325112867,0.0,0.3826834323650898,0.0
1.5491061210632324,-2.8254304935008627,-8.017032698998138,5.224253631688134,0.19533933554985092,0.5406924876594893,0.01780567393604826,0.0,50.0,20.0,1.0,0.0,0.0,0.0,-369.28932188134524,70.0,79.28932188134524,0.9238795325112867,0.0,0.3826834323650898,0.0
1.578671932220459,-2.995532495289045,-8.004317295864084,5.129832745822142,0.22571874731014213,0.4708079621796203,-0.015670013725982757,0.0,50.0,20.0,1.0,0.0,0.0,0.0,-369.28932188134524,70.0,79.28932188134524,0.9238795325112867,0.0,0.3826834323650898,0.0
1.6092486381530762,-3.063652857300222,-7.556674976783828,5.180522179859328,0.18046280382610713,0.5681688637435858,0.11866356212802032,0.0,50.0,20.0,1.0,0.0,0.0,0.0,-369.28932188134524,70.0,79.28932188134524,0.9238795325112867,0.0,0.3826834323650898,0.0
1.6388633251190186,-2.6295561962234144,-7.177654554243661,5.081286831572519,0.22763187415390992,0.7537836408009818,0.17688863231469398,0.0,50.0,20.0,1.0,0.0,0.0,0.0,-369.28932188134524,70.0,79.28932188134524,0.9238795325112867,0.0,0.3826834323650898,0.0
1.6694953441619873,-2.5294402579968245,-7.9678906944554955,5.530292359314574,0.30711835288766787,0.9467408489074947,0.3336534035157206,0.0,50.0,20.0,1.0,0.0,0.0,0.0,-369.28932188134524,70.0,79.28932188134524,0.9238795325112867,0.0,0.3826834323650898,0.0
1.7011606693267822,-2.10766737650452,-8.130060562990641,5.327505172036799,0.33102706198946596,0.8598376815964509,0.4834669056825979,0.0,50.0,20.0,1.0,0.0,0.0,0.0,-369.28932188134524,70.0,79.28932188134524,0.9238795325112867,0.0,0.3826834323650898,0.0
1.7305824756622314,-1.52981557653611,-8.346620327546578,5.493320079577667,0.2173806017700965,1.0581088490005621,0.5233891196243813,0.0,50.0,20.0,1.0,0.0,0.0,0.0,-369.28932188134524,70.0,79.28932188134524,0.9238795325112867,0.0,0.3826834323650898,0.0
1.761204481124878,-2.2850533339652235,-9.014189176678371,5.378918535978035,0.3031418473266386,1.1182160435886344,0.5852649162826781,0.0,50.0,20.0,1.0,0.0,0.0,0.0,-369.28932188134524,70.0,79.28932188134524,0.9238795325112867,0.0,0.3826834323650898,0.0
1.790759801864624,-2.4991774013166355,-9.735542518719846,4.934983986249307,0.30345088494652483,0.9667636300911203,0.5462385178455376,0.0,50.0,20.0,1.0,0.0,0.0,0.0,-369.28932188134524,70.0,79.28932188134524,0.9238795325112867,0.0,0.3826834323650898,0.0
1.8214621543884277,-2.133174216436691,-9.927686960725064,4.300868371817555,0.2383823300591455,0.962205135761443,0.5742246359660934,0.0,50.0,20.0,1.0,0.0,0.0,0.0,-369.28932188134524,70.0,79.28932188134524,0.9238795325112867,0.0,0.3826834323650898,0.0
1.8532052040100098,-1.6174509292434511,-9.158672812750114,3.83393040997539,0.37677973169026824,0.8806183601489834,0.6840744235109937,0.0,50.0,20.0,1.0,0.0,0.0,0.0,-369.28932188134524,70.0,79.28932188134524,0.9238795325112867,0.0,0.3826834323650898,0.0
1.8827850818634033,-1.3920648420728685,-9.893891493120353,3.711714819767196,0.5047100491214649,0.8348103474290084,0.5625143844936696,0.0,50.0,20.0,1.0,0.0,0.0,0.0,-369.28932188134524,70.0,79.28932188134524,0.9238795325112867,0.0,0.3826834323650898,0.0
1.912409782409668,-0.7331164007635422,-9.673547545363936,3.9259525314282664,0.4293799344668575,0.8859231664520775,0.6061260557874493,0.0,50.0,20.0,1.0,0.0,0.0,0.0,-369.28932188134524,70.0,79.28932188134524,0.9238795325112867,0.0,0.3826834323650898,0.0
1.9429268836975098,-0.5514340114421092,-10.383534636027324,4.550910223892007,0.5849818974248889,1.0813751358224772,0.6005499740498242,0.0,50.0,20.0,1.0,0.0,0.0,0.0,-369.28932188134524,70.0,79.28932188134524,0.9238795325112867,0.0,0.3826834323650898,0.0
1.973395824432373,-0.2600353556483419,-11.00989132415344,3.760989215869369,0.7193037232992178,1.2118056142483744,0.7666908735927207,0.0,50.0,20.0,1.0,0.0,0.0,0.0,-369.28932188134524,70.0,79.28932188134524,0.9238795325112867,0.0,0.3826834323650898,0.0
2.004873037338257,-0.5879706267898366,-10.615165709734912,3.900963519497013,0.6837415506098542,1.3914353005470093,0.6409441774522522,0.0,50.0,20.0,1.0,0.0,0.0,0.0,-369.28932188134524,70.0,79.28932188134524,0.9238795325112867,0.0,0.3826834323650898,0.0
2.0353987216949463,-0.9029203293287722,-10.72042121087114,3.6650828015328347,0.7099967526110416,1.4304803188589614,0.5183539008761002,0.0,50.0,20.0,1.0,0.0,0.0,0.0,-369.28932188134524,70.0,79.28932188134524,0.9238795325112867,0.0,0.3826834323650898,0.0
2.064870595932007,-0.6894557649848463,-10.81691846532292,3.4335990580457256,0.7087354731563796,1.5,0.6299024652513229,0.0,50.0,20.0,1.0,0.0,0.0,0.0,-369.28932188134524,70.0,79.28932188134524,0.9238795325112867,0.0,0.3826834323650898,0.0
2.0973808765411377,-0.5857070513177665,-10.234154450125997,2.903340069772783,0.8831852138482821,1.5,0.7960486093134092,0.0,50.0,20.0,1.0,0.0,0.0,0.0,-369.28932188134524,70.0,79.28932188134524,0.9238795325112867,0.0,0.3826834323650898,0.0
2.126957416534424,-1.108742521154968,-9.990789155638206,2.8779760066763043,0.7232243382352179,1.5,0.7808854563567149,0.0,50.0,20.0,1.0,0.0,0.0,0.0,-369.28932188134524,70.0,79.28932188134524,0.9238795325112867,0.0,0.3826834323650898,0.0
2.157529592514038,-1.7421695503731498,-10.014994118252146,3.4198144401197874,0.7946531201057201,1.5,0.6148422914985927,0.0,50.0,20.0,1.0,0.0,0.0,0.0,-369.28932188134524,70.0,79.28932188134524,0.9238795325112867,0.0,0.3826834323650898,0.0
2.1871089935302734,-2.0943481308601184,-9.31735055071968,2.710015487886366,0.8435210081309059,1.3515499115062017,0.47473882846320015,0.0,50.0,20.0,1.0,0.0,0.0,0.0,-369.28932188134524,70.0,79.28932188134524,0.9238795325112867,0.0,0.3826834323650898,0.0
2.2166309356689453,-2.2216015514677707,-10.012949831477666,3.4057435643508756,0.8049690540311809,1.2759036952584968,0.3627079657832944,0.0,50.0,20.0,1.0,0.0,0.0,0.0,-369.28932188134524,70.0,79.28932188134524,0.9238795325112867,0.0,0.3826834323650898,0.0
2.2491118907928467,-2.0133896278269012,-9.354086906166636,3.6903723354816886,0.6382413791344288,1.4423501538684584,0.5389184264159088,0.0,50.0,20.0,1.0,0.0,0.0,0.0,-369.28932188134524,70.0,79.28932188134524,0.9238795325112867,0.0,0.3826834323650898,0.0
2.2794926166534424,-1.828487392574459,-9.985448556661261,4.133020227288554,0.6353025362357957,1.5,0.6628052296442646,0.0,50.0,20.0,1.0,0.0,0.0,0.0,-369.28932188134524,70.0,79.28932188134524,0.9238795325112867,0.0,0.3826834323650898,0.0
2.309095859527588,-2.350205982237255,-9.622670327426407,4.733379094003318,0.777506847322688,1.3200351947457003,0.7065859328794284,0.0,50.0,20.0,1.0,0.0,0.0,0.0,-369.28932188134524,70.0,79.28932188134524,0.9238795325112867,0.0,0.3826834323650898,0.0
2.33846378326416,-2.10559235257303,-9.973385668257338,3.987796379321787,0.8447847324800485,1.5,0.8571345864792657,0.0,50.0,20.0,1.0,0.0,0.0,0.0,-369.28932188134524,70.0,79.28932188134524,0.9238795325112867,0.0,0.3826834323650898,0.0
2.369028329849243,-2.657684192391605,-10.669126258192287,3.238231906130916,0.9157075965833187,1.5,0.9878933830442915,0.0,50.0,20.0,1.0,0.0,0.0,0.0,-369.28932188134524,70.0,79.28932188134524,0.9238795325112867,0.0,0.3826834323650898,0.0
2.4006917476654053,-3.385059766024658,-10.32912197826882,3.336801326957693,0.8371589055218346,1.5,0.8184822847414202,0.0,50.0,20.0,1.0,0.0,0.0,0.0,-369.28932188134524,70.0,79.28932188134524,0.9238795325112867,0.0,0.3826834323650898,0.0
2.431217670440674,-2.7317357891593472,-10.181798954665402,3.22463138219738,0.738505833234955,1.5,0.9722669465236449,0.0,50.0,20.0,1.0,0.0,0.0,0.0,-369.28932188134524,70.0,79.28932188134524,0.9238795325112867,0.0,0.3826834323650898,0.0
2.4607150554656982,-2.7099019984846526,-9.638783688894144,4.00581688248642,0.7107294456337097,1.5,0.7963938506872693,0.0,50.0,20.0,1.0,0.0,0.0,0.0,-369.28932188134524,70.0,79.28932188134524,0.9238795325112867,0.0,0.3826834323650898,0.0
2.4912047386169434,-2.489200741906052,-10.323112462537718,3.252283641710812,0.624870869181677,1.5,0.6913612331435698,0.0,50.0,20.0,1.0,0.0,0.0,0.0,-369.28932188134524,70.0,79.28932188134524,0.9238795325112867,0.0,0.3826834323650898,0.0
2.5207035541534424,-2.081905843993993,-9.71721009565015,2.4995048578126533,0.475121171820142,1.5,0.8805717864645144,0.0,50.0,20.0,1.0,0.0,0.0,0.0,-369.28932188134524,70.0,79.28932188134524,0.9238795325112867,0.0,0.3826834323650898,0.0
2.553164005279541,-2.345218886750843,-10.46671106488824,2.9361630840434483,0.4008786570280551,1.5,0.7808351585941957,0.0,50.0,20.0,1.0,0.0,0.0,0.0,-369.28932188134524,70.0,79.28932188134524,0.9238795325112867,0.0,0.3826834323650898,0.0
2.582880735397339,-2.3773501763422753,-9.781157452456307,2.472766702174444,0.4923777017674866,1.5,0.8589519935376834,0.0,50.0,20.0,1.0,0.0,0.0,0.0,-369.28932188134524,70.0,79.28932188134524,0.9238795325112867,0.0,0.3826834323650898,0.0
2.6134793758392334,-3.0497689354695763,-9.206522625192699,2.274895268171011,0.30332139712314116,1.5,0.9617719080295279,0.0,50.0,20.0,1.0,0.0,0.0,0.0,-369.28932188134524,70.0,79.28932188134524,0.9238795325112867,0.0,0.3826834323650898,0.0
2.6430628299713135,-2.4690428211516036,-9.024133912304363,2.7912742120605945,0.2605437755943899,1.5,1.1614173433769346,0.0,50.0,20.0,1.0,0.0,0.0,0.0,-369.28932188134524,70.0,79.28932188134524,0.9238795325112867,0.0,0.3826834323650898,0.0
2.6727004051208496,-3.19912291731027,-9.008752468204667,2.2901874409127325,0.333519965305244,1.5,1.0620439401023674,0.0,50.0,20.0,1.0,0.0,0.0,0.0,-369.28932188134524,70.0,79.28932188134524,0.9238795325112867,0.0,0.3826834323650898,0.0
2.7052555084228516,-3.1758785878587745,-9.442851571163475,1.775849307136728,0.286573759195789,1.3169599856920462,0.9697242063611732,0.0,50.0,20.0,1.0,0.0,0.0,0.0,-369.28932188134524,70.0,79.28932188134524,0.9238795325112867,0.0,0.3826834323650898,0.0
2.7350239753723145,-3.599908984769736,-10.01104135526837,1.297512566036906,0.21577078619279388,1.1169912895411946,1.104129356733231,0.0,50.0,20.0,1.0,0.0,0.0,0.0,-369.28932188134524,70.0,79.28932188134524,0.9238795325112867,0.0,0.3826834323650898,0.0
2.764641523361206,-3.570247080875915,-10.089897610858154,0.9412739291448211,0.040127903610510135,1.2852009071657542,1.1830361143586754,0.0,50.0,20.0,1.0,0.0,0.0,0.0,-369.28932188134524,70.0,79.28932188134524,0.9238795325112867,0.0,0.3826834323650898,0.0
2.7972209453582764,-4.3486425051614095,-9.457893876816732,1.5995435493617784,-0.0028466374818892637,1.1611434921150516,1.0199818953662512,0.0,50.0,20.0,1.0,0.0,0.0,0.0,-369.28932188134524,70.0,79.28932188134524,0.9238795325112867,0.0,0.3826834323650898,0.0
2.8266749382019043,-4.587613476678443,-9.529858734766927,2.1596093004195493,-0.04353390660827813,1.2457467103863282,1.2003315729789756,0.0,50.0,20.0,1.0,0.0,0.0,0.0,-369.28932188134524,70.0,79.28932188134524,0.9238795325112867,0.0,0.3826834323650898,0.0
2.856452703475952,-4.453917310473491,-9.50261463199678,2.239622575476192,-0.06429187376391868,1.2825634321327726,1.130837664833941,0.0,50.0,20.0,1.0,0.0,0.0,0.0,-369.28932188134524,70.0,79.28932188134524,0.9238795325112867,0.0,0.3826834323650898,0.0
2.8869705200195312,-4.81915620509103,-9.152374634838184,2.264178788477638,0.1226964988880386,1.1147164267972718,0.9472362832971317,0.0,50.0,20.0,1.0,0.0,0.0,0.0,-369.28932188134524,70.0,79.28932188134524,0.9238795325112867,0.0,0.3826834323650898,0.0
2.9173805713653564,-4.1575817426468795,-9.64368067904585,1.8708113142210858,0.0830733992345315,1.2600121881934983,1.0261847776267756,0.0,50.0,20.0,1.0,0.0,0.0,0.0,-369.28932188134524,70.0,79.28932188134524,0.9238795325112867,0.0,0.3826834323650898,0.0
2.948883295059204,-4.572664446073798,-10.299125122453543,1.3995354757058018,0.03254610502187255,1.2542425428674007,1.0691786646268047,0.0,50.0,20.0,1.0,0.0,0.0,0.0,-369.28932188134524,70.0,79.28932188134524,0.9238795325112867,0.0,0.3826834323650898,0.0
2.9793527126312256,-4.861938038475454,-10.423638070463703,0.9730852215838325,-0.007816951887983814,1.3440935213881748,1.2056638903014711,0.0,50.0,20.0,1.0,0.0,0.0,0.0,-369.28932188134524,70.0,79.28932188134524,0.9238795325112867,0.0,0.3826834323650898,0.0
3.0087714195251465,-4.514411165811303,-10.732929252673841,1.186945013094825,0.045913869419408226,1.3180986827334966,1.2590927618373442,0.0,50.0,20.0,1.0,0.0,0.0,0.0,-369.28932188134524,70.0,79.28932188134524,0.9238795325112867,0.0,0.3826834323650898,0.0
3.039235830307007,-4.754338642048129,-10.618169349356954,1.6161828020245301,-0.08125338552548106,1.449285420212636,1.3649151475850296,0.0,50.0,20.0,1.0,0.0,0.0,0.0,-369.28932188134524,70.0,79.28932188134524,0.9238795325112867,0.0,0.3826834323650898,0.0
3.068805456161499,-4.520917628674904,-9.888108550491712,2.0288260593555942,-0.1655098876068083,1.323735799417854,1.5,0.0,50.0,20.0,1.0,0.0,0.0,0.0,-369.28932188134524,70.0,79.28932188134524,0.9238795325112867,0.0,0.3826834323650898,0.0
3.1012110710144043,-4.1137745204473894,-9.261652781618304,1.995998335655313,-0.2616962819596145,1.1666021563326527,1.5,0.0,50.0,20.0,1.0,0.0,0.0,0.0,-369.28932188134524,70.0,79.28932188134524,0.9238795325112867,0.0,0.3826834323650898,0.0
3.1307895183563232,-4.12081926757152,-9.819430264676674,1.673887483387235,-0.17223947881905555,0.9995792752557435,1.5,0.0,50.0,20.0,1.0,0.0,0.0,0.0,-369.28932188134524,70.0,79.28932188134524,0.9238795325112867,0.0,0.3826834323650898,0.0
3.1614112854003906,-3.5357575940906227,-9.914555846904829,1.4098071493380613,-0.02341845805545245,1.0108011290766705,1.5,0.0,50.0,20.0,1.0,0.0,0.0,0.0,-369.28932188134524,70.0,79.28932188134524,0.9238795325112867,0.0,0.3826834323650898,0.0
3.1914310455322266,-2.90224912057198,-9.2599814652451,1.3805156336750792,-0.044701975235994174,0.9317835080427903,1.5,0.0,50.0,20.0,1.0,0.0,0.0,0.0,-369.28932188134524,70.0,79.28932188134524,0.9238795325112867,0.0,0.3826834323650898,0.0
3.220409631729126,-2.6761368604405686,-9.598613561030712,0.9970100898811496,-0.13483735173300998,0.9047016904392192,1.5,0.0,50.0,20.0,1.0,0.0,0.0,0.0,-369.28932188134524,70.0,79.28932188134524,0.9238795325112867,0.0,0.3826834323650898,0.0
3.253009080886841,-2.9439445522998264,-8.9180272288141,0.8877103462481704,-0.26282885466964545,0.9540288330778955,1.4807641911276717,0.0,50.0,20.0,1.0,0.0,0.0,0.0,-369.28932188134524,70.0,79.28932188134524,0.9238795325112867,0.0,0.3826834323650898,0.0
3.283562183380127,-2.87996935064946,-8.951348503795716,0.3703489674291942,-0.45838926940333724,1.126840370531199,1.5,0.0,50.0,20.0,1.0,0.0,0.0,0.0,-369.28932188134524,70.0,79.28932188134524,0.9238795325112867,0.0,0.3826834323650898,0.0
3.31307053565979,-2.9902203007525374,-8.496368805466995,0.07174336990463581,-0.4763641624054788,1.1624393987679411,1.499931834847266,0.0,50.0,20.0,1.0,0.0,0.0,0.0,-369.28932188134524,70.0,79.28932188134524,0.9238795325112867,0.0,0.3826834323650898,0.0
3.3435614109039307,-3.3298366488997626,-8.642616207984048,0.5357279129912503,-0.6304462376461972,1.0388971463719143,1.4622501746618748,0.0,50.0,20.0,1.0,0.0,0.0,0.0,-369.28932188134524,70.0,79.28932188134524,0.9238795325112867,0.0,0.3826834323650898,0.0
3.3730905055999756,-3.1171996232982497,-9.342729377048105,0.7799039924554217,-0.8040765123256761,1.1706321488711553,1.2731270297136883,0.0,50.0,20.0,1.0,0.0,0.0,0.0,-369.28932188134524,70.0,79.28932188134524,0.9238795325112867,0.0,0.3826834323650898,0.0
3.4046366214752197,-3.087130559763095,-9.58221673003774,0.865031644518075,-0.6945459145989235,1.2326652096741308,1.163944455048789,0.0,50.0,20.0,1.0,0.0,0.0,0.0,-369.28932188134524,70.0,79.28932188134524,0.9238795325112867,0.0,0.3826834323650898,0.0
3.435041904449463,-2.419751447472908,-9.135941023681466,0.690505653748245,-0.7397053288650708,1.180214050832286,1.0451455534145893,0.0,50.0,20.0,1.0,0.0,0.0,0.0,-369.28932188134524,70.0,79.28932188134524,0.9238795325112867,0.0,0.3826834323650898,0.0
3.4655773639678955,-1.9985846680574841,-8.541480386665922,1.485188911821612,-0.6309616648124249,1.240991027070947,0.9795822622632323,0.0,50.0,20.0,1.0,0.0,0.0,0.0,-369.28932188134524,70.0,79.28932188134524,0.9238795325112867,0.0,0.3826834323650898,0.0
3.497129201889038,-2.58545151131259,-8.164135849414672,1.91258661781989,-0.83048603909026,1.2350994572261782,0.8565141059823317,0.0,50.0,20.0,1.0,0.0,0.0,0.0,-369.28932188134524,70.0,79.28932188134524,0.9238795325112867,0.0,0.3826834323650898,0.0
3.5267581939697266,-3.182510701530228,-8.390407806666596,1.1758838733700423,-0.8076586466012106,1.213257465596219,0.983502906317941,0.0,50.0,20.0,1.0,0.0,0.0,0.0,-369.28932188134524,70.0,79.28932188134524,0.9238795325112867,0.0,0.3826834323650898,0.0
3.557276725769043,-3.331082118606506,-8.730634107993556,1.8632349486925472,-0.7700282056895413,1.0476266147749316,0.8518804013124727,0.0,50.0,20.0,1.0,0.0,0.0,0.0,-369.28932188134524,70.0,79.28932188134524,0.9238795325112867,0.0,0.3826834323650898,0.0
3.5868725776672363,-3.0814400504432093,-8.794141288633638,1.2517395782523812,-0.9469020415703918,0.8932694289620446,1.020518016269248,0.0,50.0,20.0,1.0,0.0,0.0,0.0,-369.28932188134524,70.0,79.28932188134524,0.9238795325112867,0.0,0.3826834323650898,0.0
3.617419958114624,-2.636796604065693,-8.262327705291458,1.4272366340589042,-0.9028212824760515,0.7137628799600866,1.1877471094876026,0.0,50.0,20.0,1.0,0.0,0.0,0.0,-369.28932188134524,70.0,79.28932188134524,0.9238795325112867,0.0,0.3826834323650898,0.0
3.649249792098999,-2.697296501706804,-8.688917209005762,1.217219219915302,-0.9380943944479984,0.5453327927975166,1.3506271565075818,0.0,50.0,20.0,1.0,0.0,0.0,0.0,-369.28932188134524,70.0,79.28932188134524,0.9238795325112867,0.0,0.3826834323650898,0.0
3.679239511489868,-2.5392428564348504,-9.280036595989513,0.9918328724358748,-0.8666791877271144,0.35277009882899085,1.246839953538155,0.0,50.0,20.0,1.0,0.0,0.0,0.0,-369.28932188134524,70.0,79.28932188134524,0.9238795325112867,0.0,0.3826834323650898,0.0
3.7089734077453613,-2.8715891686140846,-9.290897456347858,0.6824796040278294,-0.9051786935333981,0.41144601219330096,1.2029652954793084,0.0,50.0,20.0,1.0,0.0,0.0,0.0,-369.28932188134524,70.0,79.28932188134524,0.9238795325112867,0.0,0.3826834323650898,0.0
3.7395496368408203,-2.9622137761844742,-9.645164027022142,0.16117165591982885,-0.9044803921967429,0.5098337474323449,1.0042058542994647,0.0,50.0,20.0,1.0,0.0,0.0,0.0,-369.28932188134524,70.0,79.28932188134524,0.9238795325112867,0.0,0.3826834323650898,0.0
3.7690577507019043,-2.8277338295177867,-9.649888172070844,0.1787022835391996,-0.8798417362046685,0.31957169788421713,0.9188491468835314,0.0,50.0,20.0,1.0,0.0,0.0,0.0,-369.28932188134524,70.0,79.28932188134524,0.9238795325112867,0.0,0.3826834323650898,0.0
3.8006069660186768,-2.1905598078927806,-9.813307927779919,-0.19114593009774056,-0.7894341632458182,0.3855511482180819,1.0192685499107328,0.0,50.0,20.0,1.0,0.0,0.0,0.0,-369.28932188134524,70.0,79.28932188134524,0.9238795325112867,0.0,0.3826834323650898,0.0
3.831519365310669,1.2806351035605985,-5.6410294678746755,10.046319950696304,-1.0230429022826342,-0.12085502407076953,0.6444232925238582,0.0,50.0,20.0,1.0,0.0,0.0,0.0,-369.28932188134524,70.0,79.28932188134524,0.9238795325112867,0.0,0.3826834323650898,0.0
3.8607516288757324,1.9818094328869942,-5.614827988463576,10.253617462761119,-1.1041771474834496,0.05934346653087269,0.6912683901809153,0.0,50.0,20.0,1.0,0.0,0.0,0.0,-369.28932188134524,70.0,79.28932188134524,0.9238795325112867,0.0,0.3826834323650898,0.0
3.89123797416687,1.4213388670227203,-5.502827603746317,9.631021430167383,-0.9575088060930395,0.08106302768836321,0.7045960332456256,0.0,50.0,20.0,1.0,0.0,0.0,0.0,-369.28932188134524,70.0,79.28932188134524,0.9238795325112867,0.0,0.3826834323650898,0.0
3.9206502437591553,0.8916724512923695,-6.301401665684138,10.417532496793433,-0.8548075603021087,0.10303025016453202,0.7250405297104138,0.0,50.0,20.0,1.0,0.0,0.0,0.0,-369.28932188134524,70.0,79.28932188134524,0.9238795325112867,0.0,0.3826834323650898,0.0
3.9531190395355225,1.6880689122911374,-5.610867081516254,10.492576143140194,-0.9373601088604943,0.15381089045449078,0.7820830381742347,0.0,50.0,20.0,1.0,0.0,0.0,0.0,-369.28932188134524,70.0,79.28932188134524,0.9238795325112867,0.0,0.3826834323650898,0.0
3.982686758041382,1.310936746153454,-5.413408796812035,10.524568756426206,-1.1113949425328744,0.10253005197353421,0.6624364243514662,0.0,50.0,20.0,1.0,0.0,0.0,0.0,-369.28932188134524,70.0,79.28932188134524,0.9238795325112867,0.0,0.3826834323650898,0.0
4.013253927230835,1.24752431251647,-6.137288600394472,10.991087268415631,-1.259205748798313,0.1265595119032429,0.6714788412815255,0.0,50.0,20.0,1.0,0.0,0.0,0.0,-369.28932188134524,70.0,79.28932188134524,0.9238795325112867,0.0,0.3826834323650898,0.0
4.042856931686401,0.46689972581889305,-6.036108455245374,10.463935891045763,-1.3633229274034375,0.317687754824605,0.6675117786156579,0.0,50.0,20.0,1.0,0.0,0.0,0.0,-369.28932188134524,70.0,79.28932188134524,0.9238795325112867,0.0,0.3826834323650898,0.0
4.073461532592773,0.2228558025330054,-6.530609844690998,10.303656598498398,-1.5,0.4119176095381869,0.8609419804358196,0.0,50.0,20.0,1.0,0.0,0.0,0.0,-369.28932188134524,70.0,79.28932188134524,0.9238795325112867,0.0,0.3826834323650898,0.0
4.105072259902954,0.6922959847348518,-6.239003634714953,10.863336267326668,-1.3015625125913934,0.37374323452929087,0.8527253443806688,0.0,50.0,20.0,1.0,0.0,0.0,0.0,-369.28932188134524,70.0,79.28932188134524,0.9238795325112867,0.0,0.3826834323650898,0.0
4.134488821029663,0.20404757359323772,-5.845033517380788,10.483304090655253,-1.1071285980114896,0.44195846750025475,0.7060213103321091,0.0,50.0,20.0,1.0,0.0,0.0,0.0,-369.28932188134524,70.0,79.28932188134524,0.9238795325112867,0.0,0.3826834323650898,0.0
4.165052652359009,0.6143357066194919,-6.538555539503193,11.246835442001622,-0.9183695563039971,0.24446393941406985,0.7238240482991982,0.0,50.0,20.0,1.0,0.0,0.0,0.0,-369.28932188134524,70.0,79.28932188134524,0.9238795325112867,0.0,0.3826834323650898,0.0
4.196696758270264,1.3518939186436845,-6.073567192456396,12.014040509809483,-0.8185520462885942,0.17891205276037875,0.6641379036386479,0.0,50.0,20.0,1.0,0.0,0.0,0.0,-369.28932188134524,70.0,79.28932188134524,0.9238795325112867,0.0,0.3826834323650898,0.0
4.227247476577759,1.0052269768328979,-5.662920520957553,11.66096608693452,-0.8600979194040114,0.23466716627513878,0.8061885417578343,0.0,50.0,20.0,1.0,0.0,0.0,0.0,-369.28932188134524,70.0,79.28932188134524,0.9238795325112867,0.0,0.3826834323650898,0.0
4.256791830062866,1.3556720966807123,-5.376626294389619,12.107302556117562,-0.6893584471772889,0.12077761610047025,0.9431363632443159,0.0,50.0,20.0,1.0,0.0,0.0,0.0,-369.28932188134524,70.0,79.28932188134524,0.9238795325112867,0.0,0.3826834323650898,0.0
4.28739333152771,2.0975783138483823,-5.536146426763341,11.733625951251055,-0.7711307955516151,0.23376634887748968,0.875728893349209,0.0,50.0,20.0,1.0,0.0,0.0,0.0,-369.28932188134524,70.0,79.28932188134524,0.9238795325112867,0.0,0.3826834323650898,0.0
4.316927194595337,2.25340381701577,-6.258498622466193,11.80242515497248,-0.8213611487706032,0.05159972343918637,0.9180174088357489,0.0,50.0,20.0,1.0,0.0,0.0,0.0,-369.28932188134524,70.0,79.28932188134524,0.9238795325112867,0.0,0.3826834323650898,0.0
4.34952712059021,1.6708210570594617,-6.478570713603368,12.40009834390395,-0.7798371655994548,-0.07322930375418554,0.9049099335366387,0.0,50.0,20.0,1.0,0.0,0.0,0.0,-369.28932188134524,70.0,79.28932188134524,0.9238795325112867,0.0,0.3826834323650898,0.0
4.378425359725952,1.5718839486940634,-7.2703828311717755,13.0,-0.9697406996723721,-0.09383878176648999,0.7930442082777182,0.0,50.0,20.0,1.0,0.0,0.0,0.0,-369.28932188134524,70.0,79.28932188134524,0.9238795325112867,0.0,0.3826834323650898,0.0
4.408269643783569,1.6309851249580631,-7.768712715563,12.31094209316707,-0.803585918811859,-0.06601664709788888,0.9065427856474617,0.0,50.0,20.0,1.0,0.0,0.0,0.0,-369.28932188134524,70.0,79.28932188134524,0.9238795325112867,0.0,0.3826834323650898,0.0
4.43840479850769,1.2254252947431445,-7.696818723090198,12.041416866052694,-1.0018837416975268,0.04151728186413542,1.072812291039,0.0,50.0,20.0,1.0,0.0,0.0,0.0,-369.28932188134524,70.0,79.28932188134524,0.9238795325112867,0.0,0.3826834323650898,0.0
4.4685540199279785,0.7694699183930734,-7.389395616155486,11.752368614682148,-0.851179082950901,0.059386192815813726,0.9299551242449045,0.0,50.0,20.0,1.0,0.0,0.0,0.0,-369.28932188134524,70.0,79.28932188134524,0.9238795325112867,0.0,0.3826834323650898,0.0
4.5004987716674805,0.31088350025860445,-7.147339255393678,11.2999606463789,-0.6680504745156317,0.03546199708577763,0.8986926716568842,0.0,50.0,20.0,1.0,0.0,0.0,0.0,-369.28932188134524,70.0,79.28932188134524,0.9238795325112867,0.0,0.3826834323650898,0.0
4.530474901199341,-0.47873014090918287,-7.1089275829433705,11.967965798836483,-0.8180100523113566,0.1842433616205464,0.8545246624854637,0.0,50.0,20.0,1.0,0.0,0.0,0.0,-369.28932188134524,70.0,79.28932188134524,0.9238795325112867,0.0,0.3826834323650898,0.0
4.560288190841675,-0.035299484690623384,-7.9069752009003285,11.923474527374854,-0.687151843161749,0.3367302400918968,0.6843660769019002,0.0,50.0,20.0,1.0,0.0,0.0,0.0,-369.28932188134524,70.0,79.28932188134524,0.9238795325112867,0.0,0.3826834323650898,0.0
4.5904200077056885,-0.3142194046592708,-8.25853642024669,12.557244050789317,-0.8495199204987754,0.4122809959777292,0.5501351204845846,0.0,50.0,20.0,1.0,0.0,0.0,0.0,-369.28932188134524,70.0,79.28932188134524,0.9238795325112867,0.0,0.3826834323650898,0.0
4.620499134063721,-0.22080015938049935,-7.722930541404183,13.0,-0.7124249175687076,0.4572903570575862,0.6294837538840194,0.0,50.0,20.0,1.0,0.0,0.0,0.0,-369.28932188134524,70.0,79.28932188134524,0.9238795325112867,0.0,0.3826834323650898,0.0
4.652519702911377,-0.31007603805117223,-8.491626496909722,13.0,-0.7501813621393806,0.4314325461810562,0.6267865215958345,0.0,50.0,20.0,1.0,0.0,0.0,0.0,-369.28932188134524,70.0,79.28932188134524,0.9238795325112867,0.0,0.3826834323650898,0.0
4.682518720626831,0.4375238058263975,-8.894387396008014,13.0,-0.9233604083440298,0.6302268588237179,0.5487249423868026,0.0,50.0,20.0,1.0,0.0,0.0,0.0,-369.28932188134524,70.0,79.28932188134524,0.9238795325112867,0.0,0.3826834323650898,0.0
4.7124550342559814,-0.2723733974823561,-9.172651621744443,13.0,-0.9982323537074147,0.47437026193786147,0.6908480723612774,0.0,50.0,20.0,1.0,0.0,0.0,0.0,-369.28932188134524,70.0,79.28932188134524,0.9238795325112867,0.0,0.3826834323650898,0.0
4.742452621459961,0.14085425617353153,-8.917458798170326,12.28437159677619,-1.0765599563627835,0.57562072819094,0.7377309007744028,0.0,50.0,20.0,1.0,0.0,0.0,0.0,-369.28932188134524,70.0,79.28932188134524,0.9238795325112867,0.0,0.3826834323650898,0.0
4.77346658706665,-0.3555007847255165,-9.642846374336894,12.211822334283015,-1.1983616802889532,0.6477018939813389,0.8651135012656619,0.0,50.0,20.0,1.0,0.0,0.0,0.0,-369.28932188134524,70.0,79.28932188134524,0.9238795325112867,0.0,0.3826834323650898,0.0
4.805097818374634,-0.8783512391140853,-10.134918283798394,11.626995938447438,-1.071760154589646,0.540714571973591,0.7066975462931684,0.0,50.0,20.0,1.0,0.0,0.0,0.0,-369.28932188134524,70.0,79.28932188134524,0.9238795325112867,0.0,0.3826834323650898,0.0
