# Timestamp, Fx, Fy, Fz, Tx, Ty, Tz, FemurPosX, FemurPosY, FemurPosZ, FemurQuatW, FemurQuatX, FemurQuatY, FemurQuatZ, TibiaPosX, TibiaPosY, TibiaPosZ, TibiaQuatW, TibiaQuatX, TibiaQuatY, TibiaQuatZ
0.01697993278503418,8.005156913911215,-13.0,-4.541954673309302,-0.3664968840013098,0.6468956427601181,0.4350914169361738,0.0,50.0,20.0,1.0,0.0,0.0,0.0,-341.4053547543158,70.0,133.29383560245842,0.76389189155777,0.0,0.6453442321833303,0.0
0.03462791442871094,7.660464722651856,-13.0,-5.150599390563514,-0.21597472597928274,0.8027233833231595,0.600089098025734,0.0,50.0,20.0,1.0,0.0,0.0,0.0,-341.6199029739425,70.0,132.0735806937495,0.7678750526819142,0.0,0.6405996436689202,0.0
0.06689858436584473,7.358598532730374,-13.0,-4.381260067231098,-0.23701704637131446,0.8662608907232917,0.6638877619502777,0.0,50.0,20.0,1.0,0.0,0.0,0.0,-342.11751397130905,70.0,129.53004814751333,0.7761119502123603,0.0,0.6305951480447393,0.0
0.10026216506958008,7.115383522212866,-12.472044510807322,-4.8274514457351225,-0.23050779866064366,1.0233113268310368,0.593704822310355,0.0,50.0,20.0,1.0,0.0,0.0,0.0,-342.40303217878295,70.0,128.20936274212414,0.7803545260260745,0.0,0.6253373599191245,0.0
0.13350772857666016,7.077358577093661,-13.0,-4.084670758829561,-0.3403328114465597,1.0616227133187834,0.7552538681059215,0.0,50.0,20.0,1.0,0.0,0.0,0.0,-342.7146320478671,70.0,126.8578915736248,0.7846722514093869,0.0,0.619910846709528,0.0
0.15036582946777344,7.786249414443861,-13.0,-4.229668894638233,-0.18103176968596868,1.2032928846836515,0.9362147363397033,0.0,50.0,20.0,1.0,0.0,0.0,0.0,-343.05348740870056,70.0,125.47707814339782,0.7890593192422296,0.0,0.6143170115803315,0.0
0.18373441696166992,8.388792083479114,-13.0,-3.6991518908991834,-0.07268973080487617,1.3823697337402265,0.7705958576845481,0.0,50.0,20.0,1.0,0.0,0.0,0.0,-343.4207406410558,70.0,124.06842346331824,0.7935098504009945,0.0,0.6085574067551813,0.0
0.21707558631896973,8.408861616568657,-13.0,-4.160357444280236,-0.18596339426015587,1.3311633384344517,0.8250573418782132,0.0,50.0,20.0,1.0,0.0,0.0,0.0,-344.24482016705446,70.0,121.17387408685897,0.802577491315141,0.0,0.5965478777384887,0.0
0.2500624656677246,9.054826617472607,-13.0,-4.316096333012196,-0.2560448349280683,1.3115030466333433,0.7358882260058923,0.0,50.0,20.0,1.0,0.0,0.0,0.0,-344.70372492925395,70.0,119.69125608606146,0.8071825813096395,0.0,0.5903018553505548,0.0
0.28376293182373047,9.111975960170167,-12.449261899255664,-4.927810205145796,-0.2773557163031082,1.465459862946445,0.5536106260649792,0.0,50.0,20.0,1.0,0.0,0.0,0.0,-345.1951738834134,70.0,118.18734614962489,0.811827117834749,0.0,0.5838978769854575,0.0
0.3026149272918701,8.640897974560703,-12.339325739725835,-4.5257111844647575,-0.33139676226252157,1.372640155335254,0.5525485128763553,0.0,50.0,20.0,1.0,0.0,0.0,0.0,-345.7200713203854,70.0,116.66390772500792,0.816505028383145,0.0,0.5773383224982035,0.0
0.3338053226470947,9.424672354022565,-12.173390871488916,-4.271019690728626,-0.5044480723340763,1.4709802464395292,0.564072572689692,0.0,50.0,20.0,1.0,0.0,0.0,0.0,-346.27925843865125,70.0,115.12274951790391,0.821210236425777,0.0,0.5706257508994136,0.0
0.3669898509979248,9.646867739701719,-12.965039931083975,-4.329662317788711,-0.32208867110242406,1.5439441170124315,0.4543171569648176,0.0,50.0,20.0,1.0,0.0,0.0,0.0,-347.50352242610245,70.0,111.99471567766565,0.8306782900808662,0.0,0.5567527084696834,0.0
0.40041208267211914,8.946857442524296,-12.903379290137574,-4.147172721312496,-0.509413154861946,1.7049689074995036,0.2677359028099032,0.0,50.0,20.0,1.0,0.0,0.0,0.0,-348.1699240334749,70.0,110.41165388675307,0.8354290697397564,0.0,0.5495982800498609,0.0
0.4334123134613037,8.884347890178045,-12.388877069431313,-3.873700919373592,-0.427221974956015,1.7026617089026634,0.07159027058017631,0.0,50.0,20.0,1.0,0.0,0.0,0.0,-348.87325631294806,70.0,108.81849219620128,0.8401830389974518,0.0,0.5423029236330986,0.0
0.45446205139160156,9.09870451289575,-11.625457441077508,-3.411661500759437,-0.48263639888305343,1.6511539542863047,0.0022214577292785087,0.0,50.0,20.0,1.0,0.0,0.0,0.0,-349.61397739743455,70.0,107.21721236187935,0.8449342803973592,0.0,0.5348701354622417,0.0
0.5002810955047607,8.834901919108615,-12.353374508497332,-3.3378927639319147,-0.681241069491189,1.6213237251825472,-0.040545435423359505,0.0,50.0,20.0,1.0,0.0,0.0,0.0,-351.20897355815754,70.0,103.9983302106974,0.8544052603691722,0.0,0.5196072084310293,0.0
0.5173132419586182,8.606818679992303,-12.641082886432216,-4.0219703883874605,-0.6928715075254674,1.7800402194212959,-0.1875553210856171,0.0,50.0,20.0,1.0,0.0,0.0,0.0,-352.063710675276,70.0,102.38478163655623,0.8591135500137446,0.0,0.5117850214521534,0.0
0.5669257640838623,9.154597170210753,-13.0,-3.9679433452253963,-0.6660624150296834,1.6442105564054421,-0.307429063104531,0.0,50.0,20.0,1.0,0.0,0.0,0.0,-352.9567553272247,70.0,100.77121211287671,0.8637962372201077,0.0,0.5038413049407359,0.0
0.5839991569519043,9.300733430174548,-13.0,-3.5344647731660546,-0.4717876339643984,1.6906937877405546,-0.3339452175857985,0.0,50.0,20.0,1.0,0.0,0.0,0.0,-353.8880954025821,70.0,99.1596628000443,0.8684478602655306,0.0,0.49578050990354744,0.0
0.6066470146179199,8.769909926789571,-12.383200075347515,-3.316494553450613,-0.2718368782755059,1.8109890696434376,-0.49089310845341333,0.0,50.0,20.0,1.0,0.0,0.0,0.0,-354.8576180610367,70.0,97.55217070497869,0.873063082758117,0.0,0.48760727386380687,0.0
0.6500856876373291,9.143662578872961,-12.469845178990424,-3.4808446389167913,-0.07877786870781611,1.9194266406159497,-0.6866566583204528,0.0,50.0,20.0,1.0,0.0,0.0,0.0,-356.9102487425698,70.0,94.35745120882423,0.8821636718636054,0.0,0.4709429435123974,0.0
0.6836738586425781,8.71465220636484,-12.032515237770362,-3.699948310779424,0.11084962206387755,1.9864208594164072,-0.8401936520373534,0.0,50.0,20.0,1.0,0.0,0.0,0.0,-357.9926178574566,70.0,92.77422543882122,0.8866390882461104,0.0,0.4624620278402391,0.0
0.70039963722229,9.450305376582254,-12.321229609195607,-4.25728474015361,0.2521489378409283,2.016569547094932,-0.8996410961530221,0.0,50.0,20.0,1.0,0.0,0.0,0.0,-359.1116912789553,70.0,91.2030484442522,0.8910582235627137,0.0,0.4538890197187645,0.0
0.733757495880127,10.162056150155026,-11.671339860401599,-5.051675964355706,0.080494928895261,1.9616978361943878,-0.9504803394422808,0.0,50.0,20.0,1.0,0.0,0.0,0.0,-360.2668415672106,70.0,89.6458498002689,0.8954165237467173,0.0,0.44522943411385607,0.0
0.7670328617095947,9.702756055207269,-11.598739478631703,-5.293180963114932,0.12046452865525986,1.7885424107839845,-1.048479612999926,0.0,50.0,20.0,1.0,0.0,0.0,0.0,-362.68235390505424,70.0,86.5809050652982,0.9039333353038315,0.0,0.427673386273323,0.0
0.8004190921783447,9.24974246200833,-12.146637444350578,-5.512037053702672,0.035546337524111474,1.7014155807783882,-1.1680739659439119,0.0,50.0,20.0,1.0,0.0,0.0,0.0,-363.9409563274703,70.0,85.07680017420412,0.908083696103492,0.0,0.4187887305921933,0.0
0.833777904510498,8.766852262130973,-12.587327346216462,-5.454016141368799,-0.09417952764452579,1.5084741428530846,-1.3525928143837693,0.0,50.0,20.0,1.0,0.0,0.0,0.0,-365.2321202454187,70.0,83.59394487695819,0.9121569358477789,0.0,0.40984109650545164,0.0
0.8504009246826172,9.120209526618623,-12.75959564813937,-5.33532985703103,-0.28220329313054576,1.3748313470930127,-1.2172257358005754,0.0,50.0,20.0,1.0,0.0,0.0,0.0,-366.55472510118005,70.0,82.134017394303,0.9161495036447299,0.0,0.40083673356057953,0.0
0.8837730884552002,9.363858204247421,-13.0,-5.693678238967112,-0.13260950640457547,1.2685301110849578,-1.1948892449087183,0.0,50.0,20.0,1.0,0.0,0.0,0.0,-367.9075589665094,70.0,80.69862955299743,0.9200580700341761,0.0,0.3917820156221915,0.0
0.9171082973480225,9.851069585122522,-12.536568597239736,-6.183913282654801,-0.18287605528377052,1.279789586736096,-1.229202021793721,0.0,50.0,20.0,1.0,0.0,0.0,0.0,-370.6986295529872,70.0,77.9075589665192,0.9276110203999325,0.0,0.3735475804132534,0.0
0.9503812789916992,10.272276499074131,-12.994411254466373,-6.286535455362261,-0.3257197456704785,1.3429972005690733,-1.272272098604085,0.0,50.0,20.0,1.0,0.0,0.0,0.0,-372.1340173942925,70.0,76.55472510118973,0.9312498990572033,0.0,0.36438115415859346,0.0
0.9836828708648682,10.072772410058592,-12.449683019659785,-5.981586699123756,-0.3904167399889533,1.2458356028726085,-1.4201439073132451,0.0,50.0,20.0,1.0,0.0,0.0,0.0,-373.59394487694755,70.0,75.23212024542813,0.9347937733922169,0.0,0.35519093629643855,0.0
1.0023977756500244,10.663602893283025,-12.454454207704066,-6.389030547286196,-0.49133206614594765,1.098055908736666,-1.236298942367955,0.0,50.0,20.0,1.0,0.0,0.0,0.0,-375.0768001741933,70.0,73.94095632747954,0.9382404906859447,0.0,0.345983788113544,0.0
1.0335304737091064,11.207018728598499,-12.680636102924318,-6.445308559643565,-0.5560073851503693,1.1517388902652095,-1.3556281040130824,0.0,50.0,20.0,1.0,0.0,0.0,0.0,-376.58090506528725,70.0,72.68235390506324,0.9415881427007691,0.0,0.33676663956709874,0.0
1.0673763751983643,10.518929007420178,-12.349517716906538,-6.179747202188622,-0.5894846211114563,0.9825969745231609,-1.4415484149386897,0.0,50.0,20.0,1.0,0.0,0.0,0.0,-379.6458498002577,70.0,70.26684156721906,0.9479798479735234,0.0,0.3183303438820989,0.0
1.1004276275634766,10.11865488685366,-12.119745377079724,-5.480012342519899,-0.6941380424401749,1.1623332570155245,-1.3087559716996393,0.0,50.0,20.0,1.0,0.0,0.0,0.0,-381.20304844424084,70.0,69.11169127896348,0.9510213160624649,0.0,0.3091253085640472,0.0
1.1337556838989258,10.191191084460927,-11.995737183020257,-5.840944451452363,-0.7341420450033631,1.1749496864358613,-1.3631919616980492,0.0,50.0,20.0,1.0,0.0,0.0,0.0,-382.7742254388098,70.0,67.99261785746458,0.9539585476909765,0.0,0.29993847583683375,0.0
1.1546852588653564,9.517392016781796,-11.559059458782999,-6.241916330106511,-0.6680209049918862,1.2960995210027793,-1.5034538226861562,0.0,50.0,20.0,1.0,0.0,0.0,0.0,-384.35745120881273,70.0,66.91024874257751,0.956790863400729,0.0,0.2907769655816766,0.0
1.2004187107086182,9.394656840623076,-11.412563600737975,-6.3690111348658744,-0.5181626800080912,1.4757505024677493,-1.4052632575455395,0.0,50.0,20.0,1.0,0.0,0.0,0.0,-387.55217070496707,70.0,64.85761806104384,0.9621392361268616,0.0,0.2725584163169782,0.0
1.2174978256225586,9.410669602454925,-12.202008713686293,-5.990814536239097,-0.4712475098460794,1.6593306973253417,-1.5668420382822041,0.0,50.0,20.0,1.0,0.0,0.0,0.0,-389.1596628000328,70.0,63.88809540258892,0.9646551316336089,0.0,0.2635156105678459,0.0
1.2505836486816406,10.063365474111663,-12.123280440476265,-5.629718893942231,-0.3787623177330143,1.4918845365014033,-1.7057632884909983,0.0,50.0,20.0,1.0,0.0,0.0,0.0,-390.77121211286504,70.0,62.95675532723132,0.9670657802672181,0.0,0.25452657353635316,0.0
1.28359055519104,9.390017240036116,-12.093046493603195,-6.068521654949636,-0.2003415321159558,1.5570164771919393,-1.9008862818985508,0.0,50.0,20.0,1.0,0.0,0.0,0.0,-392.3847816365445,70.0,62.06371067528234,0.969371676202471,0.0,0.245598357845511,0.0
1.306617259979248,9.091562061396742,-12.334471158606998,-6.194965673670603,-0.01749899819791123,1.4903328449474709,-2.0110076665154564,0.0,50.0,20.0,1.0,0.0,0.0,0.0,-393.9983302106857,70.0,61.20897355816359,0.9715735341234765,0.0,0.23673797285357073,0.0
1.3503217697143555,8.506187525016715,-12.559536574992597,-5.6797784749647064,0.02870266870953944,1.4033627940938231,-2.107593466139046,0.0,50.0,20.0,1.0,0.0,0.0,0.0,-397.2172123618679,70.0,59.61397739743998,0.9756690591654529,0.0,0.2192484594864921,0.0
1.383784294128418,8.20770732622529,-12.004660209403882,-5.748605439694281,0.14326965002316386,1.293498511007844,-2.201216141751966,0.0,50.0,20.0,1.0,0.0,0.0,0.0,-398.8184921961897,70.0,58.87325631295326,0.9775651990712608,0.0,0.21063304955482723,0.0
1.4004170894622803,8.285524300312495,-11.494626057761694,-5.720839689287839,0.04242029125070787,1.1364691026419382,-2.065163908218972,0.0,50.0,20.0,1.0,0.0,0.0,0.0,-400.41165388674165,70.0,58.16992403347983,0.9793622311650582,0.0,0.20211288966169172,0.0
1.4338326454162598,8.48822083340318,-10.916131908347202,-5.552563585591538,0.17156216733598453,1.011161003890762,-1.8945309453546266,0.0,50.0,20.0,1.0,0.0,0.0,0.0,-401.99471567765426,70.0,57.50352242610717,0.9810618675035047,0.0,0.19369463629779693,0.0
1.4670932292938232,8.960729286758365,-11.612964957754732,-5.415429545059395,0.03062873850031725,1.0625422798329462,-1.8216232660945182,0.0,50.0,20.0,1.0,0.0,0.0,0.0,-405.1227495178927,70.0,56.27925843865539,0.9841766649371052,0.0,0.17718998897589266,0.0
1.500354528427124,9.121715264035243,-11.450237371167269,-6.159990494345924,-0.08912619213823267,0.869266012087899,-1.7376263911568437,0.0,50.0,20.0,1.0,0.0,0.0,0.0,-406.6639077249968,70.0,55.72007132038934,0.9855960853199719,0.0,0.16911639956534869,0.0
1.5337717533111572,9.66812396828191,-11.852846121075066,-5.497185887603432,-0.09102300854269854,0.7317763810411069,-1.7256436649767286,0.0,50.0,20.0,1.0,0.0,0.0,0.0,-408.1873461496141,70.0,55.19517388341707,0.9869266085089178,0.0,0.1611703118352923,0.0
1.5504000186920166,10.17448656553253,-12.455435527070136,-5.6911825375190634,-0.12011188904225129,0.5452837437260056,-1.7537803925763686,0.0,50.0,20.0,1.0,0.0,0.0,0.0,-409.69125608605077,70.0,54.70372492925736,0.988170721765077,0.0,0.15335783203438544,0.0
1.5837891101837158,9.905416016520205,-13.0,-5.777641857577395,0.0769248944929547,0.7055189083240959,-1.8092969644271872,0.0,50.0,20.0,1.0,0.0,0.0,0.0,-411.17387408684834,70.0,54.24482016705767,0.9893310361879444,0.0,0.14568493688534975,0.0
1.616976261138916,10.129971048743565,-13.0,-5.149135164462319,-0.009506164996343297,0.6075245724372417,-1.9865580004174928,0.0,50.0,20.0,1.0,0.0,0.0,0.0,-414.0684234633081,70.0,53.4207406410585,0.991411265214748,0.0,0.1307811270990296,0.0
1.6503140926361084,10.492430064050762,-12.381139040762278,-5.654408988095328,-0.0006877404090711303,0.5781052422971108,-1.9857098762165186,0.0,50.0,20.0,1.0,0.0,0.0,0.0,-415.4770781433878,70.0,53.05348740870308,0.9923369200813222,0.0,0.12356147070796547,0.0
1.683318853378296,10.768359875333818,-11.804199185548494,-6.420588512820799,-0.17923400075223933,0.7240741405592078,-1.8695233388463552,0.0,50.0,20.0,1.0,0.0,0.0,0.0,-416.857891573615,70.0,52.71463204786939,0.9931902334198887,0.0,0.11650390654114127,0.0
1.702336072921753,11.443421548936687,-11.811630919372861,-6.592970845846917,-0.24959891194013425,0.8867772316679832,-1.7961843032963394,0.0,50.0,20.0,1.0,0.0,0.0,0.0,-418.20936274211454,70.0,52.40303217878511,0.9939742648107518,0.0,0.10961368935459455,0.0
1.7337760925292969,10.743696549019138,-11.707499794767186,-7.2238290998934405,-0.22890112241401195,0.9362786391315024,-1.9897829156518816,0.0,50.0,20.0,1.0,0.0,0.0,0.0,-419.530048147504,70.0,52.11751397131101,0.9946921283208413,0.0,0.10289591758935358,0.0
1.7670843601226807,11.281652028881254,-11.365007416128059,-7.8564282621298585,-0.31942274994955555,1.0882030663550832,-2.142864157713893,0.0,50.0,20.0,1.0,0.0,0.0,0.0,-422.0735806937406,70.0,51.61990297394411,0.9959420089193344,0.0,0.08999730479142438,0.0
1.8004002571105957,11.0940412735512,-11.244704004259296,-8.004070686861915,-0.3131367027080791,1.1858623774847772,-1.9561754953857176,0.0,50.0,20.0,1.0,0.0,0.0,0.0,-423.2938356024498,70.0,51.40535475431727,0.996480419390373,0.0,0.08382585383750286,0.0
1.8337445259094238,11.38091691692185,-11.573964693144198,-7.811474166901396,-0.48401174274986397,1.269490912408246,-1.9130270585096385,0.0,50.0,20.0,1.0,0.0,0.0,0.0,-424.4781208117542,70.0,51.21198824520506,0.9969654250644676,0.0,0.07784562432163632,0.0
1.854475736618042,11.787061504506951,-11.49561548848312,-8.548595271418838,-0.3824915268153443,1.4329464460612722,-1.9399287585354983,0.0,50.0,20.0,1.0,0.0,0.0,0.0,-425.6252892035951,70.0,51.038554529959896,0.9974002342842118,0.0,0.07206089542740571,0.0
1.9002370834350586,11.30268695505366,-12.110236318579199,-8.723760743519168,-0.3917140154191261,1.4213741229629302,-1.766688372549599,0.0,50.0,20.0,1.0,0.0,0.0,0.0,-427.80398254715766,70.0,50.74650052370967,0.998132003986172,0.0,0.06109421100684037,0.0
1.9175050258636475,11.126688720174954,-11.846841706240001,-9.470430039344006,-0.30512775248844987,1.404468287779573,-1.9002582477091954,0.0,50.0,20.0,1.0,0.0,0.0,0.0,-428.833506868799,70.0,50.6254085233512,0.9984352544773467,0.0,0.055919966172700585,0.0
1.9504568576812744,11.835930637013195,-11.340217582211885,-8.699001677033317,-0.22865680171062364,1.5049460612297074,-1.7815882026509848,0.0,50.0,20.0,1.0,0.0,0.0,0.0,-429.8219114244711,70.0,50.51931588017355,0.998700866425544,0.0,0.050956642362579053,0.0
1.9837703704833984,12.11099818356823,-10.670649822973532,-9.117847720322068,-0.3275059032013139,1.3769307380541542,-1.6076524942548474,0.0,50.0,20.0,1.0,0.0,0.0,0.0,-430.7683376767646,70.0,50.427029718152156,0.9989318552380033,0.0,0.046207668094816495,0.0
2.0066232681274414,12.68198935298878,-10.212921426647776,-9.057700564430721,-0.20095314514709195,1.350990119177394,-1.7302343073044197,0.0,50.0,20.0,1.0,0.0,0.0,0.0,-431.67198173777945,70.0,50.34738281498011,0.999131165525878,0.0,0.041676301118268234,0.0
2.050081968307495,12.312572916197567,-10.275192205325979,-9.6347077207459,-0.1765587685349096,1.518787183384002,-1.5918535159736362,0.0,50.0,20.0,1.0,0.0,0.0,0.0,-433.34797286954426,70.0,50.22149261962433,0.9994461150566739,0.0,0.03327856815011233,0.0
2.0837438106536865,12.469258756258801,-10.657590999317225,-9.314452742260233,-0.2040016048312285,1.5877950350380814,-1.4722484940398615,0.0,50.0,20.0,1.0,0.0,0.0,0.0,-434.1189729392845,70.0,50.173082183655836,0.9995672008833227,0.0,0.029417867330572816,0.0
2.100409507751465,12.250386350247796,-10.126149670878288,-9.806754736042919,-0.23171440682024463,1.6776520403741175,-1.4323315867496695,0.0,50.0,20.0,1.0,0.0,0.0,0.0,-434.84449376198944,70.0,50.13298464743309,0.9996674830976721,0.0,0.025786105505978634,0.0
2.1337504386901855,12.528011960765532,-10.389162663008088,-9.641710292555805,-0.052895995488072334,1.6660207957068995,-1.3590140897949556,0.0,50.0,20.0,1.0,0.0,0.0,0.0,-435.52398310477076,70.0,50.100223860342794,0.9997494089512061,0.0,0.02238569413071627,0.0
2.1670985221862793,12.247939256299324,-11.001205308504812,-9.24191661738153,-0.19252413607996638,1.7106261698308403,-1.282806268298775,0.0,50.0,20.0,1.0,0.0,0.0,0.0,-436.74288510363084,70.0,50.053058063031,0.9998673460438864,0.0,0.01628773511434485,0.0
2.2004380226135254,12.34518272405867,-10.291861117158023,-9.009145052274523,-0.14881808990287568,1.5154113090977632,-1.1590379783855689,0.0,50.0,20.0,1.0,0.0,0.0,0.0,-437.2814152542757,70.0,50.036960345434096,0.9999075948670605,0.0,0.013594179900622288,0.0
2.233738660812378,12.335584671903803,-7.887572742347169,-10.222169284252164,0.1530922131453778,-0.4995058066103337,0.9975993490598523,0.0,50.0,20.0,1.0,0.0,0.0,0.0,-437.7721458474892,70.0,50.02481975072442,0.9999379486980069,0.0,0.011139962011701171,0.0
2.2504029273986816,12.191131764969423,-7.585264988928898,-10.316193204839687,0.29610914795695104,-0.41658627833153405,1.1358330664925775,0.0,50.0,20.0,1.0,0.0,0.0,0.0,-438.2147374456175,70.0,50.0159370818933,0.9999601565015146,0.0,0.008926668441612828,0.0
2.2833127975463867,12.902893307502254,-7.704826926296035,-9.625099130452377,0.24587988723953544,-0.2818480154143656,1.2119043762892443,0.0,50.0,20.0,1.0,0.0,0.0,0.0,-438.6088887970155,70.0,50.00967642006087,0.9999758086572373,0.0,0.0069557242832328815,0.0
2.317080497741699,13.0,-7.267886392382934,-10.314451280026143,0.1806929666303292,-0.11036899622223867,1.0964235555984176,0.0,50.0,20.0,1.0,0.0,0.0,0.0,-439.2508491336428,70.0,50.00280617447589,0.9999929845392019,0.0,0.0037457806101629885,0.0
2.350395441055298,12.87503560304617,-7.930463339192617,-9.88230921122485,0.17883716508367753,-0.25904014265688496,1.087520360272537,0.0,50.0,20.0,1.0,0.0,0.0,0.0,-439.49823560707875,70.0,50.00125884545348,0.9999968528814142,0.0,0.002508829860191358,0.0
2.383749008178711,12.864711629077705,-7.432651184961212,-9.174114095837709,0.24617289024424122,-0.10179918133037458,1.0069537316495807,0.0,50.0,20.0,1.0,0.0,0.0,0.0,-439.69633483890374,70.0,50.00046106371322,0.9999988473400526,0.0,0.0015183275555966302,0.0
2.402500629425049,12.309740193061256,-7.6758481778616,-9.185091529061474,0.07221438322506224,-0.18214699114737748,1.124387771304874,0.0,50.0,20.0,1.0,0.0,0.0,0.0,-439.84501967520845,70.0,50.00012009457747,0.9999996997635112,0.0,0.0007749018566116849,0.0
2.433746814727783,11.770084717630798,-7.496252577521218,-8.787986788410505,0.15553348575817594,-0.22588288464067696,1.134872056686231,0.0,50.0,20.0,1.0,0.0,0.0,0.0,-439.94419531458357,70.0,50.000015570815776,0.9999999610729597,0.0,0.0002790234379437072,0.0
2.4670767784118652,12.357203307993712,-8.153505669081166,-8.148399953156213,0.15539713133204697,-0.2234190324445067,0.9562350270740165,0.0,50.0,20.0,1.0,0.0,0.0,0.0,-439.99379882627284,70.0,50.00000019227278,0.9999999995193181,0.0,3.1005868650626186e-05,0.0
2.500392198562622,12.290008305496798,-8.4918976847549,-7.487791509406833,0.20345710878890633,-0.3169926134488651,0.8474400224043869,0.0,50.0,20.0,1.0,0.0,0.0,0.0,-439.9441953145843,70.0,50.000015570815776,0.9999999610729597,0.0,0.0002790234379400886,0.0
2.5337493419647217,12.055605170816644,-9.116192227077956,-7.912959193351996,0.015017264053139273,-0.2990501440949205,0.8352079564596959,0.0,50.0,20.0,1.0,0.0,0.0,0.0,-439.84501967520964,70.0,50.00012009457747,0.9999996997635112,0.0,0.0007749018566055812,0.0
2.5546600818634033,12.163635924619495,-9.800072227326048,-7.619240322875332,0.059021858465312466,-0.4095487455820018,0.854898513366814,0.0,50.0,20.0,1.0,0.0,0.0,0.0,-439.69633483890544,70.0,50.0004610637132,0.9999988473400526,0.0,0.0015183275555881721,0.0
2.6004176139831543,12.336362175365798,-10.302013611095767,-7.403202277200441,0.1732080803244667,-0.2326922379393171,1.0400171404967793,0.0,50.0,20.0,1.0,0.0,0.0,0.0,-439.2508491336455,70.0,50.00280617447588,0.9999929845392019,0.0,0.003745780610149691,0.0
2.617504358291626,11.870462349037151,-9.869938497847965,-7.212393365381297,-0.014949215860847853,-0.3419303151600028,1.146100240407272,0.0,50.0,20.0,1.0,0.0,0.0,0.0,-438.95433556002587,70.0,50.00546722005761,0.9999863318564469,0.0,0.0052283936623057905,0.0
2.6501970291137695,12.16662584446372,-9.935161423228502,-6.783234944331565,-0.08431458671919445,-0.2299892126623591,0.9759100283402382,0.0,50.0,20.0,1.0,0.0,0.0,0.0,-438.6088887970191,70.0,50.00967642006083,0.9999758086572375,0.0,0.0069557242832147875,0.0
2.683375597000122,12.48645127051752,-10.44120622005944,-6.582713681868925,0.05696311491086148,-0.3789492862614753,0.8788993257356431,0.0,50.0,20.0,1.0,0.0,0.0,0.0,-438.21473744562167,70.0,50.01593708189323,0.9999601565015147,0.0,0.008926668441592336,0.0
2.7063894271850586,11.839329072022235,-11.211834806711993,-6.672947041976073,-0.04755637031623888,-0.5002481239865955,0.8774753301851534,0.0,50.0,20.0,1.0,0.0,0.0,0.0,-437.77214584749373,70.0,50.02481975072432,0.9999379486980071,0.0,0.011139962011678195,0.0
2.750295400619507,12.55139545848005,-12.006619982656037,-6.458532395331641,0.08695354915440423,-0.5668055454428623,1.0090148316682206,0.0,50.0,20.0,1.0,0.0,0.0,0.0,-436.74288510363635,70.0,50.05305806303083,0.9998673460438868,0.0,0.016287735114317345,0.0
2.7837376594543457,11.990239073192207,-12.571238135164968,-6.778419128566796,0.21182613772161452,-0.4968994491938504,0.8104315860764792,0.0,50.0,20.0,1.0,0.0,0.0,0.0,-436.15693438847927,70.0,50.07387305261177,0.9998153003114831,0.0,0.019218877778342858,0.0
2.8003931045532227,11.279558718516961,-12.87910608851663,-7.523351555492584,0.3842991859213843,-0.3708391913087537,0.6371665254269216,0.0,50.0,20.0,1.0,0.0,0.0,0.0,-435.5239831047772,70.0,50.10022386034251,0.9997494089512069,0.0,0.022385694130684097,0.0
2.8336591720581055,10.579520234159414,-12.90148308249907,-8.16371526450485,0.23423948432692815,-0.33021017297196403,0.602860738606964,0.0,50.0,20.0,1.0,0.0,0.0,0.0,-434.8444937619964,70.0,50.132984647432735,0.999667483097673,0.0,0.02578610550594398,0.0
2.8670847415924072,10.714811305285897,-13.0,-8.345782841505658,0.42388247216686004,-0.40890192473277603,0.7226107470065228,0.0,50.0,20.0,1.0,0.0,0.0,0.0,-433.3479728695521,70.0,50.2214926196238,0.9994461150566752,0.0,0.03327856815007316,0.0
2.900275707244873,10.980539108841032,-12.345374023849109,-8.93750973367216,0.29989435796422653,-0.3837690711186671,0.6761017847842457,0.0,50.0,20.0,1.0,0.0,0.0,0.0,-432.53209303255886,70.0,50.2792380417917,0.999301661056881,0.0,0.037365628710868695,0.0
2.933767557144165,11.598069176438097,-11.856616513750073,-8.891033555855184,0.31547127097596817,-0.20004187394094985,0.8341072175415373,0.0,50.0,20.0,1.0,0.0,0.0,0.0,-431.6719817377881,70.0,50.3473828149794,0.9991311655258798,0.0,0.04167630111822493,0.0
2.950408458709717,12.006096285836033,-11.677526668013284,-9.420870696462176,0.38088668174786877,-0.1894444748033322,0.9068113937283153,0.0,50.0,20.0,1.0,0.0,0.0,0.0,-430.7683376767737,70.0,50.4270297181513,0.9989318552380054,0.0,0.046207668094771066,0.0
2.983755588531494,12.17997092086739,-11.281480598430901,-9.127779087832355,0.4242916675049494,-0.0933175182454144,1.0306110612593375,0.0,50.0,20.0,1.0,0.0,0.0,0.0,-429.8219114244806,70.0,50.519315880172584,0.9987008664255463,0.0,0.05095664236253155,0.0
3.0169713497161865,12.307088620085377,-11.205796043975928,-9.34953999796465,0.3832171456653413,0.009203693931970847,0.8664206747152514,0.0,50.0,20.0,1.0,0.0,0.0,0.0,-427.80398254716795,70.0,50.746500523708406,0.9981320039861752,0.0,0.06109421100678872,0.0
3.050417184829712,12.742600101414327,-11.90511860748379,-9.718900875859537,0.24414532499907682,-0.13937806866577815,0.8380685376753515,0.0,50.0,20.0,1.0,0.0,0.0,0.0,-426.7342528690418,70.0,50.8838057981569,0.9977880391191385,0.0,0.06647577747408838,0.0
3.083732843399048,12.043908340079724,-11.164439857749716,-10.298054733343337,0.1736058490304901,-0.12823325003344113,1.0309553144487253,0.0,50.0,20.0,1.0,0.0,0.0,0.0,-425.62528920360614,70.0,51.03855452995829,0.9974002342842158,0.0,0.07206089542735004,0.0
3.1026346683502197,12.119615327553637,-11.12049317415623,-10.376123148861083,0.12692608432860183,-0.06294884206574244,0.9860505418125342,0.0,50.0,20.0,1.0,0.0,0.0,0.0,-424.4781208117656,70.0,51.21198824520327,0.9969654250644722,0.0,0.07784562432157872,0.0
3.133765697479248,11.357869429032705,-11.545895186333999,-10.097136951103094,0.08023643635301955,0.09298068245477473,1.0132235657147068,0.0,50.0,20.0,1.0,0.0,0.0,0.0,-423.29383560246157,70.0,51.40535475431528,0.996480419390378,0.0,0.08382585383744338,0.0
3.1675221920013428,10.981815204041414,-11.47140458942022,-9.922759403776695,0.1816401877884153,-0.04287360185587849,0.885728853990383,0.0,50.0,20.0,1.0,0.0,0.0,0.0,-420.81856276000366,70.0,51.85687764591917,0.995346980590389,0.0,0.0963555303529372,0.0
3.2004337310791016,10.213259896298645,-11.48815071517705,-9.152942674074689,0.16941077738839583,0.005603898195809365,0.8525133954354074,0.0,50.0,20.0,1.0,0.0,0.0,0.0,-419.53004814751677,70.0,52.11751397130834,0.994692128320848,0.0,0.1028959175892887,0.0
3.233767032623291,9.646210741659353,-11.512080103192782,-9.382341632407131,0.19929740691275571,0.10593406439903547,0.9841820706895323,0.0,50.0,20.0,1.0,0.0,0.0,0.0,-418.2093627421276,70.0,52.4030321787822,0.9939742648107591,0.0,0.10961368935452794,0.0
3.254497766494751,9.9846617449885,-10.858730475428796,-9.942516391489368,0.1887737804696168,0.17697507815835434,1.162466087385789,0.0,50.0,20.0,1.0,0.0,0.0,0.0,-416.85789157362836,70.0,52.71463204786622,0.9931902334198968,0.0,0.11650390654107304,0.0
3.300403356552124,9.95702084113693,-11.139989859649827,-9.211386893716227,0.0638050003649043,0.014654381291813567,1.3375882614577383,0.0,50.0,20.0,1.0,0.0,0.0,0.0,-414.068423463322,70.0,53.42074064105476,0.9914112652147574,0.0,0.13078112709895812,0.0
3.317472219467163,9.900271619878156,-11.088152415563945,-8.947308741366284,-0.11481431449839136,0.004799645993449259,1.426307094243787,0.0,50.0,20.0,1.0,0.0,0.0,0.0,-412.63348479580714,70.0,53.8174971963264,0.9904102756021709,0.0,0.13815746806319235,0.0
3.3504674434661865,9.647902187732928,-10.570800095272574,-8.168024816710478,-0.06887327209530458,0.06576095408943075,1.4006686461715736,0.0,50.0,20.0,1.0,0.0,0.0,0.0,-411.17387408686284,70.0,54.24482016705329,0.9893310361879554,0.0,0.14568493688527479,0.0
3.383666515350342,9.158547191683235,-10.176052963809747,-8.093523757297348,0.0011748877821988746,0.12252666105416257,1.3267118950418968,0.0,50.0,20.0,1.0,0.0,0.0,0.0,-409.6912560860654,70.0,54.7037249292527,0.9881707217650888,0.0,0.15335783203430967,0.0
3.4066247940063477,8.41408655751463,-10.241040282974188,-8.003951978572204,0.10145519680396353,0.2819171064353686,1.4281396773420894,0.0,50.0,20.0,1.0,0.0,0.0,0.0,-408.18734614962887,70.0,55.195173883412096,0.9869266085089303,0.0,0.16117031183521516,0.0
3.450279951095581,8.57484442659222,-10.671253884156382,-7.304213805661657,0.0223359862830404,0.2996914652678131,1.3228267732191445,0.0,50.0,20.0,1.0,0.0,0.0,0.0,-405.122749517908,70.0,56.279258438649705,0.9841766649371196,0.0,0.17718998897581245,0.0
3.4837300777435303,8.93949724163356,-10.372919177520147,-6.9492700776243765,0.1785950856401275,0.3988624687127354,1.3885117844320187,0.0,50.0,20.0,1.0,0.0,0.0,0.0,-403.56572234491483,70.0,56.87350853944855,0.9826659947829463,0.0,0.1853848502365895,0.0
3.50040602684021,8.474272889001007,-10.759543870373925,-6.495837779216558,0.25019060436569823,0.4183792109139533,1.266737479784874,0.0,50.0,20.0,1.0,0.0,0.0,0.0,-401.9947156776698,70.0,57.50352242610077,0.981061867503521,0.0,0.19369463629771447,0.0
3.533759832382202,8.46962163882824,-11.14975809660816,-6.460844491949516,0.4227176881658114,0.5004190455775015,1.1983978868828913,0.0,50.0,20.0,1.0,0.0,0.0,0.0,-400.41165388675734,70.0,58.16992403347308,0.9793622311650754,0.0,0.2021128896616082,0.0
3.5670762062072754,8.754374827184249,-11.463081363974235,-6.529996433855401,0.4058064863988011,0.4380729595672585,1.0115927408724184,0.0,50.0,20.0,1.0,0.0,0.0,0.0,-397.2172123618836,70.0,59.61397739743256,0.975669059165472,0.0,0.21924845948640737,0.0
3.6003952026367188,8.535974207944767,-10.949702961774047,-6.115449674626259,0.28097529163577506,0.5426493706952255,1.0001670113978327,0.0,50.0,20.0,1.0,0.0,0.0,0.0,-395.6098180895534,70.0,60.39245706996836,0.9736722829834267,0.0,0.22795237517920672,0.0
3.633659839630127,8.947718736863145,-11.206430558055137,-6.472374957311125,0.24186756344832044,0.6781052450692597,0.8642642189364801,0.0,50.0,20.0,1.0,0.0,0.0,0.0,-393.9983302107016,70.0,61.20897355815535,0.9715735341234977,0.0,0.23673797285348372,0.0
3.6503899097442627,8.845372068766633,-10.817691136999832,-6.956375515175919,0.2569517426609743,0.7421372213229172,0.6905898724625673,0.0,50.0,20.0,1.0,0.0,0.0,0.0,-392.38478163656043,70.0,62.063710675273725,0.9693716762024932,0.0,0.2455983578454233,0.0
3.683741569519043,9.240134298625334,-11.01487518163086,-6.5661616902409845,0.08848261083194822,0.7412753085619721,0.7466201309870479,0.0,50.0,20.0,1.0,0.0,0.0,0.0,-390.7712121128809,70.0,62.956755327222325,0.9670657802672413,0.0,0.25452657353626484,0.0
3.7170705795288086,8.881618120784285,-10.461794069647448,-6.21311541686209,0.23748344156062998,0.6421189446082234,0.8878978110737361,0.0,50.0,20.0,1.0,0.0,0.0,0.0,-387.5521707049829,70.0,64.85761806103409,0.9621392361268869,0.0,0.2725584163168888,0.0
3.7504396438598633,8.545235434207045,-11.205281667306323,-6.16454569608148,0.10550023838941491,0.7709893713817624,0.9810906814925426,0.0,50.0,20.0,1.0,0.0,0.0,0.0,-385.95076299294277,70.0,65.86510843321332,0.9595178256988942,0.0,0.2816479046008803,0.0
3.7837412357330322,8.91467229056889,-11.473071769657954,-5.48272937593257,-0.014222769964726711,0.9147546494334637,0.7978071818157947,0.0,50.0,20.0,1.0,0.0,0.0,0.0,-384.35745120882837,70.0,66.910248742567,0.9567908634007565,0.0,0.29077696558158633,0.0
3.8024799823760986,8.397588979218641,-11.052750780147704,-5.491073619297275,-0.14443980602177647,0.8185903649093469,0.6788717599568981,0.0,50.0,20.0,1.0,0.0,0.0,0.0,-382.77422543882534,70.0,67.99261785745372,0.953958547691005,0.0,0.29993847583674327,0.0
3.83374285697937,8.65607239402766,-10.96910184316163,-5.3280599660457275,0.04849632357216205,0.7420384851231805,0.6824686793794714,0.0,50.0,20.0,1.0,0.0,0.0,0.0,-381.2030484442563,70.0,69.11169127895226,0.9510213160624943,0.0,0.3091253085639565,0.0
3.867077350616455,8.50503180227493,-10.61841047033303,-5.574900661140336,0.02090969691712355,0.8403603292889448,0.6734750922051436,0.0,50.0,20.0,1.0,0.0,0.0,0.0,-378.1045200725399,70.0,71.45733920633074,0.9448350670716801,0.0,0.327546479192883,0.0
3.9004106521606445,9.056978678446363,-10.266452687510746,-5.7310253230782715,0.07801331548700544,0.7354954704584458,0.7080212207125356,0.0,50.0,20.0,1.0,0.0,0.0,0.0,-376.58090506530215,70.0,72.68235390505099,0.9415881427008016,0.0,0.33676663956700786,0.0
3.9338016510009766,9.629959960190632,-10.687522881018838,-5.0036803694442105,0.21449515878134082,0.9227827637573491,0.582807362116501,0.0,50.0,20.0,1.0,0.0,0.0,0.0,-375.076800174208,70.0,73.94095632746698,0.9382404906859781,0.0,0.34598378811345315,0.0
3.9544684886932373,9.511680623707232,-10.631747933892617,-4.455941716099805,0.026886492830093117,0.8304170293729045,0.5331646038460003,0.0,50.0,20.0,1.0,0.0,0.0,0.0,-373.59394487696204,70.0,75.23212024541525,0.9347937733922513,0.0,0.35519093629634785,0.0
4.000268936157227,9.982193058664619,-10.485904012812302,-4.945359031576728,0.12631887377721548,0.7803255367322847,0.5458072146662213,0.0,50.0,20.0,1.0,0.0,0.0,0.0,-370.6986295530013,70.0,77.90755896650572,0.9276110203999688,0.0,0.37354758041316316,0.0
4.01746678352356,9.811593018144666,-10.050327133859998,-5.516920614781219,0.2596314785806292,0.6588165954900865,0.5494902822710572,0.0,50.0,20.0,1.0,0.0,0.0,0.0,-369.28932188135394,70.0,79.28932188133653,0.9238795325113103,0.0,0.3826834323650329,0.0
4.050243139266968,10.151244474606123,-9.406729082889424,-5.5520370206214436,0.3271634167378862,0.6435552745339237,0.7439985356948411,0.0,50.0,20.0,1.0,0.0,0.0,0.0,-367.9075589665228,70.0,80.69862955298352,0.9200580700342139,0.0,0.39178201562210274,0.0
4.083721399307251,9.596299265721196,-9.92687442666945,-5.755391757046671,0.3281654186331968,0.7560953059279302,0.6238899202869934,0.0,50.0,20.0,1.0,0.0,0.0,0.0,-366.55472510119324,70.0,82.13401739428873,0.9161495036447689,0.0,0.4008367335604905,0.0
4.10650897026062,8.87080620920488,-9.989024071279765,-6.454983114749638,0.13951248005436415,0.9406544412169053,0.4298859717177265,0.0,50.0,20.0,1.0,0.0,0.0,0.0,-365.2321202454316,70.0,83.59394487694368,0.9121569358478187,0.0,0.40984109650536316,0.0
4.150331735610962,9.666003616550704,-9.777632293615671,-6.935932284746531,0.10038544629247367,0.7976288318748588,0.4058325813672393,0.0,50.0,20.0,1.0,0.0,0.0,0.0,-362.6823539050665,70.0,86.58090506528326,0.9039333353038728,0.0,0.42767338627323576,0.0
4.183295488357544,10.396578844330325,-9.423245342183485,-6.492075125962537,-0.053161441202737275,0.9380520593181076,0.37246941879136036,0.0,50.0,20.0,1.0,0.0,0.0,0.0,-361.45733920634575,70.0,88.1045200725209,0.8997096196203503,0.0,0.43648894643805647,0.0
4.2003703117370605,10.261034737438242,-9.357563411022628,-6.57315671411261,-0.012535449964535567,0.745855235136869,0.39109836361874345,0.0,50.0,20.0,1.0,0.0,0.0,0.0,-360.2668415672222,70.0,89.64584980025361,0.89541652374676,0.0,0.44522943411377025,0.0
4.233748912811279,10.479717617716682,-8.602431192898045,-6.5617699418059,-0.041754748488463334,0.9013351210054967,0.5869664803676593,0.0,50.0,20.0,1.0,0.0,0.0,0.0,-359.1116912789665,70.0,91.20304844423677,0.891058223562757,0.0,0.4538890197186795,0.0
4.266991376876831,10.378328363718468,-9.199149516545486,-7.128136165152253,0.1259333669301742,0.9391513563875037,0.7535351252705929,0.0,50.0,20.0,1.0,0.0,0.0,0.0,-356.9102487425803,70.0,94.35745120880856,0.8821636718636497,0.0,0.47094294351231425,0.0
4.3003246784210205,10.802630147670405,-9.05655567310961,-7.711195551369332,0.13853924283540958,1.0065942703436537,0.9314465739253663,0.0,50.0,20.0,1.0,0.0,0.0,0.0,-355.8651084332261,70.0,95.95076299292282,0.8776367044713809,0.0,0.47932641797069153,0.0
4.333320617675781,11.527375403948643,-8.735812575069652,-7.518635584418348,-0.0475531381457186,0.8855370250761259,0.740472320066687,0.0,50.0,20.0,1.0,0.0,0.0,0.0,-354.8576180610464,70.0,97.55217070496289,0.8730630827581622,0.0,0.4876072738637257,0.0
4.35036301612854,12.127320470481493,-9.523346455854675,-7.168611223166401,-0.12164415650314495,1.0296279568727376,0.6034541896068633,0.0,50.0,20.0,1.0,0.0,0.0,0.0,-353.8880954025914,70.0,99.15966280002854,0.8684478602655759,0.0,0.495780509903468,0.0
4.383313179016113,11.865454470353441,-8.96313317773,-7.086458786370022,0.004810858085765951,1.1664165996413347,0.45555770157534026,0.0,50.0,20.0,1.0,0.0,0.0,0.0,-352.95675532723374,70.0,100.77121211286081,0.8637962372201536,0.0,0.5038413049406569,0.0
4.41691517829895,11.529259698833178,-8.466161469461566,-7.414624198070534,-0.019251587065957282,1.2149242636181345,0.6048970146767944,0.0,50.0,20.0,1.0,0.0,0.0,0.0,-351.2089735581658,70.0,103.9983302106815,0.8544052603692188,0.0,0.5196072084309526,0.0
4.45028281211853,11.411498586208538,-7.871322480420304,-7.045982670710984,0.17050842726846407,1.1613657338731052,0.5247969368529495,0.0,50.0,20.0,1.0,0.0,0.0,0.0,-350.3924570699783,70.0,105.60981808953332,0.8496769442278244,0.0,0.5273036036740757,0.0
4.483632802963257,10.893523525343815,-8.174987495278673,-7.005096890094943,0.036157577914957745,1.226791433419686,0.53051753013514,0.0,50.0,20.0,1.0,0.0,0.0,0.0,-349.613977397442,70.0,107.21721236186356,0.8449342803974059,0.0,0.5348701354621679,0.0
4.502507448196411,11.491568157009262,-7.485341890164344,-7.179624475563629,-0.06302276081360968,1.1216692229483043,0.5074613498091506,0.0,50.0,20.0,1.0,0.0,0.0,0.0,-348.87325631295516,70.0,108.81849219618552,0.8401830389974987,0.0,0.5423029236330259,0.0
4.533737659454346,11.66286174718779,-8.03127633666318,-7.476060329827243,-0.058300425130977954,1.2783590108674892,0.34325359958039536,0.0,50.0,20.0,1.0,0.0,0.0,0.0,-348.1699240334816,70.0,110.4116538867375,0.8354290697398029,0.0,0.5495982800497902,0.0
4.567092418670654,12.425374306573957,-8.336641955073514,-7.475980434364665,-0.011246060889396073,1.167752696505285,0.25388490750449694,0.0,50.0,20.0,1.0,0.0,0.0,0.0,-346.87350853945617,70.0,113.56572234489535,0.8259366732840498,0.0,0.5637629038208143,0.0
4.600414752960205,11.993313085234883,-8.793069998482808,-7.401356986441153,-0.18771235178284457,1.014692429845611,0.17786228689328346,0.0,50.0,20.0,1.0,0.0,0.0,0.0,-346.27925843865694,70.0,115.12274951788865,0.8212102364258234,0.0,0.5706257508993466,0.0
4.633749723434448,12.082444219154926,-9.389041422158426,-7.640628958633342,-0.3591455464952891,1.0769056353573165,0.13840563585391205,0.0,50.0,20.0,1.0,0.0,0.0,0.0,-345.72007132039073,70.0,116.66390772499281,0.8165050283831913,0.0,0.577338322498138,0.0
4.654505252838135,12.508093827780206,-9.811532869789753,-7.528896859566049,-0.5432427924943816,1.100418671225389,0.33745170324055873,0.0,50.0,20.0,1.0,0.0,0.0,0.0,-345.1951738834184,70.0,118.18734614960998,0.811827117834795,0.0,0.5838978769853936,0.0
4.700109481811523,12.878201798389274,-10.23727788327553,-7.072871823944494,-0.5131254363581008,1.1694992032558105,0.33515533015222015,0.0,50.0,20.0,1.0,0.0,0.0,0.0,-344.24482016705883,70.0,121.17387408684446,0.8025774913151861,0.0,0.5965478777384279,0.0
4.717477560043335,12.427057303361629,-9.451720411669653,-7.642516138258624,-0.5227663700734272,1.0821987812257734,0.14351764827883473,0.0,50.0,20.0,1.0,0.0,0.0,0.0,-343.81749719633154,70.0,122.63348479578904,0.7980179045742362,0.0,0.6026337394960103,0.0
4.750389337539673,12.409093617867722,-10.004401409456328,-7.667575201713989,-0.6677377235765829,1.0563982712535864,0.12998455329764452,0.0,50.0,20.0,1.0,0.0,0.0,0.0,-343.4207406410595,70.0,124.06842346330424,0.7935098504010387,0.0,0.6085574067551238,0.0
4.783723592758179,12.104388700618435,-10.097391532366519,-6.8908759613079775,-0.841716998484633,1.0716878958795806,0.3270144148495654,0.0,50.0,20.0,1.0,0.0,0.0,0.0,-343.05348740870403,70.0,125.47707814338405,0.7890593192422733,0.0,0.6143170115802754,0.0
4.806487083435059,12.348717826786482,-10.568675717621398,-7.35026157062615,-0.6999168671566365,1.2663182196023521,0.3399880956775693,0.0,50.0,20.0,1.0,0.0,0.0,0.0,-342.7146320478703,70.0,126.85789157361131,0.7846722514094298,0.0,0.6199108467094737,0.0
4.8504133224487305,11.750850003636765,-11.08928840211541,-7.037304315768338,-0.6020477739123886,1.3746234858017963,0.38517153996274034,0.0,50.0,20.0,1.0,0.0,0.0,0.0,-342.1175139713117,70.0,129.5300481475005,0.7761119502124018,0.0,0.6305951480446884,0.0
4.883763790130615,11.594241616910297,-10.533449646729245,-7.721255403475543,-0.4737053519676546,1.4982523117236377,0.2245381764372077,0.0,50.0,20.0,1.0,0.0,0.0,0.0,-341.8568776459223,70.0,130.81856275998783,0.7719502485264584,0.0,0.6356829506915685,0.0
4.90042519569397,11.171874635122947,-10.681967673656317,-7.762998471629954,-0.4882721195092127,1.5581412465562825,0.1137805712061069,0.0,50.0,20.0,1.0,0.0,0.0,0.0,-341.6199029739447,70.0,132.0735806937373,0.7678750526819539,0.0,0.6405996436688726,0.0
4.933768033981323,11.428188772973442,-10.570444270872294,-7.480686265364083,-0.3326795249378029,1.6317563823654109,0.17698435836818333,0.0,50.0,20.0,1.0,0.0,0.0,0.0,-341.40535475431784,70.0,133.29383560244656,0.7638918915578089,0.0,0.6453442321832843,0.0
4.967500448226929,11.487525660119287,-11.008298201088186,-7.905045927593457,-0.45786196439975746,1.5091187940164843,0.2689699717761111,0.0,50.0,20.0,1.0,0.0,0.0,0.0,-341.0385545299604,70.0,135.62528920359205,0.7562232170345207,0.0,0.6543137214043124,0.0
5.000266075134277,10.81727511595365,-10.408152648733704,-8.007333402779187,-0.6551448288054029,1.683412353538627,0.1719594671749951,0.0,50.0,20.0,1.0,0.0,0.0,0.0,-340.88380579815873,70.0,136.73425286902824,0.7525481616845919,0.0,0.6585372156113436,0.0
5.033524513244629,10.750677153315827,-10.360034216003552,-7.484715467602096,-0.6331607671415137,1.7514185664485782,0.1325659661311533,0.0,50.0,20.0,1.0,0.0,0.0,0.0,-340.74650052371,70.0,137.80398254715485,0.7489860394321284,0.0,0.6625857776437509,0.0
5.05126690864563,10.031102453893636,-10.80165499955524,-7.628335588362472,-0.6094983549290072,1.63023143453794,0.0709797462920857,0.0,50.0,20.0,1.0,0.0,0.0,0.0,-340.6254085233515,70.0,138.83350686879635,0.7455417263010959,0.0,0.6664589517321992,0.0
5.083740949630737,9.928710610260948,-10.826243945102942,-7.0157338867963315,-0.691076982582855,1.5868123135355046,0.0987566276117102,0.0,50.0,20.0,1.0,0.0,0.0,0.0,-340.51931588017385,70.0,139.82191142446857,0.7422199423874686,0.0,0.6701563676652955,0.0
5.117074966430664,9.343802853555237,-10.925011170262199,-7.756534984770163,-0.544822083569476,1.635325667875173,0.07951888922744835,0.0,50.0,20.0,1.0,0.0,0.0,0.0,-340.3473828149803,70.0,141.6719817377771,0.7359620175736752,0.0,0.6770228273026585,0.0
5.150408029556274,10.040441110767777,-10.446134398764801,-7.414155865353024,-0.5225898378953062,1.7344846015410542,-0.09397170241757277,0.0,50.0,20.0,1.0,0.0,0.0,0.0,-340.2792380417925,70.0,142.53209303254837,0.7330344704290911,0.0,0.680191491539509,0.0
5.183744192123413,10.482419657074493,-10.647078605024758,-7.793892128858295,-0.6136840935718261,1.6396208585706473,0.046226944672000364,0.0,50.0,20.0,1.0,0.0,0.0,0.0,-340.2214926196245,70.0,143.34797286954222,0.7302466265942548,0.0,0.6831836241799938,0.0
