# Timestamp, Fx, Fy, Fz, Tx, Ty, Tz, FemurPosX, FemurPosY, FemurPosZ, FemurQuatW, FemurQuatX, FemurQuatY, FemurQuatZ, TibiaPosX, TibiaPosY, TibiaPosZ, TibiaQuatW, TibiaQuatX, TibiaQuatY, TibiaQuatZ
0.02416849136352539,5.079542894183492,3.882812160096998,0.9106439822143348,1.4738211464226747,-1.240298754971561,-0.21636056020496325,0.0,50.0,20.0,1.0,0.0,0.0,0.0,-369.28932188134524,70.0,79.28932188134524,0.9238795325112867,0.0,0.3826834323650898,0.0
0.05563211441040039,4.421289773274282,4.552655419651213,1.2028787420857934,1.4187974703490602,-1.087324671948603,-0.18031075710808506,0.0,50.0,20.0,1.0,0.0,0.0,0.0,-369.28932188134524,70.0,79.28932188134524,0.9238795325112867,0.0,0.3826834323650898,0.0
0.08569526672363281,3.6583699194088575,4.580169493725988,1.0512736376424878,1.2691891551098797,-1.1393772281856502,-0.1636830395188032,0.0,50.0,20.0,1.0,0.0,0.0,0.0,-369.28932188134524,70.0,79.28932188134524,0.9238795325112867,0.0,0.3826834323650898,0.0
0.11596274375915527,3.170351843030731,4.569007523997355,0.896418490433587,1.261410312676427,-1.1001502677544486,-0.16240700751430848,0.0,50.0,20.0,1.0,0.0,0.0,0.0,-369.28932188134524,70.0,79.28932188134524,0.9238795325112867,0.0,0.3826834323650898,0.0
0.14751005172729492,2.37239155721858,5.131442010073291,0.8625221915866885,1.4175688589672024,-1.1128167504175193,-0.32244313032414046,0.0,50.0,20.0,1.0,0.0,0.0,0.0,-369.28932188134524,70.0,79.28932188134524,0.9238795325112867,0.0,0.3826834323650898,0.0
0.17531204223632812,2.942077299377793,5.467748979942522,1.233182175489758,1.325228459126057,-0.9732259398468943,-0.4667456613227448,0.0,50.0,20.0,1.0,0.0,0.0,0.0,-369.28932188134524,70.0,79.28932188134524,0.9238795325112867,0.0,0.3826834323650898,0.0
0.20672917366027832,2.472359760595502,5.233254840221789,0.5804955102881013,1.4474222443785596,-0.84285404692526,-0.34632823520112577,0.0,50.0,20.0,1.0,0.0,0.0,0.0,-369.28932188134524,70.0,79.28932188134524,0.9238795325112867,0.0,0.3826834323650898,0.0
0.23769688606262207,2.4009859362246315,5.576153260083772,1.173170582573373,1.2984217094775976,-0.9638932264798155,-0.2988697037010355,0.0,50.0,20.0,1.0,0.0,0.0,0.0,-369.28932188134524,70.0,79.28932188134524,0.9238795325112867,0.0,0.3826834323650898,0.0
0.26788973808288574,2.4002523554752306,5.6688079778064155,0.4672716805132844,1.364570105694912,-1.089849299561144,-0.25968422198904484,0.0,50.0,20.0,1.0,0.0,0.0,0.0,-369.28932188134524,70.0,79.28932188134524,0.9238795325112867,0.0,0.3826834323650898,0.0
0.2973496913909912,1.890399218503171,5.9656194501018565,0.4801613455644431,1.5,-1.2629593620147306,-0.10461049631130231,0.0,50.0,20.0,1.0,0.0,0.0,0.0,-369.28932188134524,70.0,79.28932188134524,0.9238795325112867,0.0,0.3826834323650898,0.0
0.32718467712402344,1.1816691828791486,5.926091841950547,0.248736581010641,1.3829233391935833,-1.0904767192104476,-0.06760233606775942,0.0,50.0,20.0,1.0,0.0,0.0,0.0,-369.28932188134524,70.0,79.28932188134524,0.9238795325112867,0.0,0.3826834323650898,0.0
0.35935235023498535,1.1242610495854155,5.8010049019548084,0.8277522976565381,1.1848670044581557,-0.9998004414755326,-0.01745211924584314,0.0,50.0,20.0,1.0,0.0,0.0,0.0,-369.28932188134524,70.0,79.28932188134524,0.9238795325112867,0.0,0.3826834323650898,0.0
0.3888816833496094,0.9886207617051659,5.278870122384719,0.8519911623882905,0.9891631300550294,-1.0207831294032395,-0.14153948698187713,0.0,50.0,20.0,1.0,0.0,0.0,0.0,-369.28932188134524,70.0,79.28932188134524,0.9238795325112867,0.0,0.3826834323650898,0.0
0.41939306259155273,0.3714145545788222,5.672415408443629,0.480780975520967,1.0044154413185507,-1.1221230341723107,-0.30062187302089016,0.0,50.0,20.0,1.0,0.0,0.0,0.0,-369.28932188134524,70.0,79.28932188134524,0.9238795325112867,0.0,0.3826834323650898,0.0
0.4488997459411621,0.7828728533029065,5.6460936162007185,0.9232219674624583,1.004474600621642,-1.2419302577960787,-0.15615613582097726,0.0,50.0,20.0,1.0,0.0,0.0,0.0,-369.28932188134524,70.0,79.28932188134524,0.9238795325112867,0.0,0.3826834323650898,0.0
0.4796786308288574,0.9456805978665808,6.043756566031067,1.1282163458174774,0.9225132454216576,-1.1510006212368997,-0.32945302468010385,0.0,50.0,20.0,1.0,0.0,0.0,0.0,-369.28932188134524,70.0,79.28932188134524,0.9238795325112867,0.0,0.3826834323650898,0.0
0.5117659568786621,0.8943244683107241,6.034916780424009,0.8434042901257087,0.890385783000272,-1.1713814808607865,-0.39922738843519656,0.0,50.0,20.0,1.0,0.0,0.0,0.0,-369.28932188134524,70.0,79.28932188134524,0.9238795325112867,0.0,0.3826834323650898,0.0
0.5426657199859619,0.2515646875648312,5.651828059026264,1.4131525225586046,0.8672954973013226,-1.2724546051430858,-0.588594333618249,0.0,50.0,20.0,1.0,0.0,0.0,0.0,-369.28932188134524,70.0,79.28932188134524,0.9238795325112867,0.0,0.3826834323650898,0.0
0.5720863342285156,0.6290330529914596,6.309190835325337,1.6873673386110726,0.8135656792787089,-1.1862862753822065,-0.41275844097084685,0.0,50.0,20.0,1.0,0.0,0.0,0.0,-369.28932188134524,70.0,79.28932188134524,0.9238795325112867,0.0,0.3826834323650898,0.0
0.6039948463439941,0.14200451015066262,5.9434756745516015,1.8853989130505353,0.7432353477428835,-1.116248555854086,-0.32468113028435924,0.0,50.0,20.0,1.0,0.0,0.0,0.0,-369.28932188134524,70.0,79.28932188134524,0.9238795325112867,0.0,0.3826834323650898,0.0
0.6338279247283936,-0.5482704046873467,5.294700522511269,1.0995222330210637,0.5758536647627586,-1.2145704835581157,-0.2578302944572728,0.0,50.0,20.0,1.0,0.0,0.0,0.0,-369.28932188134524,70.0,79.28932188134524,0.9238795325112867,0.0,0.3826834323650898,0.0
0.6641085147857666,-0.849746350159738,5.804645614386823,1.6207464957067081,0.7398097720175156,-1.2814338437457098,-0.059808912050718865,0.0,50.0,20.0,1.0,0.0,0.0,0.0,-369.28932188134524,70.0,79.28932188134524,0.9238795325112867,0.0,0.3826834323650898,0.0
0.6943738460540771,-0.16307022319297304,5.196862270451939,1.9508444103427345,0.798886512871629,-1.14488296270481,-0.1442550648657407,0.0,50.0,20.0,1.0,0.0,0.0,0.0,-369.28932188134524,70.0,79.28932188134524,0.9238795325112867,0.0,0.3826834323650898,0.0
0.7235763072967529,-0.23996300559017392,5.9213884568101784,2.2381049930974677,0.7795952267045848,-1.156395212995289,-0.1922123367478694,0.0,50.0,20.0,1.0,0.0,0.0,0.0,-369.28932188134524,70.0,79.28932188134524,0.9238795325112867,0.0,0.3826834323650898,0.0
0.755274772644043,-0.8293774406314357,5.25660748158295,2.583625045585867,0.8197493124547878,-1.1287419910178413,-0.20484570718742137,0.0,50.0,20.0,1.0,0.0,0.0,0.0,-369.28932188134524,70.0,79.28932188134524,0.9238795325112867,0.0,0.3826834323650898,0.0
0.7855191230773926,-0.4019311944087568,4.914220615768683,2.2055994204832965,0.7863590854708773,-1.2979872750169739,-0.18685582530414188,0.0,50.0,20.0,1.0,0.0,0.0,0.0,-369.28932188134524,70.0,79.28932188134524,0.9238795325112867,0.0,0.3826834323650898,0.0
0.8155066967010498,-0.3770097923198886,4.688758696238824,2.665712620960745,0.6169785543337631,-1.4575460296041123,-0.24382730512786271,0.0,50.0,20.0,1.0,0.0,0.0,0.0,-369.28932188134524,70.0,79.28932188134524,0.9238795325112867,0.0,0.3826834323650898,0.0
0.8454298973083496,-1.137411476223464,4.072884874475217,2.679591099066188,0.5453483117934513,-1.482633034494089,-0.2394836640088609,0.0,50.0,20.0,1.0,0.0,0.0,0.0,-369.28932188134524,70.0,79.28932188134524,0.9238795325112867,0.0,0.3826834323650898,0.0
0.8750126361846924,-1.6072401407278716,3.591200873768323,2.5750868292434284,0.4511675321806841,-1.29434100808965,-0.1608745798261949,0.0,50.0,20.0,1.0,0.0,0.0,0.0,-369.28932188134524,70.0,79.28932188134524,0.9238795325112867,0.0,0.3826834323650898,0.0
0.9074149131774902,-0.8084245626825186,2.8457470188357155,2.9216064509787874,0.5037275864931661,-1.3169883521490513,-0.22802915057802783,0.0,50.0,20.0,1.0,0.0,0.0,0.0,-369.28932188134524,70.0,79.28932188134524,0.9238795325112867,0.0,0.3826834323650898,0.0
0.9383947849273682,-0.6229796170876298,3.63645365585466,2.6041318873924393,0.42436540481686674,-1.21863678943356,-0.239732156990493,0.0,50.0,20.0,1.0,0.0,0.0,0.0,-369.28932188134524,70.0,79.28932188134524,0.9238795325112867,0.0,0.3826834323650898,0.0
0.9672462940216064,-1.1316973936570156,3.848621866913239,2.7208570468140763,0.3984872758873619,-1.2135238144719773,-0.2832838328224869,0.0,50.0,20.0,1.0,0.0,0.0,0.0,-369.28932188134524,70.0,79.28932188134524,0.9238795325112867,0.0,0.3826834323650898,0.0
0.9976537227630615,-1.3655825347736705,3.063846950707735,2.541775883432537,0.2911044298067354,-1.0231657204121158,-0.41408268221979033,0.0,50.0,20.0,1.0,0.0,0.0,0.0,-369.28932188134524,70.0,79.28932188134524,0.9238795325112867,0.0,0.3826834323650898,0.0
1.0277535915374756,-0.8052493874682194,3.7575807879328886,2.9111657169961163,0.2743328756969613,-1.1466667853503063,-0.5994828801691952,0.0,50.0,20.0,1.0,0.0,0.0,0.0,-369.28932188134524,70.0,79.28932188134524,0.9238795325112867,0.0,0.3826834323650898,0.0
1.0603535175323486,-0.08269400544399308,4.2658808491445726,3.046129969611833,0.32086982913389733,-0.9903371559767835,-0.5662679070390785,0.0,50.0,20.0,1.0,0.0,0.0,0.0,-369.28932188134524,70.0,79.28932188134524,0.9238795325112867,0.0,0.3826834323650898,0.0
1.0918757915496826,0.27606600278093363,4.601401797214497,3.788699232085537,0.44792633380434355,-1.0051546960881774,-0.5028896037402506,0.0,50.0,20.0,1.0,0.0,0.0,0.0,-369.28932188134524,70.0,79.28932188134524,0.9238795325112867,0.0,0.3826834323650898,0.0
1.1195974349975586,-0.4266139550145186,4.029845550402534,4.433581368939952,0.3347786614065984,-0.8219077609746416,-0.4930757837919991,0.0,50.0,20.0,1.0,0.0,0.0,0.0,-369.28932188134524,70.0,79.28932188134524,0.9238795325112867,0.0,0.3826834323650898,0.0
1.1496047973632812,0.29197551036297453,4.155512116235861,4.130386333877253,0.17866974760946863,-0.936422311303002,-0.46937277687233336,0.0,50.0,20.0,1.0,0.0,0.0,0.0,-369.28932188134524,70.0,79.28932188134524,0.9238795325112867,0.0,0.3826834323650898,0.0
1.179736852645874,-0.4070405764449675,4.561631714299187,4.063989396743358,0.12730559237051062,-0.7871431561210049,-0.6558047004998492,0.0,50.0,20.0,1.0,0.0,0.0,0.0,-369.28932188134524,70.0,79.28932188134524,0.9238795325112867,0.0,0.3826834323650898,0.0
1.211467981338501,0.23121612975746852,3.880345829246507,4.743488217823794,0.03601989903514338,-0.882379237364765,-0.543494055637139,0.0,50.0,20.0,1.0,0.0,0.0,0.0,-369.28932188134524,70.0,79.28932188134524,0.9238795325112867,0.0,0.3826834323650898,0.0
1.24180006980896,0.24381657888196806,4.508861166489453,5.443667329242196,0.01853965560223783,-0.8619852170056477,-0.34719974955565786,0.0,50.0,20.0,1.0,0.0,0.0,0.0,-369.28932188134524,70.0,79.28932188134524,0.9238795325112867,0.0,0.3826834323650898,0.0
1.2720508575439453,0.5632671247678177,4.487663451943843,4.867163237573601,-0.10108555593703099,-0.9295488175097866,-0.2795745415103104,0.0,50.0,20.0,1.0,0.0,0.0,0.0,-369.28932188134524,70.0,79.28932188134524,0.9238795325112867,0.0,0.3826834323650898,0.0
1.3042950630187988,1.309640794731513,4.748138786641263,5.357742781547393,0.05351888700333608,-1.0767767650249573,-0.3313350873084707,0.0,50.0,20.0,1.0,0.0,0.0,0.0,-369.28932188134524,70.0,79.28932188134524,0.9238795325112867,0.0,0.3826834323650898,0.0
1.334425687789917,1.8245744665364134,5.108819436287625,6.030873728078577,0.1691194086484925,-1.21388549707774,-0.47800466078864357,0.0,50.0,20.0,1.0,0.0,0.0,0.0,-369.28932188134524,70.0,79.28932188134524,0.9238795325112867,0.0,0.3826834323650898,0.0
1.363548994064331,1.7896990984432852,4.868002277052419,5.764432563505484,-0.010068852642003856,-1.2332659731118023,-0.28682632643195055,0.0,50.0,20.0,1.0,0.0,0.0,0.0,-369.28932188134524,70.0,79.28932188134524,0.9238795325112867,0.0,0.3826834323650898,0.0
1.3935437202453613,2.3508539707365745,5.133277740030057,5.3569898688986735,0.029329347306373016,-1.1150261921900528,-0.2259963780602492,0.0,50.0,20.0,1.0,0.0,0.0,0.0,-369.28932188134524,70.0,79.28932188134524,0.9238795325112867,0.0,0.3826834323650898,0.0
1.4235332012176514,2.7451020016991183,5.060248452752635,5.514349899023582,0.11418151280185782,-0.9830033943223069,-0.4127139286618148,0.0,50.0,20.0,1.0,0.0,0.0,0.0,-369.28932188134524,70.0,79.28932188134524,0.9238795325112867,0.0,0.3826834323650898,0.0
1.4553797245025635,1.9955469000975445,5.34499313029235,5.881569866992893,0.05888719887735902,-1.1736369176880221,-0.5321936124578329,0.0,50.0,20.0,1.0,0.0,0.0,0.0,-369.28932188134524,70.0,79.28932188134524,0.9238795325112867,0.0,0.3826834323650898,0.0
1.4852755069732666,2.1363861775294177,4.763846218606259,6.530606170415219,0.07750452705209918,-1.2781729133236372,-0.41850006811111734,0.0,50.0,20.0,1.0,0.0,0.0,0.0,-369.28932188134524,70.0,79.28932188134524,0.9238795325112867,0.0,0.3826834323650898,0.0
1.5158789157867432,2.3444482986088677,4.230103616274912,6.879801407606748,0.24152548848673397,-1.1998853337733015,-0.26834099236327374,0.0,50.0,20.0,1.0,0.0,0.0,0.0,-369.28932188134524,70.0,79.28932188134524,0.9238795325112867,0.0,0.3826834323650898,0.0
1.545358419418335,3.0517964835292695,4.495440304991493,7.143539231503137,0.11132771702170483,-1.3371763497550426,-0.10304410629656446,0.0,50.0,20.0,1.0,0.0,0.0,0.0,-369.28932188134524,70.0,79.28932188134524,0.9238795325112867,0.0,0.3826834323650898,0.0
1.574892282485962,2.7765989315236554,4.758196946493079,6.383637451537969,0.19493589530856645,-1.2046955254331015,0.06731560537626585,0.0,50.0,20.0,1.0,0.0,0.0,0.0,-369.28932188134524,70.0,79.28932188134524,0.9238795325112867,0.0,0.3826834323650898,0.0
1.6073980331420898,2.6400921016549836,5.065368609461569,5.764773700257661,0.03971557447336102,-1.1034191798581834,-0.10704752346696034,0.0,50.0,20.0,1.0,0.0,0.0,0.0,-369.28932188134524,70.0,79.28932188134524,0.9238795325112867,0.0,0.3826834323650898,0.0
1.6368083953857422,2.9617126387962154,5.7743047442517526,5.360530926503818,0.1869262863249083,-1.077504164806625,-0.25916303805601465,0.0,50.0,20.0,1.0,0.0,0.0,0.0,-369.28932188134524,70.0,79.28932188134524,0.9238795325112867,0.0,0.3826834323650898,0.0
1.6675007343292236,3.175382331905295,5.559229181356204,4.583328247356044,0.29117868165021443,-0.9574052231126351,-0.20749890141863297,0.0,50.0,20.0,1.0,0.0,0.0,0.0,-369.28932188134524,70.0,79.28932188134524,0.9238795325112867,0.0,0.3826834323650898,0.0
1.6984813213348389,3.786970502132421,5.170981712786592,4.685717067258269,0.4150110689706011,-0.8709851478476407,-0.34881045060065097,0.0,50.0,20.0,1.0,0.0,0.0,0.0,-369.28932188134524,70.0,79.28932188134524,0.9238795325112867,0.0,0.3826834323650898,0.0
1.7267332077026367,3.945167638343154,4.615128362665825,4.858524143766866,0.23212550243840205,-1.0551476935862747,-0.5141343435161023,0.0,50.0,20.0,1.0,0.0,0.0,0.0,-369.28932188134524,70.0,79.28932188134524,0.9238795325112867,0.0,0.3826834323650898,0.0
1.7594170570373535,4.105975732982008,5.145969821430005,4.979283784864866,0.24838989583153231,-0.9050904824769652,-0.5669461136587786,0.0,50.0,20.0,1.0,0.0,0.0,0.0,-369.28932188134524,70.0,79.28932188134524,0.9238795325112867,0.0,0.3826834323650898,0.0
1.7896020412445068,3.7769026344613965,5.305290218057387,4.819005164687857,0.12175304794980893,-1.0475707066316131,-0.6165245113858923,0.0,50.0,20.0,1.0,0.0,0.0,0.0,-369.28932188134524,70.0,79.28932188134524,0.9238795325112867,0.0,0.3826834323650898,0.0
1.8185391426086426,4.170879267390733,5.401005685026629,4.363129573748891,0.08313989665531465,-0.9632739563788543,-0.548107758688237,0.0,50.0,20.0,1.0,0.0,0.0,0.0,-369.28932188134524,70.0,79.28932188134524,0.9238795325112867,0.0,0.3826834323650898,0.0
1.8492863178253174,3.713445843913819,6.081627197952847,4.055567915633009,0.2781520312197313,-0.7884709164881628,-0.6506925022620058,0.0,50.0,20.0,1.0,0.0,0.0,0.0,-369.28932188134524,70.0,79.28932188134524,0.9238795325112867,0.0,0.3826834323650898,0.0
1.879807472229004,3.0454025779952256,6.021851102385329,4.568345481349542,0.169813194048333,-0.8783323246563298,-0.6870831296353013,0.0,50.0,20.0,1.0,0.0,0.0,0.0,-369.28932188134524,70.0,79.28932188134524,0.9238795325112867,0.0,0.3826834323650898,0.0
1.9111382961273193,3.3788829260432194,5.9597344491974455,4.474994701817087,0.19384839432513454,-0.8315099016306919,-0.869758618190102,0.0,50.0,20.0,1.0,0.0,0.0,0.0,-369.28932188134524,70.0,79.28932188134524,0.9238795325112867,0.0,0.3826834323650898,0.0
1.9412364959716797,3.0095387841421033,6.136844955742265,4.302988038481879,0.22002072789902233,-0.6319215282984103,-0.889993894733256,0.0,50.0,20.0,1.0,0.0,0.0,0.0,-369.28932188134524,70.0,79.28932188134524,0.9238795325112867,0.0,0.3826834323650898,0.0
1.971041202545166,2.5940468316257297,5.746458115952531,4.047583520153747,0.4181204414153298,-0.4319572202407194,-0.8411619965775472,0.0,50.0,20.0,1.0,0.0,0.0,0.0,-369.28932188134524,70.0,79.28932188134524,0.9238795325112867,0.0,0.3826834323650898,0.0
2.0035970211029053,2.3479387416235364,4.98955750716353,3.3193276589104226,0.38611996796203024,-0.2938138980187457,-0.7863617462860937,0.0,50.0,20.0,1.0,0.0,0.0,0.0,-369.28932188134524,70.0,79.28932188134524,0.9238795325112867,0.0,0.3826834323650898,0.0
2.0333714485168457,2.183642448162675,5.197216921360364,2.818681592910397,0.23230956698956354,-0.2744017394420551,-0.7890394096844243,0.0,50.0,20.0,1.0,0.0,0.0,0.0,-369.28932188134524,70.0,79.28932188134524,0.9238795325112867,0.0,0.3826834323650898,0.0
2.0642588138580322,1.4181383531868224,4.791109620033636,2.97888140874332,0.07708908770508396,-0.16129005950164116,-0.8764474274277643,0.0,50.0,20.0,1.0,0.0,0.0,0.0,-369.28932188134524,70.0,79.28932188134524,0.9238795325112867,0.0,0.3826834323650898,0.0
2.096940040588379,2.1276866149419593,4.084809197260049,3.5226980418670797,-0.05127027021884198,-0.23525773100767358,-1.007599178832795,0.0,50.0,20.0,1.0,0.0,0.0,0.0,-369.28932188134524,70.0,79.28932188134524,0.9238795325112867,0.0,0.3826834323650898,0.0
2.1241648197174072,2.517507395352575,4.36019836822571,3.277733753364244,0.043279059214623744,-0.42406012043226043,-1.1461669131665724,0.0,50.0,20.0,1.0,0.0,0.0,0.0,-369.28932188134524,70.0,79.28932188134524,0.9238795325112867,0.0,0.3826834323650898,0.0
2.1560771465301514,2.832906213917557,4.053150396365736,2.63442329771443,-0.09488303705775242,-0.39209951361917667,-1.115461284502954,0.0,50.0,20.0,1.0,0.0,0.0,0.0,-369.28932188134524,70.0,79.28932188134524,0.9238795325112867,0.0,0.3826834323650898,0.0
2.1859617233276367,3.5028047908236157,4.40262728088536,3.3481595933338273,-0.2707331103038855,-0.4365198182229617,-0.9531843364760533,0.0,50.0,20.0,1.0,0.0,0.0,0.0,-369.28932188134524,70.0,79.28932188134524,0.9238795325112867,0.0,0.3826834323650898,0.0
2.215930461883545,2.731671686274652,5.144641542916224,3.0420917995590115,-0.26082554088187454,-0.511674364457242,-0.8023355440042652,0.0,50.0,20.0,1.0,0.0,0.0,0.0,-369.28932188134524,70.0,79.28932188134524,0.9238795325112867,0.0,0.3826834323650898,0.0
2.2459914684295654,3.4727667477908204,5.664248564929329,2.8970606691121814,-0.39725702041886213,-0.6479265835409029,-0.9312210069084244,0.0,50.0,20.0,1.0,0.0,0.0,0.0,-369.28932188134524,70.0,79.28932188134524,0.9238795325112867,0.0,0.3826834323650898,0.0
2.275482654571533,2.699683894647353,6.011298733770879,3.2053360737166567,-0.22204232043161948,-0.4575236546351551,-0.848940226749781,0.0,50.0,20.0,1.0,0.0,0.0,0.0,-369.28932188134524,70.0,79.28932188134524,0.9238795325112867,0.0,0.3826834323650898,0.0
2.307060956954956,1.9977492337499734,5.242808948508953,2.9292314511160917,-0.07810661652942852,-0.49057312797122543,-0.9052570777607343,0.0,50.0,20.0,1.0,0.0,0.0,0.0,-369.28932188134524,70.0,79.28932188134524,0.9238795325112867,0.0,0.3826834323650898,0.0
2.337143898010254,1.4004497523024182,4.890263597189256,3.2081777286955218,-0.002126765457118429,-0.44035338178018096,-1.0830532263025974,0.0,50.0,20.0,1.0,0.0,0.0,0.0,-369.28932188134524,70.0,79.28932188134524,0.9238795325112867,0.0,0.3826834323650898,0.0
2.3671083450317383,1.2190199781850581,5.561677672616275,2.706070529070521,0.058805423617041,-0.42763710927311793,-0.8904476944716158,0.0,50.0,20.0,1.0,0.0,0.0,0.0,-369.28932188134524,70.0,79.28932188134524,0.9238795325112867,0.0,0.3826834323650898,0.0
2.3972809314727783,1.9466077845699783,5.457344638888198,3.041767792386775,0.103169453294402,-0.616758081311151,-0.7662949756996724,0.0,50.0,20.0,1.0,0.0,0.0,0.0,-369.28932188134524,70.0,79.28932188134524,0.9238795325112867,0.0,0.3826834323650898,0.0
2.427607774734497,2.332014325192854,6.086356393504438,3.0325787290913553,0.2816639166869884,-0.7860707348796565,-0.5916319587642673,0.0,50.0,20.0,1.0,0.0,0.0,0.0,-369.28932188134524,70.0,79.28932188134524,0.9238795325112867,0.0,0.3826834323650898,0.0
2.459104061126709,2.1573281965869664,5.750212137590425,3.774359692557609,0.38398158197025417,-0.8446706330994548,-0.4980251406124044,0.0,50.0,20.0,1.0,0.0,0.0,0.0,-369.28932188134524,70.0,79.28932188134524,0.9238795325112867,0.0,0.3826834323650898,0.0
2.489243507385254,2.4814234767322834,6.49947291345975,3.154328202876539,0.41942471829411204,-0.8691468738030471,-0.3260337633343774,0.0,50.0,20.0,1.0,0.0,0.0,0.0,-369.28932188134524,70.0,79.28932188134524,0.9238795325112867,0.0,0.3826834323650898,0.0
2.520292282104492,1.9275740931537904,6.043037066667567,3.756420997827064,0.5714158474396038,-1.014924808343437,-0.3350797182207131,0.0,50.0,20.0,1.0,0.0,0.0,0.0,-369.28932188134524,70.0,79.28932188134524,0.9238795325112867,0.0,0.3826834323650898,0.0
2.549738645553589,2.2576983187671273,6.759284369185552,4.0879387959886895,0.7294525110713642,-0.8753115458787426,-0.45404027702812827,0.0,50.0,20.0,1.0,0.0,0.0,0.0,-369.28932188134524,70.0,79.28932188134524,0.9238795325112867,0.0,0.3826834323650898,0.0
2.579336404800415,2.139476603402904,6.532490791194844,4.476517980526777,0.7886310600223045,-0.8270640847363844,-0.6483916005939654,0.0,50.0,20.0,1.0,0.0,0.0,0.0,-369.28932188134524,70.0,79.28932188134524,0.9238795325112867,0.0,0.3826834323650898,0.0
2.6118695735931396,1.7892096590873237,6.025781475681768,4.180955659557009,0.9268837079601777,-1.008394285033927,-0.5725286686655005,0.0,50.0,20.0,1.0,0.0,0.0,0.0,-369.28932188134524,70.0,79.28932188134524,0.9238795325112867,0.0,0.3826834323650898,0.0
2.6413509845733643,2.130935987136418,6.413038927846329,3.4593229433423973,1.1230975582595515,-0.9818918139130102,-0.7452964387351976,0.0,50.0,20.0,1.0,0.0,0.0,0.0,-369.28932188134524,70.0,79.28932188134524,0.9238795325112867,0.0,0.3826834323650898,0.0
2.671942949295044,1.4367033779004081,6.268252221100107,3.581790709062566,1.0278461434335457,-0.8308335283554474,-0.5683074442035934,0.0,50.0,20.0,1.0,0.0,0.0,0.0,-369.28932188134524,70.0,79.28932188134524,0.9238795325112867,0.0,0.3826834323650898,0.0
2.703700542449951,0.6475184383057558,5.992397435247416,3.2090985541234427,0.8747460835725406,-0.7051729081426898,-0.5972384030912918,0.0,50.0,20.0,1.0,0.0,0.0,0.0,-369.28932188134524,70.0,79.28932188134524,0.9238795325112867,0.0,0.3826834323650898,0.0
2.7332749366760254,0.8821426845566537,5.410921479804611,2.9219389537976586,0.9741050979753133,-0.8756882291994865,-0.7093137610519433,0.0,50.0,20.0,1.0,0.0,0.0,0.0,-369.28932188134524,70.0,79.28932188134524,0.9238795325112867,0.0,0.3826834323650898,0.0
2.7630057334899902,0.8430499013704902,5.923006530877352,2.2613015245730583,1.1459169391619217,-1.0068769017946742,-0.7789729785347295,0.0,50.0,20.0,1.0,0.0,0.0,0.0,-369.28932188134524,70.0,79.28932188134524,0.9238795325112867,0.0,0.3826834323650898,0.0
2.7936906814575195,1.436557495706638,5.41872605686745,2.6550538262163697,1.3265168444343076,-0.9017756991113646,-0.9331944801536907,0.0,50.0,20.0,1.0,0.0,0.0,0.0,-369.28932188134524,70.0,79.28932188134524,0.9238795325112867,0.0,0.3826834323650898,0.0
2.823514699935913,0.7719117426296831,4.887194434049766,2.1878692212514204,1.371668279686407,-0.7949074996655305,-1.0161659485876686,0.0,50.0,20.0,1.0,0.0,0.0,0.0,-369.28932188134524,70.0,79.28932188134524,0.9238795325112867,0.0,0.3826834323650898,0.0
2.8552253246307373,0.568014143006187,5.1092227906314385,2.463040088557857,1.2857840496236843,-0.6614479193152919,-0.9613375817096764,0.0,50.0,20.0,1.0,0.0,0.0,0.0,-369.28932188134524,70.0,79.28932188134524,0.9238795325112867,0.0,0.3826834323650898,0.0
2.885560989379883,0.7921595891760326,5.7525591648180585,2.271243196226173,1.3287791098768682,-0.6389973420034021,-0.7635964280600979,0.0,50.0,20.0,1.0,0.0,0.0,0.0,-369.28932188134524,70.0,79.28932188134524,0.9238795325112867,0.0,0.3826834323650898,0.0
2.915407180786133,0.07675389514205289,5.893221506312944,2.9765219112071586,1.2425470897582085,-0.4968201530380754,-0.9419579324817657,0.0,50.0,20.0,1.0,0.0,0.0,0.0,-369.28932188134524,70.0,79.28932188134524,0.9238795325112867,0.0,0.3826834323650898,0.0
2.9449572563171387,0.7105676003221483,6.208584438262101,3.6038269788043955,1.1918408717599724,-0.6622694240963503,-0.8311573158922521,0.0,50.0,20.0,1.0,0.0,0.0,0.0,-369.28932188134524,70.0,79.28932188134524,0.9238795325112867,0.0,0.3826834323650898,0.0
2.9756715297698975,1.4180082008868413,6.745266396400334,3.9884102057369417,1.2722094744215506,-0.8498955272493698,-0.7918607102023991,0.0,50.0,20.0,1.0,0.0,0.0,0.0,-369.28932188134524,70.0,79.28932188134524,0.9238795325112867,0.0,0.3826834323650898,0.0
3.007357120513916,1.3739437602093518,7.008117090256389,3.638329402076443,1.4436124502998129,-0.6614317149621898,-0.695376395360813,0.0,50.0,20.0,1.0,0.0,0.0,0.0,-369.28932188134524,70.0,79.28932188134524,0.9238795325112867,0.0,0.3826834323650898,0.0
3.0370383262634277,0.7113433886576256,6.44175622999958,3.7816114663965985,1.5,-0.8424303761501547,-0.8552077281470046,0.0,50.0,20.0,1.0,0.0,0.0,0.0,-369.28932188134524,70.0,79.28932188134524,0.9238795325112867,0.0,0.3826834323650898,0.0
3.0675175189971924,1.208230775029544,6.33653960089592,3.81925009369184,1.5,-0.8958941639749973,-0.8627760162202669,0.0,50.0,20.0,1.0,0.0,0.0,0.0,-369.28932188134524,70.0,79.28932188134524,0.9238795325112867,0.0,0.3826834323650898,0.0
3.0983240604400635,0.9719410702283857,6.343584384348101,4.364400670594452,1.3393298479489315,-0.8008086727389275,-0.6977477303059267,0.0,50.0,20.0,1.0,0.0,0.0,0.0,-369.28932188134524,70.0,79.28932188134524,0.9238795325112867,0.0,0.3826834323650898,0.0
3.127855062484741,1.0410598043670265,6.748679593055484,4.555823263272283,1.303146404881872,-0.7551677692907579,-0.8368030066216798,0.0,50.0,20.0,1.0,0.0,0.0,0.0,-369.28932188134524,70.0,79.28932188134524,0.9238795325112867,0.0,0.3826834323650898,0.0
3.1592767238616943,1.271639972412673,7.298688360405425,4.560459618204033,1.2191337807940226,-0.6887312613225699,-1.0324440343642158,0.0,50.0,20.0,1.0,0.0,0.0,0.0,-369.28932188134524,70.0,79.28932188134524,0.9238795325112867,0.0,0.3826834323650898,0.0
3.1892056465148926,2.0689965760456808,7.64987438145719,4.811490521056138,1.2039307716615708,-0.7161926406914367,-0.9492691824856211,0.0,50.0,20.0,1.0,0.0,0.0,0.0,-369.28932188134524,70.0,79.28932188134524,0.9238795325112867,0.0,0.3826834323650898,0.0
3.220177173614502,1.3125632946024153,8.330536689107731,5.177585114360024,1.176502917362944,-0.6182940393064824,-0.7568515335192593,0.0,50.0,20.0,1.0,0.0,0.0,0.0,-369.28932188134524,70.0,79.28932188134524,0.9238795325112867,0.0,0.3826834323650898,0.0
3.2503163814544678,0.5812434478927266,8.907814747150239,5.359361615572196,1.197861415648914,-0.630812942201813,-0.6720484539677355,0.0,50.0,20.0,1.0,0.0,0.0,0.0,-369.28932188134524,70.0,79.28932188134524,0.9238795325112867,0.0,0.3826834323650898,0.0
3.2805724143981934,0.8248958184675468,8.211848370513987,5.275647650201094,1.0062472420427935,-0.6788200911974485,-0.7924456814606036,0.0,50.0,20.0,1.0,0.0,0.0,0.0,-369.28932188134524,70.0,79.28932188134524,0.9238795325112867,0.0,0.3826834323650898,0.0
3.3111093044281006,0.040499968618606275,8.908070574120947,5.186463774314478,1.1514518541094987,-0.5393613377976616,-0.7671543015991419,0.0,50.0,20.0,1.0,0.0,0.0,0.0,-369.28932188134524,70.0,79.28932188134524,0.9238795325112867,0.0,0.3826834323650898,0.0
3.34147572517395,0.10256244274010906,9.405704580506058,4.508734089167241,1.006723316384758,-0.6443110067934175,-0.886321012428269,0.0,50.0,20.0,1.0,0.0,0.0,0.0,-369.28932188134524,70.0,79.28932188134524,0.9238795325112867,0.0,0.3826834323650898,0.0
3.3726251125335693,-0.1512388471821654,10.061338716495625,3.711899781952938,1.0224547602313707,-0.7441037784065179,-0.9272637663705503,0.0,50.0,20.0,1.0,0.0,0.0,0.0,-369.28932188134524,70.0,79.28932188134524,0.9238795325112867,0.0,0.3826834323650898,0.0
3.4043524265289307,-0.7489621489814305,10.072089995128382,3.2745732369415537,1.1267833132045342,-0.7150968172216011,-0.8595413001816073,0.0,50.0,20.0,1.0,0.0,0.0,0.0,-369.28932188134524,70.0,79.28932188134524,0.9238795325112867,0.0,0.3826834323650898,0.0
3.43310546875,-0.31222237578940104,9.582704412822133,3.715840021810968,1.2136197182625557,-0.8876287432549059,-0.817961818043711,0.0,50.0,20.0,1.0,0.0,0.0,0.0,-369.28932188134524,70.0,79.28932188134524,0.9238795325112867,0.0,0.3826834323650898,0.0
3.4640891551971436,-0.04797449241367324,9.917485045439562,3.8823202045337943,1.1285907842586098,-1.038687883563043,-0.9054319235548036,0.0,50.0,20.0,1.0,0.0,0.0,0.0,-369.28932188134524,70.0,79.28932188134524,0.9238795325112867,0.0,0.3826834323650898,0.0
3.493884801864624,0.6146655402011322,9.19611650019565,4.3852585374020725,1.2245301454317161,-1.0313197354371542,-0.9221322715574167,0.0,50.0,20.0,1.0,0.0,0.0,0.0,-369.28932188134524,70.0,79.28932188134524,0.9238795325112867,0.0,0.3826834323650898,0.0
3.523785352706909,0.9476079071680762,8.842976744418703,4.322727894861516,1.2517741687018087,-1.0556007597850245,-1.0620291077328503,0.0,50.0,20.0,1.0,0.0,0.0,0.0,-369.28932188134524,70.0,79.28932188134524,0.9238795325112867,0.0,0.3826834323650898,0.0
3.5555670261383057,1.105860281737871,8.071884946444525,4.682024764291318,1.41828943837986,-0.9679871951408608,-1.1808104859759077,0.0,50.0,20.0,1.0,0.0,0.0,0.0,-369.28932188134524,70.0,79.28932188134524,0.9238795325112867,0.0,0.3826834323650898,0.0
3.5853257179260254,0.43998333609498286,8.789187360130008,4.161710882932452,1.5,-1.1247309561732297,-1.004264960163744,0.0,50.0,20.0,1.0,0.0,0.0,0.0,-369.28932188134524,70.0,79.28932188134524,0.9238795325112867,0.0,0.3826834323650898,0.0
3.615636110305786,-0.15382611153712267,8.435077543826063,4.802872625535831,1.4695316225256372,-1.038172249174489,-0.814784603370736,0.0,50.0,20.0,1.0,0.0,0.0,0.0,-369.28932188134524,70.0,79.28932188134524,0.9238795325112867,0.0,0.3826834323650898,0.0
3.6452229022979736,-0.7163968678800662,8.491277733173266,5.3836137262167485,1.4428641348558864,-0.8532262496824039,-1.0121499529557099,0.0,50.0,20.0,1.0,0.0,0.0,0.0,-369.28932188134524,70.0,79.28932188134524,0.9238795325112867,0.0,0.3826834323650898,0.0
3.6766481399536133,4.165352423714491,4.049095380215249,-9.506713385133775,1.075634750225554,-0.7485862564125078,-0.8385132928164345,0.0,50.0,20.0,1.0,0.0,0.0,0.0,-369.28932188134524,70.0,79.28932188134524,0.9238795325112867,0.0,0.3826834323650898,0.0
3.7073023319244385,4.8118285555746425,4.157720558163178,-9.362726385929934,1.0627548317387778,-0.6336682019026363,-0.8872420923297764,0.0,50.0,20.0,1.0,0.0,0.0,0.0,-369.28932188134524,70.0,79.28932188134524,0.9238795325112867,0.0,0.3826834323650898,0.0
3.737819194793701,5.293885220937918,3.9887438131488016,-8.930794877647905,1.24168685445059,-0.5937457166324382,-0.8755800422006422,0.0,50.0,20.0,1.0,0.0,0.0,0.0,-369.28932188134524,70.0,79.28932188134524,0.9238795325112867,0.0,0.3826834323650898,0.0
3.767896890640259,6.082535396680992,4.7353150386297544,-9.202664670836953,1.1710059961320833,-0.7199570535288237,-1.0595030653673878,0.0,50.0,20.0,1.0,0.0,0.0,0.0,-369.28932188134524,70.0,79.28932188134524,0.9238795325112867,0.0,0.3826834323650898,0.0
3.797478437423706,6.534293968917499,4.546576366221321,-8.410937983204544,1.051277464990726,-0.5672407778348844,-0.9023110308701736,0.0,50.0,20.0,1.0,0.0,0.0,0.0,-369.28932188134524,70.0,79.28932188134524,0.9238795325112867,0.0,0.3826834323650898,0.0
3.826883316040039,5.876265146880915,5.044706731428334,-7.8146376449993795,1.2385242185133036,-0.5956381702268125,-1.0673600072895777,0.0,50.0,20.0,1.0,0.0,0.0,0.0,-369.28932188134524,70.0,79.28932188134524,0.9238795325112867,0.0,0.3826834323650898,0.0
3.8594017028808594,5.61632144721696,5.362912050117394,-7.334928691280207,1.2267378135817406,-0.7951625959246096,-1.0532305629084158,0.0,50.0,20.0,1.0,0.0,0.0,0.0,-369.28932188134524,70.0,79.28932188134524,0.9238795325112867,0.0,0.3826834323650898,0.0
3.8889920711517334,5.513343139553056,4.8828202058998675,-7.724425877232439,1.4179958933603274,-0.7656213338413629,-0.8601105686048731,0.0,50.0,20.0,1.0,0.0,0.0,0.0,-369.28932188134524,70.0,79.28932188134524,0.9238795325112867,0.0,0.3826834323650898,0.0
3.9188318252563477,6.057639432551776,5.415165256909841,-7.62164828798551,1.3191551722442971,-0.6233719011738081,-0.9241269594150772,0.0,50.0,20.0,1.0,0.0,0.0,0.0,-369.28932188134524,70.0,79.28932188134524,0.9238795325112867,0.0,0.3826834323650898,0.0
3.9492034912109375,6.75248135557988,6.035333993671404,-7.042070051832727,1.3770352326102602,-0.46731324628180354,-1.0749548343134954,0.0,50.0,20.0,1.0,0.0,0.0,0.0,-369.28932188134524,70.0,79.28932188134524,0.9238795325112867,0.0,0.3826834323650898,0.0
3.9797520637512207,6.342839526756362,6.6271157843400825,-7.0936255623988504,1.427557098914803,-0.6485974460565602,-1.2349232278388835,0.0,50.0,20.0,1.0,0.0,0.0,0.0,-369.28932188134524,70.0,79.28932188134524,0.9238795325112867,0.0,0.3826834323650898,0.0
4.011076927185059,6.215913575627935,6.209839567808074,-7.282933093148599,1.2628126216136084,-0.7771222699400404,-1.0835782451668667,0.0,50.0,20.0,1.0,0.0,0.0,0.0,-369.28932188134524,70.0,79.28932188134524,0.9238795325112867,0.0,0.3826834323650898,0.0
4.041529178619385,7.002838497398164,5.496452477838974,-7.544304483775539,1.4121751623666499,-0.908028224268675,-1.0517061223996105,0.0,50.0,20.0,1.0,0.0,0.0,0.0,-369.28932188134524,70.0,79.28932188134524,0.9238795325112867,0.0,0.3826834323650898,0.0
4.071150302886963,6.5263185775166015,5.655547559789152,-7.887392331446697,1.5,-0.8359481139557667,-1.1710306583575691,0.0,50.0,20.0,1.0,0.0,0.0,0.0,-369.28932188134524,70.0,79.28932188134524,0.9238795325112867,0.0,0.3826834323650898,0.0
4.104960203170776,6.349705994152905,5.106480148006836,-7.806207503159565,1.5,-0.7283575454455367,-1.2495605553471343,0.0,50.0,20.0,1.0,0.0,0.0,0.0,-369.28932188134524,70.0,79.28932188134524,0.9238795325112867,0.0,0.3826834323650898,0.0
4.1336729526519775,6.480728688766139,5.177085286712059,-8.232652067419552,1.5,-0.6553373489990858,-1.1881425388135547,0.0,50.0,20.0,1.0,0.0,0.0,0.0,-369.28932188134524,70.0,79.28932188134524,0.9238795325112867,0.0,0.3826834323650898,0.0
4.163453578948975,6.081913658656319,5.485569101672759,-8.75179836895484,1.4453801944802604,-0.7468205122753451,-1.1865762146883176,0.0,50.0,20.0,1.0,0.0,0.0,0.0,-369.28932188134524,70.0,79.28932188134524,0.9238795325112867,0.0,0.3826834323650898,0.0
4.192735195159912,6.417039642250492,4.833614545388887,-8.107997284473308,1.5,-0.6837764603554239,-1.1021643998175015,0.0,50.0,20.0,1.0,0.0,0.0,0.0,-369.28932188134524,70.0,79.28932188134524,0.9238795325112867,0.0,0.3826834323650898,0.0
4.223159313201904,6.20962206973587,5.325626982529914,-8.259957863426898,1.5,-0.6879568231918294,-1.0888418641899251,0.0,50.0,20.0,1.0,0.0,0.0,0.0,-369.28932188134524,70.0,79.28932188134524,0.9238795325112867,0.0,0.3826834323650898,0.0
4.2560107707977295,6.532644388306905,4.993841896076857,-8.077991392070189,1.31149340466789,-0.8167212568083213,-1.2100751726994525,0.0,50.0,20.0,1.0,0.0,0.0,0.0,-369.28932188134524,70.0,79.28932188134524,0.9238795325112867,0.0,0.3826834323650898,0.0
4.285388946533203,7.239902185552066,4.670517366991289,-7.94799746894648,1.471291416583151,-0.9104499901527119,-1.2319862807587563,0.0,50.0,20.0,1.0,0.0,0.0,0.0,-369.28932188134524,70.0,79.28932188134524,0.9238795325112867,0.0,0.3826834323650898,0.0
4.315063238143921,6.940746744070494,4.825244047372652,-7.753130979980232,1.4420946340828318,-1.0787366721884029,-1.1411844002060372,0.0,50.0,20.0,1.0,0.0,0.0,0.0,-369.28932188134524,70.0,79.28932188134524,0.9238795325112867,0.0,0.3826834323650898,0.0
4.345320701599121,7.486027840130895,4.198613690302724,-7.4198048230338784,1.5,-1.0946037922226761,-1.0125931898138187,0.0,50.0,20.0,1.0,0.0,0.0,0.0,-369.28932188134524,70.0,79.28932188134524,0.9238795325112867,0.0,0.3826834323650898,0.0
4.375319242477417,6.714789615316538,4.615307523458003,-6.798197827858134,1.4477354092481216,-1.0445815135642453,-1.107049385670745,0.0,50.0,20.0,1.0,0.0,0.0,0.0,-369.28932188134524,70.0,79.28932188134524,0.9238795325112867,0.0,0.3826834323650898,0.0
4.406994819641113,6.448520909594025,4.182392397957052,-6.327766518324761,1.5,-1.0418967341154075,-1.2864606587069514,0.0,50.0,20.0,1.0,0.0,0.0,0.0,-369.28932188134524,70.0,79.28932188134524,0.9238795325112867,0.0,0.3826834323650898,0.0
4.437560558319092,6.485881925396976,4.8847738788828625,-5.5539644284706045,1.4054024465952861,-0.9828347620251751,-1.15151858495723,0.0,50.0,20.0,1.0,0.0,0.0,0.0,-369.28932188134524,70.0,79.28932188134524,0.9238795325112867,0.0,0.3826834323650898,0.0
4.467750549316406,6.996199228081052,4.123884064905463,-4.811986805201517,1.2955908588943894,-0.9339830808390563,-1.163890108703155,0.0,50.0,20.0,1.0,0.0,0.0,0.0,-369.28932188134524,70.0,79.28932188134524,0.9238795325112867,0.0,0.3826834323650898,0.0
4.497557878494263,6.751334590725923,4.572676410656915,-4.651870187678299,1.0958501796257334,-0.8110616917998297,-1.1556847225061,0.0,50.0,20.0,1.0,0.0,0.0,0.0,-369.28932188134524,70.0,79.28932188134524,0.9238795325112867,0.0,0.3826834323650898,0.0
4.527245283126831,7.148190279798376,4.968294072929417,-4.014548898774414,1.2364894841648293,-0.8556076877621098,-1.238251262262026,0.0,50.0,20.0,1.0,0.0,0.0,0.0,-369.28932188134524,70.0,79.28932188134524,0.9238795325112867,0.0,0.3826834323650898,0.0
4.559463739395142,7.17925611532097,4.914478211007422,-3.740908503138148,1.1612277528205708,-1.02653880789304,-1.2255922856026946,0.0,50.0,20.0,1.0,0.0,0.0,0.0,-369.28932188134524,70.0,79.28932188134524,0.9238795325112867,0.0,0.3826834323650898,0.0
4.589015960693359,6.711368226753373,4.4892699004920615,-3.6300774802704434,1.1936922786219002,-1.131320438129691,-1.1718698234767446,0.0,50.0,20.0,1.0,0.0,0.0,0.0,-369.28932188134524,70.0,79.28932188134524,0.9238795325112867,0.0,0.3826834323650898,0.0
4.619635105133057,6.553451617693908,4.415068687695337,-4.116465399153364,1.1515876902633706,-0.9476433610750254,-1.1184684518384258,0.0,50.0,20.0,1.0,0.0,0.0,0.0,-369.28932188134524,70.0,79.28932188134524,0.9238795325112867,0.0,0.3826834323650898,0.0
4.648995399475098,5.859836472683611,4.951591579118797,-4.296837813897354,1.2019903593637253,-0.782527822486871,-1.2169459170003194,0.0,50.0,20.0,1.0,0.0,0.0,0.0,-369.28932188134524,70.0,79.28932188134524,0.9238795325112867,0.0,0.3826834323650898,0.0
4.67944598197937,6.458921894206029,5.430057140723033,-3.93452535601765,1.023809661101565,-0.5841199090256357,-1.3864620373016672,0.0,50.0,20.0,1.0,0.0,0.0,0.0,-369.28932188134524,70.0,79.28932188134524,0.9238795325112867,0.0,0.3826834323650898,0.0
4.710577487945557,5.781780913904176,4.920044139409368,-4.378806115936509,1.1401031925986127,-0.5475921578015358,-1.3117961281058934,0.0,50.0,20.0,1.0,0.0,0.0,0.0,-369.28932188134524,70.0,79.28932188134524,0.9238795325112867,0.0,0.3826834323650898,0.0
4.741377353668213,5.237729455702597,4.638895567069637,-4.512620754395639,1.1204303611202049,-0.724491640562757,-1.1597093894583592,0.0,50.0,20.0,1.0,0.0,0.0,0.0,-369.28932188134524,70.0,79.28932188134524,0.9238795325112867,0.0,0.3826834323650898,0.0
4.7710089683532715,5.849008293220201,4.627786257967854,-4.042387199688281,1.1394088301752645,-0.8525417679241626,-1.2773219375707767,0.0,50.0,20.0,1.0,0.0,0.0,0.0,-369.28932188134524,70.0,79.28932188134524,0.9238795325112867,0.0,0.3826834323650898,0.0
4.803742408752441,6.377333489252937,4.234794235347964,-3.9944398241181314,0.9758966267840594,-0.9113595760955975,-1.2230403819160824,0.0,50.0,20.0,1.0,0.0,0.0,0.0,-369.28932188134524,70.0,79.28932188134524,0.9238795325112867,0.0,0.3826834323650898,0.0
4.833517551422119,7.006036866270262,3.538703891564212,-3.794147048792116,1.0457809036537002,-1.0100000666605085,-1.2948213407415703,0.0,50.0,20.0,1.0,0.0,0.0,0.0,-369.28932188134524,70.0,79.28932188134524,0.9238795325112867,0.0,0.3826834323650898,0.0
4.863511562347412,6.335681139726134,3.886852177026582,-3.6621371927588777,1.0654517273496966,-0.9771933849617533,-1.3542600516890555,0.0,50.0,20.0,1.0,0.0,0.0,0.0,-369.28932188134524,70.0,79.28932188134524,0.9238795325112867,0.0,0.3826834323650898,0.0
4.8929173946380615,5.999035571092546,4.467618145281539,-3.7955531192465104,1.2337415015798467,-0.8280231728028311,-1.5,0.0,50.0,20.0,1.0,0.0,0.0,0.0,-369.28932188134524,70.0,79.28932188134524,0.9238795325112867,0.0,0.3826834323650898,0.0
4.923489809036255,5.41109455016798,4.744370572154298,-3.399202850557013,1.4277823731895758,-0.8517976432746247,-1.3250426676840925,0.0,50.0,20.0,1.0,0.0,0.0,0.0,-369.28932188134524,70.0,79.28932188134524,0.9238795325112867,0.0,0.3826834323650898,0.0
4.954998970031738,4.699596808051348,4.9275164812015975,-3.7464856068232955,1.398322411638052,-0.8647942370254977,-1.4283196550094273,0.0,50.0,20.0,1.0,0.0,0.0,0.0,-369.28932188134524,70.0,79.28932188134524,0.9238795325112867,0.0,0.3826834323650898,0.0
4.98545503616333,5.308097946193966,4.2977290214656705,-4.219342792534886,1.2189820226358796,-0.9653857076663891,-1.5,0.0,50.0,20.0,1.0,0.0,0.0,0.0,-369.28932188134524,70.0,79.28932188134524,0.9238795325112867,0.0,0.3826834323650898,0.0
5.014854192733765,5.087022465068761,4.242482462258405,-3.5513446611481436,1.3644023507969405,-1.1299158140929453,-1.3971987058531479,0.0,50.0,20.0,1.0,0.0,0.0,0.0,-369.28932188134524,70.0,79.28932188134524,0.9238795325112867,0.0,0.3826834323650898,0.0
5.045170307159424,5.176810257410032,3.780428621762737,-3.443133039034384,1.2018101141962418,-1.1755909545233003,-1.3560909107921444,0.0,50.0,20.0,1.0,0.0,0.0,0.0,-369.28932188134524,70.0,79.28932188134524,0.9238795325112867,0.0,0.3826834323650898,0.0
5.075894832611084,4.832744625938749,3.3717384248717353,-3.193613863541637,1.0552182248471258,-1.3038624562136842,-1.2313803502432226,0.0,50.0,20.0,1.0,0.0,0.0,0.0,-369.28932188134524,70.0,79.28932188134524,0.9238795325112867,0.0,0.3826834323650898,0.0
5.107601881027222,4.1886825226466184,4.054965708805702,-2.492583590632546,1.00076243867216,-1.3376471436222168,-1.1973818104227607,0.0,50.0,20.0,1.0,0.0,0.0,0.0,-369.28932188134524,70.0,79.28932188134524,0.9238795325112867,0.0,0.3826834323650898,0.0
