# Timestamp, Fx, Fy, Fz, Tx, Ty, Tz, FemurPosX, FemurPosY, FemurPosZ, FemurQuatW, FemurQuatX, FemurQuatY, FemurQuatZ, TibiaPosX, TibiaPosY, TibiaPosZ, TibiaQuatW, TibiaQuatX, TibiaQuatY, TibiaQuatZ
0.018140316009521484,5.027343382511863,-1.4885929058836642,4.658125675420145,-0.7671527937491021,2.3062127267834347,-1.9662574426909896,0.0,50.0,20.0,1.0,0.0,0.0,0.0,-354.8576180608514,70.0,97.55217070527951,0.8730630827572555,0.0,0.4876072738653491,0.0
0.05004167556762695,5.6093356737267275,-1.1837169220571502,4.372804544172845,-0.6956041363904066,2.4089583768813347,-1.9403060772124903,0.0,50.0,20.0,1.0,0.0,0.0,0.0,-352.95675532705326,70.0,100.77121211317984,0.8637962372192303,0.0,0.50384130494224,0.0
0.08354663848876953,6.052068997314032,-1.9312922911441632,4.3020898133857175,-0.507008381570403,2.47226272242987,-1.771526311418831,0.0,50.0,20.0,1.0,0.0,0.0,0.0,-352.0637106751118,70.0,102.38478163685943,0.8591135500128623,0.0,0.5117850214536345,0.0
0.10019898414611816,5.466960715458185,-2.6465130216003088,4.495109783683552,-0.3298289007201024,2.286307276080828,-1.8142919574421121,0.0,50.0,20.0,1.0,0.0,0.0,0.0,-351.2089735580006,70.0,103.99833021100042,0.8544052603682856,0.0,0.5196072084324871,0.0
0.1334538459777832,4.883882039292162,-2.8609144634378145,4.711760281007875,-0.2277545193573664,2.444498612685271,-1.7703627636805161,0.0,50.0,20.0,1.0,0.0,0.0,0.0,-350.39245706982024,70.0,105.60981808985244,0.8496769442268854,0.0,0.5273036036755886,0.0
0.16675186157226562,5.091335080257799,-2.6656469995806846,4.929020446825231,-0.39222425110095704,2.2512350272015023,-1.7806202649786032,0.0,50.0,20.0,1.0,0.0,0.0,0.0,-348.8732563128117,70.0,108.818492196503,0.840183038996554,0.0,0.5423029236344896,0.0
0.20017719268798828,5.326693800283227,-2.1400460990077317,5.675301297328327,-0.2494712842737104,2.1350316066332615,-1.7383809937282917,0.0,50.0,20.0,1.0,0.0,0.0,0.0,-348.1699240333456,70.0,110.41165388705306,0.8354290697388586,0.0,0.5495982800512256,0.0
0.23357462882995605,5.690600997202651,-1.604166717043417,5.5427977254738385,-0.2480899656585458,2.234348234932889,-1.675287056503418,0.0,50.0,20.0,1.0,0.0,0.0,0.0,-347.5035224259801,70.0,111.99471567796346,0.83067829007997,0.0,0.5567527084710207,0.0
0.2523829936981201,5.34064417400114,-1.166679931377178,4.793953025200568,-0.2038730808080338,2.2360399704451805,-1.53635394889463,0.0,50.0,20.0,1.0,0.0,0.0,0.0,-346.8735085393343,70.0,113.5657223452069,0.8259366732831068,0.0,0.5637629038221958,0.0
0.2835383415222168,5.838386278056122,-1.8354961032122485,4.08093808383367,-0.06937303526371502,2.1505013751341044,-1.7319290772660445,0.0,50.0,20.0,1.0,0.0,0.0,0.0,-346.27925843854206,70.0,115.12274951819722,0.821210236424884,0.0,0.5706257509006986,0.0
0.31682252883911133,5.647318150697986,-2.6346613621595236,3.8115099196457978,-0.13177332857612792,2.271053310833528,-1.6121965758499235,0.0,50.0,20.0,1.0,0.0,0.0,0.0,-345.195173883317,70.0,118.18734614991223,0.8118271178338642,0.0,0.5838978769866878,0.0
0.35021424293518066,5.768293145743971,-3.0088957912239898,3.258393562620904,0.003539349405295239,2.4465500250656333,-1.587461178893697,0.0,50.0,20.0,1.0,0.0,0.0,0.0,-344.70372492916385,70.0,119.69125608634484,0.8071825813087617,0.0,0.590301855351755,0.0
0.3835117816925049,5.758728931891401,-3.50575109521594,2.975513444871821,-0.07156552582266448,2.314719253689781,-1.4269343450203027,0.0,50.0,20.0,1.0,0.0,0.0,0.0,-344.2448201669702,70.0,121.17387408713886,0.8025774913142691,0.0,0.5965478777396617,0.0
0.4036285877227783,5.924851908603086,-3.436080387538172,2.5117002792722527,-0.2202242462427033,2.4351282294157386,-1.3674532415570053,0.0,50.0,20.0,1.0,0.0,0.0,0.0,-343.8174971962491,70.0,122.63348479607868,0.7980179045733289,0.0,0.6026337394972118,0.0
0.45021796226501465,5.209500009272702,-3.3915255906219755,1.7252010782596412,-0.10148112829601338,2.308877179750673,-1.1856690128825322,0.0,50.0,20.0,1.0,0.0,0.0,0.0,-343.05348740863326,70.0,125.47707814366382,0.7890593192413868,0.0,0.6143170115814139,0.0
0.46728968620300293,5.517878541801269,-4.010487449858187,2.3811022158354613,-0.18127859578173813,2.4987984895004582,-1.0265401063139672,0.0,50.0,20.0,1.0,0.0,0.0,0.0,-342.71463204780514,70.0,126.85789157388527,0.784672251408557,0.0,0.6199108467105785,0.0
0.5001134872436523,6.316913919668072,-3.2547165271270515,1.5914767946351054,-0.370670081810048,2.339050679312619,-0.8739093353412918,0.0,50.0,20.0,1.0,0.0,0.0,0.0,-342.40303217872594,70.0,128.20936274237962,0.7803545260252559,0.0,0.6253373599201459,0.0
0.5335469245910645,6.690556942173738,-3.1878281097270422,1.4211375334087606,-0.31386253113229523,2.3368787532613844,-1.048805884194666,0.0,50.0,20.0,1.0,0.0,0.0,0.0,-342.1175139712569,70.0,129.53004814776273,0.7761119502115571,0.0,0.630595148045728,0.0
0.5564513206481934,7.226619638358041,-2.7653185563420415,1.9159351887253642,-0.15676174164817147,2.3973692077410047,-0.8721338935529548,0.0,50.0,20.0,1.0,0.0,0.0,0.0,-341.8568776458723,70.0,130.81856276024337,0.7719502485256308,0.0,0.6356829506925735,0.0
0.600290060043335,7.306851302341795,-2.4493457748523606,2.5230058165506013,-0.18269741564675052,2.5,-1.01036038846947,0.0,50.0,20.0,1.0,0.0,0.0,0.0,-341.4053547542768,70.0,133.29383560268874,0.7638918915570162,0.0,0.6453442321842225,0.0
0.6336500644683838,6.788896336005185,-2.743300138485801,2.8363270905576092,-0.2733022924980806,2.3054930404443077,-0.9127899468529909,0.0,50.0,20.0,1.0,0.0,0.0,0.0,-341.2119882451685,70.0,134.47812081198654,0.760006181514379,0.0,0.6499158438289782,0.0
0.6501321792602539,6.434452554024862,-2.7795423978546943,3.004302456805595,-0.19334224358961327,2.3035535650462546,-0.9855599271717255,0.0,50.0,20.0,1.0,0.0,0.0,0.0,-341.03855452992724,70.0,135.62528920381985,0.7562232170337676,0.0,0.6543137214051828,0.0
0.6834657192230225,6.035260615559883,-2.5022186974727507,3.048013854376503,-0.3428542632313534,2.2457615721092106,-1.069371727848122,0.0,50.0,20.0,1.0,0.0,0.0,0.0,-340.8838057981293,70.0,136.7342528692481,0.7525481616838615,0.0,0.6585372156121783,0.0
0.7082571983337402,5.914942168653484,-2.97134184372663,2.910927919629446,-0.23664046165608071,2.2406490492386144,-1.0666041842684353,0.0,50.0,20.0,1.0,0.0,0.0,0.0,-340.7465005236839,70.0,137.80398254736733,0.7489860394314192,0.0,0.6625857776445527,0.0
0.7396407127380371,5.205066160806843,-3.7485842413273662,3.438067815084776,-0.07872463996009293,2.3051236863602425,-1.1955795330258507,0.0,50.0,20.0,1.0,0.0,0.0,0.0,-340.5193158801538,70.0,139.8219114246643,0.7422199423868092,0.0,0.6701563676660258,0.0
0.7700929641723633,5.184063689653241,-4.383637558602497,2.811984320102029,0.11826056946809332,2.157937681935488,-1.3285109040333443,0.0,50.0,20.0,1.0,0.0,0.0,0.0,-340.427029718135,70.0,140.76833767694976,0.7390252442340866,0.0,0.6736777333300759,0.0
0.8002715110778809,4.695078677919666,-3.65317933175695,2.9396377086997885,0.11156141465486893,1.9662848488546494,-1.1676392926003458,0.0,50.0,20.0,1.0,0.0,0.0,0.0,-340.3473828149654,70.0,141.67198173795595,0.7359620175730677,0.0,0.677022827303319,0.0
0.833564043045044,4.406844554827414,-3.2157567309914636,2.7933854599143606,0.2858848804807378,1.8905576220632312,-1.295970394167761,0.0,50.0,20.0,1.0,0.0,0.0,0.0,-340.27923804177976,70.0,142.53209303271876,0.73303447042851,0.0,0.6801914915401353,0.0
0.8668053150177002,4.784164428212808,-3.5400159921423304,3.1295302285624764,0.21399849589044956,1.9528886862131527,-1.2139209473523533,0.0,50.0,20.0,1.0,0.0,0.0,0.0,-340.173082183647,70.0,144.11897293943457,0.727602319473232,0.0,0.6859991725193062,0.0
0.9002153873443604,4.115711244266639,-3.094319337289053,2.403713542409598,0.20597336947667164,1.994047630564589,-1.2699533694132574,0.0,50.0,20.0,1.0,0.0,0.0,0.0,-340.1329846474258,70.0,144.84449376213075,0.7251051862932344,0.0,0.688638126166896,0.0
0.9335019588470459,4.282736011869063,-3.231474027740577,2.0051326360396744,0.18105460612313762,1.8647423245426327,-1.0991112436651245,0.0,50.0,20.0,1.0,0.0,0.0,0.0,-340.1002238603369,70.0,145.52398310490273,0.7227586626775817,0.0,0.6911005104357206,0.0
0.9668586254119873,4.750827491615041,-3.248672998826005,2.349358093639087,0.28338738318484735,1.9426123391455665,-0.9353282875903233,0.0,50.0,20.0,1.0,0.0,0.0,0.0,-340.07387305260727,70.0,146.15693438859614,0.7205659775877704,0.0,0.6933863799808738,0.0
0.9836180210113525,5.07342148406871,-3.8230625585471794,2.8142591843216476,0.1903674029936035,1.8070309650928158,-1.0167370258794366,0.0,50.0,20.0,1.0,0.0,0.0,0.0,-340.0530580630273,70.0,146.74288510374416,0.7185301486237576,0.0,0.6954958127255122,0.0
1.016864538192749,5.58850542218074,-3.5098290081757493,2.960967541067256,0.3374865265439362,1.8720301250963471,-0.9701062326459924,0.0,50.0,20.0,1.0,0.0,0.0,0.0,-340.0248197507223,70.0,147.77214584758343,0.7149400469704316,0.0,0.6991857616098294,0.0
1.0501394271850586,5.400135441248478,-3.6922020244992133,3.1708988836264687,0.4108743669913154,1.7849889830764925,-0.7839922774683565,0.0,50.0,20.0,1.0,0.0,0.0,0.0,-340.0159370818918,70.0,148.21473744570207,0.7133907153667545,0.0,0.7007664997904155,0.0
1.08359694480896,5.987151885438836,-3.228959026469293,3.198626492763612,0.23147363033270155,1.8556928167335005,-0.8213218855906378,0.0,50.0,20.0,1.0,0.0,0.0,0.0,-340.0096764200598,70.0,148.60888879709037,0.7120081151325091,0.0,0.7021712355155627,0.0
1.1044600009918213,6.037397701970464,-3.17509656705295,2.8602675416558907,0.19520929481395016,1.8275540489003088,-0.8012330558323086,0.0,50.0,20.0,1.0,0.0,0.0,0.0,-340.00546722005697,70.0,148.9543355600877,0.7107941489626666,0.0,0.7034000837364455,0.0
1.150156021118164,6.234517122146761,-2.814914175105545,3.4341355985269733,0.11488420730387566,2.0239517457737626,-0.96293471499352,0.0,50.0,20.0,1.0,0.0,0.0,0.0,-340.00125884545326,70.0,149.49823560712395,0.7088785664444794,0.0,0.7053305452308298,0.0
1.167313814163208,6.3188667883881635,-2.887542193726306,4.013249341641224,0.2927285670474564,1.986730390079294,-0.7965287585451328,0.0,50.0,20.0,1.0,0.0,0.0,0.0,-340.0004610637131,70.0,149.69633483893892,0.7081795858433829,0.0,0.7060323464223822,0.0
1.2001605033874512,5.605646620342329,-3.002773856432039,4.4599777614791565,0.14361745210534815,1.8978592016855649,-0.7271822580227474,0.0,50.0,20.0,1.0,0.0,0.0,0.0,-340.0001200945774,70.0,149.84501967523357,0.7076545072447656,0.0,0.7065586305298152,0.0
1.2335574626922607,5.400346455560964,-2.2586107577498726,5.052705102954015,0.1319248850785959,2.0639108852181334,-0.6738031802583788,0.0,50.0,20.0,1.0,0.0,0.0,0.0,-340.0000155708158,70.0,149.9441953145987,0.707304053026,0.0,0.706909454295947,0.0
1.2558376789093018,5.308959241617718,-1.870334184790879,5.391398522787222,0.2809218619522494,2.15226306647857,-0.67241477559451,0.0,50.0,20.0,1.0,0.0,0.0,0.0,-340.00000019227275,70.0,149.99379882627764,0.7071287053066165,0.0,0.7070848563866916,0.0
1.3001437187194824,5.920424800698336,-1.1557316339981065,5.4469877352308975,0.29288149650354844,2.0175814206327845,-0.7449252969226746,0.0,50.0,20.0,1.0,0.0,0.0,0.0,-340.0000155708158,70.0,149.94419531456913,0.7073040530261044,0.0,0.7069094542958423,0.0
1.333674669265747,6.590835356237134,-1.2973791530303902,5.719839474537496,0.14611979352387258,2.1529426311394104,-0.7186926246635763,0.0,50.0,20.0,1.0,0.0,0.0,0.0,-340.0001200945775,70.0,149.8450196751844,0.7076545072449394,0.0,0.7065586305296412,0.0
1.3502135276794434,6.613339079862462,-0.998658596485239,5.489682309782728,0.055131441593217534,2.075245787283582,-0.8815065283834935,0.0,50.0,20.0,1.0,0.0,0.0,0.0,-340.0004610637133,70.0,149.69633483887,0.7081795858436262,0.0,0.7060323464221381,0.0
1.3835241794586182,6.8031915107860215,-0.9398985285144301,5.731906022232846,0.044715649680740016,1.910656000541997,-1.0004537723372229,0.0,50.0,20.0,1.0,0.0,0.0,0.0,-340.0012588454537,70.0,149.4982356070354,0.7088785664447916,0.0,0.7053305452305161,0.0
1.4078948497772217,6.350006622348722,-1.5087965749691863,5.614032229889814,0.03977967342304933,1.8958869336922353,-1.0478745394913795,0.0,50.0,20.0,1.0,0.0,0.0,0.0,-340.0028061744763,70.0,149.25084913358975,0.7097504873771142,0.0,0.7044531536361724,0.0
1.4399516582489014,6.760052799429408,-1.6446087751359053,5.904620726388899,0.15299641803075897,2.0577398837095235,-1.05027498420651,0.0,50.0,20.0,1.0,0.0,0.0,0.0,-340.00967642006185,70.0,148.60888879694338,0.7120081151330251,0.0,0.7021712355150393,0.0
1.4696509838104248,7.542719231081727,-1.34393634373385,5.5129772270667,0.014562293169343099,1.9209334346195748,-0.9677113323282169,0.0,50.0,20.0,1.0,0.0,0.0,0.0,-340.0159370818948,70.0,148.21473744553577,0.7133907153673372,0.0,0.7007664997898222,0.0
1.500145435333252,8.240826339514038,-1.1205838473907614,5.595674499203888,-0.08777984686135397,1.834452079123713,-0.941870877834553,0.0,50.0,20.0,1.0,0.0,0.0,0.0,-340.02481975072646,70.0,147.77214584739795,0.71494004697108,0.0,0.6991857616091662,0.0
1.533578872680664,8.727490147058626,-1.742248891933342,5.5486673650066995,-0.07192076190533479,1.918069835941936,-0.7659783497185215,0.0,50.0,20.0,1.0,0.0,0.0,0.0,-340.0369603454368,70.0,147.28141525417516,0.7166539776831802,0.0,0.6974289040976691,0.0
1.5668327808380127,8.403182806721018,-2.007307447214204,5.5149266550218785,-0.026539449323853173,2.0362837252432544,-0.9468458795380723,0.0,50.0,20.0,1.0,0.0,0.0,0.0,-340.0738730526166,70.0,146.15693438835396,0.7205659775886107,0.0,0.6933863799800006,0.0
1.600151538848877,7.612913869514481,-2.042896241482622,5.899461086341378,-0.19418857544429896,2.221122722754846,-0.9140783136049881,0.0,50.0,20.0,1.0,0.0,0.0,0.0,-340.1002238603486,70.0,145.52398310464193,0.7227586626784839,0.0,0.6911005104347773,0.0
1.6335995197296143,8.206214676188146,-2.4432017666564647,6.12983308097445,-0.26628645235574605,2.1038965541641437,-1.014586935626759,0.0,50.0,20.0,1.0,0.0,0.0,0.0,-340.1329846474402,70.0,144.84449376185154,0.7251051862941972,0.0,0.6886381261658823,0.0
1.6516203880310059,8.945655664494456,-3.1509499332125355,6.132163262614157,-0.23964439545928365,2.2863666904174216,-1.0142129369862485,0.0,50.0,20.0,1.0,0.0,0.0,0.0,-340.1730821836645,70.0,144.1189729391376,0.7276023194742524,0.0,0.685999172518224,0.0
1.6835360527038574,8.918435533258643,-2.491056530337974,5.4544746353947,-0.05081189364555247,2.346050234235246,-0.8272209719189405,0.0,50.0,20.0,1.0,0.0,0.0,0.0,-340.2214926196348,70.0,143.34797286938814,0.7302466265947822,0.0,0.68318362417943,0.0
1.716745376586914,9.117739740168881,-2.8049866245840565,6.17521904430049,-0.09881925645158315,2.3810398337373346,-0.8431177368817891,0.0,50.0,20.0,1.0,0.0,0.0,0.0,-340.34738281499466,70.0,141.67198173760545,0.7359620175742582,0.0,0.6770228273020248,0.0
1.7928900718688965,9.234955028974985,-2.669512840933571,5.878724426103912,0.015012247847210863,2.481502224063041,-0.976609020816412,0.0,50.0,20.0,1.0,0.0,0.0,0.0,-340.34738281499466,70.0,141.67198173760545,0.7359620175742582,0.0,0.6770228273020248,0.0
1.8377904891967773,9.66051427616879,-3.413104464361637,5.160017450517943,-0.03186777893748424,2.5,-1.0849256848450477,0.0,50.0,20.0,1.0,0.0,0.0,0.0,-340.34738281499466,70.0,141.67198173760545,0.7359620175742582,0.0,0.6770228273020248,0.0
1.8827219009399414,10.33703575822394,-3.5622224292050984,5.73308136796812,0.16608222693072208,2.5,-0.9413899183185899,0.0,50.0,20.0,1.0,0.0,0.0,0.0,-340.34738281499466,70.0,141.67198173760545,0.7359620175742582,0.0,0.6770228273020248,0.0
1.9273715019226074,9.781515524330013,-4.312927282322249,5.533687833045894,0.2581979227618669,2.452229565616777,-0.7539092023598206,0.0,50.0,20.0,1.0,0.0,0.0,0.0,-340.34738281499466,70.0,141.67198173760545,0.7359620175742582,0.0,0.6770228273020248,0.0
1.9728939533233643,10.127439870674317,-4.531035698451766,5.648421136380726,0.3010886297916447,2.312172337798742,-0.9277168569468998,0.0,50.0,20.0,1.0,0.0,0.0,0.0,-340.34738281499466,70.0,141.67198173760545,0.7359620175742582,0.0,0.6770228273020248,0.0
2.0200469493865967,10.838036597795341,-5.220662891609071,6.2395169126803065,0.3874036523333061,2.297200749844569,-0.9698937907540217,0.0,50.0,20.0,1.0,0.0,0.0,0.0,-340.34738281499466,70.0,141.67198173760545,0.7359620175742582,0.0,0.6770228273020248,0.0
2.067338466644287,11.136698262163794,-5.75719327008948,5.542831841555501,0.5422570911259121,2.3524818333349224,-1.0185528370986388,0.0,50.0,20.0,1.0,0.0,0.0,0.0,-340.34738281499466,70.0,141.67198173760545,0.7359620175742582,0.0,0.6770228273020248,0.0
2.112572431564331,10.735669811145263,-5.254965319768008,5.8860280292394815,0.5713943382998427,2.1830494075219744,-1.0495749602058106,0.0,50.0,20.0,1.0,0.0,0.0,0.0,-340.34738281499466,70.0,141.67198173760545,0.7359620175742582,0.0,0.6770228273020248,0.0
2.118027925491333,11.108252831970544,-4.484699680997604,6.462073619815424,0.556458927053445,2.0778730829129093,-1.1004758459121233,0.0,50.0,20.0,1.0,0.0,0.0,0.0,-340.4270297181691,70.0,140.7683376765821,0.7390252442353302,0.0,0.6736777333287114,0.0
2.150178909301758,10.898755247841601,-4.122238865193613,6.282626536956998,0.4826030619346682,2.1431096967182652,-1.2656379664611865,0.0,50.0,20.0,1.0,0.0,0.0,0.0,-340.51931588019306,70.0,139.82191142428033,0.7422199423881026,0.0,0.6701563676645934,0.0
2.1668784618377686,10.932854703737032,-3.439286222308163,5.943575878745282,0.6430275036262438,2.212627414261855,-1.395574736298752,0.0,50.0,20.0,1.0,0.0,0.0,0.0,-340.6254085233736,70.0,138.83350686859953,0.7455417263017559,0.0,0.6664589517314609,0.0
2.216878890991211,10.264527987558413,-3.5125844062643456,5.680773333457722,0.5250841075826109,2.0926708540073276,-1.4300650719697139,0.0,50.0,20.0,1.0,0.0,0.0,0.0,-340.74650052373516,70.0,137.80398254695015,0.7489860394328116,0.0,0.6625857776429787,0.0
2.23366379737854,9.821094184844066,-3.1349352031195767,5.134363624595162,0.4582779926702186,1.9466547047342124,-1.4064825348237573,0.0,50.0,20.0,1.0,0.0,0.0,0.0,-340.88380579818727,70.0,136.7342528688152,0.7525481616852998,0.0,0.6585372156105347,0.0
2.266869068145752,10.444555324307078,-3.9089944977792634,5.248402636093049,0.5795544038759608,1.7567184791373172,-1.514910340463393,0.0,50.0,20.0,1.0,0.0,0.0,0.0,-341.21198824524134,70.0,134.4781208115232,0.7600061815159032,0.0,0.6499158438271959,0.0
2.3002066612243652,10.779217980003201,-3.3708448398242687,5.941389659646874,0.7428353155370224,1.740062753460026,-1.4119650503845054,0.0,50.0,20.0,1.0,0.0,0.0,0.0,-341.40535475435775,70.0,133.2938356022109,0.7638918915585802,0.0,0.6453442321823714,0.0
2.3335680961608887,10.557233209799081,-4.076519151010525,6.629957647103319,0.6165320416490006,1.786788085286067,-1.3905254499747748,0.0,50.0,20.0,1.0,0.0,0.0,0.0,-341.6199029739889,70.0,132.0735806934948,0.7678750526827435,0.0,0.6405996436679261,0.0
2.3502674102783203,9.95172768522298,-3.676778671156631,7.086827026678782,0.6967233076306283,1.806845909442773,-1.3635411009724454,0.0,50.0,20.0,1.0,0.0,0.0,0.0,-341.85687764597094,70.0,130.8185627597386,0.7719502485272655,0.0,0.6356829506905884,0.0
2.3834831714630127,10.318937415755736,-3.2968730146307945,6.828425593827304,0.5307570596181089,1.8307928011783567,-1.5188973983350949,0.0,50.0,20.0,1.0,0.0,0.0,0.0,-342.1175139713653,70.0,129.5300481472442,0.7761119502132273,0.0,0.6305951480436723,0.0
2.407900810241699,10.661442565178032,-3.9092328532330667,7.106525703034376,0.5795651617573523,1.8044158025393868,-1.6806939742204114,0.0,50.0,20.0,1.0,0.0,0.0,0.0,-342.4030321788445,70.0,128.20936274184857,0.7803545260269573,0.0,0.6253373599180229,0.0
2.4398317337036133,10.197936836611817,-4.207450613135112,6.739142755637397,0.6862924661353496,1.913538495394566,-1.746486128742548,0.0,50.0,20.0,1.0,0.0,0.0,0.0,-343.0534874087735,70.0,125.47707814310945,0.7890593192431433,0.0,0.614317011579158,0.0
2.4698712825775146,9.411602544239441,-3.448959014403561,7.237689511582829,0.5680933631562359,1.9161355805372506,-1.6426031864250643,0.0,50.0,20.0,1.0,0.0,0.0,0.0,-343.42074064113467,70.0,124.06842346302429,0.7935098504019207,0.0,0.6085574067539737,0.0
2.5003702640533447,8.872838435078265,-4.08488314723891,7.987331074137816,0.6488884681379465,1.718650376719732,-1.4791239077001308,0.0,50.0,20.0,1.0,0.0,0.0,0.0,-343.81749719641283,70.0,122.63348479550339,0.7980179045751311,0.0,0.6026337394948253,0.0
2.5334975719451904,8.187573559529518,-3.976212767353213,7.583234329544918,0.6205660856226803,1.9041490346417698,-1.461270238549309,0.0,50.0,20.0,1.0,0.0,0.0,0.0,-344.24482016714626,70.0,121.17387408655412,0.8025774913160906,0.0,0.5965478777372111,0.0
2.567035675048828,8.378943337340424,-3.827341996905924,7.094587222809827,0.5714559811041506,1.9078278858084006,-1.4885360722454497,0.0,50.0,20.0,1.0,0.0,0.0,0.0,-345.1951738835189,70.0,118.18734614931056,0.811827117835717,0.0,0.5838978769841117,0.0
2.6003947257995605,7.79253488528217,-4.5536929383269396,7.179067282954894,0.6287971723457064,2.0650122596007283,-1.3476205271153394,0.0,50.0,20.0,1.0,0.0,0.0,0.0,-345.72007132049794,70.0,116.66390772468975,0.8165050283841192,0.0,0.5773383224968257,0.0
2.6336123943328857,7.393107464769188,-5.045332333311147,7.168505032157545,0.6812994263850883,2.258588979611734,-1.1975197890800282,0.0,50.0,20.0,1.0,0.0,0.0,0.0,-346.2792584387712,70.0,115.12274951758148,0.8212102364267585,0.0,0.5706257508980009,0.0
2.652322292327881,7.689920238959523,-5.287510029970819,7.414610551541108,0.8505417792656138,2.3198082935972963,-1.3809523478565597,0.0,50.0,20.0,1.0,0.0,0.0,0.0,-346.87350853957753,70.0,113.5657223445852,0.8259366732849887,0.0,0.5637629038194389,0.0
2.6835248470306396,7.277198713041125,-5.831497493772652,7.296001528530257,0.6944950301630143,2.3822497566511336,-1.4377002727114558,0.0,50.0,20.0,1.0,0.0,0.0,0.0,-347.50352242623734,70.0,111.9947156773375,0.8306782900818539,0.0,0.5567527084682099,0.0
2.716764211654663,7.73217555282165,-5.062391725537927,8.040198916737065,0.497276187642034,2.3528106394937667,-1.4433046379064798,0.0,50.0,20.0,1.0,0.0,0.0,0.0,-348.8732563130986,70.0,108.81849219586812,0.8401830389984432,0.0,0.5423029236315627,0.0
2.7501444816589355,8.168283794243276,-4.613579754405799,7.583075937676561,0.637919670190235,2.470139908614784,-1.3570234992846015,0.0,50.0,20.0,1.0,0.0,0.0,0.0,-349.6139773975933,70.0,107.21721236154394,0.8449342803983516,0.0,0.5348701354606739,0.0
2.7835187911987305,8.048716985398032,-3.8964092464202897,7.74862847974303,0.48882350226233395,2.4624238272848573,-1.4835058288672054,0.0,50.0,20.0,1.0,0.0,0.0,0.0,-350.39245707013714,70.0,105.60981808921271,0.8496769442287677,0.0,0.5273036036725556,0.0
2.803703784942627,7.667246526664184,-3.9751505117587236,8.519425423870175,0.519405898896926,2.5,-1.5144553015447453,0.0,50.0,20.0,1.0,0.0,0.0,0.0,-351.20897355833216,70.0,103.9983302103604,0.8544052603701583,0.0,0.5196072084294077,0.0
2.8503201007843018,8.338200719858746,-4.638855635074795,9.265259894406748,0.33666237730647475,2.460672172100512,-1.6581433452063097,0.0,50.0,20.0,1.0,0.0,0.0,0.0,-352.95675532741575,70.0,100.77121211253888,0.8637962372210855,0.0,0.5038413049390595,0.0
2.8673553466796875,8.21554728533465,-5.171510937654919,9.853566772750984,0.49696658419232487,2.3397874003853505,-1.4882771789356495,0.0,50.0,20.0,1.0,0.0,0.0,0.0,-353.8880954027817,70.0,99.1596627997063,0.8684478602665036,0.0,0.4957805099018431,0.0
2.900233268737793,7.6322096423989,-5.701379113572425,10.235260525307691,0.5803493644112967,2.1747821895834956,-1.2938556013705504,0.0,50.0,20.0,1.0,0.0,0.0,0.0,-354.85761806124424,70.0,97.55217070464178,0.8730630827590817,0.0,0.48760727386207936,0.0
2.9335196018218994,8.243789949431767,-6.136466605872816,9.875231664288703,0.5004113972314894,2.371662883285702,-1.4043747403548548,0.0,50.0,20.0,1.0,0.0,0.0,0.0,-355.8651084334314,70.0,95.95076299260326,0.8776367044722911,0.0,0.4793264179690248,0.0
2.955711841583252,8.593689445916217,-6.806432921112036,10.14560479512896,0.4822370191788568,2.3667260415902605,-1.2745998888352097,0.0,50.0,20.0,1.0,0.0,0.0,0.0,-356.91024874279367,70.0,94.3574512084899,0.8821636718645528,0.0,0.4709429435106227,0.0
3.0001556873321533,9.042518197385842,-7.110053032982548,9.350981160065448,0.3258340470207154,2.3185393141531794,-1.2837852129889258,0.0,50.0,20.0,1.0,0.0,0.0,0.0,-359.1116912791945,70.0,91.20304844392307,0.8910582235636371,0.0,0.45388901971695167,0.0
3.0335214138031006,9.182324009992458,-7.45780839072524,8.76805814674385,0.19468725749031907,2.3297017656892964,-1.3088025189632475,0.0,50.0,20.0,1.0,0.0,0.0,0.0,-360.26684156745796,70.0,89.64584979994214,0.8954165237476296,0.0,0.44522943411202126,0.0
3.0501861572265625,9.42926754633995,-7.664795180923665,9.047161369245298,-0.6987520793001512,2.3828708859266063,-2.0694181909891474,0.0,50.0,20.0,1.0,0.0,0.0,0.0,-361.45733920658853,70.0,88.10452007221281,0.8997096196212064,0.0,0.4364889464362918,0.0
3.083510160446167,9.169422966080443,-7.788299662644389,8.307001482928413,-0.8220293982527876,2.309531481224455,-2.031159001495634,0.0,50.0,20.0,1.0,0.0,0.0,0.0,-362.68235390531675,70.0,86.58090506497815,0.9039333353047166,0.0,0.4276733862714522,0.0
3.1077075004577637,8.809015967252734,-8.266066487325794,7.783188775438308,-0.8893838504867787,2.1280016934778843,-1.8991656861992112,0.0,50.0,20.0,1.0,0.0,0.0,0.0,-363.94095632773974,70.0,85.0768001738885,0.908083696104361,0.0,0.41878873059030913,0.0
3.139714002609253,8.286589913941885,-8.081112535075864,7.876665866035197,-1.037705678718846,2.22997233415172,-1.7569287738116146,0.0,50.0,20.0,1.0,0.0,0.0,0.0,-366.5547251014634,70.0,82.13401739399634,0.9161495036455667,0.0,0.40083673355866695,0.0
3.1700165271759033,8.907377789301782,-8.827982285146984,7.771034700291813,-1.1625778434198761,2.0604658587957405,-1.8366260636949123,0.0,50.0,20.0,1.0,0.0,0.0,0.0,-367.90755896679894,70.0,80.69862955269625,0.9200580700349945,0.0,0.39178201562026965,0.0
3.2002625465393066,8.994350645583824,-8.501078491574019,8.398352817166248,-1.2298148862746947,2.1120769083305175,-1.8551952018476512,0.0,50.0,20.0,1.0,0.0,0.0,0.0,-369.2893218816365,70.0,79.289321881054,0.9238795325120749,0.0,0.38268343236318714,0.0
3.233576536178589,8.339222379527419,-7.81073787743033,8.679294778597576,-1.2007275138134605,2.2918141966862455,-1.9314864820229825,0.0,50.0,20.0,1.0,0.0,0.0,0.0,-370.69862955328915,70.0,77.907558966229,0.9276110204007146,0.0,0.3735475804113112,0.0
3.2670557498931885,7.901781218249276,-7.674568976990514,7.918295978543943,-1.3302649792931551,2.2691920959737626,-2.0195479980348834,0.0,50.0,20.0,1.0,0.0,0.0,0.0,-373.5939448772606,70.0,75.23212024515011,0.9347937733929604,0.0,0.3551909362944817,0.0
3.3001298904418945,7.525514428549197,-7.1070485878682925,8.092688977916989,-1.200612513295496,2.121042021502093,-1.8689567109290088,0.0,50.0,20.0,1.0,0.0,0.0,0.0,-375.07680017451105,70.0,73.94095632720831,0.9382404906866674,0.0,0.34598378811158426,0.0
3.3335585594177246,7.249227072092774,-7.050279797354201,8.828555160675375,-1.113585781126538,2.2974208227812474,-1.7207747721469497,0.0,50.0,20.0,1.0,0.0,0.0,0.0,-376.58090506561007,70.0,72.68235390479845,0.9415881427014721,0.0,0.3367666395651331,0.0
3.352309465408325,7.768649457081178,-6.884594567005981,9.12849489341377,-0.9505793607891849,2.2302643752482045,-1.7233694065595637,0.0,50.0,20.0,1.0,0.0,0.0,0.0,-378.10452007285164,70.0,71.45733920608514,0.94483506707233,0.0,0.3275464791910083,0.0
3.3834850788116455,7.739828923826427,-6.717298991752725,8.409281811805569,-0.9497043264619907,2.234549455464162,-1.580080691461945,0.0,50.0,20.0,1.0,0.0,0.0,0.0,-379.64584980058794,70.0,70.26684156696908,0.9479798479741828,0.0,0.3183303438801356,0.0
3.4167656898498535,7.741016766928026,-6.066603052590974,7.979305716543094,-0.7878742283698561,2.1798038401766457,-1.5420661578238795,0.0,50.0,20.0,1.0,0.0,0.0,0.0,-382.7742254391468,70.0,67.99261785722942,0.9539585476915928,0.0,0.29993847583487365,0.0
3.4501304626464844,7.5182253997378385,-6.425127686107012,8.749558747141945,-0.7308129193860315,2.247363828428048,-1.6766309244238013,0.0,50.0,20.0,1.0,0.0,0.0,0.0,-384.357451209152,70.0,66.9102487423503,0.9567908634013227,0.0,0.29077696557972327,0.0
3.483497142791748,8.246756933795126,-6.068663367192009,8.25422839632423,-0.8940177649124779,2.14414822783015,-1.5048173093825383,0.0,50.0,20.0,1.0,0.0,0.0,0.0,-385.9507629932691,70.0,65.86510843300366,0.9595178256994404,0.0,0.28164790459901934,0.0
3.5042715072631836,7.8422863160391625,-5.881630250287935,7.903465829653662,-1.0404954421609924,2.210497816557417,-1.4553299760619163,0.0,50.0,20.0,1.0,0.0,0.0,0.0,-387.5521707053106,70.0,64.85761806083225,0.9621392361274115,0.0,0.27255841631503736,0.0
3.550171136856079,7.435399826521165,-6.183030716458015,7.651818410141388,-1.0770510017915258,2.129005393342234,-1.432627757907841,0.0,50.0,20.0,1.0,0.0,0.0,0.0,-390.77121211321105,70.0,62.95675532703561,0.967065780267724,0.0,0.25452657353443087,0.0
3.5674195289611816,6.915357216060039,-6.588551074864068,7.109538185415853,-0.9769117207523805,2.285783346663188,-1.3887539013069865,0.0,50.0,20.0,1.0,0.0,0.0,0.0,-392.3847816368907,70.0,62.06371067509491,0.9693716762029544,0.0,0.24559835784360318,0.0
3.6001358032226562,7.48407253031315,-7.330783098247151,7.089664946353312,-1.0458358698840189,2.442300438934445,-1.4716019632475013,0.0,50.0,20.0,1.0,0.0,0.0,0.0,-393.99833021103257,70.0,61.20897355798391,0.9715735341239388,0.0,0.23673797285167322,0.0
3.633619785308838,8.171847148653507,-8.021664940658898,6.476593562742064,-0.8708604995541653,2.5,-1.5153533512451443,0.0,50.0,20.0,1.0,0.0,0.0,0.0,-395.6098180898836,70.0,60.39245706980479,0.9736722829838467,0.0,0.22795237517741287,0.0
3.6558942794799805,8.025359467332478,-8.204061500047848,6.801532739643772,-0.9944222640380113,2.5,-1.7019433304071416,0.0,50.0,20.0,1.0,0.0,0.0,0.0,-397.2172123622136,70.0,59.613977397276344,0.9756690591658722,0.0,0.21924845948462607,0.0
3.7005906105041504,7.368614362251924,-7.99588433434552,6.275246819178288,-1.14663427369594,2.5,-1.6981498105011836,0.0,50.0,20.0,1.0,0.0,0.0,0.0,-400.4116538870838,70.0,58.169924033332336,0.9793622311654346,0.0,0.20211288965986732,0.0
3.7501602172851562,6.5773970922271445,-8.40541011940423,5.9824917715690935,-1.036048366978867,2.5,-1.5571408991137536,0.0,50.0,20.0,1.0,0.0,0.0,0.0,-401.9947156779949,70.0,57.503522425967205,0.9810618675038614,0.0,0.19369463629599043,0.0
3.783599853515625,6.227309788844911,-8.684081566763794,6.53722061666557,-0.9169822430823551,2.371138087455985,-1.459759995388706,0.0,50.0,20.0,1.0,0.0,0.0,0.0,-405.12274951822724,70.0,56.27925843853092,0.9841766649374214,0.0,0.1771899889741363,0.0
3.81733775138855,5.678483739716016,-7.904853113328728,6.036232411084202,-0.8228269050295594,2.3848821503793065,-1.5011434393332603,0.0,50.0,20.0,1.0,0.0,0.0,0.0,-408.18734614994156,70.0,55.19517388330718,0.9869266085091961,0.0,0.16117031183358765,0.0
3.8501996994018555,5.594391221480965,-7.53338007657727,6.431146111894012,-0.9246406772175096,2.3052847175589153,-1.3391314983853908,0.0,50.0,20.0,1.0,0.0,0.0,0.0,-409.6912560863746,70.0,54.70372492915436,0.9881707217653376,0.0,0.15335783203270656,0.0
3.8836922645568848,6.114879798147736,-7.801720402435411,6.24302145506624,-0.7906836748143353,2.3293061529902466,-1.3800732311451571,0.0,50.0,20.0,1.0,0.0,0.0,0.0,-411.17387408716735,70.0,54.24482016696163,0.9893310361881871,0.0,0.14568493688370177,0.0
3.9003303050994873,5.639907297473329,-7.354032890125559,5.838991424291296,-0.6271453147043257,2.433077640235655,-1.2504535222372801,0.0,50.0,20.0,1.0,0.0,0.0,0.0,-412.6334847961067,70.0,53.81749719624118,0.990410275602386,0.0,0.13815746806164997,0.0
3.9334723949432373,5.468570490300029,-6.673361567664243,5.737174566788492,-0.8105820439096374,2.5,-1.0508928317347161,0.0,50.0,20.0,1.0,0.0,0.0,0.0,-414.06842346361697,70.0,53.420740640975566,0.9914112652149571,0.0,0.130781127097444,0.0
3.9669852256774902,6.1284423860941075,-6.681026271462934,5.020029460465073,-0.8338193344140648,2.4786465916189444,-1.1298347424692274,0.0,50.0,20.0,1.0,0.0,0.0,0.0,-416.8578915739125,70.0,52.71463204779863,0.9931902334200668,0.0,0.1165039065396227,0.0
4.000149250030518,5.917101709216069,-6.560777106520454,5.714805967555856,-0.9804048244570699,2.446364530228424,-1.1497364334591094,0.0,50.0,20.0,1.0,0.0,0.0,0.0,-418.2093627424055,70.0,52.40303217872014,0.9939742648109151,0.0,0.10961368935311293,0.0
4.033582448959351,5.641178679767354,-7.047705960059939,5.941044963415709,-0.9034705766341584,2.285749015438669,-1.3340603627878818,0.0,50.0,20.0,1.0,0.0,0.0,0.0,-419.53004814778797,70.0,52.11751397125161,0.9946921283209905,0.0,0.1028959175879106,0.0
4.052403926849365,5.02251771383913,-7.13768221613343,5.98887869267052,-1.0747426804594584,2.1741951580677292,-1.5159003546250178,0.0,50.0,20.0,1.0,0.0,0.0,0.0,-420.8185627602687,70.0,51.85687764586736,0.9953469805905191,0.0,0.09635553035159324,0.0
4.083709955215454,5.304792801424686,-6.599809211071117,5.340642014272787,-0.9582531173368536,2.3146012453017244,-1.510741176920754,0.0,50.0,20.0,1.0,0.0,0.0,0.0,-422.0735806940107,70.0,51.61990297389491,0.9959420089194578,0.0,0.08999730479005753,0.0
4.1168224811553955,4.783300487064441,-6.090964584147169,5.497329942879175,-1.108144048126961,2.3048312672137823,-1.5048391119133409,0.0,50.0,20.0,1.0,0.0,0.0,0.0,-424.47812081200914,70.0,51.211988245165,0.9969654250645681,0.0,0.07784562432034997,0.0
4.150117874145508,4.563714552331367,-5.862719870504133,5.409177120228796,-1.1370541906179044,2.2132504034886815,-1.378381550147242,0.0,50.0,20.0,1.0,0.0,0.0,0.0,-425.6252892038417,70.0,51.038554529924085,0.9974002342843016,0.0,0.072060895426163,0.0
4.183513164520264,3.795128869351251,-6.481195921230631,4.719839360162564,-1.2803464604565775,2.055409900862586,-1.3793473575678088,0.0,50.0,20.0,1.0,0.0,0.0,0.0,-426.7342528692698,70.0,50.883805798126374,0.997788039119215,0.0,0.06647577747294066,0.0
4.204336643218994,4.577218010192852,-5.9709970969276736,4.453683207678001,-1.3666309272021684,1.8692556093670425,-1.5473906786743012,0.0,50.0,20.0,1.0,0.0,0.0,0.0,-427.80398254738765,70.0,50.746500523681405,0.9981320039862428,0.0,0.06109421100568403,0.0
4.250138282775879,4.614981473939944,-5.562035990195152,5.049417554057162,-1.4143300226579578,1.7046502792596214,-1.4478252106389506,0.0,50.0,20.0,1.0,0.0,0.0,0.0,-429.8219114246836,70.0,50.51931588015182,0.9987008664255984,0.0,0.05095664236151271,0.0
4.267420291900635,3.911193620678448,-5.042915261278486,4.652163923391648,-1.2266481643163951,1.8352539433241573,-1.6355935243518425,0.0,50.0,20.0,1.0,0.0,0.0,0.0,-430.7683376769677,70.0,50.427029718133326,0.9989318552380505,0.0,0.04620766809379791,0.0
4.300151348114014,4.673809280986687,-4.332185384577214,3.9112634170667673,-1.3925003739258088,1.9313917829349947,-1.5013728266350255,0.0,50.0,20.0,1.0,0.0,0.0,0.0,-431.6719817379735,70.0,50.34738281496389,0.9991311655259186,0.0,0.04167630111729522,0.0
4.33354377746582,5.000642314368876,-4.4968386748470754,3.2123072393447254,-1.484430788638138,1.8838915552836548,-1.3903960873335643,0.0,50.0,20.0,1.0,0.0,0.0,0.0,-432.532093032735,70.0,50.27923804177851,0.999301661056914,0.0,0.037365628709986005,0.0
4.356434106826782,4.311234786003906,-4.82998286894347,3.858127932477077,-1.3836225036820728,1.9578797858499157,-1.5159775926435677,0.0,50.0,20.0,1.0,0.0,0.0,0.0,-433.3479728697189,70.0,50.22149261961269,0.9994461150567031,0.0,0.03327856814923801,0.0
4.400164842605591,4.684868831745006,-4.257237785928568,3.4808501462419663,-1.4233757324188712,2.019330997850049,-1.487652048151286,0.0,50.0,20.0,1.0,0.0,0.0,0.0,-434.8444937621444,70.0,50.13298464742509,0.9996674830976922,0.0,0.025786105505203317,0.0
4.433557510375977,5.456934594962441,-3.5027634232289095,4.19342730865477,-1.295705378247682,2.140925110308862,-1.6846053111323973,0.0,50.0,20.0,1.0,0.0,0.0,0.0,-435.5239831049158,70.0,50.1002238603363,0.9997494089512224,0.0,0.02238569412999058,0.0
4.450181484222412,5.715859203829449,-3.962663692508358,3.459073742640988,-1.3697163320258663,2.2752178016112947,-1.7316557386453013,0.0,50.0,20.0,1.0,0.0,0.0,0.0,-436.15693438860797,70.0,50.07387305260683,0.9998153003114955,0.0,0.019218877777699116,0.0
4.483669281005859,5.91241114204084,-4.574576186832498,3.9589214650672355,-1.2222835104931395,2.2051649835229115,-1.5941674091561913,0.0,50.0,20.0,1.0,0.0,0.0,0.0,-436.74288510375504,70.0,50.05305806302697,0.9998673460438966,0.0,0.016287735113723525,0.0
4.508182048797607,5.376142297524549,-4.90546970825834,3.9007187783808446,-1.063932555110514,2.272965094480674,-1.5443820732825762,0.0,50.0,20.0,1.0,0.0,0.0,0.0,-437.2814152543897,70.0,50.036960345431,0.9999075948670683,0.0,0.013594179900052383,0.0
4.540547847747803,5.716639799567037,-5.353240376570436,4.079884293529217,-0.9447256007004121,2.3283592628938097,-1.5433411503695662,0.0,50.0,20.0,1.0,0.0,0.0,0.0,-438.21473744571017,70.0,50.01593708189165,0.9999601565015187,0.0,0.008926668441149699,0.0
4.5698018074035645,5.177059789690656,-5.2011118754317875,4.642807037897658,-0.8039716174766047,2.357920244227167,-1.5852557037589485,0.0,50.0,20.0,1.0,0.0,0.0,0.0,-438.6088887970975,70.0,50.00967642005973,0.9999758086572401,0.0,0.006955724282822674,0.0
4.60020899772644,5.381918117116209,-5.47138133301561,4.260796804686196,-0.7372271694060505,2.2079254990645585,-1.7737691352090603,0.0,50.0,20.0,1.0,0.0,0.0,0.0,-438.95433556009397,70.0,50.0054672200569,0.9999863318564487,0.0,0.005228393661965422,0.0
4.633698225021362,4.961054575164891,-4.67486220835662,3.5253795925080755,-0.825381329651323,2.3399235055652636,-1.9055813097547147,0.0,50.0,20.0,1.0,0.0,0.0,0.0,-439.25084913370324,70.0,50.00280617447544,0.999992984539203,0.0,0.0037457806098606795,0.0
4.666960954666138,5.48963013711107,-5.115774443565168,3.2344396928398567,-0.7951844549135411,2.306486992871204,-1.9678624033206529,0.0,50.0,20.0,1.0,0.0,0.0,0.0,-439.6963348389423,70.0,50.000461063713104,0.999998847340053,0.0,0.0015183275554039258,0.0
4.700047254562378,6.072347024540187,-4.909876547655193,3.4295945488425,-0.8407764643923116,2.2385399576873395,-1.8097076702701373,0.0,50.0,20.0,1.0,0.0,0.0,0.0,-439.845019675236,70.0,50.00012009457744,0.9999996997635113,0.0,0.000774901856473609,0.0
4.733479976654053,6.327060928480312,-4.464689445984317,3.095005185418081,-0.9380461886356981,2.2993226695568296,-1.931625834414607,0.0,50.0,20.0,1.0,0.0,0.0,0.0,-439.94419531460017,70.0,50.000015570815776,0.9999999610729599,0.0,0.0002790234378608704,0.0
4.752253532409668,6.144747275212141,-4.728838323490787,3.0243509277802456,-0.8169329735579411,2.434239194153762,-2.099768884819952,0.0,50.0,20.0,1.0,0.0,0.0,0.0,-439.9937988262781,70.0,50.00000019227278,0.9999999995193181,0.0,3.1005868624161984e-05,0.0
