# Timestamp, Fx, Fy, Fz, Tx, Ty, Tz, FemurPosX, FemurPosY, FemurPosZ, FemurQuatW, FemurQuatX, FemurQuatY, FemurQuatZ, TibiaPosX, TibiaPosY, TibiaPosZ, TibiaQuatW, TibiaQuatX, TibiaQuatY, TibiaQuatZ
0.04493594169616699,6.690556942173738,-3.1878281097270422,1.4211375334087606,-0.31386253113229523,2.3368787532613844,-1.048805884194666,0.0,50.0,20.0,1.0,0.0,0.0,0.0,-344.2448201670558,70.0,121.17387408685448,0.8025774913151549,0.0,0.5965478777384698,0.0
0.08860516548156738,7.226619638358041,-2.7653185563420415,1.9159351887253642,-0.15676174164817147,2.3973692077410047,-0.8721338935529548,0.0,50.0,20.0,1.0,0.0,0.0,0.0,-344.2448201670558,70.0,121.17387408685448,0.8025774913151549,0.0,0.5965478777384698,0.0
0.13334894180297852,7.306851302341795,-2.4493457748523606,2.5230058165506013,-0.18269741564675052,2.5,-1.01036038846947,0.0,50.0,20.0,1.0,0.0,0.0,0.0,-344.2448201670558,70.0,121.17387408685448,0.8025774913151549,0.0,0.5965478777384698,0.0
0.17677688598632812,6.788896336005185,-2.743300138485801,2.8363270905576092,-0.2733022924980806,2.3054930404443077,-0.9127899468529909,0.0,50.0,20.0,1.0,0.0,0.0,0.0,-344.2448201670558,70.0,121.17387408685448,0.8025774913151549,0.0,0.5965478777384698,0.0
0.22024798393249512,6.434452554024862,-2.7795423978546943,3.004302456805595,-0.19334224358961327,2.3035535650462546,-0.9855599271717255,0.0,50.0,20.0,1.0,0.0,0.0,0.0,-344.2448201670558,70.0,121.17387408685448,0.8025774913151549,0.0,0.5965478777384698,0.0
0.26370692253112793,6.035260615559883,-2.5022186974727507,3.048013854376503,-0.3428542632313534,2.2457615721092106,-1.069371727848122,0.0,50.0,20.0,1.0,0.0,0.0,0.0,-344.2448201670558,70.0,121.17387408685448,0.8025774913151549,0.0,0.5965478777384698,0.0
0.3065309524536133,5.914942168653484,-2.97134184372663,2.910927919629446,-0.23664046165608071,2.2406490492386144,-1.0666041842684353,0.0,50.0,20.0,1.0,0.0,0.0,0.0,-344.2448201670558,70.0,121.17387408685448,0.8025774913151549,0.0,0.5965478777384698,0.0
0.3502383232116699,5.205066160806843,-3.7485842413273662,3.438067815084776,-0.07872463996009293,2.3051236863602425,-1.1955795330258507,0.0,50.0,20.0,1.0,0.0,0.0,0.0,-344.2448201670558,70.0,121.17387408685448,0.8025774913151549,0.0,0.5965478777384698,0.0
0.3973658084869385,5.184063689653241,-4.383637558602497,2.811984320102029,0.11826056946809332,2.157937681935488,-1.3285109040333443,0.0,50.0,20.0,1.0,0.0,0.0,0.0,-344.2448201670558,70.0,121.17387408685448,0.8025774913151549,0.0,0.5965478777384698,0.0
0.44152140617370605,4.695078677919666,-3.65317933175695,2.9396377086997885,0.11156141465486893,1.9662848488546494,-1.1676392926003458,0.0,50.0,20.0,1.0,0.0,0.0,0.0,-344.2448201670558,70.0,121.17387408685448,0.8025774913151549,0.0,0.5965478777384698,0.0
0.48578882217407227,4.406844554827414,-3.2157567309914636,2.7933854599143606,0.2858848804807378,1.8905576220632312,-1.295970394167761,0.0,50.0,20.0,1.0,0.0,0.0,0.0,-344.2448201670558,70.0,121.17387408685448,0.8025774913151549,0.0,0.5965478777384698,0.0
0.5293009281158447,4.784164428212808,-3.5400159921423304,3.1295302285624764,0.21399849589044956,1.9528886862131527,-1.2139209473523533,0.0,50.0,20.0,1.0,0.0,0.0,0.0,-344.2448201670558,70.0,121.17387408685448,0.8025774913151549,0.0,0.5965478777384698,0.0
0.5727202892303467,4.115711244266639,-3.094319337289053,2.403713542409598,0.20597336947667164,1.994047630564589,-1.2699533694132574,0.0,50.0,20.0,1.0,0.0,0.0,0.0,-344.2448201670558,70.0,121.17387408685448,0.8025774913151549,0.0,0.5965478777384698,0.0
0.6157300472259521,4.282736011869063,-3.231474027740577,2.0051326360396744,0.18105460612313762,1.8647423245426327,-1.0991112436651245,0.0,50.0,20.0,1.0,0.0,0.0,0.0,-344.2448201670558,70.0,121.17387408685448,0.8025774913151549,0.0,0.5965478777384698,0.0
0.6590721607208252,4.750827491615041,-3.248672998826005,2.349358093639087,0.28338738318484735,1.9426123391455665,-0.9353282875903233,0.0,50.0,20.0,1.0,0.0,0.0,0.0,-344.2448201670558,70.0,121.17387408685448,0.8025774913151549,0.0,0.5965478777384698,0.0
0.7042355537414551,5.07342148406871,-3.8230625585471794,2.8142591843216476,0.1903674029936035,1.8070309650928158,-1.0167370258794366,0.0,50.0,20.0,1.0,0.0,0.0,0.0,-344.2448201670558,70.0,121.17387408685448,0.8025774913151549,0.0,0.5965478777384698,0.0
0.7521421909332275,5.58850542218074,-3.5098290081757493,2.960967541067256,0.3374865265439362,1.8720301250963471,-0.9701062326459924,0.0,50.0,20.0,1.0,0.0,0.0,0.0,-344.2448201670558,70.0,121.17387408685448,0.8025774913151549,0.0,0.5965478777384698,0.0
0.7980778217315674,5.400135441248478,-3.6922020244992133,3.1708988836264687,0.4108743669913154,1.7849889830764925,-0.7839922774683565,0.0,50.0,20.0,1.0,0.0,0.0,0.0,-344.2448201670558,70.0,121.17387408685448,0.8025774913151549,0.0,0.5965478777384698,0.0
0.8426227569580078,5.987151885438836,-3.228959026469293,3.198626492763612,0.23147363033270155,1.8556928167335005,-0.8213218855906378,0.0,50.0,20.0,1.0,0.0,0.0,0.0,-344.2448201670558,70.0,121.17387408685448,0.8025774913151549,0.0,0.5965478777384698,0.0
0.8867907524108887,6.037397701970464,-3.17509656705295,2.8602675416558907,0.19520929481395016,1.8275540489003088,-0.8012330558323086,0.0,50.0,20.0,1.0,0.0,0.0,0.0,-344.2448201670558,70.0,121.17387408685448,0.8025774913151549,0.0,0.5965478777384698,0.0
0.9313387870788574,6.234517122146761,-2.814914175105545,3.4341355985269733,0.11488420730387566,2.0239517457737626,-0.96293471499352,0.0,50.0,20.0,1.0,0.0,0.0,0.0,-344.2448201670558,70.0,121.17387408685448,0.8025774913151549,0.0,0.5965478777384698,0.0
0.9752225875854492,6.3188667883881635,-2.887542193726306,4.013249341641224,0.2927285670474564,1.986730390079294,-0.7965287585451328,0.0,50.0,20.0,1.0,0.0,0.0,0.0,-344.2448201670558,70.0,121.17387408685448,0.8025774913151549,0.0,0.5965478777384698,0.0
1.0187771320343018,5.605646620342329,-3.002773856432039,4.4599777614791565,0.14361745210534815,1.8978592016855649,-0.7271822580227474,0.0,50.0,20.0,1.0,0.0,0.0,0.0,-344.2448201670558,70.0,121.17387408685448,0.8025774913151549,0.0,0.5965478777384698,0.0
1.0625817775726318,5.400346455560964,-2.2586107577498726,5.052705102954015,0.1319248850785959,2.0639108852181334,-0.6738031802583788,0.0,50.0,20.0,1.0,0.0,0.0,0.0,-344.2448201670558,70.0,121.17387408685448,0.8025774913151549,0.0,0.5965478777384698,0.0
1.1063406467437744,5.308959241617718,-1.870334184790879,5.391398522787222,0.2809218619522494,2.15226306647857,-0.67241477559451,0.0,50.0,20.0,1.0,0.0,0.0,0.0,-344.2448201670558,70.0,121.17387408685448,0.8025774913151549,0.0,0.5965478777384698,0.0
1.1499996185302734,5.920424800698336,-1.1557316339981065,5.4469877352308975,0.29288149650354844,2.0175814206327845,-0.7449252969226746,0.0,50.0,20.0,1.0,0.0,0.0,0.0,-344.2448201670558,70.0,121.17387408685448,0.8025774913151549,0.0,0.5965478777384698,0.0
1.194453239440918,6.590835356237134,-1.2973791530303902,5.719839474537496,0.14611979352387258,2.1529426311394104,-0.7186926246635763,0.0,50.0,20.0,1.0,0.0,0.0,0.0,-344.2448201670558,70.0,121.17387408685448,0.8025774913151549,0.0,0.5965478777384698,0.0
1.238163709640503,6.613339079862462,-0.998658596485239,5.489682309782728,0.055131441593217534,2.075245787283582,-0.8815065283834935,0.0,50.0,20.0,1.0,0.0,0.0,0.0,-344.2448201670558,70.0,121.17387408685448,0.8025774913151549,0.0,0.5965478777384698,0.0
1.2812573909759521,6.8031915107860215,-0.9398985285144301,5.731906022232846,0.044715649680740016,1.910656000541997,-1.0004537723372229,0.0,50.0,20.0,1.0,0.0,0.0,0.0,-344.2448201670558,70.0,121.17387408685448,0.8025774913151549,0.0,0.5965478777384698,0.0
1.3249413967132568,6.350006622348722,-1.5087965749691863,5.614032229889814,0.03977967342304933,1.8958869336922353,-1.0478745394913795,0.0,50.0,20.0,1.0,0.0,0.0,0.0,-344.2448201670558,70.0,121.17387408685448,0.8025774913151549,0.0,0.5965478777384698,0.0
1.3684144020080566,6.760052799429408,-1.6446087751359053,5.904620726388899,0.15299641803075897,2.0577398837095235,-1.05027498420651,0.0,50.0,20.0,1.0,0.0,0.0,0.0,-344.2448201670558,70.0,121.17387408685448,0.8025774913151549,0.0,0.5965478777384698,0.0
1.412487506866455,7.542719231081727,-1.34393634373385,5.5129772270667,0.014562293169343099,1.9209334346195748,-0.9677113323282169,0.0,50.0,20.0,1.0,0.0,0.0,0.0,-344.2448201670558,70.0,121.17387408685448,0.8025774913151549,0.0,0.5965478777384698,0.0
1.456472396850586,8.240826339514038,-1.1205838473907614,5.595674499203888,-0.08777984686135397,1.834452079123713,-0.941870877834553,0.0,50.0,20.0,1.0,0.0,0.0,0.0,-344.2448201670558,70.0,121.17387408685448,0.8025774913151549,0.0,0.5965478777384698,0.0
1.501197338104248,8.727490147058626,-1.742248891933342,5.5486673650066995,-0.07192076190533479,1.918069835941936,-0.7659783497185215,0.0,50.0,20.0,1.0,0.0,0.0,0.0,-344.2448201670558,70.0,121.17387408685448,0.8025774913151549,0.0,0.5965478777384698,0.0
1.5449795722961426,8.403182806721018,-2.007307447214204,5.5149266550218785,-0.026539449323853173,2.0362837252432544,-0.9468458795380723,0.0,50.0,20.0,1.0,0.0,0.0,0.0,-344.2448201670558,70.0,121.17387408685448,0.8025774913151549,0.0,0.5965478777384698,0.0
1.588719367980957,7.612913869514481,-2.042896241482622,5.899461086341378,-0.19418857544429896,2.221122722754846,-0.9140783136049881,0.0,50.0,20.0,1.0,0.0,0.0,0.0,-344.2448201670558,70.0,121.17387408685448,0.8025774913151549,0.0,0.5965478777384698,0.0
1.6321392059326172,8.206214676188146,-2.4432017666564647,6.12983308097445,-0.26628645235574605,2.1038965541641437,-1.014586935626759,0.0,50.0,20.0,1.0,0.0,0.0,0.0,-344.2448201670558,70.0,121.17387408685448,0.8025774913151549,0.0,0.5965478777384698,0.0
1.676671028137207,8.945655664494456,-3.1509499332125355,6.132163262614157,-0.23964439545928365,2.2863666904174216,-1.0142129369862485,0.0,50.0,20.0,1.0,0.0,0.0,0.0,-344.2448201670558,70.0,121.17387408685448,0.8025774913151549,0.0,0.5965478777384698,0.0
1.7218475341796875,8.918435533258643,-2.491056530337974,5.4544746353947,-0.05081189364555247,2.346050234235246,-0.8272209719189405,0.0,50.0,20.0,1.0,0.0,0.0,0.0,-344.2448201670558,70.0,121.17387408685448,0.8025774913151549,0.0,0.5965478777384698,0.0
1.7652342319488525,9.117739740168881,-2.8049866245840565,6.17521904430049,-0.09881925645158315,2.3810398337373346,-0.8431177368817891,0.0,50.0,20.0,1.0,0.0,0.0,0.0,-344.2448201670558,70.0,121.17387408685448,0.8025774913151549,0.0,0.5965478777384698,0.0
1.8148465156555176,9.234955028974985,-2.669512840933571,5.878724426103912,0.015012247847210863,2.481502224063041,-0.976609020816412,0.0,50.0,20.0,1.0,0.0,0.0,0.0,-344.2448201670558,70.0,121.17387408685448,0.8025774913151549,0.0,0.5965478777384698,0.0
1.8598213195800781,9.66051427616879,-3.413104464361637,5.160017450517943,-0.03186777893748424,2.5,-1.0849256848450477,0.0,50.0,20.0,1.0,0.0,0.0,0.0,-344.2448201670558,70.0,121.17387408685448,0.8025774913151549,0.0,0.5965478777384698,0.0
1.9049098491668701,10.33703575822394,-3.5622224292050984,5.73308136796812,0.16608222693072208,2.5,-0.9413899183185899,0.0,50.0,20.0,1.0,0.0,0.0,0.0,-344.2448201670558,70.0,121.17387408685448,0.8025774913151549,0.0,0.5965478777384698,0.0
1.9493489265441895,9.781515524330013,-4.312927282322249,5.533687833045894,0.2581979227618669,2.452229565616777,-0.7539092023598206,0.0,50.0,20.0,1.0,0.0,0.0,0.0,-344.2448201670558,70.0,121.17387408685448,0.8025774913151549,0.0,0.5965478777384698,0.0
1.9937160015106201,10.127439870674317,-4.531035698451766,5.648421136380726,0.3010886297916447,2.312172337798742,-0.9277168569468998,0.0,50.0,20.0,1.0,0.0,0.0,0.0,-344.2448201670558,70.0,121.17387408685448,0.8025774913151549,0.0,0.5965478777384698,0.0
2.038073778152466,10.838036597795341,-5.220662891609071,6.2395169126803065,0.3874036523333061,2.297200749844569,-0.9698937907540217,0.0,50.0,20.0,1.0,0.0,0.0,0.0,-344.2448201670558,70.0,121.17387408685448,0.8025774913151549,0.0,0.5965478777384698,0.0
2.082111120223999,11.136698262163794,-5.75719327008948,5.542831841555501,0.5422570911259121,2.3524818333349224,-1.0185528370986388,0.0,50.0,20.0,1.0,0.0,0.0,0.0,-344.2448201670558,70.0,121.17387408685448,0.8025774913151549,0.0,0.5965478777384698,0.0
2.1261510848999023,10.735669811145263,-5.254965319768008,5.8860280292394815,0.5713943382998427,2.1830494075219744,-1.0495749602058106,0.0,50.0,20.0,1.0,0.0,0.0,0.0,-344.2448201670558,70.0,121.17387408685448,0.8025774913151549,0.0,0.5965478777384698,0.0
2.1700446605682373,11.108252831970544,-4.484699680997604,6.462073619815424,0.556458927053445,2.0778730829129093,-1.1004758459121233,0.0,50.0,20.0,1.0,0.0,0.0,0.0,-344.2448201670558,70.0,121.17387408685448,0.8025774913151549,0.0,0.5965478777384698,0.0
2.214484930038452,10.898755247841601,-4.122238865193613,6.282626536956998,0.4826030619346682,2.1431096967182652,-1.2656379664611865,0.0,50.0,20.0,1.0,0.0,0.0,0.0,-344.2448201670558,70.0,121.17387408685448,0.8025774913151549,0.0,0.5965478777384698,0.0
2.2585012912750244,10.932854703737032,-3.439286222308163,5.943575878745282,0.6430275036262438,2.212627414261855,-1.395574736298752,0.0,50.0,20.0,1.0,0.0,0.0,0.0,-344.2448201670558,70.0,121.17387408685448,0.8025774913151549,0.0,0.5965478777384698,0.0
2.3023338317871094,10.264527987558413,-3.5125844062643456,5.680773333457722,0.5250841075826109,2.0926708540073276,-1.4300650719697139,0.0,50.0,20.0,1.0,0.0,0.0,0.0,-344.2448201670558,70.0,121.17387408685448,0.8025774913151549,0.0,0.5965478777384698,0.0
2.3459084033966064,9.821094184844066,-3.1349352031195767,5.134363624595162,0.4582779926702186,1.9466547047342124,-1.4064825348237573,0.0,50.0,20.0,1.0,0.0,0.0,0.0,-344.2448201670558,70.0,121.17387408685448,0.8025774913151549,0.0,0.5965478777384698,0.0
2.3905227184295654,10.444555324307078,-3.9089944977792634,5.248402636093049,0.5795544038759608,1.7567184791373172,-1.514910340463393,0.0,50.0,20.0,1.0,0.0,0.0,0.0,-344.2448201670558,70.0,121.17387408685448,0.8025774913151549,0.0,0.5965478777384698,0.0
2.434192419052124,10.779217980003201,-3.3708448398242687,5.941389659646874,0.7428353155370224,1.740062753460026,-1.4119650503845054,0.0,50.0,20.0,1.0,0.0,0.0,0.0,-344.2448201670558,70.0,121.17387408685448,0.8025774913151549,0.0,0.5965478777384698,0.0
2.478019952774048,10.557233209799081,-4.076519151010525,6.629957647103319,0.6165320416490006,1.786788085286067,-1.3905254499747748,0.0,50.0,20.0,1.0,0.0,0.0,0.0,-344.2448201670558,70.0,121.17387408685448,0.8025774913151549,0.0,0.5965478777384698,0.0
2.5217745304107666,9.95172768522298,-3.676778671156631,7.086827026678782,0.6967233076306283,1.806845909442773,-1.3635411009724454,0.0,50.0,20.0,1.0,0.0,0.0,0.0,-344.2448201670558,70.0,121.17387408685448,0.8025774913151549,0.0,0.5965478777384698,0.0
2.5659523010253906,10.318937415755736,-3.2968730146307945,6.828425593827304,0.5307570596181089,1.8307928011783567,-1.5188973983350949,0.0,50.0,20.0,1.0,0.0,0.0,0.0,-344.2448201670558,70.0,121.17387408685448,0.8025774913151549,0.0,0.5965478777384698,0.0
2.609283447265625,10.661442565178032,-3.9092328532330667,7.106525703034376,0.5795651617573523,1.8044158025393868,-1.6806939742204114,0.0,50.0,20.0,1.0,0.0,0.0,0.0,-344.2448201670558,70.0,121.17387408685448,0.8025774913151549,0.0,0.5965478777384698,0.0
2.6530208587646484,10.197936836611817,-4.207450613135112,6.739142755637397,0.6862924661353496,1.913538495394566,-1.746486128742548,0.0,50.0,20.0,1.0,0.0,0.0,0.0,-344.2448201670558,70.0,121.17387408685448,0.8025774913151549,0.0,0.5965478777384698,0.0
2.6969704627990723,9.411602544239441,-3.448959014403561,7.237689511582829,0.5680933631562359,1.9161355805372506,-1.6426031864250643,0.0,50.0,20.0,1.0,0.0,0.0,0.0,-344.2448201670558,70.0,121.17387408685448,0.8025774913151549,0.0,0.5965478777384698,0.0
2.7410764694213867,8.872838435078265,-4.08488314723891,7.987331074137816,0.6488884681379465,1.718650376719732,-1.4791239077001308,0.0,50.0,20.0,1.0,0.0,0.0,0.0,-344.2448201670558,70.0,121.17387408685448,0.8025774913151549,0.0,0.5965478777384698,0.0
2.7883825302124023,8.187573559529518,-3.976212767353213,7.583234329544918,0.6205660856226803,1.9041490346417698,-1.461270238549309,0.0,50.0,20.0,1.0,0.0,0.0,0.0,-344.2448201670558,70.0,121.17387408685448,0.8025774913151549,0.0,0.5965478777384698,0.0
2.8432743549346924,8.378943337340424,-3.827341996905924,7.094587222809827,0.5714559811041506,1.9078278858084006,-1.4885360722454497,0.0,50.0,20.0,1.0,0.0,0.0,0.0,-344.2448201670558,70.0,121.17387408685448,0.8025774913151549,0.0,0.5965478777384698,0.0
2.88800048828125,7.79253488528217,-4.5536929383269396,7.179067282954894,0.6287971723457064,2.0650122596007283,-1.3476205271153394,0.0,50.0,20.0,1.0,0.0,0.0,0.0,-344.2448201670558,70.0,121.17387408685448,0.8025774913151549,0.0,0.5965478777384698,0.0
2.933194398880005,7.393107464769188,-5.045332333311147,7.168505032157545,0.6812994263850883,2.258588979611734,-1.1975197890800282,0.0,50.0,20.0,1.0,0.0,0.0,0.0,-344.2448201670558,70.0,121.17387408685448,0.8025774913151549,0.0,0.5965478777384698,0.0
2.9770731925964355,7.689920238959523,-5.287510029970819,7.414610551541108,0.8505417792656138,2.3198082935972963,-1.3809523478565597,0.0,50.0,20.0,1.0,0.0,0.0,0.0,-344.2448201670558,70.0,121.17387408685448,0.8025774913151549,0.0,0.5965478777384698,0.0
3.0210120677948,7.277198713041125,-5.831497493772652,7.296001528530257,0.6944950301630143,2.3822497566511336,-1.4377002727114558,0.0,50.0,20.0,1.0,0.0,0.0,0.0,-344.2448201670558,70.0,121.17387408685448,0.8025774913151549,0.0,0.5965478777384698,0.0
3.0647215843200684,7.73217555282165,-5.062391725537927,8.040198916737065,0.497276187642034,2.3528106394937667,-1.4433046379064798,0.0,50.0,20.0,1.0,0.0,0.0,0.0,-344.2448201670558,70.0,121.17387408685448,0.8025774913151549,0.0,0.5965478777384698,0.0
3.1079771518707275,8.168283794243276,-4.613579754405799,7.583075937676561,0.637919670190235,2.470139908614784,-1.3570234992846015,0.0,50.0,20.0,1.0,0.0,0.0,0.0,-344.2448201670558,70.0,121.17387408685448,0.8025774913151549,0.0,0.5965478777384698,0.0
3.1512019634246826,8.048716985398032,-3.8964092464202897,7.74862847974303,0.48882350226233395,2.4624238272848573,-1.4835058288672054,0.0,50.0,20.0,1.0,0.0,0.0,0.0,-344.2448201670558,70.0,121.17387408685448,0.8025774913151549,0.0,0.5965478777384698,0.0
3.1950743198394775,7.667246526664184,-3.9751505117587236,8.519425423870175,0.519405898896926,2.5,-1.5144553015447453,0.0,50.0,20.0,1.0,0.0,0.0,0.0,-344.2448201670558,70.0,121.17387408685448,0.8025774913151549,0.0,0.5965478777384698,0.0
3.239748001098633,8.338200719858746,-4.638855635074795,9.265259894406748,0.33666237730647475,2.460672172100512,-1.6581433452063097,0.0,50.0,20.0,1.0,0.0,0.0,0.0,-344.2448201670558,70.0,121.17387408685448,0.8025774913151549,0.0,0.5965478777384698,0.0
3.2838215827941895,8.21554728533465,-5.171510937654919,9.853566772750984,0.49696658419232487,2.3397874003853505,-1.4882771789356495,0.0,50.0,20.0,1.0,0.0,0.0,0.0,-344.2448201670558,70.0,121.17387408685448,0.8025774913151549,0.0,0.5965478777384698,0.0
3.328693389892578,7.6322096423989,-5.701379113572425,10.235260525307691,0.5803493644112967,2.1747821895834956,-1.2938556013705504,0.0,50.0,20.0,1.0,0.0,0.0,0.0,-344.2448201670558,70.0,121.17387408685448,0.8025774913151549,0.0,0.5965478777384698,0.0
3.3721065521240234,8.243789949431767,-6.136466605872816,9.875231664288703,0.5004113972314894,2.371662883285702,-1.4043747403548548,0.0,50.0,20.0,1.0,0.0,0.0,0.0,-344.2448201670558,70.0,121.17387408685448,0.8025774913151549,0.0,0.5965478777384698,0.0
3.4161007404327393,8.593689445916217,-6.806432921112036,10.14560479512896,0.4822370191788568,2.3667260415902605,-1.2745998888352097,0.0,50.0,20.0,1.0,0.0,0.0,0.0,-344.2448201670558,70.0,121.17387408685448,0.8025774913151549,0.0,0.5965478777384698,0.0
3.45959734916687,9.042518197385842,-7.110053032982548,9.350981160065448,0.3258340470207154,2.3185393141531794,-1.2837852129889258,0.0,50.0,20.0,1.0,0.0,0.0,0.0,-344.2448201670558,70.0,121.17387408685448,0.8025774913151549,0.0,0.5965478777384698,0.0
3.5029146671295166,9.182324009992458,-7.45780839072524,8.76805814674385,0.19468725749031907,2.3297017656892964,-1.3088025189632475,0.0,50.0,20.0,1.0,0.0,0.0,0.0,-344.2448201670558,70.0,121.17387408685448,0.8025774913151549,0.0,0.5965478777384698,0.0
3.547078847885132,9.42926754633995,-7.664795180923665,9.047161369245298,-0.6987520793001512,2.3828708859266063,-2.0694181909891474,0.0,50.0,20.0,1.0,0.0,0.0,0.0,-344.2448201670558,70.0,121.17387408685448,0.8025774913151549,0.0,0.5965478777384698,0.0
3.5912013053894043,9.169422966080443,-7.788299662644389,8.307001482928413,-0.8220293982527876,2.309531481224455,-2.031159001495634,0.0,50.0,20.0,1.0,0.0,0.0,0.0,-344.2448201670558,70.0,121.17387408685448,0.8025774913151549,0.0,0.5965478777384698,0.0
3.635021686553955,8.809015967252734,-8.266066487325794,7.783188775438308,-0.8893838504867787,2.1280016934778843,-1.8991656861992112,0.0,50.0,20.0,1.0,0.0,0.0,0.0,-344.2448201670558,70.0,121.17387408685448,0.8025774913151549,0.0,0.5965478777384698,0.0
3.679030179977417,8.286589913941885,-8.081112535075864,7.876665866035197,-1.037705678718846,2.22997233415172,-1.7569287738116146,0.0,50.0,20.0,1.0,0.0,0.0,0.0,-344.2448201670558,70.0,121.17387408685448,0.8025774913151549,0.0,0.5965478777384698,0.0
3.723273992538452,8.907377789301782,-8.827982285146984,7.771034700291813,-1.1625778434198761,2.0604658587957405,-1.8366260636949123,0.0,50.0,20.0,1.0,0.0,0.0,0.0,-344.2448201670558,70.0,121.17387408685448,0.8025774913151549,0.0,0.5965478777384698,0.0
3.76686692237854,8.994350645583824,-8.501078491574019,8.398352817166248,-1.2298148862746947,2.1120769083305175,-1.8551952018476512,0.0,50.0,20.0,1.0,0.0,0.0,0.0,-344.2448201670558,70.0,121.17387408685448,0.8025774913151549,0.0,0.5965478777384698,0.0
3.8135578632354736,8.339222379527419,-7.81073787743033,8.679294778597576,-1.2007275138134605,2.2918141966862455,-1.9314864820229825,0.0,50.0,20.0,1.0,0.0,0.0,0.0,-344.2448201670558,70.0,121.17387408685448,0.8025774913151549,0.0,0.5965478777384698,0.0
3.858096122741699,7.901781218249276,-7.674568976990514,7.918295978543943,-1.3302649792931551,2.2691920959737626,-2.0195479980348834,0.0,50.0,20.0,1.0,0.0,0.0,0.0,-344.2448201670558,70.0,121.17387408685448,0.8025774913151549,0.0,0.5965478777384698,0.0
3.903118133544922,7.525514428549197,-7.1070485878682925,8.092688977916989,-1.200612513295496,2.121042021502093,-1.8689567109290088,0.0,50.0,20.0,1.0,0.0,0.0,0.0,-344.2448201670558,70.0,121.17387408685448,0.8025774913151549,0.0,0.5965478777384698,0.0
3.947859048843384,7.249227072092774,-7.050279797354201,8.828555160675375,-1.113585781126538,2.2974208227812474,-1.7207747721469497,0.0,50.0,20.0,1.0,0.0,0.0,0.0,-344.2448201670558,70.0,121.17387408685448,0.8025774913151549,0.0,0.5965478777384698,0.0
3.992283821105957,7.768649457081178,-6.884594567005981,9.12849489341377,-0.9505793607891849,2.2302643752482045,-1.7233694065595637,0.0,50.0,20.0,1.0,0.0,0.0,0.0,-344.2448201670558,70.0,121.17387408685448,0.8025774913151549,0.0,0.5965478777384698,0.0
4.035991907119751,7.739828923826427,-6.717298991752725,8.409281811805569,-0.9497043264619907,2.234549455464162,-1.580080691461945,0.0,50.0,20.0,1.0,0.0,0.0,0.0,-344.2448201670558,70.0,121.17387408685448,0.8025774913151549,0.0,0.5965478777384698,0.0
4.079823732376099,7.741016766928026,-6.066603052590974,7.979305716543094,-0.7878742283698561,2.1798038401766457,-1.5420661578238795,0.0,50.0,20.0,1.0,0.0,0.0,0.0,-344.2448201670558,70.0,121.17387408685448,0.8025774913151549,0.0,0.5965478777384698,0.0
4.1249237060546875,7.5182253997378385,-6.425127686107012,8.749558747141945,-0.7308129193860315,2.247363828428048,-1.6766309244238013,0.0,50.0,20.0,1.0,0.0,0.0,0.0,-344.2448201670558,70.0,121.17387408685448,0.8025774913151549,0.0,0.5965478777384698,0.0
4.168862342834473,8.246756933795126,-6.068663367192009,8.25422839632423,-0.8940177649124779,2.14414822783015,-1.5048173093825383,0.0,50.0,20.0,1.0,0.0,0.0,0.0,-344.2448201670558,70.0,121.17387408685448,0.8025774913151549,0.0,0.5965478777384698,0.0
4.213032484054565,7.8422863160391625,-5.881630250287935,7.903465829653662,-1.0404954421609924,2.210497816557417,-1.4553299760619163,0.0,50.0,20.0,1.0,0.0,0.0,0.0,-344.2448201670558,70.0,121.17387408685448,0.8025774913151549,0.0,0.5965478777384698,0.0
4.257874965667725,7.435399826521165,-6.183030716458015,7.651818410141388,-1.0770510017915258,2.129005393342234,-1.432627757907841,0.0,50.0,20.0,1.0,0.0,0.0,0.0,-344.2448201670558,70.0,121.17387408685448,0.8025774913151549,0.0,0.5965478777384698,0.0
4.30247950553894,6.915357216060039,-6.588551074864068,7.109538185415853,-0.9769117207523805,2.285783346663188,-1.3887539013069865,0.0,50.0,20.0,1.0,0.0,0.0,0.0,-344.2448201670558,70.0,121.17387408685448,0.8025774913151549,0.0,0.5965478777384698,0.0
4.346210956573486,7.48407253031315,-7.330783098247151,7.089664946353312,-1.0458358698840189,2.442300438934445,-1.4716019632475013,0.0,50.0,20.0,1.0,0.0,0.0,0.0,-344.2448201670558,70.0,121.17387408685448,0.8025774913151549,0.0,0.5965478777384698,0.0
4.390420198440552,8.171847148653507,-8.021664940658898,6.476593562742064,-0.8708604995541653,2.5,-1.5153533512451443,0.0,50.0,20.0,1.0,0.0,0.0,0.0,-344.2448201670558,70.0,121.17387408685448,0.8025774913151549,0.0,0.5965478777384698,0.0
4.434460163116455,8.025359467332478,-8.204061500047848,6.801532739643772,-0.9944222640380113,2.5,-1.7019433304071416,0.0,50.0,20.0,1.0,0.0,0.0,0.0,-344.2448201670558,70.0,121.17387408685448,0.8025774913151549,0.0,0.5965478777384698,0.0
4.478448867797852,7.368614362251924,-7.99588433434552,6.275246819178288,-1.14663427369594,2.5,-1.6981498105011836,0.0,50.0,20.0,1.0,0.0,0.0,0.0,-344.2448201670558,70.0,121.17387408685448,0.8025774913151549,0.0,0.5965478777384698,0.0
4.522289991378784,6.5773970922271445,-8.40541011940423,5.9824917715690935,-1.036048366978867,2.5,-1.5571408991137536,0.0,50.0,20.0,1.0,0.0,0.0,0.0,-344.2448201670558,70.0,121.17387408685448,0.8025774913151549,0.0,0.5965478777384698,0.0
4.566107511520386,6.227309788844911,-8.684081566763794,6.53722061666557,-0.9169822430823551,2.371138087455985,-1.459759995388706,0.0,50.0,20.0,1.0,0.0,0.0,0.0,-344.2448201670558,70.0,121.17387408685448,0.8025774913151549,0.0,0.5965478777384698,0.0
4.610100507736206,5.678483739716016,-7.904853113328728,6.036232411084202,-0.8228269050295594,2.3848821503793065,-1.5011434393332603,0.0,50.0,20.0,1.0,0.0,0.0,0.0,-344.2448201670558,70.0,121.17387408685448,0.8025774913151549,0.0,0.5965478777384698,0.0
4.6536900997161865,5.594391221480965,-7.53338007657727,6.431146111894012,-0.9246406772175096,2.3052847175589153,-1.3391314983853908,0.0,50.0,20.0,1.0,0.0,0.0,0.0,-344.2448201670558,70.0,121.17387408685448,0.8025774913151549,0.0,0.5965478777384698,0.0
4.698040962219238,6.114879798147736,-7.801720402435411,6.24302145506624,-0.7906836748143353,2.3293061529902466,-1.3800732311451571,0.0,50.0,20.0,1.0,0.0,0.0,0.0,-344.2448201670558,70.0,121.17387408685448,0.8025774913151549,0.0,0.5965478777384698,0.0
4.7422497272491455,5.639907297473329,-7.354032890125559,5.838991424291296,-0.6271453147043257,2.433077640235655,-1.2504535222372801,0.0,50.0,20.0,1.0,0.0,0.0,0.0,-344.2448201670558,70.0,121.17387408685448,0.8025774913151549,0.0,0.5965478777384698,0.0
4.787013292312622,5.468570490300029,-6.673361567664243,5.737174566788492,-0.8105820439096374,2.5,-1.0508928317347161,0.0,50.0,20.0,1.0,0.0,0.0,0.0,-344.2448201670558,70.0,121.17387408685448,0.8025774913151549,0.0,0.5965478777384698,0.0
4.836733818054199,6.1284423860941075,-6.681026271462934,5.020029460465073,-0.8338193344140648,2.4786465916189444,-1.1298347424692274,0.0,50.0,20.0,1.0,0.0,0.0,0.0,-344.2448201670558,70.0,121.17387408685448,0.8025774913151549,0.0,0.5965478777384698,0.0
4.881885051727295,5.917101709216069,-6.560777106520454,5.714805967555856,-0.9804048244570699,2.446364530228424,-1.1497364334591094,0.0,50.0,20.0,1.0,0.0,0.0,0.0,-344.2448201670558,70.0,121.17387408685448,0.8025774913151549,0.0,0.5965478777384698,0.0
4.9275994300842285,5.641178679767354,-7.047705960059939,5.941044963415709,-0.9034705766341584,2.285749015438669,-1.3340603627878818,0.0,50.0,20.0,1.0,0.0,0.0,0.0,-344.2448201670558,70.0,121.17387408685448,0.8025774913151549,0.0,0.5965478777384698,0.0
4.983354091644287,5.02251771383913,-7.13768221613343,5.98887869267052,-1.0747426804594584,2.1741951580677292,-1.5159003546250178,0.0,50.0,20.0,1.0,0.0,0.0,0.0,-344.2448201670558,70.0,121.17387408685448,0.8025774913151549,0.0,0.5965478777384698,0.0
5.027184724807739,5.304792801424686,-6.599809211071117,5.340642014272787,-0.9582531173368536,2.3146012453017244,-1.510741176920754,0.0,50.0,20.0,1.0,0.0,0.0,0.0,-344.2448201670558,70.0,121.17387408685448,0.8025774913151549,0.0,0.5965478777384698,0.0
5.071539878845215,4.783300487064441,-6.090964584147169,5.497329942879175,-1.108144048126961,2.3048312672137823,-1.5048391119133409,0.0,50.0,20.0,1.0,0.0,0.0,0.0,-344.2448201670558,70.0,121.17387408685448,0.8025774913151549,0.0,0.5965478777384698,0.0
5.114670753479004,4.563714552331367,-5.862719870504133,5.409177120228796,-1.1370541906179044,2.2132504034886815,-1.378381550147242,0.0,50.0,20.0,1.0,0.0,0.0,0.0,-344.2448201670558,70.0,121.17387408685448,0.8025774913151549,0.0,0.5965478777384698,0.0
5.158149480819702,3.795128869351251,-6.481195921230631,4.719839360162564,-1.2803464604565775,2.055409900862586,-1.3793473575678088,0.0,50.0,20.0,1.0,0.0,0.0,0.0,-344.2448201670558,70.0,121.17387408685448,0.8025774913151549,0.0,0.5965478777384698,0.0
5.202550411224365,4.577218010192852,-5.9709970969276736,4.453683207678001,-1.3666309272021684,1.8692556093670425,-1.5473906786743012,0.0,50.0,20.0,1.0,0.0,0.0,0.0,-344.2448201670558,70.0,121.17387408685448,0.8025774913151549,0.0,0.5965478777384698,0.0
5.2465500831604,4.614981473939944,-5.562035990195152,5.049417554057162,-1.4143300226579578,1.7046502792596214,-1.4478252106389506,0.0,50.0,20.0,1.0,0.0,0.0,0.0,-344.2448201670558,70.0,121.17387408685448,0.8025774913151549,0.0,0.5965478777384698,0.0
5.290749549865723,3.911193620678448,-5.042915261278486,4.652163923391648,-1.2266481643163951,1.8352539433241573,-1.6355935243518425,0.0,50.0,20.0,1.0,0.0,0.0,0.0,-344.2448201670558,70.0,121.17387408685448,0.8025774913151549,0.0,0.5965478777384698,0.0
5.3352556228637695,4.673809280986687,-4.332185384577214,3.9112634170667673,-1.3925003739258088,1.9313917829349947,-1.5013728266350255,0.0,50.0,20.0,1.0,0.0,0.0,0.0,-344.2448201670558,70.0,121.17387408685448,0.8025774913151549,0.0,0.5965478777384698,0.0
5.37989068031311,5.000642314368876,-4.4968386748470754,3.2123072393447254,-1.484430788638138,1.8838915552836548,-1.3903960873335643,0.0,50.0,20.0,1.0,0.0,0.0,0.0,-344.2448201670558,70.0,121.17387408685448,0.8025774913151549,0.0,0.5965478777384698,0.0
5.424876689910889,4.311234786003906,-4.82998286894347,3.858127932477077,-1.3836225036820728,1.9578797858499157,-1.5159775926435677,0.0,50.0,20.0,1.0,0.0,0.0,0.0,-344.2448201670558,70.0,121.17387408685448,0.8025774913151549,0.0,0.5965478777384698,0.0
5.470460414886475,4.684868831745006,-4.257237785928568,3.4808501462419663,-1.4233757324188712,2.019330997850049,-1.487652048151286,0.0,50.0,20.0,1.0,0.0,0.0,0.0,-344.2448201670558,70.0,121.17387408685448,0.8025774913151549,0.0,0.5965478777384698,0.0
5.515292406082153,5.456934594962441,-3.5027634232289095,4.19342730865477,-1.295705378247682,2.140925110308862,-1.6846053111323973,0.0,50.0,20.0,1.0,0.0,0.0,0.0,-344.2448201670558,70.0,121.17387408685448,0.8025774913151549,0.0,0.5965478777384698,0.0
5.560625314712524,5.715859203829449,-3.962663692508358,3.459073742640988,-1.3697163320258663,2.2752178016112947,-1.7316557386453013,0.0,50.0,20.0,1.0,0.0,0.0,0.0,-344.2448201670558,70.0,121.17387408685448,0.8025774913151549,0.0,0.5965478777384698,0.0
5.604812383651733,5.91241114204084,-4.574576186832498,3.9589214650672355,-1.2222835104931395,2.2051649835229115,-1.5941674091561913,0.0,50.0,20.0,1.0,0.0,0.0,0.0,-344.2448201670558,70.0,121.17387408685448,0.8025774913151549,0.0,0.5965478777384698,0.0
5.648707151412964,5.376142297524549,-4.90546970825834,3.9007187783808446,-1.063932555110514,2.272965094480674,-1.5443820732825762,0.0,50.0,20.0,1.0,0.0,0.0,0.0,-344.2448201670558,70.0,121.17387408685448,0.8025774913151549,0.0,0.5965478777384698,0.0
5.692003011703491,5.716639799567037,-5.353240376570436,4.079884293529217,-0.9447256007004121,2.3283592628938097,-1.5433411503695662,0.0,50.0,20.0,1.0,0.0,0.0,0.0,-344.2448201670558,70.0,121.17387408685448,0.8025774913151549,0.0,0.5965478777384698,0.0
5.737089157104492,5.177059789690656,-5.2011118754317875,4.642807037897658,-0.8039716174766047,2.357920244227167,-1.5852557037589485,0.0,50.0,20.0,1.0,0.0,0.0,0.0,-344.2448201670558,70.0,121.17387408685448,0.8025774913151549,0.0,0.5965478777384698,0.0
5.781314134597778,5.381918117116209,-5.47138133301561,4.260796804686196,-0.7372271694060505,2.2079254990645585,-1.7737691352090603,0.0,50.0,20.0,1.0,0.0,0.0,0.0,-344.2448201670558,70.0,121.17387408685448,0.8025774913151549,0.0,0.5965478777384698,0.0
5.83071494102478,4.961054575164891,-4.67486220835662,3.5253795925080755,-0.825381329651323,2.3399235055652636,-1.9055813097547147,0.0,50.0,20.0,1.0,0.0,0.0,0.0,-344.2448201670558,70.0,121.17387408685448,0.8025774913151549,0.0,0.5965478777384698,0.0
5.875880241394043,5.48963013711107,-5.115774443565168,3.2344396928398567,-0.7951844549135411,2.306486992871204,-1.9678624033206529,0.0,50.0,20.0,1.0,0.0,0.0,0.0,-344.2448201670558,70.0,121.17387408685448,0.8025774913151549,0.0,0.5965478777384698,0.0
5.922351121902466,6.072347024540187,-4.909876547655193,3.4295945488425,-0.8407764643923116,2.2385399576873395,-1.8097076702701373,0.0,50.0,20.0,1.0,0.0,0.0,0.0,-344.2448201670558,70.0,121.17387408685448,0.8025774913151549,0.0,0.5965478777384698,0.0
5.9676172733306885,6.327060928480312,-4.464689445984317,3.095005185418081,-0.9380461886356981,2.2993226695568296,-1.931625834414607,0.0,50.0,20.0,1.0,0.0,0.0,0.0,-344.2448201670558,70.0,121.17387408685448,0.8025774913151549,0.0,0.5965478777384698,0.0
6.011781454086304,6.144747275212141,-4.728838323490787,3.0243509277802456,-0.8169329735579411,2.434239194153762,-2.099768884819952,0.0,50.0,20.0,1.0,0.0,0.0,0.0,-344.2448201670558,70.0,121.17387408685448,0.8025774913151549,0.0,0.5965478777384698,0.0
6.055478572845459,6.20391580684309,-4.475811010449478,2.7854552706021733,-1.0000518513893208,2.3365617641528362,-2.0719311159461293,0.0,50.0,20.0,1.0,0.0,0.0,0.0,-344.2448201670558,70.0,121.17387408685448,0.8025774913151549,0.0,0.5965478777384698,0.0
6.099788665771484,6.7946969310029806,-3.787761705248684,3.1755064810539486,-0.8608595786257234,2.284627681664942,-1.8766955844162903,0.0,50.0,20.0,1.0,0.0,0.0,0.0,-344.2448201670558,70.0,121.17387408685448,0.8025774913151549,0.0,0.5965478777384698,0.0
6.143869876861572,7.295046246859528,-3.482344265663438,3.8636727143330614,-0.6654825141550769,2.125154014150076,-1.7676341381649956,0.0,50.0,20.0,1.0,0.0,0.0,0.0,-344.2448201670558,70.0,121.17387408685448,0.8025774913151549,0.0,0.5965478777384698,0.0
6.188321113586426,7.957026912129139,-3.200489987400214,3.502092813680761,-0.8265919350678912,2.0846248720218794,-1.7033771542216953,0.0,50.0,20.0,1.0,0.0,0.0,0.0,-344.2448201670558,70.0,121.17387408685448,0.8025774913151549,0.0,0.5965478777384698,0.0
6.233121633529663,8.713641424831996,-3.433787278564232,3.2564026992522734,-0.7129296977824935,2.211357998107669,-1.5242631442097179,0.0,50.0,20.0,1.0,0.0,0.0,0.0,-344.2448201670558,70.0,121.17387408685448,0.8025774913151549,0.0,0.5965478777384698,0.0
6.277105331420898,8.583236387563156,-2.8937882519152223,2.573918989342348,-0.8361090566567301,2.047988627179576,-1.6236760160836545,0.0,50.0,20.0,1.0,0.0,0.0,0.0,-344.2448201670558,70.0,121.17387408685448,0.8025774913151549,0.0,0.5965478777384698,0.0
6.321240186691284,8.232205163080886,-2.775997211716188,2.336367207760742,-0.9772131164850266,2.0799404259374237,-1.5950263487276612,0.0,50.0,20.0,1.0,0.0,0.0,0.0,-344.2448201670558,70.0,121.17387408685448,0.8025774913151549,0.0,0.5965478777384698,0.0
6.365308046340942,7.442706156712567,-2.8999304389839087,3.056606804058151,-0.8010986305001662,2.117925132897868,-1.7792593437248834,0.0,50.0,20.0,1.0,0.0,0.0,0.0,-344.2448201670558,70.0,121.17387408685448,0.8025774913151549,0.0,0.5965478777384698,0.0
6.410086631774902,8.216061300415651,-2.126931347807469,2.7945316991750184,-0.8102328612697697,2.0584247976305434,-1.5849106723095794,0.0,50.0,20.0,1.0,0.0,0.0,0.0,-344.2448201670558,70.0,121.17387408685448,0.8025774913151549,0.0,0.5965478777384698,0.0
6.454393625259399,8.739184482207648,-2.0696881153384368,2.1809209741639455,-0.6643779765941539,2.054247859328951,-1.395460811126971,0.0,50.0,20.0,1.0,0.0,0.0,0.0,-344.2448201670558,70.0,121.17387408685448,0.8025774913151549,0.0,0.5965478777384698,0.0
6.4988322257995605,8.981156754220452,-1.487955895969945,1.7942212272483409,-0.6520749737706399,1.9373073158633256,-1.3968040376371198,0.0,50.0,20.0,1.0,0.0,0.0,0.0,-344.2448201670558,70.0,121.17387408685448,0.8025774913151549,0.0,0.5965478777384698,0.0
6.543994903564453,9.618989212009893,-2.180044574769612,1.4131083863596825,-0.743654642527765,1.9358478091743758,-1.2337654458477367,0.0,50.0,20.0,1.0,0.0,0.0,0.0,-344.2448201670558,70.0,121.17387408685448,0.8025774913151549,0.0,0.5965478777384698,0.0
6.587831735610962,9.84798146862129,-2.1898380652139555,1.7936237348652995,-0.669446789515727,2.0088910130914317,-1.1135690303630703,0.0,50.0,20.0,1.0,0.0,0.0,0.0,-344.2448201670558,70.0,121.17387408685448,0.8025774913151549,0.0,0.5965478777384698,0.0
6.6318206787109375,10.109070279127188,-2.750605890552804,1.5555833245841084,-0.5471881348437886,1.9577378179164189,-1.2685913891691412,0.0,50.0,20.0,1.0,0.0,0.0,0.0,-344.2448201670558,70.0,121.17387408685448,0.8025774913151549,0.0,0.5965478777384698,0.0
6.676177263259888,10.21309056183461,-3.2689555178176724,1.1536150503560734,-0.7041944580673055,2.0207076112573197,-1.3209397827435128,0.0,50.0,20.0,1.0,0.0,0.0,0.0,-344.2448201670558,70.0,121.17387408685448,0.8025774913151549,0.0,0.5965478777384698,0.0
6.72002649307251,9.700202704824223,-2.7992619449051257,1.8390502383544598,-0.6194328118250186,1.9014851746689092,-1.1981143807499748,0.0,50.0,20.0,1.0,0.0,0.0,0.0,-344.2448201670558,70.0,121.17387408685448,0.8025774913151549,0.0,0.5965478777384698,0.0
6.7639007568359375,9.203592017411177,-3.4257451936596017,2.2501345344434247,-0.5354393764976175,1.898283797276004,-1.0920675451141395,0.0,50.0,20.0,1.0,0.0,0.0,0.0,-344.2448201670558,70.0,121.17387408685448,0.8025774913151549,0.0,0.5965478777384698,0.0
6.808582305908203,8.69826328090165,-3.1521767972477885,2.670974245856212,-0.5696674250276257,1.9430684117128545,-1.1254997161941795,0.0,50.0,20.0,1.0,0.0,0.0,0.0,-344.2448201670558,70.0,121.17387408685448,0.8025774913151549,0.0,0.5965478777384698,0.0
6.854464292526245,8.682872091013044,-2.646290273952804,2.0514129100974055,-0.7171386492989676,1.7835303288108453,-1.0314071581823403,0.0,50.0,20.0,1.0,0.0,0.0,0.0,-344.2448201670558,70.0,121.17387408685448,0.8025774913151549,0.0,0.5965478777384698,0.0
6.904632568359375,9.04040779393872,-1.8463473468010791,2.4179830064198558,-0.664559474509779,1.8600131628993395,-0.8929223930018271,0.0,50.0,20.0,1.0,0.0,0.0,0.0,-344.2448201670558,70.0,121.17387408685448,0.8025774913151549,0.0,0.5965478777384698,0.0
6.949401140213013,9.653193378679541,-1.8983506009570845,2.3114657153769818,-0.509404249536543,1.7400871911720495,-1.066701724127995,0.0,50.0,20.0,1.0,0.0,0.0,0.0,-344.2448201670558,70.0,121.17387408685448,0.8025774913151549,0.0,0.5965478777384698,0.0
6.995606184005737,10.293047122650398,-2.5541233972836666,2.212162526929821,-0.37318894625559335,1.5532782710872777,-1.1536548507172388,0.0,50.0,20.0,1.0,0.0,0.0,0.0,-344.2448201670558,70.0,121.17387408685448,0.8025774913151549,0.0,0.5965478777384698,0.0
7.040560483932495,9.604223871133144,-2.908670127349537,2.5160161749002103,-0.49351370210965223,1.4578525928931243,-1.0816037946635064,0.0,50.0,20.0,1.0,0.0,0.0,0.0,-344.2448201670558,70.0,121.17387408685448,0.8025774913151549,0.0,0.5965478777384698,0.0
7.084443807601929,8.915232829018603,-3.298893915636643,2.6651731954652296,-0.36100846191944935,1.6233998441816124,-1.2320294366597104,0.0,50.0,20.0,1.0,0.0,0.0,0.0,-344.2448201670558,70.0,121.17387408685448,0.8025774913151549,0.0,0.5965478777384698,0.0
7.127503871917725,9.045767021016609,-3.2843147421390584,2.528129410218633,-0.23606408349896296,1.7573953793954236,-1.2011004732264026,0.0,50.0,20.0,1.0,0.0,0.0,0.0,-344.2448201670558,70.0,121.17387408685448,0.8025774913151549,0.0,0.5965478777384698,0.0
7.170373439788818,8.573419552345399,-2.592650962622062,2.6663861911379216,-0.37119058968787805,1.9418829999591316,-1.0589476302880678,0.0,50.0,20.0,1.0,0.0,0.0,0.0,-344.2448201670558,70.0,121.17387408685448,0.8025774913151549,0.0,0.5965478777384698,0.0
7.2140302658081055,8.293130694524166,-2.2015096868724973,2.9994700518663056,-0.20361299362154572,1.7887645500103109,-1.1875840836173415,0.0,50.0,20.0,1.0,0.0,0.0,0.0,-344.2448201670558,70.0,121.17387408685448,0.8025774913151549,0.0,0.5965478777384698,0.0
7.257964134216309,8.487323585007045,-1.9554907117020812,2.5711664512011723,-0.21212333312568565,1.9376557149717457,-1.0361764545744319,0.0,50.0,20.0,1.0,0.0,0.0,0.0,-344.2448201670558,70.0,121.17387408685448,0.8025774913151549,0.0,0.5965478777384698,0.0
7.302113771438599,8.175989545947594,-1.27816321618569,2.787019266815798,-0.3200722296112807,2.058976409117196,-0.9499568042641652,0.0,50.0,20.0,1.0,0.0,0.0,0.0,-344.2448201670558,70.0,121.17387408685448,0.8025774913151549,0.0,0.5965478777384698,0.0
7.345947265625,7.729892508569001,-1.8822327624775728,2.1879041302161983,-0.2594806691418194,2.003578753167195,-0.9365255425676248,0.0,50.0,20.0,1.0,0.0,0.0,0.0,-344.2448201670558,70.0,121.17387408685448,0.8025774913151549,0.0,0.5965478777384698,0.0
7.389438152313232,7.674689032069778,-1.6620932385480007,1.6227265985342496,-0.15185054343106846,2.186890046459362,-1.0976827272951968,0.0,50.0,20.0,1.0,0.0,0.0,0.0,-344.2448201670558,70.0,121.17387408685448,0.8025774913151549,0.0,0.5965478777384698,0.0
7.433812141418457,7.108699878462425,-1.546581283356502,1.7788654974565477,-0.07439784443339098,2.3637373708434732,-1.2056191567329155,0.0,50.0,20.0,1.0,0.0,0.0,0.0,-344.2448201670558,70.0,121.17387408685448,0.8025774913151549,0.0,0.5965478777384698,0.0
7.477797031402588,6.484787765483803,-2.224002503621912,1.0536832292529508,-0.07004395424454216,2.206914186346311,-1.0665087652276668,0.0,50.0,20.0,1.0,0.0,0.0,0.0,-344.2448201670558,70.0,121.17387408685448,0.8025774913151549,0.0,0.5965478777384698,0.0
7.523061275482178,6.58326686635056,-2.613855488119033,1.3537430257461005,-0.23886064098780707,2.392952068280865,-0.9440555609396413,0.0,50.0,20.0,1.0,0.0,0.0,0.0,-344.2448201670558,70.0,121.17387408685448,0.8025774913151549,0.0,0.5965478777384698,0.0
7.5676867961883545,7.1535296351561115,-1.970013185278007,1.8051725846964317,-0.29061290319067407,2.5,-1.1375322631201161,0.0,50.0,20.0,1.0,0.0,0.0,0.0,-344.2448201670558,70.0,121.17387408685448,0.8025774913151549,0.0,0.5965478777384698,0.0
7.6120898723602295,7.396642105142955,-2.7470460397239993,1.3516802474848801,-0.18440083817050434,2.3201040949459606,-1.2048856916838382,0.0,50.0,20.0,1.0,0.0,0.0,0.0,-344.2448201670558,70.0,121.17387408685448,0.8025774913151549,0.0,0.5965478777384698,0.0
7.6567699909210205,7.876292454006279,-3.4828434959177144,1.2590585777729664,-0.16309832197375457,2.239161798867257,-1.2363996340783474,0.0,50.0,20.0,1.0,0.0,0.0,0.0,-344.2448201670558,70.0,121.17387408685448,0.8025774913151549,0.0,0.5965478777384698,0.0
7.701860427856445,7.668972305854843,-4.214555118730355,1.8727415598278063,-0.1426977153491493,2.1160872648825233,-1.3358423357419154,0.0,50.0,20.0,1.0,0.0,0.0,0.0,-344.2448201670558,70.0,121.17387408685448,0.8025774913151549,0.0,0.5965478777384698,0.0
7.7466490268707275,7.161179130683389,-3.714960887374385,1.84777323450916,-0.1073997665336969,1.9647733671978727,-1.4278858235305838,0.0,50.0,20.0,1.0,0.0,0.0,0.0,-344.2448201670558,70.0,121.17387408685448,0.8025774913151549,0.0,0.5965478777384698,0.0
7.791513204574585,6.914608205557072,-3.522498315713612,1.999497094756801,-0.16960946484649067,2.0924326343577055,-1.5818019923295557,0.0,50.0,20.0,1.0,0.0,0.0,0.0,-344.2448201670558,70.0,121.17387408685448,0.8025774913151549,0.0,0.5965478777384698,0.0
7.840197801589966,6.629119477485443,-3.0892197126204404,2.216717622543931,-0.2474838183934198,2.050870051288416,-1.6687283075212602,0.0,50.0,20.0,1.0,0.0,0.0,0.0,-344.2448201670558,70.0,121.17387408685448,0.8025774913151549,0.0,0.5965478777384698,0.0
7.886375665664673,6.958575395492192,-2.4971956742339376,1.9043736306345789,-0.27256598726004994,2.1929102748386935,-1.7081530658624244,0.0,50.0,20.0,1.0,0.0,0.0,0.0,-344.2448201670558,70.0,121.17387408685448,0.8025774913151549,0.0,0.5965478777384698,0.0
7.931230783462524,6.806949215069568,-3.197194088059736,2.612396917563873,-0.24351002948672584,2.2496110616574763,-1.7011574662149185,0.0,50.0,20.0,1.0,0.0,0.0,0.0,-344.2448201670558,70.0,121.17387408685448,0.8025774913151549,0.0,0.5965478777384698,0.0
7.976353883743286,6.56640548743104,-2.6482504576258528,3.396944703421738,-0.35476388429492167,2.127658208540522,-1.631142600940373,0.0,50.0,20.0,1.0,0.0,0.0,0.0,-344.2448201670558,70.0,121.17387408685448,0.8025774913151549,0.0,0.5965478777384698,0.0
8.02208662033081,5.951321651786826,-2.7455426286284728,2.972749987464611,-0.5139246652807977,2.249433178115747,-1.8205722955979446,0.0,50.0,20.0,1.0,0.0,0.0,0.0,-344.2448201670558,70.0,121.17387408685448,0.8025774913151549,0.0,0.5965478777384698,0.0
8.067854166030884,5.539406696339256,-2.461864770429865,3.5086398995903068,-0.6173436490713564,2.3268156286370343,-2.0174236524363454,0.0,50.0,20.0,1.0,0.0,0.0,0.0,-344.2448201670558,70.0,121.17387408685448,0.8025774913151549,0.0,0.5965478777384698,0.0
8.116188287734985,4.810591937916987,-2.7406198809037003,3.61585920982302,-0.7467043504903987,2.402904897688819,-1.950543808834631,0.0,50.0,20.0,1.0,0.0,0.0,0.0,-344.2448201670558,70.0,121.17387408685448,0.8025774913151549,0.0,0.5965478777384698,0.0
8.161625146865845,5.43959672074736,-2.1861694261107574,4.178142512856967,-0.7986949577554189,2.5,-1.8523106552239006,0.0,50.0,20.0,1.0,0.0,0.0,0.0,-344.2448201670558,70.0,121.17387408685448,0.8025774913151549,0.0,0.5965478777384698,0.0
8.205756187438965,5.027343382511863,-1.4885929058836642,4.658125675420145,-0.7671527937491021,2.3062127267834347,-1.9662574426909896,0.0,50.0,20.0,1.0,0.0,0.0,0.0,-344.2448201670558,70.0,121.17387408685448,0.8025774913151549,0.0,0.5965478777384698,0.0
