# Timestamp, Fx, Fy, Fz, Tx, Ty, Tz, FemurPosX, FemurPosY, FemurPosZ, FemurQuatW, FemurQuatX, FemurQuatY, FemurQuatZ, TibiaPosX, TibiaPosY, TibiaPosZ, TibiaQuatW, TibiaQuatX, TibiaQuatY, TibiaQuatZ
0.008629560470581055,4.035951750328616,-5.804676265193355,-10.350152630752342,1.8754175602129504,-0.9271060260179506,-0.8227210081085596,0.0,50.0,20.0,1.0,0.0,0.0,0.0,-369.28932188134524,70.0,79.28932188134524,0.9238795325112867,0.0,0.3826834323650898,0.0
0.03856515884399414,3.3048318362166875,-5.59247954132282,-10.811807803172002,1.7177756665488673,-0.7840873211895907,-0.7687168657867204,0.0,50.0,20.0,1.0,0.0,0.0,0.0,-369.28932188134524,70.0,79.28932188134524,0.9238795325112867,0.0,0.3826834323650898,0.0
0.07029604911804199,2.7205973547124342,-6.000202796234842,-11.515377476965131,1.5222961260099153,-0.7604413138743364,-0.874487126350831,0.0,50.0,20.0,1.0,0.0,0.0,0.0,-369.28932188134524,70.0,79.28932188134524,0.9238795325112867,0.0,0.3826834323650898,0.0
0.10060644149780273,1.9809145446296605,-6.643313231507978,-11.143515009906992,1.5858181760425687,-0.6578895451868656,-0.9825118792600425,0.0,50.0,20.0,1.0,0.0,0.0,0.0,-369.28932188134524,70.0,79.28932188134524,0.9238795325112867,0.0,0.3826834323650898,0.0
0.13030147552490234,2.5314757350216044,-6.249211433541362,-10.71064354626464,1.5431261220942354,-0.7341766013278226,-1.0032460004056805,0.0,50.0,20.0,1.0,0.0,0.0,0.0,-369.28932188134524,70.0,79.28932188134524,0.9238795325112867,0.0,0.3826834323650898,0.0
0.16060471534729004,2.041105961134946,-5.5571728048400155,-10.88753347731972,1.5752362231107773,-0.9167806623389684,-1.0354231769260096,0.0,50.0,20.0,1.0,0.0,0.0,0.0,-369.28932188134524,70.0,79.28932188134524,0.9238795325112867,0.0,0.3826834323650898,0.0
0.19023513793945312,2.1246431346405155,-5.5896527687861095,-10.76866450930804,1.496824646207661,-0.9004394472931181,-1.0803552151392386,0.0,50.0,20.0,1.0,0.0,0.0,0.0,-369.28932188134524,70.0,79.28932188134524,0.9238795325112867,0.0,0.3826834323650898,0.0
0.22229814529418945,2.340971577989289,-6.2841481964757655,-10.094923570711968,1.4374561452825818,-0.9375700843659438,-0.9265416624754729,0.0,50.0,20.0,1.0,0.0,0.0,0.0,-369.28932188134524,70.0,79.28932188134524,0.9238795325112867,0.0,0.3826834323650898,0.0
0.2519659996032715,2.346518651717176,-6.508151133704519,-10.87128312594062,1.608089262034285,-1.0527358599631151,-1.1149810604943697,0.0,50.0,20.0,1.0,0.0,0.0,0.0,-369.28932188134524,70.0,79.28932188134524,0.9238795325112867,0.0,0.3826834323650898,0.0
0.2824115753173828,2.1496838288100935,-6.752080726639052,-10.202146046260989,1.788175719912481,-0.9145456525410576,-1.1524302447193042,0.0,50.0,20.0,1.0,0.0,0.0,0.0,-369.28932188134524,70.0,79.28932188134524,0.9238795325112867,0.0,0.3826834323650898,0.0
0.3119654655456543,2.8864822504936822,-6.679083383699333,-9.787972857763238,1.7841676852537183,-0.9242895978222941,-0.997393696560259,0.0,50.0,20.0,1.0,0.0,0.0,0.0,-369.28932188134524,70.0,79.28932188134524,0.9238795325112867,0.0,0.3826834323650898,0.0
0.3421478271484375,3.308466134649635,-6.163490691732948,-9.199920409690089,1.7869624172799399,-0.9578525579575661,-0.9621965515440493,0.0,50.0,20.0,1.0,0.0,0.0,0.0,-369.28932188134524,70.0,79.28932188134524,0.9238795325112867,0.0,0.3826834323650898,0.0
0.37423181533813477,3.0119178865753797,-5.399300424011408,-9.862822939430142,1.8258291226976282,-1.0349452248920563,-1.018733936354395,0.0,50.0,20.0,1.0,0.0,0.0,0.0,-369.28932188134524,70.0,79.28932188134524,0.9238795325112867,0.0,0.3826834323650898,0.0
0.40421295166015625,2.786042210931405,-5.376927888918774,-10.489829454375588,1.9239645793122144,-1.0136628384332054,-0.9766747749947433,0.0,50.0,20.0,1.0,0.0,0.0,0.0,-369.28932188134524,70.0,79.28932188134524,0.9238795325112867,0.0,0.3826834323650898,0.0
0.43438172340393066,2.811393307486173,-5.957269811841059,-10.225355980756277,2.001032203512432,-1.0590918075265816,-0.9634001018903368,0.0,50.0,20.0,1.0,0.0,0.0,0.0,-369.28932188134524,70.0,79.28932188134524,0.9238795325112867,0.0,0.3826834323650898,0.0
0.46414947509765625,2.2534910221785056,-6.48605303150986,-10.32214380177843,1.9822502869626601,-1.0356652534690516,-0.7833287303329183,0.0,50.0,20.0,1.0,0.0,0.0,0.0,-369.28932188134524,70.0,79.28932188134524,0.9238795325112867,0.0,0.3826834323650898,0.0
0.49373340606689453,2.6104487586906435,-7.044733310504794,-9.57555047463514,1.9909435787903793,-1.0046149811358243,-0.600839626026985,0.0,50.0,20.0,1.0,0.0,0.0,0.0,-369.28932188134524,70.0,79.28932188134524,0.9238795325112867,0.0,0.3826834323650898,0.0
0.5270817279815674,3.0485016066328066,-6.4120975612219056,-8.911141365475457,2.047946232701847,-0.8707856904166208,-0.4083025918642361,0.0,50.0,20.0,1.0,0.0,0.0,0.0,-369.28932188134524,70.0,79.28932188134524,0.9238795325112867,0.0,0.3826834323650898,0.0
0.5559597015380859,2.7165652080489857,-6.524125083907755,-8.969607485668146,2.068140711872752,-0.8462213212501348,-0.4619037927389039,0.0,50.0,20.0,1.0,0.0,0.0,0.0,-369.28932188134524,70.0,79.28932188134524,0.9238795325112867,0.0,0.3826834323650898,0.0
0.5870456695556641,3.4098452018795764,-6.789939980260123,-8.467482951151645,1.949336792372419,-0.7765948687006962,-0.39782209774716754,0.0,50.0,20.0,1.0,0.0,0.0,0.0,-369.28932188134524,70.0,79.28932188134524,0.9238795325112867,0.0,0.3826834323650898,0.0
0.6156830787658691,4.190123916527472,-6.166342596464638,-9.249381152814724,2.0689059124837956,-0.9137026428999271,-0.5132510123057598,0.0,50.0,20.0,1.0,0.0,0.0,0.0,-369.28932188134524,70.0,79.28932188134524,0.9238795325112867,0.0,0.3826834323650898,0.0
0.6466288566589355,4.492424182565267,-5.512987081683939,-9.802427291489229,1.9192314792697227,-0.9222824928140543,-0.42136804613357143,0.0,50.0,20.0,1.0,0.0,0.0,0.0,-369.28932188134524,70.0,79.28932188134524,0.9238795325112867,0.0,0.3826834323650898,0.0
0.6787188053131104,4.0755179379953335,-5.437873542386992,-10.215163017851813,1.7586381326225917,-0.9298497687544999,-0.3502600607988396,0.0,50.0,20.0,1.0,0.0,0.0,0.0,-369.28932188134524,70.0,79.28932188134524,0.9238795325112867,0.0,0.3826834323650898,0.0
0.7084579467773438,4.383202782991395,-5.991485612901576,-10.387027538991621,1.6491867790902368,-0.8113028725894574,-0.2047665689911895,0.0,50.0,20.0,1.0,0.0,0.0,0.0,-369.28932188134524,70.0,79.28932188134524,0.9238795325112867,0.0,0.3826834323650898,0.0
0.738922119140625,4.853468964083421,-5.9208692389164215,-11.033263388917165,1.585812243947205,-1.010682917290993,-0.13788028417343512,0.0,50.0,20.0,1.0,0.0,0.0,0.0,-369.28932188134524,70.0,79.28932188134524,0.9238795325112867,0.0,0.3826834323650898,0.0
0.7699666023254395,4.713075870686219,-5.1398373731157045,-10.570801601531059,1.4227467697699943,-1.1202951256951363,0.035420020452304246,0.0,50.0,20.0,1.0,0.0,0.0,0.0,-369.28932188134524,70.0,79.28932188134524,0.9238795325112867,0.0,0.3826834323650898,0.0
0.7998261451721191,4.821095893777836,-4.736051837162711,-10.404664377445256,1.4513842283544884,-1.2475066134468664,0.11019393065846084,0.0,50.0,20.0,1.0,0.0,0.0,0.0,-369.28932188134524,70.0,79.28932188134524,0.9238795325112867,0.0,0.3826834323650898,0.0
0.8297607898712158,4.786058262375066,-4.7382907486081445,-9.897132923469707,1.5529594819340509,-1.2952945645734923,-0.04697227607003818,0.0,50.0,20.0,1.0,0.0,0.0,0.0,-369.28932188134524,70.0,79.28932188134524,0.9238795325112867,0.0,0.3826834323650898,0.0
0.8605432510375977,4.300751703060262,-4.158940823966986,-10.458538973637385,1.6544988579132158,-1.376280457430062,-0.05415220490112041,0.0,50.0,20.0,1.0,0.0,0.0,0.0,-369.28932188134524,70.0,79.28932188134524,0.9238795325112867,0.0,0.3826834323650898,0.0
0.8907241821289062,4.182865353688158,-4.319188577853651,-10.7043918745094,1.6994457925275648,-1.3353921107885927,-0.07397105192827524,0.0,50.0,20.0,1.0,0.0,0.0,0.0,-369.28932188134524,70.0,79.28932188134524,0.9238795325112867,0.0,0.3826834323650898,0.0
0.9231741428375244,4.60241903811563,-3.676790702908183,-10.907901489417187,1.5945250603734196,-1.457905573677861,-0.2575131059896718,0.0,50.0,20.0,1.0,0.0,0.0,0.0,-369.28932188134524,70.0,79.28932188134524,0.9238795325112867,0.0,0.3826834323650898,0.0
0.9528994560241699,4.641523382277034,-3.7517720905199416,-10.381628827697677,1.6409599429610988,-1.5143385173133752,-0.32559258723541795,0.0,50.0,20.0,1.0,0.0,0.0,0.0,-369.28932188134524,70.0,79.28932188134524,0.9238795325112867,0.0,0.3826834323650898,0.0
0.9824419021606445,4.9271540756656265,-4.1304427511301345,-10.000527824488348,1.65689744198002,-1.5347211211260936,-0.192479204433521,0.0,50.0,20.0,1.0,0.0,0.0,0.0,-369.28932188134524,70.0,79.28932188134524,0.9238795325112867,0.0,0.3826834323650898,0.0
1.012385606765747,4.938611230719486,-4.006183050471534,-10.255788559020617,1.6876963998136534,-1.3366025953959395,-0.11298302240106295,0.0,50.0,20.0,1.0,0.0,0.0,0.0,-369.28932188134524,70.0,79.28932188134524,0.9238795325112867,0.0,0.3826834323650898,0.0
1.042370319366455,4.277856944189168,-4.203863193789291,-10.465176168708123,1.714206064644798,-1.1445021520479588,-0.1550917865908184,0.0,50.0,20.0,1.0,0.0,0.0,0.0,-369.28932188134524,70.0,79.28932188134524,0.9238795325112867,0.0,0.3826834323650898,0.0
1.0745201110839844,4.983924275000064,-4.671307671836155,-11.063344106459784,1.763633468887586,-1.091481695199216,-0.20908056212550064,0.0,50.0,20.0,1.0,0.0,0.0,0.0,-369.28932188134524,70.0,79.28932188134524,0.9238795325112867,0.0,0.3826834323650898,0.0
1.1044807434082031,5.311921536491567,-4.049112086920752,-11.434209926613173,1.764375576883414,-0.9618301402566876,-0.32148418939410484,0.0,50.0,20.0,1.0,0.0,0.0,0.0,-369.28932188134524,70.0,79.28932188134524,0.9238795325112867,0.0,0.3826834323650898,0.0
1.135056734085083,5.219782255486227,-4.280683911490805,-11.945690773217322,1.8891476542322982,-1.0758556852069812,-0.42476915382869584,0.0,50.0,20.0,1.0,0.0,0.0,0.0,-369.28932188134524,70.0,79.28932188134524,0.9238795325112867,0.0,0.3826834323650898,0.0
1.1644937992095947,5.013130787974834,-3.9170086080146604,-12.48339275553543,2.04161226013888,-1.0941883842594533,-0.6044201316376124,0.0,50.0,20.0,1.0,0.0,0.0,0.0,-369.28932188134524,70.0,79.28932188134524,0.9238795325112867,0.0,0.3826834323650898,0.0
1.1948213577270508,5.624054254750046,-4.09041482334057,-12.944877272130393,1.857124129304783,-1.0613606586964663,-0.634043566440941,0.0,50.0,20.0,1.0,0.0,0.0,0.0,-369.28932188134524,70.0,79.28932188134524,0.9238795325112867,0.0,0.3826834323650898,0.0
1.2259697914123535,4.907692080932604,-3.976872530693925,-12.228906097191434,2.037515313473741,-1.0130605706657811,-0.5710691154711837,0.0,50.0,20.0,1.0,0.0,0.0,0.0,-369.28932188134524,70.0,79.28932188134524,0.9238795325112867,0.0,0.3826834323650898,0.0
1.256767749786377,5.472702032739296,-4.5189696779576565,-12.93836927325283,2.2347932952526754,-1.204743436366629,-0.5576314014528172,0.0,50.0,20.0,1.0,0.0,0.0,0.0,-369.28932188134524,70.0,79.28932188134524,0.9238795325112867,0.0,0.3826834323650898,0.0
1.2867085933685303,6.219483652644954,-4.25937268245289,-12.676837337066182,2.1130269090926763,-1.166623651517238,-0.6297799002444465,0.0,50.0,20.0,1.0,0.0,0.0,0.0,-369.28932188134524,70.0,79.28932188134524,0.9238795325112867,0.0,0.3826834323650898,0.0
1.3163645267486572,5.668134869650674,-4.829467113331127,-13.0,2.250908082267872,-1.2568989150791374,-0.6523055250906951,0.0,50.0,20.0,1.0,0.0,0.0,0.0,-369.28932188134524,70.0,79.28932188134524,0.9238795325112867,0.0,0.3826834323650898,0.0
1.3464312553405762,6.016454325685213,-5.513974573922942,-13.0,2.086107230451585,-1.1845255663251422,-0.4584640509348039,0.0,50.0,20.0,1.0,0.0,0.0,0.0,-369.28932188134524,70.0,79.28932188134524,0.9238795325112867,0.0,0.3826834323650898,0.0
1.378938913345337,5.38014912774577,-5.7147023245987825,-13.0,2.253044649469687,-1.0500376815454313,-0.40902289553696597,0.0,50.0,20.0,1.0,0.0,0.0,0.0,-369.28932188134524,70.0,79.28932188134524,0.9238795325112867,0.0,0.3826834323650898,0.0
1.407533884048462,4.949594129742484,-6.261624297639132,-13.0,2.442645016922944,-1.164353302289942,-0.4033340276231128,0.0,50.0,20.0,1.0,0.0,0.0,0.0,-369.28932188134524,70.0,79.28932188134524,0.9238795325112867,0.0,0.3826834323650898,0.0
1.438692331314087,5.266134440177286,-6.706420599317272,-12.684650799306525,2.5,-1.1451654369349729,-0.5501250972465146,0.0,50.0,20.0,1.0,0.0,0.0,0.0,-369.28932188134524,70.0,79.28932188134524,0.9238795325112867,0.0,0.3826834323650898,0.0
1.4704341888427734,4.80720825753335,-6.226957616609209,-12.528625636806755,2.5,-1.1683854707038384,-0.6146751731131501,0.0,50.0,20.0,1.0,0.0,0.0,0.0,-369.28932188134524,70.0,79.28932188134524,0.9238795325112867,0.0,0.3826834323650898,0.0
1.500680923461914,5.42197559184615,-6.870065630305444,-12.198977871103578,2.4974915008127505,-1.149274709305059,-0.4287416954427405,0.0,50.0,20.0,1.0,0.0,0.0,0.0,-369.28932188134524,70.0,79.28932188134524,0.9238795325112867,0.0,0.3826834323650898,0.0
1.5305166244506836,4.634090806337067,-6.423747380049504,-12.932126114454986,2.4853852327623724,-1.3384167156102886,-0.5692793838849821,0.0,50.0,20.0,1.0,0.0,0.0,0.0,-369.28932188134524,70.0,79.28932188134524,0.9238795325112867,0.0,0.3826834323650898,0.0
1.5602905750274658,5.332799121701622,-6.515223389506746,-13.0,2.5,-1.4497730577513637,-0.5216738329746211,0.0,50.0,20.0,1.0,0.0,0.0,0.0,-369.28932188134524,70.0,79.28932188134524,0.9238795325112867,0.0,0.3826834323650898,0.0
1.590510368347168,5.98613186822911,-6.058637941858709,-13.0,2.5,-1.2767197609912777,-0.4626166711396333,0.0,50.0,20.0,1.0,0.0,0.0,0.0,-369.28932188134524,70.0,79.28932188134524,0.9238795325112867,0.0,0.3826834323650898,0.0
1.622352123260498,5.62700135942665,-5.395897328779268,-12.854888341315382,2.5,-1.2448294138181697,-0.5504886761967379,0.0,50.0,20.0,1.0,0.0,0.0,0.0,-369.28932188134524,70.0,79.28932188134524,0.9238795325112867,0.0,0.3826834323650898,0.0
1.652235507965088,6.2649450969110045,-5.405329899058117,-12.693620499492923,2.5,-1.158012990506493,-0.3696790271993612,0.0,50.0,20.0,1.0,0.0,0.0,0.0,-369.28932188134524,70.0,79.28932188134524,0.9238795325112867,0.0,0.3826834323650898,0.0
1.6821331977844238,5.480011187308352,-6.197029988446444,-12.435895802701937,2.5,-1.1296952738664208,-0.4076337861054857,0.0,50.0,20.0,1.0,0.0,0.0,0.0,-369.28932188134524,70.0,79.28932188134524,0.9238795325112867,0.0,0.3826834323650898,0.0
1.7121307849884033,5.052599611590848,-5.4539787713110375,-12.79079798954535,2.49384989358891,-1.1145880492185176,-0.5038501693273578,0.0,50.0,20.0,1.0,0.0,0.0,0.0,-369.28932188134524,70.0,79.28932188134524,0.9238795325112867,0.0,0.3826834323650898,0.0
1.741673469543457,5.576837045484424,-4.891165699278147,-12.582674622599631,2.4697280286550995,-1.0663173941928061,-0.6802237848747523,0.0,50.0,20.0,1.0,0.0,0.0,0.0,-369.28932188134524,70.0,79.28932188134524,0.9238795325112867,0.0,0.3826834323650898,0.0
1.773874282836914,5.122057084882415,-4.7755540877275395,-12.600234672417063,2.437039294501277,-1.045841625910772,-0.639004887395784,0.0,50.0,20.0,1.0,0.0,0.0,0.0,-369.28932188134524,70.0,79.28932188134524,0.9238795325112867,0.0,0.3826834323650898,0.0
1.8047435283660889,5.275722596028758,-4.542561144529385,-12.26515553262638,2.2701322056696034,-0.9678000819428391,-0.7263449391835195,0.0,50.0,20.0,1.0,0.0,0.0,0.0,-369.28932188134524,70.0,79.28932188134524,0.9238795325112867,0.0,0.3826834323650898,0.0
1.8346426486968994,4.548205292863408,-4.78466722685016,-11.997305659571065,2.3576467480608283,-0.8188922208572758,-0.5707824464769412,0.0,50.0,20.0,1.0,0.0,0.0,0.0,-369.28932188134524,70.0,79.28932188134524,0.9238795325112867,0.0,0.3826834323650898,0.0
1.8652408123016357,3.751107128984022,-5.253846034391923,-11.344180573477988,2.5,-0.8251027760579523,-0.691459931881007,0.0,50.0,20.0,1.0,0.0,0.0,0.0,-369.28932188134524,70.0,79.28932188134524,0.9238795325112867,0.0,0.3826834323650898,0.0
1.894456386566162,4.237960659964068,-4.689382608078343,-10.718446042846661,2.498963952694145,-0.7174737657472077,-0.8206438036124832,0.0,50.0,20.0,1.0,0.0,0.0,0.0,-369.28932188134524,70.0,79.28932188134524,0.9238795325112867,0.0,0.3826834323650898,0.0
1.9291009902954102,3.804035902173411,-4.35671113922529,-11.376482865991125,2.3307282326251593,-0.7152027532467004,-0.8301968119648233,0.0,50.0,20.0,1.0,0.0,0.0,0.0,-369.28932188134524,70.0,79.28932188134524,0.9238795325112867,0.0,0.3826834323650898,0.0
1.9560132026672363,4.023312784345711,-4.252452844501586,-11.225193863512587,2.1661574235077774,-0.9147418365487974,-0.9788340726001123,0.0,50.0,20.0,1.0,0.0,0.0,0.0,-369.28932188134524,70.0,79.28932188134524,0.9238795325112867,0.0,0.3826834323650898,0.0
1.9858043193817139,3.9492296352481793,-4.29439225379525,-11.169407502620734,2.1828383614823217,-0.7649232633347098,-1.0491094464346078,0.0,50.0,20.0,1.0,0.0,0.0,0.0,-369.28932188134524,70.0,79.28932188134524,0.9238795325112867,0.0,0.3826834323650898,0.0
2.017350196838379,3.985411657728223,-4.9421914012802555,-11.707676884173484,2.18186207157581,-0.8283404805627879,-1.2450714906949125,0.0,50.0,20.0,1.0,0.0,0.0,0.0,-369.28932188134524,70.0,79.28932188134524,0.9238795325112867,0.0,0.3826834323650898,0.0
2.0464706420898438,3.6868585079680454,-5.3708330419619505,-10.947295480748402,2.196869694220484,-0.7841477319775406,-1.4136236462296936,0.0,50.0,20.0,1.0,0.0,0.0,0.0,-369.28932188134524,70.0,79.28932188134524,0.9238795325112867,0.0,0.3826834323650898,0.0
2.0786266326904297,3.3983647946120157,-5.508313467981349,-10.497952676945868,2.0891725420396776,-0.9541968275759924,-1.4126358624038073,0.0,50.0,20.0,1.0,0.0,0.0,0.0,-369.28932188134524,70.0,79.28932188134524,0.9238795325112867,0.0,0.3826834323650898,0.0
2.1085493564605713,2.7442609886945153,-6.021794007613436,-10.91717978817791,1.9911857341779442,-0.9001157600085418,-1.4670744431614033,0.0,50.0,20.0,1.0,0.0,0.0,0.0,-369.28932188134524,70.0,79.28932188134524,0.9238795325112867,0.0,0.3826834323650898,0.0
2.138568639755249,2.8448497206809122,-5.849394108247039,-11.370810503344261,2.184864619987041,-0.9044608025836032,-1.3705473452935872,0.0,50.0,20.0,1.0,0.0,0.0,0.0,-369.28932188134524,70.0,79.28932188134524,0.9238795325112867,0.0,0.3826834323650898,0.0
2.170818328857422,2.307766171358605,-5.507297354301499,-11.869835439171442,2.0658168480511443,-0.9480150959510923,-1.3273445235745969,0.0,50.0,20.0,1.0,0.0,0.0,0.0,-369.28932188134524,70.0,79.28932188134524,0.9238795325112867,0.0,0.3826834323650898,0.0
2.200876474380493,1.7830987916389893,-4.97674931110701,-11.146065791639545,1.9359189075264651,-0.8257596124679043,-1.3233681920374438,0.0,50.0,20.0,1.0,0.0,0.0,0.0,-369.28932188134524,70.0,79.28932188134524,0.9238795325112867,0.0,0.3826834323650898,0.0
2.2297749519348145,2.019025498237965,-5.241372802114641,-10.95775385184098,2.1072168806802987,-0.8297699655540395,-1.4609754355836744,0.0,50.0,20.0,1.0,0.0,0.0,0.0,-369.28932188134524,70.0,79.28932188134524,0.9238795325112867,0.0,0.3826834323650898,0.0
2.26041579246521,1.6637504812415704,-5.753653690280331,-11.463954336270275,2.13888485561494,-0.9465723837306466,-1.4701959294400624,0.0,50.0,20.0,1.0,0.0,0.0,0.0,-369.28932188134524,70.0,79.28932188134524,0.9238795325112867,0.0,0.3826834323650898,0.0
2.2906484603881836,1.9261885316712797,-5.6746456334547055,-11.121982347078337,2.021413083709456,-0.8366942683251932,-1.5003857986754328,0.0,50.0,20.0,1.0,0.0,0.0,0.0,-369.28932188134524,70.0,79.28932188134524,0.9238795325112867,0.0,0.3826834323650898,0.0
2.322479486465454,2.21910373095214,-5.740046273173469,-11.003265165557021,2.0101609111261465,-0.7798688714408931,-1.6105749804578697,0.0,50.0,20.0,1.0,0.0,0.0,0.0,-369.28932188134524,70.0,79.28932188134524,0.9238795325112867,0.0,0.3826834323650898,0.0
2.3524980545043945,2.4381075671653694,-5.750077243907895,-10.445703135415165,2.1922798576008677,-0.9123418573636393,-1.5942053261808866,0.0,50.0,20.0,1.0,0.0,0.0,0.0,-369.28932188134524,70.0,79.28932188134524,0.9238795325112867,0.0,0.3826834323650898,0.0
2.3824117183685303,2.052882554826671,-5.345992951812534,-11.19797114230461,2.0695983369858357,-0.889155086446794,-1.6929920152983793,0.0,50.0,20.0,1.0,0.0,0.0,0.0,-369.28932188134524,70.0,79.28932188134524,0.9238795325112867,0.0,0.3826834323650898,0.0
2.412304162979126,2.0918608161195382,-4.9673262920636345,-10.592043795119462,1.9232706629868526,-0.7276534890936199,-1.7061011114006677,0.0,50.0,20.0,1.0,0.0,0.0,0.0,-369.28932188134524,70.0,79.28932188134524,0.9238795325112867,0.0,0.3826834323650898,0.0
2.442094564437866,2.4362434246231306,-5.706562517436287,-9.796819959575702,1.7680438569768275,-0.5835251259380831,-1.8165860595410936,0.0,50.0,20.0,1.0,0.0,0.0,0.0,-369.28932188134524,70.0,79.28932188134524,0.9238795325112867,0.0,0.3826834323650898,0.0
2.4744510650634766,2.449212388257682,-5.511770570033556,-9.065773038828171,1.8222768824303595,-0.4540393075827581,-2.008557564085725,0.0,50.0,20.0,1.0,0.0,0.0,0.0,-369.28932188134524,70.0,79.28932188134524,0.9238795325112867,0.0,0.3826834323650898,0.0
2.5045902729034424,3.158810400523604,-5.728744532206673,-9.409023085865329,1.8447924409097902,-0.2611626861683877,-2.133643009368652,0.0,50.0,20.0,1.0,0.0,0.0,0.0,-369.28932188134524,70.0,79.28932188134524,0.9238795325112867,0.0,0.3826834323650898,0.0
2.534325122833252,3.3704790957197703,-5.277068938133899,-9.935227187550746,1.680007309892567,-0.10209404592945587,-2.3165681696535105,0.0,50.0,20.0,1.0,0.0,0.0,0.0,-369.28932188134524,70.0,79.28932188134524,0.9238795325112867,0.0,0.3826834323650898,0.0
2.5642290115356445,3.457559869194775,-5.578991095168247,-10.482223133573857,1.7755426031490154,-0.04602840881547521,-2.199929925126956,0.0,50.0,20.0,1.0,0.0,0.0,0.0,-369.28932188134524,70.0,79.28932188134524,0.9238795325112867,0.0,0.3826834323650898,0.0
2.5938642024993896,2.897677469835991,-4.984825401882888,-10.389814690771843,1.8030030073568972,0.12196032301449872,-2.0059345543646927,0.0,50.0,20.0,1.0,0.0,0.0,0.0,-369.28932188134524,70.0,79.28932188134524,0.9238795325112867,0.0,0.3826834323650898,0.0
2.626923084259033,3.4967637062011705,-4.210888508530097,-9.989482155353292,1.978138489961011,0.30005475654910885,-2.2017831828748022,0.0,50.0,20.0,1.0,0.0,0.0,0.0,-369.28932188134524,70.0,79.28932188134524,0.9238795325112867,0.0,0.3826834323650898,0.0
2.6567580699920654,3.457047367782504,-4.241635545738653,-10.044434338615165,1.7856343580702667,0.4132206549359579,-2.1696170986136782,0.0,50.0,20.0,1.0,0.0,0.0,0.0,-369.28932188134524,70.0,79.28932188134524,0.9238795325112867,0.0,0.3826834323650898,0.0
2.6869773864746094,2.9927306556265383,-4.806469754253279,-9.2470943263825,1.8597461436560097,0.4064639062841842,-2.1177365951475853,0.0,50.0,20.0,1.0,0.0,0.0,0.0,-369.28932188134524,70.0,79.28932188134524,0.9238795325112867,0.0,0.3826834323650898,0.0
2.7156853675842285,3.1331319177411263,-5.4451765890023305,-9.92130049456399,1.9583731379822522,0.2396837922629984,-2.1638172229266894,0.0,50.0,20.0,1.0,0.0,0.0,0.0,-369.28932188134524,70.0,79.28932188134524,0.9238795325112867,0.0,0.3826834323650898,0.0
2.7464559078216553,3.467149199364447,-6.086731738357105,-9.283930063381142,1.9772246460796319,0.3857661302092296,-2.3059564860667843,0.0,50.0,20.0,1.0,0.0,0.0,0.0,-369.28932188134524,70.0,79.28932188134524,0.9238795325112867,0.0,0.3826834323650898,0.0
2.7789723873138428,4.205951134533713,-6.1754988888309725,-9.787294388812828,2.1669712930872373,0.5405306110549721,-2.3063391383935743,0.0,50.0,20.0,1.0,0.0,0.0,0.0,-369.28932188134524,70.0,79.28932188134524,0.9238795325112867,0.0,0.3826834323650898,0.0
2.8080716133117676,4.596830189370982,-5.468795628172008,-9.07799289972793,2.063456955623744,0.6034705795101949,-2.3553582370775796,0.0,50.0,20.0,1.0,0.0,0.0,0.0,-369.28932188134524,70.0,79.28932188134524,0.9238795325112867,0.0,0.3826834323650898,0.0
2.838006019592285,4.549724914276606,-5.362959423877434,-9.776055925416495,1.997487913411223,0.4294482019722602,-2.4698649254041105,0.0,50.0,20.0,1.0,0.0,0.0,0.0,-369.28932188134524,70.0,79.28932188134524,0.9238795325112867,0.0,0.3826834323650898,0.0
2.8707735538482666,4.923830415417444,-5.5242136846408485,-10.258908327263676,2.0806708667805953,0.39679463044133356,-2.3244227125691035,0.0,50.0,20.0,1.0,0.0,0.0,0.0,-369.28932188134524,70.0,79.28932188134524,0.9238795325112867,0.0,0.3826834323650898,0.0
2.8999416828155518,5.61981826913313,-5.867543919376609,-9.741240268027733,1.997417866243031,0.3509740948723755,-2.161424771269413,0.0,50.0,20.0,1.0,0.0,0.0,0.0,-369.28932188134524,70.0,79.28932188134524,0.9238795325112867,0.0,0.3826834323650898,0.0
2.9318909645080566,6.007417232634445,-5.945897401807438,-9.844458170959127,2.050389584550733,0.44102543022336227,-2.01073478226849,0.0,50.0,20.0,1.0,0.0,0.0,0.0,-369.28932188134524,70.0,79.28932188134524,0.9238795325112867,0.0,0.3826834323650898,0.0
2.9597959518432617,5.832256311684524,-5.805954090467319,-10.319120933007746,2.2000942791805644,0.33010811870912,-1.9186979668005315,0.0,50.0,20.0,1.0,0.0,0.0,0.0,-369.28932188134524,70.0,79.28932188134524,0.9238795325112867,0.0,0.3826834323650898,0.0
2.9908995628356934,5.882225095908672,-5.968721770326734,-10.645283922951258,2.076962201306827,0.22185508757926703,-2.064796460380329,0.0,50.0,20.0,1.0,0.0,0.0,0.0,-369.28932188134524,70.0,79.28932188134524,0.9238795325112867,0.0,0.3826834323650898,0.0
3.0222928524017334,5.819888046049576,-6.567583519958815,-10.004813723111576,2.032162656714777,0.11411959893549495,-2.083647840097772,0.0,50.0,20.0,1.0,0.0,0.0,0.0,-369.28932188134524,70.0,79.28932188134524,0.9238795325112867,0.0,0.3826834323650898,0.0
3.052703380584717,5.640149296088176,-7.092575147400064,-10.514307000247411,2.0275020780437085,0.1041462979713002,-2.1868995208561275,0.0,50.0,20.0,1.0,0.0,0.0,0.0,-369.28932188134524,70.0,79.28932188134524,0.9238795325112867,0.0,0.3826834323650898,0.0
3.0832936763763428,4.870557928562571,-7.888374154656802,-10.099129678845555,1.943494128324936,0.27856214052018613,-2.012523801324423,0.0,50.0,20.0,1.0,0.0,0.0,0.0,-369.28932188134524,70.0,79.28932188134524,0.9238795325112867,0.0,0.3826834323650898,0.0
3.1127054691314697,4.775688167053448,-7.418079802945436,-9.814916959060902,1.9342057206760856,0.23772091461298595,-2.010658381928087,0.0,50.0,20.0,1.0,0.0,0.0,0.0,-369.28932188134524,70.0,79.28932188134524,0.9238795325112867,0.0,0.3826834323650898,0.0
3.1429226398468018,5.472208684415741,-6.988864131827975,-9.14508752285327,2.115341785996187,0.0918018155387259,-2.177201206414128,0.0,50.0,20.0,1.0,0.0,0.0,0.0,-369.28932188134524,70.0,79.28932188134524,0.9238795325112867,0.0,0.3826834323650898,0.0
3.173677682876587,5.34032043254981,-7.031878719554604,-9.322766824907571,2.1697075406894877,-0.07651640299915574,-2.1197221965276016,0.0,50.0,20.0,1.0,0.0,0.0,0.0,-369.28932188134524,70.0,79.28932188134524,0.9238795325112867,0.0,0.3826834323650898,0.0
3.204590082168579,4.662698481039993,-7.079303528030981,-9.22536441727867,1.982498124590128,-0.02590492161541369,-2.224241947583523,0.0,50.0,20.0,1.0,0.0,0.0,0.0,-369.28932188134524,70.0,79.28932188134524,0.9238795325112867,0.0,0.3826834323650898,0.0
3.2342636585235596,5.347145427945144,-7.738065496213615,-9.587287482244765,2.1526077750687787,0.02352487846150403,-2.330638826909644,0.0,50.0,20.0,1.0,0.0,0.0,0.0,-369.28932188134524,70.0,79.28932188134524,0.9238795325112867,0.0,0.3826834323650898,0.0
3.264249801635742,6.0824478961765145,-7.431911089114617,-9.135319089569514,2.016215188077754,0.17029787740825908,-2.1837391061459197,0.0,50.0,20.0,1.0,0.0,0.0,0.0,-369.28932188134524,70.0,79.28932188134524,0.9238795325112867,0.0,0.3826834323650898,0.0
3.2942798137664795,5.977859118688659,-6.949954147719764,-9.875685207372563,1.8486971156470884,0.2371942051171249,-2.1060996816837725,0.0,50.0,20.0,1.0,0.0,0.0,0.0,-369.28932188134524,70.0,79.28932188134524,0.9238795325112867,0.0,0.3826834323650898,0.0
3.3260855674743652,5.640415674615718,-7.35251799023281,-10.183960924421019,1.7425418516390663,0.20376789884191127,-1.9850928708589035,0.0,50.0,20.0,1.0,0.0,0.0,0.0,-369.28932188134524,70.0,79.28932188134524,0.9238795325112867,0.0,0.3826834323650898,0.0
3.3558645248413086,5.62034296774383,-7.250712910224009,-10.707239712211566,1.6937719563923819,0.027029457002988866,-1.934809718913281,0.0,50.0,20.0,1.0,0.0,0.0,0.0,-369.28932188134524,70.0,79.28932188134524,0.9238795325112867,0.0,0.3826834323650898,0.0
3.3864636421203613,6.049663679874928,-6.707916021962491,-10.720589570136154,1.773932154619797,0.02254730379065714,-2.0165339075466475,0.0,50.0,20.0,1.0,0.0,0.0,0.0,-369.28932188134524,70.0,79.28932188134524,0.9238795325112867,0.0,0.3826834323650898,0.0
3.416257858276367,6.1718608408631885,-7.217346584794271,-10.899186072920962,1.6213728308002227,-0.05220982380131722,-1.9966739180414472,0.0,50.0,20.0,1.0,0.0,0.0,0.0,-369.28932188134524,70.0,79.28932188134524,0.9238795325112867,0.0,0.3826834323650898,0.0
3.4462695121765137,6.8589219975102536,-7.6494808537839125,-10.321846565084803,1.5346972372022334,-0.043040579330359596,-2.1784114801933026,0.0,50.0,20.0,1.0,0.0,0.0,0.0,-369.28932188134524,70.0,79.28932188134524,0.9238795325112867,0.0,0.3826834323650898,0.0
3.4782185554504395,6.104601761342506,-7.714799305105338,-10.820819103403567,1.5913783506862291,-0.1114910113498663,-2.1607026811029337,0.0,50.0,20.0,1.0,0.0,0.0,0.0,-369.28932188134524,70.0,79.28932188134524,0.9238795325112867,0.0,0.3826834323650898,0.0
3.5084776878356934,6.543319875127357,-7.891176289974681,-10.899937122104737,1.7328174120078716,-0.21166640366665135,-2.345921800670139,0.0,50.0,20.0,1.0,0.0,0.0,0.0,-369.28932188134524,70.0,79.28932188134524,0.9238795325112867,0.0,0.3826834323650898,0.0
3.5381999015808105,7.079247698864161,-8.457818805771494,-10.919045115770743,1.629110482328405,-0.2660718357944421,-2.468788631668931,0.0,50.0,20.0,1.0,0.0,0.0,0.0,-369.28932188134524,70.0,79.28932188134524,0.9238795325112867,0.0,0.3826834323650898,0.0
3.570497989654541,7.398905017665811,-8.873305142727839,-11.684353094176108,1.4513402361706575,-0.17278622583520475,-2.3429228229290704,0.0,50.0,20.0,1.0,0.0,0.0,0.0,-369.28932188134524,70.0,79.28932188134524,0.9238795325112867,0.0,0.3826834323650898,0.0
3.600459337234497,7.807782096109567,-8.44282220252532,-11.681645518762009,1.3557775722796033,-0.2930586700847644,-2.187439997777319,0.0,50.0,20.0,1.0,0.0,0.0,0.0,-369.28932188134524,70.0,79.28932188134524,0.9238795325112867,0.0,0.3826834323650898,0.0
3.630997896194458,7.868219560458353,-8.643695421793455,-12.284034840577142,1.2521107439598036,-0.4227615656405136,-2.2715186878274176,0.0,50.0,20.0,1.0,0.0,0.0,0.0,-369.28932188134524,70.0,79.28932188134524,0.9238795325112867,0.0,0.3826834323650898,0.0
3.66013765335083,7.740557519315884,-8.389960300017545,-12.636858770526425,1.366184680669122,-0.6085634804731804,-2.224766959251801,0.0,50.0,20.0,1.0,0.0,0.0,0.0,-369.28932188134524,70.0,79.28932188134524,0.9238795325112867,0.0,0.3826834323650898,0.0
3.6898715496063232,8.483686696559474,-8.197409666900604,-12.190805246060629,1.3275676047237706,-0.4517747769710083,-2.186488663519745,0.0,50.0,20.0,1.0,0.0,0.0,0.0,-369.28932188134524,70.0,79.28932188134524,0.9238795325112867,0.0,0.3826834323650898,0.0
3.7233400344848633,8.695002225189679,-7.651252475227552,-11.478935621796031,1.2788119654410115,-0.481831644059238,-2.063175590417936,0.0,50.0,20.0,1.0,0.0,0.0,0.0,-369.28932188134524,70.0,79.28932188134524,0.9238795325112867,0.0,0.3826834323650898,0.0
3.751912832260132,8.413431568885569,-7.828146483387211,-11.70031527729332,1.1366728526771028,-0.34577985593687344,-2.216773100216598,0.0,50.0,20.0,1.0,0.0,0.0,0.0,-369.28932188134524,70.0,79.28932188134524,0.9238795325112867,0.0,0.3826834323650898,0.0
3.7819058895111084,8.373648545741634,-7.2975562858237915,-11.775672260974698,1.3103974972530645,-0.48639071970234904,-2.1728402657589343,0.0,50.0,20.0,1.0,0.0,0.0,0.0,-369.28932188134524,70.0,79.28932188134524,0.9238795325112867,0.0,0.3826834323650898,0.0
3.8122262954711914,7.620115775586626,-7.916815685479281,-12.53318405596336,1.3762481465096137,-0.6423811828928727,-2.0183571644659617,0.0,50.0,20.0,1.0,0.0,0.0,0.0,-369.28932188134524,70.0,79.28932188134524,0.9238795325112867,0.0,0.3826834323650898,0.0
3.842031478881836,7.554915165659196,-8.053160272589238,-12.598817900743471,1.1822816781047143,-0.5717035459595724,-2.179661439225974,0.0,50.0,20.0,1.0,0.0,0.0,0.0,-369.28932188134524,70.0,79.28932188134524,0.9238795325112867,0.0,0.3826834323650898,0.0
3.873985528945923,7.416165962977484,-7.37614815566841,-12.717336890458483,1.0145264241528995,-0.541543707625729,-2.1736730322924274,0.0,50.0,20.0,1.0,0.0,0.0,0.0,-369.28932188134524,70.0,79.28932188134524,0.9238795325112867,0.0,0.3826834323650898,0.0
3.903632402420044,7.748332841046557,-6.8756364420255265,-12.270219435374845,0.9628848945678464,-0.37339658638814277,-2.1711038707268937,0.0,50.0,20.0,1.0,0.0,0.0,0.0,-369.28932188134524,70.0,79.28932188134524,0.9238795325112867,0.0,0.3826834323650898,0.0
3.9356908798217773,7.599455573441213,-7.495521908490272,-11.57344307653954,0.8605160717088125,-0.36610803783319384,-2.1180454405512052,0.0,50.0,20.0,1.0,0.0,0.0,0.0,-369.28932188134524,70.0,79.28932188134524,0.9238795325112867,0.0,0.3826834323650898,0.0
3.9681143760681152,7.923922653074207,-7.221594152512978,-12.349309058631796,0.9230982801755316,-0.40108775947978215,-1.927983254971986,0.0,50.0,20.0,1.0,0.0,0.0,0.0,-369.28932188134524,70.0,79.28932188134524,0.9238795325112867,0.0,0.3826834323650898,0.0
3.9973928928375244,8.122258818438382,-7.330906090632366,-12.918254926198747,0.794702489922173,-0.3665659462293315,-2.085946104695707,0.0,50.0,20.0,1.0,0.0,0.0,0.0,-369.28932188134524,70.0,79.28932188134524,0.9238795325112867,0.0,0.3826834323650898,0.0
4.026472806930542,7.838773073623664,-7.826161869160997,-12.358336661826584,0.7121259232300419,-0.41545053203726995,-2.284143820124013,0.0,50.0,20.0,1.0,0.0,0.0,0.0,-369.28932188134524,70.0,79.28932188134524,0.9238795325112867,0.0,0.3826834323650898,0.0
4.0565595626831055,8.159237692157467,-7.30132836303009,-13.0,0.5245406810410238,-0.6134444957941788,-2.167861812484391,0.0,50.0,20.0,1.0,0.0,0.0,0.0,-369.28932188134524,70.0,79.28932188134524,0.9238795325112867,0.0,0.3826834323650898,0.0
4.08690333366394,8.515312704092105,-6.532095842294318,-13.0,0.5464259410354108,-0.7512490878269426,-2.3487026069571155,0.0,50.0,20.0,1.0,0.0,0.0,0.0,-369.28932188134524,70.0,79.28932188134524,0.9238795325112867,0.0,0.3826834323650898,0.0
4.115661382675171,8.933130725891955,-6.700733816750787,-12.668648553565566,0.6367947825384407,-0.606127217706456,-2.5,0.0,50.0,20.0,1.0,0.0,0.0,0.0,-369.28932188134524,70.0,79.28932188134524,0.9238795325112867,0.0,0.3826834323650898,0.0
4.147586345672607,9.56455871202545,-7.060253810871666,-12.908187350448104,0.7274592371856744,-0.5726515384712288,-2.5,0.0,50.0,20.0,1.0,0.0,0.0,0.0,-369.28932188134524,70.0,79.28932188134524,0.9238795325112867,0.0,0.3826834323650898,0.0
4.179316997528076,10.341141376677719,-7.5411300938288965,-12.449569069225072,0.7572781408834278,-0.5518560356113702,-2.4023288116402766,0.0,50.0,20.0,1.0,0.0,0.0,0.0,-369.28932188134524,70.0,79.28932188134524,0.9238795325112867,0.0,0.3826834323650898,0.0
4.207820177078247,10.17694324465169,-8.095015065094357,-12.161564841361553,0.7303532376859151,-0.48058475524033406,-2.3120588010928516,0.0,50.0,20.0,1.0,0.0,0.0,0.0,-369.28932188134524,70.0,79.28932188134524,0.9238795325112867,0.0,0.3826834323650898,0.0
4.2388951778411865,10.708677141998203,-7.419143712849024,-12.743644298751317,0.851983808324472,-0.5646653292746918,-2.3917465926892296,0.0,50.0,20.0,1.0,0.0,0.0,0.0,-369.28932188134524,70.0,79.28932188134524,0.9238795325112867,0.0,0.3826834323650898,0.0
4.271319150924683,11.272072866473378,-7.982617914960811,-12.922697886831548,1.0138483931516125,-0.7020737279276663,-2.3775249602257835,0.0,50.0,20.0,1.0,0.0,0.0,0.0,-369.28932188134524,70.0,79.28932188134524,0.9238795325112867,0.0,0.3826834323650898,0.0
4.300309896469116,11.093645552790747,-7.491743837996276,-12.513343492991016,1.0175049712734108,-0.7164341176567397,-2.4607968499962802,0.0,50.0,20.0,1.0,0.0,0.0,0.0,-369.28932188134524,70.0,79.28932188134524,0.9238795325112867,0.0,0.3826834323650898,0.0
4.330256223678589,10.330160812095416,-7.189671898630517,-12.955861376740852,1.1940352808045278,-0.5753787331396834,-2.5,0.0,50.0,20.0,1.0,0.0,0.0,0.0,-369.28932188134524,70.0,79.28932188134524,0.9238795325112867,0.0,0.3826834323650898,0.0
4.360755681991577,10.279750751931518,-7.5868632217934575,-13.0,1.2251509907226006,-0.708510673449867,-2.5,0.0,50.0,20.0,1.0,0.0,0.0,0.0,-369.28932188134524,70.0,79.28932188134524,0.9238795325112867,0.0,0.3826834323650898,0.0
4.390941143035889,10.958985367949735,-7.484923213804861,-12.393284530965733,1.261705473397994,-0.7093609516457974,-2.5,0.0,50.0,20.0,1.0,0.0,0.0,0.0,-369.28932188134524,70.0,79.28932188134524,0.9238795325112867,0.0,0.3826834323650898,0.0
4.421626329421997,11.457119407534499,-6.995588691743087,-11.859852957828407,1.286501898673001,-0.8242116558543443,-2.4542062319206392,0.0,50.0,20.0,1.0,0.0,0.0,0.0,-369.28932188134524,70.0,79.28932188134524,0.9238795325112867,0.0,0.3826834323650898,0.0
4.453306436538696,3.6295961682836193,-6.478295277404152,-12.767932193541576,2.134898394525724,-1.3670793266458574,0.269888435590651,0.0,50.0,20.0,1.0,0.0,0.0,0.0,-369.28932188134524,70.0,79.28932188134524,0.9238795325112867,0.0,0.3826834323650898,0.0
4.482632160186768,3.430871280358518,-6.445402091996077,-13.0,1.938443967329195,-1.4531911710741192,0.08284155426207951,0.0,50.0,20.0,1.0,0.0,0.0,0.0,-369.28932188134524,70.0,79.28932188134524,0.9238795325112867,0.0,0.3826834323650898,0.0
4.51259446144104,4.116083319542479,-7.14831308377051,-13.0,1.8143805284060184,-1.3422429270934688,0.10735160913692687,0.0,50.0,20.0,1.0,0.0,0.0,0.0,-369.28932188134524,70.0,79.28932188134524,0.9238795325112867,0.0,0.3826834323650898,0.0
4.542727947235107,4.565034973388334,-6.815872655455002,-13.0,1.921941916976452,-1.3441294215354047,-0.053971942678578355,0.0,50.0,20.0,1.0,0.0,0.0,0.0,-369.28932188134524,70.0,79.28932188134524,0.9238795325112867,0.0,0.3826834323650898,0.0
4.574760913848877,4.068187182188593,-6.147110826187705,-13.0,2.0455848279707944,-1.3806540346588003,-0.01295583482380247,0.0,50.0,20.0,1.0,0.0,0.0,0.0,-369.28932188134524,70.0,79.28932188134524,0.9238795325112867,0.0,0.3826834323650898,0.0
4.604645729064941,3.968715980188536,-6.143813842263225,-13.0,2.1080604471779436,-1.1926436646009002,0.055358236826674956,0.0,50.0,20.0,1.0,0.0,0.0,0.0,-369.28932188134524,70.0,79.28932188134524,0.9238795325112867,0.0,0.3826834323650898,0.0
4.634815454483032,3.9308055699921503,-6.738465671461604,-12.223274694872648,2.210284239612819,-1.3700658773241134,-0.12998221247517727,0.0,50.0,20.0,1.0,0.0,0.0,0.0,-369.28932188134524,70.0,79.28932188134524,0.9238795325112867,0.0,0.3826834323650898,0.0
4.664807319641113,4.035757741196866,-7.064835105237194,-11.640441609440817,2.1657632057835894,-1.281666815680736,-0.21091439202791779,0.0,50.0,20.0,1.0,0.0,0.0,0.0,-369.28932188134524,70.0,79.28932188134524,0.9238795325112867,0.0,0.3826834323650898,0.0
4.694913625717163,4.233103836849811,-7.22577369371272,-11.132902932490712,2.3164309459275203,-1.1612347195302433,-0.33852889668525354,0.0,50.0,20.0,1.0,0.0,0.0,0.0,-369.28932188134524,70.0,79.28932188134524,0.9238795325112867,0.0,0.3826834323650898,0.0
4.725977420806885,3.7327024843747347,-7.818492486717123,-11.215520554914418,2.308028400128256,-0.9965823807454981,-0.28792060284710097,0.0,50.0,20.0,1.0,0.0,0.0,0.0,-369.28932188134524,70.0,79.28932188134524,0.9238795325112867,0.0,0.3826834323650898,0.0
4.755916595458984,4.45375402531702,-8.09554075574183,-10.450125001631113,2.4945926116798676,-0.8822149723201199,-0.44056469569962964,0.0,50.0,20.0,1.0,0.0,0.0,0.0,-369.28932188134524,70.0,79.28932188134524,0.9238795325112867,0.0,0.3826834323650898,0.0
4.787070274353027,4.328462832486064,-8.035863893997146,-10.494186453156873,2.5,-0.9506846071048293,-0.5948080249674254,0.0,50.0,20.0,1.0,0.0,0.0,0.0,-369.28932188134524,70.0,79.28932188134524,0.9238795325112867,0.0,0.3826834323650898,0.0
4.816256999969482,3.724111220738835,-8.362000291606572,-10.914447391888263,2.5,-0.8791355599716683,-0.5888826694505334,0.0,50.0,20.0,1.0,0.0,0.0,0.0,-369.28932188134524,70.0,79.28932188134524,0.9238795325112867,0.0,0.3826834323650898,0.0
4.846405744552612,3.4084192768165336,-8.21014186612505,-10.519794977697112,2.5,-0.9406907962582148,-0.5294966148633872,0.0,50.0,20.0,1.0,0.0,0.0,0.0,-369.28932188134524,70.0,79.28932188134524,0.9238795325112867,0.0,0.3826834323650898,0.0
4.878521680831909,3.637669207745468,-7.476769370581716,-10.509239641149257,2.3583427177336667,-0.8221157231641101,-0.5358313247728652,0.0,50.0,20.0,1.0,0.0,0.0,0.0,-369.28932188134524,70.0,79.28932188134524,0.9238795325112867,0.0,0.3826834323650898,0.0
4.908428907394409,4.1661877928183815,-7.404429480580061,-11.29551595852131,2.292950140452579,-0.7918535668889042,-0.5595696185875872,0.0,50.0,20.0,1.0,0.0,0.0,0.0,-369.28932188134524,70.0,79.28932188134524,0.9238795325112867,0.0,0.3826834323650898,0.0
4.94160532951355,3.3953636991434015,-8.07143380266614,-11.518354436165847,2.491203061204741,-0.8249435269596221,-0.5072174367621187,0.0,50.0,20.0,1.0,0.0,0.0,0.0,-369.28932188134524,70.0,79.28932188134524,0.9238795325112867,0.0,0.3826834323650898,0.0
4.970856666564941,2.71972225656711,-7.827674678533265,-11.931943391537914,2.333204936265092,-0.6737448813608877,-0.3634999710521592,0.0,50.0,20.0,1.0,0.0,0.0,0.0,-369.28932188134524,70.0,79.28932188134524,0.9238795325112867,0.0,0.3826834323650898,0.0
5.00032639503479,2.240311524874273,-8.305013548379229,-11.47133507720756,2.352288104667829,-0.8388046074614351,-0.2261320487269035,0.0,50.0,20.0,1.0,0.0,0.0,0.0,-369.28932188134524,70.0,79.28932188134524,0.9238795325112867,0.0,0.3826834323650898,0.0
5.030827045440674,1.4624170229280105,-7.627709140152093,-10.871410528121952,2.5,-0.913483533748193,-0.13942598425524322,0.0,50.0,20.0,1.0,0.0,0.0,0.0,-369.28932188134524,70.0,79.28932188134524,0.9238795325112867,0.0,0.3826834323650898,0.0
5.059912204742432,1.4124897197130348,-7.703990805220307,-11.114199257902031,2.4442881891711314,-1.0393165657453376,-0.2915012134213009,0.0,50.0,20.0,1.0,0.0,0.0,0.0,-369.28932188134524,70.0,79.28932188134524,0.9238795325112867,0.0,0.3826834323650898,0.0
5.090414524078369,1.5607113185890664,-7.324723786900685,-11.544015339640563,2.311852607900059,-0.8705469730375975,-0.12381386986707332,0.0,50.0,20.0,1.0,0.0,0.0,0.0,-369.28932188134524,70.0,79.28932188134524,0.9238795325112867,0.0,0.3826834323650898,0.0
5.122998237609863,1.903861984767856,-8.121148503202008,-11.362670198158776,2.5,-0.844457734913783,0.027432263604670104,0.0,50.0,20.0,1.0,0.0,0.0,0.0,-369.28932188134524,70.0,79.28932188134524,0.9238795325112867,0.0,0.3826834323650898,0.0
5.152492046356201,1.2007217504117698,-8.053255329501148,-10.657643535963917,2.5,-0.9170526004552991,0.06550455117948595,0.0,50.0,20.0,1.0,0.0,0.0,0.0,-369.28932188134524,70.0,79.28932188134524,0.9238795325112867,0.0,0.3826834323650898,0.0
5.182488441467285,1.9037650580192123,-7.836713705872665,-11.209170789733866,2.5,-0.8185402922295846,-0.11498304988883276,0.0,50.0,20.0,1.0,0.0,0.0,0.0,-369.28932188134524,70.0,79.28932188134524,0.9238795325112867,0.0,0.3826834323650898,0.0
5.212554931640625,1.5838715899246614,-7.679886794687668,-11.2907559725456,2.3471326180728047,-0.6808747227690521,-0.2856424523612958,0.0,50.0,20.0,1.0,0.0,0.0,0.0,-369.28932188134524,70.0,79.28932188134524,0.9238795325112867,0.0,0.3826834323650898,0.0
5.242355823516846,1.400629915281357,-8.431503484397943,-10.619036670264597,2.16189625996914,-0.687789422011299,-0.4215087194422418,0.0,50.0,20.0,1.0,0.0,0.0,0.0,-369.28932188134524,70.0,79.28932188134524,0.9238795325112867,0.0,0.3826834323650898,0.0
5.2745749950408936,1.9593922523497254,-8.317492494700895,-10.051341177868505,2.2503932561971887,-0.7845992572878018,-0.3857294408847596,0.0,50.0,20.0,1.0,0.0,0.0,0.0,-369.28932188134524,70.0,79.28932188134524,0.9238795325112867,0.0,0.3826834323650898,0.0
5.304719924926758,1.4503668147481108,-7.631076936210418,-10.210624340054364,2.1233664055186705,-0.6780733000701635,-0.5243328647435723,0.0,50.0,20.0,1.0,0.0,0.0,0.0,-369.28932188134524,70.0,79.28932188134524,0.9238795325112867,0.0,0.3826834323650898,0.0
5.334592819213867,1.4685898167121734,-8.18311754819736,-9.602524829739725,1.96084909547613,-0.5603483622020925,-0.459975372660512,0.0,50.0,20.0,1.0,0.0,0.0,0.0,-369.28932188134524,70.0,79.28932188134524,0.9238795325112867,0.0,0.3826834323650898,0.0
5.364795207977295,1.9748338872651083,-7.442972727172715,-9.166252452667958,1.9063849528998378,-0.537128106096739,-0.2923423450356959,0.0,50.0,20.0,1.0,0.0,0.0,0.0,-369.28932188134524,70.0,79.28932188134524,0.9238795325112867,0.0,0.3826834323650898,0.0
5.394781112670898,1.741388979809857,-7.729069308164113,-9.285009232767052,1.8108902574448402,-0.6221946198998289,-0.10445506097824403,0.0,50.0,20.0,1.0,0.0,0.0,0.0,-369.28932188134524,70.0,79.28932188134524,0.9238795325112867,0.0,0.3826834323650898,0.0
5.426493167877197,2.175404089657076,-7.012913108397787,-9.217904143833525,1.7121986469756756,-0.5780444390016236,-0.1231676961614818,0.0,50.0,20.0,1.0,0.0,0.0,0.0,-369.28932188134524,70.0,79.28932188134524,0.9238795325112867,0.0,0.3826834323650898,0.0
5.4569618701934814,2.9744027399726636,-7.177730267607256,-9.805199457316633,1.5537496486940587,-0.4016062022583781,-0.15392761232231714,0.0,50.0,20.0,1.0,0.0,0.0,0.0,-369.28932188134524,70.0,79.28932188134524,0.9238795325112867,0.0,0.3826834323650898,0.0
5.486094951629639,3.4686119142405873,-7.119723120582946,-9.604804117822457,1.4537093246461998,-0.5530041172917005,-0.296128048463574,0.0,50.0,20.0,1.0,0.0,0.0,0.0,-369.28932188134524,70.0,79.28932188134524,0.9238795325112867,0.0,0.3826834323650898,0.0
5.515943765640259,3.8278341510640588,-6.374251640433339,-9.65744761530937,1.506765164329249,-0.6736335751583866,-0.343150664954014,0.0,50.0,20.0,1.0,0.0,0.0,0.0,-369.28932188134524,70.0,79.28932188134524,0.9238795325112867,0.0,0.3826834323650898,0.0
5.5459678173065186,4.36409216940742,-6.43578944234649,-9.257541104060545,1.6477413055559407,-0.5516384207190697,-0.34962131197032764,0.0,50.0,20.0,1.0,0.0,0.0,0.0,-369.28932188134524,70.0,79.28932188134524,0.9238795325112867,0.0,0.3826834323650898,0.0
5.577891111373901,3.750325137857426,-6.889665243024835,-8.72317131629329,1.5855920028875634,-0.42589985809117753,-0.27984120800196977,0.0,50.0,20.0,1.0,0.0,0.0,0.0,-369.28932188134524,70.0,79.28932188134524,0.9238795325112867,0.0,0.3826834323650898,0.0
5.608533143997192,4.068848825069805,-7.3827708746074014,-8.650687591726035,1.7724843137451107,-0.6039596375918668,-0.3092763553421278,0.0,50.0,20.0,1.0,0.0,0.0,0.0,-369.28932188134524,70.0,79.28932188134524,0.9238795325112867,0.0,0.3826834323650898,0.0
5.638217926025391,4.808906314244468,-7.154651434315124,-9.188144927836206,1.88481697462168,-0.5994627082789579,-0.4439820998510672,0.0,50.0,20.0,1.0,0.0,0.0,0.0,-369.28932188134524,70.0,79.28932188134524,0.9238795325112867,0.0,0.3826834323650898,0.0
5.6700828075408936,4.203917151061642,-6.894760485687574,-9.821106599289406,1.7796394455153755,-0.7047105233791406,-0.5811818779923941,0.0,50.0,20.0,1.0,0.0,0.0,0.0,-369.28932188134524,70.0,79.28932188134524,0.9238795325112867,0.0,0.3826834323650898,0.0
5.700224876403809,4.248176913847107,-6.713682321766225,-9.494927868557173,1.7334242012432652,-0.5436244206531065,-0.576295744995832,0.0,50.0,20.0,1.0,0.0,0.0,0.0,-369.28932188134524,70.0,79.28932188134524,0.9238795325112867,0.0,0.3826834323650898,0.0
5.730023384094238,4.4173782318973736,-7.086899130335151,-10.110621078059852,1.7307971676729181,-0.5498535265997205,-0.5809901640845812,0.0,50.0,20.0,1.0,0.0,0.0,0.0,-369.28932188134524,70.0,79.28932188134524,0.9238795325112867,0.0,0.3826834323650898,0.0
5.760729551315308,4.886949508215675,-7.8802274069453455,-10.511363934670007,1.8668678758942598,-0.48554567408736926,-0.5593157619993311,0.0,50.0,20.0,1.0,0.0,0.0,0.0,-369.28932188134524,70.0,79.28932188134524,0.9238795325112867,0.0,0.3826834323650898,0.0
5.789826154708862,4.858059714401753,-8.274673490637559,-10.780519366103917,1.8640069900477712,-0.6851885618750642,-0.43042665759436227,0.0,50.0,20.0,1.0,0.0,0.0,0.0,-369.28932188134524,70.0,79.28932188134524,0.9238795325112867,0.0,0.3826834323650898,0.0
5.821716547012329,4.365926520595159,-7.578611997872563,-10.189697144969879,1.8380751732020926,-0.8813470554015066,-0.49326009301694396,0.0,50.0,20.0,1.0,0.0,0.0,0.0,-369.28932188134524,70.0,79.28932188134524,0.9238795325112867,0.0,0.3826834323650898,0.0
5.852766990661621,4.607594892678474,-7.616358250478224,-9.40749614211842,1.9286048789754162,-0.8434929111252711,-0.6846713939256007,0.0,50.0,20.0,1.0,0.0,0.0,0.0,-369.28932188134524,70.0,79.28932188134524,0.9238795325112867,0.0,0.3826834323650898,0.0
5.882699012756348,5.252847971336996,-7.000966333386818,-9.98888178451211,2.0895605594071887,-0.898698977675957,-0.5860972529857045,0.0,50.0,20.0,1.0,0.0,0.0,0.0,-369.28932188134524,70.0,79.28932188134524,0.9238795325112867,0.0,0.3826834323650898,0.0
5.912569046020508,4.479266850393567,-6.6170377016528565,-10.773626913368041,1.9947590751415842,-0.8224869627067478,-0.648854506884115,0.0,50.0,20.0,1.0,0.0,0.0,0.0,-369.28932188134524,70.0,79.28932188134524,0.9238795325112867,0.0,0.3826834323650898,0.0
5.942545175552368,4.272832236632952,-6.3503298481454635,-9.995710716411391,1.904412200326518,-1.0119403913921494,-0.75490987555111,0.0,50.0,20.0,1.0,0.0,0.0,0.0,-369.28932188134524,70.0,79.28932188134524,0.9238795325112867,0.0,0.3826834323650898,0.0
5.974776029586792,4.012361747464729,-5.67932356467954,-10.491269304345417,1.896318022073858,-0.8335411693090979,-0.7059435730888037,0.0,50.0,20.0,1.0,0.0,0.0,0.0,-369.28932188134524,70.0,79.28932188134524,0.9238795325112867,0.0,0.3826834323650898,0.0
6.003908395767212,4.097453719831581,-5.62862549428394,-10.248018466988626,2.0413270507804144,-0.7000635075238562,-0.6450149336674746,0.0,50.0,20.0,1.0,0.0,0.0,0.0,-369.28932188134524,70.0,79.28932188134524,0.9238795325112867,0.0,0.3826834323650898,0.0
6.035666465759277,4.48794239005227,-5.84611101835478,-10.722391371910659,1.8571441016977024,-0.7478400022554685,-0.7342114241817,0.0,50.0,20.0,1.0,0.0,0.0,0.0,-369.28932188134524,70.0,79.28932188134524,0.9238795325112867,0.0,0.3826834323650898,0.0
6.06395411491394,4.050661304474874,-5.834383037360939,-10.03465121088562,2.013004729233425,-0.7431024067939329,-0.8341607321086089,0.0,50.0,20.0,1.0,0.0,0.0,0.0,-369.28932188134524,70.0,79.28932188134524,0.9238795325112867,0.0,0.3826834323650898,0.0
6.094196557998657,4.035951750328616,-5.804676265193355,-10.350152630752342,1.8754175602129504,-0.9271060260179506,-0.8227210081085596,0.0,50.0,20.0,1.0,0.0,0.0,0.0,-369.28932188134524,70.0,79.28932188134524,0.9238795325112867,0.0,0.3826834323650898,0.0
6.126580238342285,3.3048318362166875,-5.59247954132282,-10.811807803172002,1.7177756665488673,-0.7840873211895907,-0.7687168657867204,0.0,50.0,20.0,1.0,0.0,0.0,0.0,-369.28932188134524,70.0,79.28932188134524,0.9238795325112867,0.0,0.3826834323650898,0.0
6.157195568084717,2.7205973547124342,-6.000202796234842,-11.515377476965131,1.5222961260099153,-0.7604413138743364,-0.874487126350831,0.0,50.0,20.0,1.0,0.0,0.0,0.0,-369.28932188134524,70.0,79.28932188134524,0.9238795325112867,0.0,0.3826834323650898,0.0
6.186867952346802,1.9809145446296605,-6.643313231507978,-11.143515009906992,1.5858181760425687,-0.6578895451868656,-0.9825118792600425,0.0,50.0,20.0,1.0,0.0,0.0,0.0,-369.28932188134524,70.0,79.28932188134524,0.9238795325112867,0.0,0.3826834323650898,0.0
6.215637683868408,2.5314757350216044,-6.249211433541362,-10.71064354626464,1.5431261220942354,-0.7341766013278226,-1.0032460004056805,0.0,50.0,20.0,1.0,0.0,0.0,0.0,-369.28932188134524,70.0,79.28932188134524,0.9238795325112867,0.0,0.3826834323650898,0.0
6.246946573257446,2.041105961134946,-5.5571728048400155,-10.88753347731972,1.5752362231107773,-0.9167806623389684,-1.0354231769260096,0.0,50.0,20.0,1.0,0.0,0.0,0.0,-369.28932188134524,70.0,79.28932188134524,0.9238795325112867,0.0,0.3826834323650898,0.0
6.278026342391968,2.1246431346405155,-5.5896527687861095,-10.76866450930804,1.496824646207661,-0.9004394472931181,-1.0803552151392386,0.0,50.0,20.0,1.0,0.0,0.0,0.0,-369.28932188134524,70.0,79.28932188134524,0.9238795325112867,0.0,0.3826834323650898,0.0
6.307966709136963,2.340971577989289,-6.2841481964757655,-10.094923570711968,1.4374561452825818,-0.9375700843659438,-0.9265416624754729,0.0,50.0,20.0,1.0,0.0,0.0,0.0,-369.28932188134524,70.0,79.28932188134524,0.9238795325112867,0.0,0.3826834323650898,0.0
6.337765216827393,2.346518651717176,-6.508151133704519,-10.87128312594062,1.608089262034285,-1.0527358599631151,-1.1149810604943697,0.0,50.0,20.0,1.0,0.0,0.0,0.0,-369.28932188134524,70.0,79.28932188134524,0.9238795325112867,0.0,0.3826834323650898,0.0
6.370787858963013,2.1496838288100935,-6.752080726639052,-10.202146046260989,1.788175719912481,-0.9145456525410576,-1.1524302447193042,0.0,50.0,20.0,1.0,0.0,0.0,0.0,-369.28932188134524,70.0,79.28932188134524,0.9238795325112867,0.0,0.3826834323650898,0.0
6.400577545166016,2.8864822504936822,-6.679083383699333,-9.787972857763238,1.7841676852537183,-0.9242895978222941,-0.997393696560259,0.0,50.0,20.0,1.0,0.0,0.0,0.0,-369.28932188134524,70.0,79.28932188134524,0.9238795325112867,0.0,0.3826834323650898,0.0
6.4305994510650635,3.308466134649635,-6.163490691732948,-9.199920409690089,1.7869624172799399,-0.9578525579575661,-0.9621965515440493,0.0,50.0,20.0,1.0,0.0,0.0,0.0,-369.28932188134524,70.0,79.28932188134524,0.9238795325112867,0.0,0.3826834323650898,0.0
6.4608073234558105,3.0119178865753797,-5.399300424011408,-9.862822939430142,1.8258291226976282,-1.0349452248920563,-1.018733936354395,0.0,50.0,20.0,1.0,0.0,0.0,0.0,-369.28932188134524,70.0,79.28932188134524,0.9238795325112867,0.0,0.3826834323650898,0.0
6.4906415939331055,2.786042210931405,-5.376927888918774,-10.489829454375588,1.9239645793122144,-1.0136628384332054,-0.9766747749947433,0.0,50.0,20.0,1.0,0.0,0.0,0.0,-369.28932188134524,70.0,79.28932188134524,0.9238795325112867,0.0,0.3826834323650898,0.0
6.522707462310791,2.811393307486173,-5.957269811841059,-10.225355980756277,2.001032203512432,-1.0590918075265816,-0.9634001018903368,0.0,50.0,20.0,1.0,0.0,0.0,0.0,-369.28932188134524,70.0,79.28932188134524,0.9238795325112867,0.0,0.3826834323650898,0.0
6.552389621734619,2.2534910221785056,-6.48605303150986,-10.32214380177843,1.9822502869626601,-1.0356652534690516,-0.7833287303329183,0.0,50.0,20.0,1.0,0.0,0.0,0.0,-369.28932188134524,70.0,79.28932188134524,0.9238795325112867,0.0,0.3826834323650898,0.0
6.581983327865601,2.6104487586906435,-7.044733310504794,-9.57555047463514,1.9909435787903793,-1.0046149811358243,-0.600839626026985,0.0,50.0,20.0,1.0,0.0,0.0,0.0,-369.28932188134524,70.0,79.28932188134524,0.9238795325112867,0.0,0.3826834323650898,0.0
6.612083673477173,3.0485016066328066,-6.4120975612219056,-8.911141365475457,2.047946232701847,-0.8707856904166208,-0.4083025918642361,0.0,50.0,20.0,1.0,0.0,0.0,0.0,-369.28932188134524,70.0,79.28932188134524,0.9238795325112867,0.0,0.3826834323650898,0.0
6.642024040222168,2.7165652080489857,-6.524125083907755,-8.969607485668146,2.068140711872752,-0.8462213212501348,-0.4619037927389039,0.0,50.0,20.0,1.0,0.0,0.0,0.0,-369.28932188134524,70.0,79.28932188134524,0.9238795325112867,0.0,0.3826834323650898,0.0
6.673994064331055,3.4098452018795764,-6.789939980260123,-8.467482951151645,1.949336792372419,-0.7765948687006962,-0.39782209774716754,0.0,50.0,20.0,1.0,0.0,0.0,0.0,-369.28932188134524,70.0,79.28932188134524,0.9238795325112867,0.0,0.3826834323650898,0.0
6.703744411468506,4.190123916527472,-6.166342596464638,-9.249381152814724,2.0689059124837956,-0.9137026428999271,-0.5132510123057598,0.0,50.0,20.0,1.0,0.0,0.0,0.0,-369.28932188134524,70.0,79.28932188134524,0.9238795325112867,0.0,0.3826834323650898,0.0
6.734482288360596,4.492424182565267,-5.512987081683939,-9.802427291489229,1.9192314792697227,-0.9222824928140543,-0.42136804613357143,0.0,50.0,20.0,1.0,0.0,0.0,0.0,-369.28932188134524,70.0,79.28932188134524,0.9238795325112867,0.0,0.3826834323650898,0.0
6.764484405517578,4.0755179379953335,-5.437873542386992,-10.215163017851813,1.7586381326225917,-0.9298497687544999,-0.3502600607988396,0.0,50.0,20.0,1.0,0.0,0.0,0.0,-369.28932188134524,70.0,79.28932188134524,0.9238795325112867,0.0,0.3826834323650898,0.0
6.793825149536133,4.383202782991395,-5.991485612901576,-10.387027538991621,1.6491867790902368,-0.8113028725894574,-0.2047665689911895,0.0,50.0,20.0,1.0,0.0,0.0,0.0,-369.28932188134524,70.0,79.28932188134524,0.9238795325112867,0.0,0.3826834323650898,0.0
6.827271223068237,4.853468964083421,-5.9208692389164215,-11.033263388917165,1.585812243947205,-1.010682917290993,-0.13788028417343512,0.0,50.0,20.0,1.0,0.0,0.0,0.0,-369.28932188134524,70.0,79.28932188134524,0.9238795325112867,0.0,0.3826834323650898,0.0
6.856330394744873,4.713075870686219,-5.1398373731157045,-10.570801601531059,1.4227467697699943,-1.1202951256951363,0.035420020452304246,0.0,50.0,20.0,1.0,0.0,0.0,0.0,-369.28932188134524,70.0,79.28932188134524,0.9238795325112867,0.0,0.3826834323650898,0.0
6.886423349380493,4.821095893777836,-4.736051837162711,-10.404664377445256,1.4513842283544884,-1.2475066134468664,0.11019393065846084,0.0,50.0,20.0,1.0,0.0,0.0,0.0,-369.28932188134524,70.0,79.28932188134524,0.9238795325112867,0.0,0.3826834323650898,0.0
6.916358709335327,4.786058262375066,-4.7382907486081445,-9.897132923469707,1.5529594819340509,-1.2952945645734923,-0.04697227607003818,0.0,50.0,20.0,1.0,0.0,0.0,0.0,-369.28932188134524,70.0,79.28932188134524,0.9238795325112867,0.0,0.3826834323650898,0.0
6.946606874465942,4.300751703060262,-4.158940823966986,-10.458538973637385,1.6544988579132158,-1.376280457430062,-0.05415220490112041,0.0,50.0,20.0,1.0,0.0,0.0,0.0,-369.28932188134524,70.0,79.28932188134524,0.9238795325112867,0.0,0.3826834323650898,0.0
6.9787843227386475,4.182865353688158,-4.319188577853651,-10.7043918745094,1.6994457925275648,-1.3353921107885927,-0.07397105192827524,0.0,50.0,20.0,1.0,0.0,0.0,0.0,-369.28932188134524,70.0,79.28932188134524,0.9238795325112867,0.0,0.3826834323650898,0.0
7.008165121078491,4.60241903811563,-3.676790702908183,-10.907901489417187,1.5945250603734196,-1.457905573677861,-0.2575131059896718,0.0,50.0,20.0,1.0,0.0,0.0,0.0,-369.28932188134524,70.0,79.28932188134524,0.9238795325112867,0.0,0.3826834323650898,0.0
7.0389087200164795,4.641523382277034,-3.7517720905199416,-10.381628827697677,1.6409599429610988,-1.5143385173133752,-0.32559258723541795,0.0,50.0,20.0,1.0,0.0,0.0,0.0,-369.28932188134524,70.0,79.28932188134524,0.9238795325112867,0.0,0.3826834323650898,0.0
7.069920301437378,4.9271540756656265,-4.1304427511301345,-10.000527824488348,1.65689744198002,-1.5347211211260936,-0.192479204433521,0.0,50.0,20.0,1.0,0.0,0.0,0.0,-369.28932188134524,70.0,79.28932188134524,0.9238795325112867,0.0,0.3826834323650898,0.0
7.099675178527832,4.938611230719486,-4.006183050471534,-10.255788559020617,1.6876963998136534,-1.3366025953959395,-0.11298302240106295,0.0,50.0,20.0,1.0,0.0,0.0,0.0,-369.28932188134524,70.0,79.28932188134524,0.9238795325112867,0.0,0.3826834323650898,0.0
7.130536794662476,4.277856944189168,-4.203863193789291,-10.465176168708123,1.714206064644798,-1.1445021520479588,-0.1550917865908184,0.0,50.0,20.0,1.0,0.0,0.0,0.0,-369.28932188134524,70.0,79.28932188134524,0.9238795325112867,0.0,0.3826834323650898,0.0
7.160239219665527,4.983924275000064,-4.671307671836155,-11.063344106459784,1.763633468887586,-1.091481695199216,-0.20908056212550064,0.0,50.0,20.0,1.0,0.0,0.0,0.0,-369.28932188134524,70.0,79.28932188134524,0.9238795325112867,0.0,0.3826834323650898,0.0
7.189820766448975,5.311921536491567,-4.049112086920752,-11.434209926613173,1.764375576883414,-0.9618301402566876,-0.32148418939410484,0.0,50.0,20.0,1.0,0.0,0.0,0.0,-369.28932188134524,70.0,79.28932188134524,0.9238795325112867,0.0,0.3826834323650898,0.0
7.223078012466431,5.219782255486227,-4.280683911490805,-11.945690773217322,1.8891476542322982,-1.0758556852069812,-0.42476915382869584,0.0,50.0,20.0,1.0,0.0,0.0,0.0,-369.28932188134524,70.0,79.28932188134524,0.9238795325112867,0.0,0.3826834323650898,0.0
7.252228736877441,5.013130787974834,-3.9170086080146604,-12.48339275553543,2.04161226013888,-1.0941883842594533,-0.6044201316376124,0.0,50.0,20.0,1.0,0.0,0.0,0.0,-369.28932188134524,70.0,79.28932188134524,0.9238795325112867,0.0,0.3826834323650898,0.0
7.282507658004761,5.624054254750046,-4.09041482334057,-12.944877272130393,1.857124129304783,-1.0613606586964663,-0.634043566440941,0.0,50.0,20.0,1.0,0.0,0.0,0.0,-369.28932188134524,70.0,79.28932188134524,0.9238795325112867,0.0,0.3826834323650898,0.0
7.312349557876587,4.907692080932604,-3.976872530693925,-12.228906097191434,2.037515313473741,-1.0130605706657811,-0.5710691154711837,0.0,50.0,20.0,1.0,0.0,0.0,0.0,-369.28932188134524,70.0,79.28932188134524,0.9238795325112867,0.0,0.3826834323650898,0.0
7.342772006988525,5.472702032739296,-4.5189696779576565,-12.93836927325283,2.2347932952526754,-1.204743436366629,-0.5576314014528172,0.0,50.0,20.0,1.0,0.0,0.0,0.0,-369.28932188134524,70.0,79.28932188134524,0.9238795325112867,0.0,0.3826834323650898,0.0
7.374395847320557,6.219483652644954,-4.25937268245289,-12.676837337066182,2.1130269090926763,-1.166623651517238,-0.6297799002444465,0.0,50.0,20.0,1.0,0.0,0.0,0.0,-369.28932188134524,70.0,79.28932188134524,0.9238795325112867,0.0,0.3826834323650898,0.0
7.404274940490723,5.668134869650674,-4.829467113331127,-13.0,2.250908082267872,-1.2568989150791374,-0.6523055250906951,0.0,50.0,20.0,1.0,0.0,0.0,0.0,-369.28932188134524,70.0,79.28932188134524,0.9238795325112867,0.0,0.3826834323650898,0.0
7.434263706207275,6.016454325685213,-5.513974573922942,-13.0,2.086107230451585,-1.1845255663251422,-0.4584640509348039,0.0,50.0,20.0,1.0,0.0,0.0,0.0,-369.28932188134524,70.0,79.28932188134524,0.9238795325112867,0.0,0.3826834323650898,0.0
7.4643237590789795,5.38014912774577,-5.7147023245987825,-13.0,2.253044649469687,-1.0500376815454313,-0.40902289553696597,0.0,50.0,20.0,1.0,0.0,0.0,0.0,-369.28932188134524,70.0,79.28932188134524,0.9238795325112867,0.0,0.3826834323650898,0.0
7.4940290451049805,4.949594129742484,-6.261624297639132,-13.0,2.442645016922944,-1.164353302289942,-0.4033340276231128,0.0,50.0,20.0,1.0,0.0,0.0,0.0,-369.28932188134524,70.0,79.28932188134524,0.9238795325112867,0.0,0.3826834323650898,0.0
7.52597713470459,5.266134440177286,-6.706420599317272,-12.684650799306525,2.5,-1.1451654369349729,-0.5501250972465146,0.0,50.0,20.0,1.0,0.0,0.0,0.0,-369.28932188134524,70.0,79.28932188134524,0.9238795325112867,0.0,0.3826834323650898,0.0
7.555768966674805,4.80720825753335,-6.226957616609209,-12.528625636806755,2.5,-1.1683854707038384,-0.6146751731131501,0.0,50.0,20.0,1.0,0.0,0.0,0.0,-369.28932188134524,70.0,79.28932188134524,0.9238795325112867,0.0,0.3826834323650898,0.0
7.5869505405426025,5.42197559184615,-6.870065630305444,-12.198977871103578,2.4974915008127505,-1.149274709305059,-0.4287416954427405,0.0,50.0,20.0,1.0,0.0,0.0,0.0,-369.28932188134524,70.0,79.28932188134524,0.9238795325112867,0.0,0.3826834323650898,0.0
7.6157331466674805,4.634090806337067,-6.423747380049504,-12.932126114454986,2.4853852327623724,-1.3384167156102886,-0.5692793838849821,0.0,50.0,20.0,1.0,0.0,0.0,0.0,-369.28932188134524,70.0,79.28932188134524,0.9238795325112867,0.0,0.3826834323650898,0.0
7.6464385986328125,5.332799121701622,-6.515223389506746,-13.0,2.5,-1.4497730577513637,-0.5216738329746211,0.0,50.0,20.0,1.0,0.0,0.0,0.0,-369.28932188134524,70.0,79.28932188134524,0.9238795325112867,0.0,0.3826834323650898,0.0
7.678663969039917,5.98613186822911,-6.058637941858709,-13.0,2.5,-1.2767197609912777,-0.4626166711396333,0.0,50.0,20.0,1.0,0.0,0.0,0.0,-369.28932188134524,70.0,79.28932188134524,0.9238795325112867,0.0,0.3826834323650898,0.0
7.708302021026611,5.62700135942665,-5.395897328779268,-12.854888341315382,2.5,-1.2448294138181697,-0.5504886761967379,0.0,50.0,20.0,1.0,0.0,0.0,0.0,-369.28932188134524,70.0,79.28932188134524,0.9238795325112867,0.0,0.3826834323650898,0.0
7.738089561462402,6.2649450969110045,-5.405329899058117,-12.693620499492923,2.5,-1.158012990506493,-0.3696790271993612,0.0,50.0,20.0,1.0,0.0,0.0,0.0,-369.28932188134524,70.0,79.28932188134524,0.9238795325112867,0.0,0.3826834323650898,0.0
7.770122051239014,5.480011187308352,-6.197029988446444,-12.435895802701937,2.5,-1.1296952738664208,-0.4076337861054857,0.0,50.0,20.0,1.0,0.0,0.0,0.0,-369.28932188134524,70.0,79.28932188134524,0.9238795325112867,0.0,0.3826834323650898,0.0
