# Timestamp, Fx, Fy, Fz, Tx, Ty, Tz, FemurPosX, FemurPosY, FemurPosZ, FemurQuatW, FemurQuatX, FemurQuatY, FemurQuatZ, TibiaPosX, TibiaPosY, TibiaPosZ, TibiaQuatW, TibiaQuatX, TibiaQuatY, TibiaQuatZ
0.024755001068115234,1.271639972412673,7.298688360405425,4.560459618204033,1.2191337807940226,-0.6887312613225699,-1.0324440343642158,0.0,50.0,20.0,1.0,0.0,0.0,0.0,-369.28932188134524,70.0,79.28932188134524,0.9238795325112867,0.0,0.3826834323650898,0.0
0.0538477897644043,2.0689965760456808,7.64987438145719,4.811490521056138,1.2039307716615708,-0.7161926406914367,-0.9492691824856211,0.0,50.0,20.0,1.0,0.0,0.0,0.0,-369.28932188134524,70.0,79.28932188134524,0.9238795325112867,0.0,0.3826834323650898,0.0
0.08551812171936035,1.3125632946024153,8.330536689107731,5.177585114360024,1.176502917362944,-0.6182940393064824,-0.7568515335192593,0.0,50.0,20.0,1.0,0.0,0.0,0.0,-369.28932188134524,70.0,79.28932188134524,0.9238795325112867,0.0,0.3826834323650898,0.0
0.11580753326416016,0.5812434478927266,8.907814747150239,5.359361615572196,1.197861415648914,-0.630812942201813,-0.6720484539677355,0.0,50.0,20.0,1.0,0.0,0.0,0.0,-369.28932188134524,70.0,79.28932188134524,0.9238795325112867,0.0,0.3826834323650898,0.0
0.14565587043762207,0.8248958184675468,8.211848370513987,5.275647650201094,1.0062472420427935,-0.6788200911974485,-0.7924456814606036,0.0,50.0,20.0,1.0,0.0,0.0,0.0,-369.28932188134524,70.0,79.28932188134524,0.9238795325112867,0.0,0.3826834323650898,0.0
0.17537665367126465,0.040499968618606275,8.908070574120947,5.186463774314478,1.1514518541094987,-0.5393613377976616,-0.7671543015991419,0.0,50.0,20.0,1.0,0.0,0.0,0.0,-369.28932188134524,70.0,79.28932188134524,0.9238795325112867,0.0,0.3826834323650898,0.0
0.20497989654541016,0.10256244274010906,9.405704580506058,4.508734089167241,1.006723316384758,-0.6443110067934175,-0.886321012428269,0.0,50.0,20.0,1.0,0.0,0.0,0.0,-369.28932188134524,70.0,79.28932188134524,0.9238795325112867,0.0,0.3826834323650898,0.0
0.2374739646911621,-0.1512388471821654,10.061338716495625,3.711899781952938,1.0224547602313707,-0.7441037784065179,-0.9272637663705503,0.0,50.0,20.0,1.0,0.0,0.0,0.0,-369.28932188134524,70.0,79.28932188134524,0.9238795325112867,0.0,0.3826834323650898,0.0
0.26692652702331543,-0.7489621489814305,10.072089995128382,3.2745732369415537,1.1267833132045342,-0.7150968172216011,-0.8595413001816073,0.0,50.0,20.0,1.0,0.0,0.0,0.0,-369.28932188134524,70.0,79.28932188134524,0.9238795325112867,0.0,0.3826834323650898,0.0
0.2984609603881836,-0.31222237578940104,9.582704412822133,3.715840021810968,1.2136197182625557,-0.8876287432549059,-0.817961818043711,0.0,50.0,20.0,1.0,0.0,0.0,0.0,-369.28932188134524,70.0,79.28932188134524,0.9238795325112867,0.0,0.3826834323650898,0.0
0.32789134979248047,-0.04797449241367324,9.917485045439562,3.8823202045337943,1.1285907842586098,-1.038687883563043,-0.9054319235548036,0.0,50.0,20.0,1.0,0.0,0.0,0.0,-369.28932188134524,70.0,79.28932188134524,0.9238795325112867,0.0,0.3826834323650898,0.0
0.35805463790893555,0.6146655402011322,9.19611650019565,4.3852585374020725,1.2245301454317161,-1.0313197354371542,-0.9221322715574167,0.0,50.0,20.0,1.0,0.0,0.0,0.0,-369.28932188134524,70.0,79.28932188134524,0.9238795325112867,0.0,0.3826834323650898,0.0
0.38927578926086426,0.9476079071680762,8.842976744418703,4.322727894861516,1.2517741687018087,-1.0556007597850245,-1.0620291077328503,0.0,50.0,20.0,1.0,0.0,0.0,0.0,-369.28932188134524,70.0,79.28932188134524,0.9238795325112867,0.0,0.3826834323650898,0.0
0.4197702407836914,1.105860281737871,8.071884946444525,4.682024764291318,1.41828943837986,-0.9679871951408608,-1.1808104859759077,0.0,50.0,20.0,1.0,0.0,0.0,0.0,-369.28932188134524,70.0,79.28932188134524,0.9238795325112867,0.0,0.3826834323650898,0.0
0.4494657516479492,0.43998333609498286,8.789187360130008,4.161710882932452,1.5,-1.1247309561732297,-1.004264960163744,0.0,50.0,20.0,1.0,0.0,0.0,0.0,-369.28932188134524,70.0,79.28932188134524,0.9238795325112867,0.0,0.3826834323650898,0.0
0.4813346862792969,-0.15382611153712267,8.435077543826063,4.802872625535831,1.4695316225256372,-1.038172249174489,-0.814784603370736,0.0,50.0,20.0,1.0,0.0,0.0,0.0,-369.28932188134524,70.0,79.28932188134524,0.9238795325112867,0.0,0.3826834323650898,0.0
0.5117623805999756,-0.7163968678800662,8.491277733173266,5.3836137262167485,1.4428641348558864,-0.8532262496824039,-1.0121499529557099,0.0,50.0,20.0,1.0,0.0,0.0,0.0,-369.28932188134524,70.0,79.28932188134524,0.9238795325112867,0.0,0.3826834323650898,0.0
0.5416476726531982,4.165352423714491,4.049095380215249,-9.506713385133775,1.075634750225554,-0.7485862564125078,-0.8385132928164345,0.0,50.0,20.0,1.0,0.0,0.0,0.0,-369.28932188134524,70.0,79.28932188134524,0.9238795325112867,0.0,0.3826834323650898,0.0
0.571835994720459,4.8118285555746425,4.157720558163178,-9.362726385929934,1.0627548317387778,-0.6336682019026363,-0.8872420923297764,0.0,50.0,20.0,1.0,0.0,0.0,0.0,-369.28932188134524,70.0,79.28932188134524,0.9238795325112867,0.0,0.3826834323650898,0.0
0.6016857624053955,5.293885220937918,3.9887438131488016,-8.930794877647905,1.24168685445059,-0.5937457166324382,-0.8755800422006422,0.0,50.0,20.0,1.0,0.0,0.0,0.0,-369.28932188134524,70.0,79.28932188134524,0.9238795325112867,0.0,0.3826834323650898,0.0
0.634040355682373,6.082535396680992,4.7353150386297544,-9.202664670836953,1.1710059961320833,-0.7199570535288237,-1.0595030653673878,0.0,50.0,20.0,1.0,0.0,0.0,0.0,-369.28932188134524,70.0,79.28932188134524,0.9238795325112867,0.0,0.3826834323650898,0.0
0.6637263298034668,6.534293968917499,4.546576366221321,-8.410937983204544,1.051277464990726,-0.5672407778348844,-0.9023110308701736,0.0,50.0,20.0,1.0,0.0,0.0,0.0,-369.28932188134524,70.0,79.28932188134524,0.9238795325112867,0.0,0.3826834323650898,0.0
0.6930816173553467,5.876265146880915,5.044706731428334,-7.8146376449993795,1.2385242185133036,-0.5956381702268125,-1.0673600072895777,0.0,50.0,20.0,1.0,0.0,0.0,0.0,-369.28932188134524,70.0,79.28932188134524,0.9238795325112867,0.0,0.3826834323650898,0.0
0.7245516777038574,5.61632144721696,5.362912050117394,-7.334928691280207,1.2267378135817406,-0.7951625959246096,-1.0532305629084158,0.0,50.0,20.0,1.0,0.0,0.0,0.0,-369.28932188134524,70.0,79.28932188134524,0.9238795325112867,0.0,0.3826834323650898,0.0
0.7539069652557373,5.513343139553056,4.8828202058998675,-7.724425877232439,1.4179958933603274,-0.7656213338413629,-0.8601105686048731,0.0,50.0,20.0,1.0,0.0,0.0,0.0,-369.28932188134524,70.0,79.28932188134524,0.9238795325112867,0.0,0.3826834323650898,0.0
0.7857286930084229,6.057639432551776,5.415165256909841,-7.62164828798551,1.3191551722442971,-0.6233719011738081,-0.9241269594150772,0.0,50.0,20.0,1.0,0.0,0.0,0.0,-369.28932188134524,70.0,79.28932188134524,0.9238795325112867,0.0,0.3826834323650898,0.0
0.8155233860015869,6.75248135557988,6.035333993671404,-7.042070051832727,1.3770352326102602,-0.46731324628180354,-1.0749548343134954,0.0,50.0,20.0,1.0,0.0,0.0,0.0,-369.28932188134524,70.0,79.28932188134524,0.9238795325112867,0.0,0.3826834323650898,0.0
0.8459951877593994,6.342839526756362,6.6271157843400825,-7.0936255623988504,1.427557098914803,-0.6485974460565602,-1.2349232278388835,0.0,50.0,20.0,1.0,0.0,0.0,0.0,-369.28932188134524,70.0,79.28932188134524,0.9238795325112867,0.0,0.3826834323650898,0.0
0.8759331703186035,6.215913575627935,6.209839567808074,-7.282933093148599,1.2628126216136084,-0.7771222699400404,-1.0835782451668667,0.0,50.0,20.0,1.0,0.0,0.0,0.0,-369.28932188134524,70.0,79.28932188134524,0.9238795325112867,0.0,0.3826834323650898,0.0
0.9054515361785889,7.002838497398164,5.496452477838974,-7.544304483775539,1.4121751623666499,-0.908028224268675,-1.0517061223996105,0.0,50.0,20.0,1.0,0.0,0.0,0.0,-369.28932188134524,70.0,79.28932188134524,0.9238795325112867,0.0,0.3826834323650898,0.0
0.9392502307891846,6.5263185775166015,5.655547559789152,-7.887392331446697,1.5,-0.8359481139557667,-1.1710306583575691,0.0,50.0,20.0,1.0,0.0,0.0,0.0,-369.28932188134524,70.0,79.28932188134524,0.9238795325112867,0.0,0.3826834323650898,0.0
0.9707672595977783,6.349705994152905,5.106480148006836,-7.806207503159565,1.5,-0.7283575454455367,-1.2495605553471343,0.0,50.0,20.0,1.0,0.0,0.0,0.0,-369.28932188134524,70.0,79.28932188134524,0.9238795325112867,0.0,0.3826834323650898,0.0
0.9979267120361328,6.480728688766139,5.177085286712059,-8.232652067419552,1.5,-0.6553373489990858,-1.1881425388135547,0.0,50.0,20.0,1.0,0.0,0.0,0.0,-369.28932188134524,70.0,79.28932188134524,0.9238795325112867,0.0,0.3826834323650898,0.0
1.0281193256378174,6.081913658656319,5.485569101672759,-8.75179836895484,1.4453801944802604,-0.7468205122753451,-1.1865762146883176,0.0,50.0,20.0,1.0,0.0,0.0,0.0,-369.28932188134524,70.0,79.28932188134524,0.9238795325112867,0.0,0.3826834323650898,0.0
1.058924674987793,6.417039642250492,4.833614545388887,-8.107997284473308,1.5,-0.6837764603554239,-1.1021643998175015,0.0,50.0,20.0,1.0,0.0,0.0,0.0,-369.28932188134524,70.0,79.28932188134524,0.9238795325112867,0.0,0.3826834323650898,0.0
1.0895891189575195,6.20962206973587,5.325626982529914,-8.259957863426898,1.5,-0.6879568231918294,-1.0888418641899251,0.0,50.0,20.0,1.0,0.0,0.0,0.0,-369.28932188134524,70.0,79.28932188134524,0.9238795325112867,0.0,0.3826834323650898,0.0
1.1199028491973877,6.532644388306905,4.993841896076857,-8.077991392070189,1.31149340466789,-0.8167212568083213,-1.2100751726994525,0.0,50.0,20.0,1.0,0.0,0.0,0.0,-369.28932188134524,70.0,79.28932188134524,0.9238795325112867,0.0,0.3826834323650898,0.0
1.1501922607421875,7.239902185552066,4.670517366991289,-7.94799746894648,1.471291416583151,-0.9104499901527119,-1.2319862807587563,0.0,50.0,20.0,1.0,0.0,0.0,0.0,-369.28932188134524,70.0,79.28932188134524,0.9238795325112867,0.0,0.3826834323650898,0.0
1.1812117099761963,6.940746744070494,4.825244047372652,-7.753130979980232,1.4420946340828318,-1.0787366721884029,-1.1411844002060372,0.0,50.0,20.0,1.0,0.0,0.0,0.0,-369.28932188134524,70.0,79.28932188134524,0.9238795325112867,0.0,0.3826834323650898,0.0
1.211498737335205,7.486027840130895,4.198613690302724,-7.4198048230338784,1.5,-1.0946037922226761,-1.0125931898138187,0.0,50.0,20.0,1.0,0.0,0.0,0.0,-369.28932188134524,70.0,79.28932188134524,0.9238795325112867,0.0,0.3826834323650898,0.0
1.2417058944702148,6.714789615316538,4.615307523458003,-6.798197827858134,1.4477354092481216,-1.0445815135642453,-1.107049385670745,0.0,50.0,20.0,1.0,0.0,0.0,0.0,-369.28932188134524,70.0,79.28932188134524,0.9238795325112867,0.0,0.3826834323650898,0.0
1.2722141742706299,6.448520909594025,4.182392397957052,-6.327766518324761,1.5,-1.0418967341154075,-1.2864606587069514,0.0,50.0,20.0,1.0,0.0,0.0,0.0,-369.28932188134524,70.0,79.28932188134524,0.9238795325112867,0.0,0.3826834323650898,0.0
1.3017041683197021,6.485881925396976,4.8847738788828625,-5.5539644284706045,1.4054024465952861,-0.9828347620251751,-1.15151858495723,0.0,50.0,20.0,1.0,0.0,0.0,0.0,-369.28932188134524,70.0,79.28932188134524,0.9238795325112867,0.0,0.3826834323650898,0.0
1.3337469100952148,6.996199228081052,4.123884064905463,-4.811986805201517,1.2955908588943894,-0.9339830808390563,-1.163890108703155,0.0,50.0,20.0,1.0,0.0,0.0,0.0,-369.28932188134524,70.0,79.28932188134524,0.9238795325112867,0.0,0.3826834323650898,0.0
1.3634905815124512,6.751334590725923,4.572676410656915,-4.651870187678299,1.0958501796257334,-0.8110616917998297,-1.1556847225061,0.0,50.0,20.0,1.0,0.0,0.0,0.0,-369.28932188134524,70.0,79.28932188134524,0.9238795325112867,0.0,0.3826834323650898,0.0
1.3935678005218506,7.148190279798376,4.968294072929417,-4.014548898774414,1.2364894841648293,-0.8556076877621098,-1.238251262262026,0.0,50.0,20.0,1.0,0.0,0.0,0.0,-369.28932188134524,70.0,79.28932188134524,0.9238795325112867,0.0,0.3826834323650898,0.0
1.4228878021240234,7.17925611532097,4.914478211007422,-3.740908503138148,1.1612277528205708,-1.02653880789304,-1.2255922856026946,0.0,50.0,20.0,1.0,0.0,0.0,0.0,-369.28932188134524,70.0,79.28932188134524,0.9238795325112867,0.0,0.3826834323650898,0.0
1.453080177307129,6.711368226753373,4.4892699004920615,-3.6300774802704434,1.1936922786219002,-1.131320438129691,-1.1718698234767446,0.0,50.0,20.0,1.0,0.0,0.0,0.0,-369.28932188134524,70.0,79.28932188134524,0.9238795325112867,0.0,0.3826834323650898,0.0
1.4860374927520752,6.553451617693908,4.415068687695337,-4.116465399153364,1.1515876902633706,-0.9476433610750254,-1.1184684518384258,0.0,50.0,20.0,1.0,0.0,0.0,0.0,-369.28932188134524,70.0,79.28932188134524,0.9238795325112867,0.0,0.3826834323650898,0.0
1.5156259536743164,5.859836472683611,4.951591579118797,-4.296837813897354,1.2019903593637253,-0.782527822486871,-1.2169459170003194,0.0,50.0,20.0,1.0,0.0,0.0,0.0,-369.28932188134524,70.0,79.28932188134524,0.9238795325112867,0.0,0.3826834323650898,0.0
1.5460903644561768,6.458921894206029,5.430057140723033,-3.93452535601765,1.023809661101565,-0.5841199090256357,-1.3864620373016672,0.0,50.0,20.0,1.0,0.0,0.0,0.0,-369.28932188134524,70.0,79.28932188134524,0.9238795325112867,0.0,0.3826834323650898,0.0
1.5752525329589844,5.781780913904176,4.920044139409368,-4.378806115936509,1.1401031925986127,-0.5475921578015358,-1.3117961281058934,0.0,50.0,20.0,1.0,0.0,0.0,0.0,-369.28932188134524,70.0,79.28932188134524,0.9238795325112867,0.0,0.3826834323650898,0.0
1.606032371520996,5.237729455702597,4.638895567069637,-4.512620754395639,1.1204303611202049,-0.724491640562757,-1.1597093894583592,0.0,50.0,20.0,1.0,0.0,0.0,0.0,-369.28932188134524,70.0,79.28932188134524,0.9238795325112867,0.0,0.3826834323650898,0.0
1.637434720993042,5.849008293220201,4.627786257967854,-4.042387199688281,1.1394088301752645,-0.8525417679241626,-1.2773219375707767,0.0,50.0,20.0,1.0,0.0,0.0,0.0,-369.28932188134524,70.0,79.28932188134524,0.9238795325112867,0.0,0.3826834323650898,0.0
1.6679694652557373,6.377333489252937,4.234794235347964,-3.9944398241181314,0.9758966267840594,-0.9113595760955975,-1.2230403819160824,0.0,50.0,20.0,1.0,0.0,0.0,0.0,-369.28932188134524,70.0,79.28932188134524,0.9238795325112867,0.0,0.3826834323650898,0.0
1.6972472667694092,7.006036866270262,3.538703891564212,-3.794147048792116,1.0457809036537002,-1.0100000666605085,-1.2948213407415703,0.0,50.0,20.0,1.0,0.0,0.0,0.0,-369.28932188134524,70.0,79.28932188134524,0.9238795325112867,0.0,0.3826834323650898,0.0
1.7280974388122559,6.335681139726134,3.886852177026582,-3.6621371927588777,1.0654517273496966,-0.9771933849617533,-1.3542600516890555,0.0,50.0,20.0,1.0,0.0,0.0,0.0,-369.28932188134524,70.0,79.28932188134524,0.9238795325112867,0.0,0.3826834323650898,0.0
1.7575430870056152,5.999035571092546,4.467618145281539,-3.7955531192465104,1.2337415015798467,-0.8280231728028311,-1.5,0.0,50.0,20.0,1.0,0.0,0.0,0.0,-369.28932188134524,70.0,79.28932188134524,0.9238795325112867,0.0,0.3826834323650898,0.0
1.789135217666626,5.41109455016798,4.744370572154298,-3.399202850557013,1.4277823731895758,-0.8517976432746247,-1.3250426676840925,0.0,50.0,20.0,1.0,0.0,0.0,0.0,-369.28932188134524,70.0,79.28932188134524,0.9238795325112867,0.0,0.3826834323650898,0.0
1.819525957107544,4.699596808051348,4.9275164812015975,-3.7464856068232955,1.398322411638052,-0.8647942370254977,-1.4283196550094273,0.0,50.0,20.0,1.0,0.0,0.0,0.0,-369.28932188134524,70.0,79.28932188134524,0.9238795325112867,0.0,0.3826834323650898,0.0
1.849348783493042,5.308097946193966,4.2977290214656705,-4.219342792534886,1.2189820226358796,-0.9653857076663891,-1.5,0.0,50.0,20.0,1.0,0.0,0.0,0.0,-369.28932188134524,70.0,79.28932188134524,0.9238795325112867,0.0,0.3826834323650898,0.0
1.881422758102417,5.087022465068761,4.242482462258405,-3.5513446611481436,1.3644023507969405,-1.1299158140929453,-1.3971987058531479,0.0,50.0,20.0,1.0,0.0,0.0,0.0,-369.28932188134524,70.0,79.28932188134524,0.9238795325112867,0.0,0.3826834323650898,0.0
1.9122412204742432,5.176810257410032,3.780428621762737,-3.443133039034384,1.2018101141962418,-1.1755909545233003,-1.3560909107921444,0.0,50.0,20.0,1.0,0.0,0.0,0.0,-369.28932188134524,70.0,79.28932188134524,0.9238795325112867,0.0,0.3826834323650898,0.0
1.9443204402923584,4.832744625938749,3.3717384248717353,-3.193613863541637,1.0552182248471258,-1.3038624562136842,-1.2313803502432226,0.0,50.0,20.0,1.0,0.0,0.0,0.0,-369.28932188134524,70.0,79.28932188134524,0.9238795325112867,0.0,0.3826834323650898,0.0
1.9713048934936523,4.1886825226466184,4.054965708805702,-2.492583590632546,1.00076243867216,-1.3376471436222168,-1.1973818104227607,0.0,50.0,20.0,1.0,0.0,0.0,0.0,-369.28932188134524,70.0,79.28932188134524,0.9238795325112867,0.0,0.3826834323650898,0.0
2.0016777515411377,4.77046817886233,3.9547665214753938,-2.499942673750071,1.111126911110572,-1.3298962235100178,-1.1093855940339075,0.0,50.0,20.0,1.0,0.0,0.0,0.0,-369.28932188134524,70.0,79.28932188134524,0.9238795325112867,0.0,0.3826834323650898,0.0
2.0338809490203857,4.991791290488404,3.7070455934810367,-2.4197006658407876,0.9992835370337739,-1.2706716227333517,-1.179517675464474,0.0,50.0,20.0,1.0,0.0,0.0,0.0,-369.28932188134524,70.0,79.28932188134524,0.9238795325112867,0.0,0.3826834323650898,0.0
2.0637753009796143,4.478313385659968,3.574939274798176,-2.036303427263175,1.0352866001104186,-1.271292866647335,-1.0641238995132398,0.0,50.0,20.0,1.0,0.0,0.0,0.0,-369.28932188134524,70.0,79.28932188134524,0.9238795325112867,0.0,0.3826834323650898,0.0
2.093806028366089,5.006979333315684,4.123642357016584,-1.3152958595605022,1.098742682934546,-1.0826694128313974,-0.9727518324823833,0.0,50.0,20.0,1.0,0.0,0.0,0.0,-369.28932188134524,70.0,79.28932188134524,0.9238795325112867,0.0,0.3826834323650898,0.0
2.123624801635742,5.669274474881187,3.751087425674865,-0.7421501991219217,0.9666304561067726,-1.0572627260441236,-1.1212424432685382,0.0,50.0,20.0,1.0,0.0,0.0,0.0,-369.28932188134524,70.0,79.28932188134524,0.9238795325112867,0.0,0.3826834323650898,0.0
2.1534221172332764,5.08519878249498,3.195302222238188,-0.29990175001538266,0.9772147347006236,-1.1965577992772147,-1.0980266023615162,0.0,50.0,20.0,1.0,0.0,0.0,0.0,-369.28932188134524,70.0,79.28932188134524,0.9238795325112867,0.0,0.3826834323650898,0.0
2.184981346130371,4.957931212157377,2.601625532960541,-0.407814686980975,0.8736241017150794,-1.1635313987496658,-1.038077388683977,0.0,50.0,20.0,1.0,0.0,0.0,0.0,-369.28932188134524,70.0,79.28932188134524,0.9238795325112867,0.0,0.3826834323650898,0.0
2.2157785892486572,4.52541749848019,3.067477744332649,0.13116817394122482,0.9648814309513347,-1.0205441491235243,-1.0074658452659102,0.0,50.0,20.0,1.0,0.0,0.0,0.0,-369.28932188134524,70.0,79.28932188134524,0.9238795325112867,0.0,0.3826834323650898,0.0
2.245300769805908,5.089621344876468,3.0342529156535543,0.45480373874042057,1.086735792666076,-0.887393890799412,-0.9106996082003088,0.0,50.0,20.0,1.0,0.0,0.0,0.0,-369.28932188134524,70.0,79.28932188134524,0.9238795325112867,0.0,0.3826834323650898,0.0
2.2751643657684326,4.554898228143241,2.8684329158780457,0.41371413956567127,1.0887745554642556,-0.7646436617470851,-0.7986944459150613,0.0,50.0,20.0,1.0,0.0,0.0,0.0,-369.28932188134524,70.0,79.28932188134524,0.9238795325112867,0.0,0.3826834323650898,0.0
2.306148052215576,3.8687963809094885,2.5319937910379133,0.7269051473648719,1.2638438741562192,-0.8421847400072565,-0.6638460120627514,0.0,50.0,20.0,1.0,0.0,0.0,0.0,-369.28932188134524,70.0,79.28932188134524,0.9238795325112867,0.0,0.3826834323650898,0.0
2.3389923572540283,4.527066689495848,2.2491203513086173,0.1902341894698133,1.1973603076345878,-0.900071983740598,-0.5853471265926473,0.0,50.0,20.0,1.0,0.0,0.0,0.0,-369.28932188134524,70.0,79.28932188134524,0.9238795325112867,0.0,0.3826834323650898,0.0
2.3674678802490234,4.964603358865496,1.7747671988401874,0.05570478289270764,1.380815660524938,-1.0111677335425466,-0.6162767962829268,0.0,50.0,20.0,1.0,0.0,0.0,0.0,-369.28932188134524,70.0,79.28932188134524,0.9238795325112867,0.0,0.3826834323650898,0.0
2.3974945545196533,4.8339571091368425,2.30681934923931,0.22471769987197543,1.3698081160002085,-1.1023556618854156,-0.5594435063113656,0.0,50.0,20.0,1.0,0.0,0.0,0.0,-369.28932188134524,70.0,79.28932188134524,0.9238795325112867,0.0,0.3826834323650898,0.0
2.426767110824585,4.439256389093852,2.2548332326043896,0.3599887000455282,1.4583294342158803,-0.9759998204744642,-0.49011310415695186,0.0,50.0,20.0,1.0,0.0,0.0,0.0,-369.28932188134524,70.0,79.28932188134524,0.9238795325112867,0.0,0.3826834323650898,0.0
2.4580955505371094,4.91819544539151,3.0431114429875006,0.15468585466554385,1.5,-1.1286646336121664,-0.44905682688810855,0.0,50.0,20.0,1.0,0.0,0.0,0.0,-369.28932188134524,70.0,79.28932188134524,0.9238795325112867,0.0,0.3826834323650898,0.0
2.489968776702881,5.0659871275417245,2.720276127510249,0.37016308155407773,1.5,-0.9375391492022502,-0.41917298445159,0.0,50.0,20.0,1.0,0.0,0.0,0.0,-369.28932188134524,70.0,79.28932188134524,0.9238795325112867,0.0,0.3826834323650898,0.0
2.5202622413635254,4.959205054110518,2.0160034090930115,-0.027945277857126083,1.305997967899701,-1.1204263846992004,-0.25127902411527625,0.0,50.0,20.0,1.0,0.0,0.0,0.0,-369.28932188134524,70.0,79.28932188134524,0.9238795325112867,0.0,0.3826834323650898,0.0
2.5501396656036377,5.299854481705832,1.9944447494760875,0.19236573115857047,1.1864114649440418,-0.9778352934612653,-0.1590971444225494,0.0,50.0,20.0,1.0,0.0,0.0,0.0,-369.28932188134524,70.0,79.28932188134524,0.9238795325112867,0.0,0.3826834323650898,0.0
2.581935405731201,5.168532742604757,2.0293819213463102,0.457914488793453,1.1594873995004067,-0.9726893589966258,-0.23475717821164913,0.0,50.0,20.0,1.0,0.0,0.0,0.0,-369.28932188134524,70.0,79.28932188134524,0.9238795325112867,0.0,0.3826834323650898,0.0
2.611574172973633,4.575731826160939,2.805477862307611,0.055072821375357295,1.1000913588524912,-1.0679645098844857,-0.17518142517956561,0.0,50.0,20.0,1.0,0.0,0.0,0.0,-369.28932188134524,70.0,79.28932188134524,0.9238795325112867,0.0,0.3826834323650898,0.0
2.6413326263427734,5.315995658684949,2.3337900237998634,0.057836766034401466,1.1342583848204635,-1.0491190510027306,-0.2460844247783902,0.0,50.0,20.0,1.0,0.0,0.0,0.0,-369.28932188134524,70.0,79.28932188134524,0.9238795325112867,0.0,0.3826834323650898,0.0
2.6718225479125977,5.554798794639538,2.9475005179602576,-0.2081891664981379,0.9651046763620672,-0.9663752928390952,-0.3531190952001783,0.0,50.0,20.0,1.0,0.0,0.0,0.0,-369.28932188134524,70.0,79.28932188134524,0.9238795325112867,0.0,0.3826834323650898,0.0
2.702348470687866,6.2910199972609515,3.1287971937897816,0.35576899715211363,0.9010821466596617,-0.8373242621340293,-0.3039401890851826,0.0,50.0,20.0,1.0,0.0,0.0,0.0,-369.28932188134524,70.0,79.28932188134524,0.9238795325112867,0.0,0.3826834323650898,0.0
2.733241558074951,6.557474062717298,3.576539549275118,-0.17846056943111055,0.8908571748936216,-0.7975995611141247,-0.14159517824186318,0.0,50.0,20.0,1.0,0.0,0.0,0.0,-369.28932188134524,70.0,79.28932188134524,0.9238795325112867,0.0,0.3826834323650898,0.0
2.7642667293548584,6.023585398513907,4.367177595576044,-0.7595824940112822,1.080612521435693,-0.9451843856107149,-0.3345451940675881,0.0,50.0,20.0,1.0,0.0,0.0,0.0,-369.28932188134524,70.0,79.28932188134524,0.9238795325112867,0.0,0.3826834323650898,0.0
2.7937164306640625,6.79291781941753,4.797626732797469,-0.7330204458440827,1.1709977372937148,-1.0117133503209879,-0.4089098142373343,0.0,50.0,20.0,1.0,0.0,0.0,0.0,-369.28932188134524,70.0,79.28932188134524,0.9238795325112867,0.0,0.3826834323650898,0.0
2.823436737060547,6.486691771784717,4.3375593707513875,-0.5486758396687283,1.2590571400868298,-1.0916928272929753,-0.45862090073127887,0.0,50.0,20.0,1.0,0.0,0.0,0.0,-369.28932188134524,70.0,79.28932188134524,0.9238795325112867,0.0,0.3826834323650898,0.0
2.8549375534057617,6.639599584696613,4.924925583029569,-0.47354025560204915,1.3557246014370752,-0.894962869259483,-0.28410966421176365,0.0,50.0,20.0,1.0,0.0,0.0,0.0,-369.28932188134524,70.0,79.28932188134524,0.9238795325112867,0.0,0.3826834323650898,0.0
2.8857882022857666,6.406860751426561,4.230360641197792,-0.3204980028087481,1.4498063191436692,-1.0631402353481691,-0.09188104585062978,0.0,50.0,20.0,1.0,0.0,0.0,0.0,-369.28932188134524,70.0,79.28932188134524,0.9238795325112867,0.0,0.3826834323650898,0.0
2.916189670562744,6.234704237275396,4.332451711580597,-0.0378013964570616,1.420861259425816,-1.2179696892893113,-0.23377544232766398,0.0,50.0,20.0,1.0,0.0,0.0,0.0,-369.28932188134524,70.0,79.28932188134524,0.9238795325112867,0.0,0.3826834323650898,0.0
2.9483091831207275,5.690477257717363,4.095265660621149,0.6361988186260936,1.467254392259917,-1.1676520995413693,-0.33502330695052446,0.0,50.0,20.0,1.0,0.0,0.0,0.0,-369.28932188134524,70.0,79.28932188134524,0.9238795325112867,0.0,0.3826834323650898,0.0
2.97544264793396,5.079542894183492,3.882812160096998,0.9106439822143348,1.4738211464226747,-1.240298754971561,-0.21636056020496325,0.0,50.0,20.0,1.0,0.0,0.0,0.0,-369.28932188134524,70.0,79.28932188134524,0.9238795325112867,0.0,0.3826834323650898,0.0
3.0047364234924316,4.421289773274282,4.552655419651213,1.2028787420857934,1.4187974703490602,-1.087324671948603,-0.18031075710808506,0.0,50.0,20.0,1.0,0.0,0.0,0.0,-369.28932188134524,70.0,79.28932188134524,0.9238795325112867,0.0,0.3826834323650898,0.0
3.038217067718506,3.6583699194088575,4.580169493725988,1.0512736376424878,1.2691891551098797,-1.1393772281856502,-0.1636830395188032,0.0,50.0,20.0,1.0,0.0,0.0,0.0,-369.28932188134524,70.0,79.28932188134524,0.9238795325112867,0.0,0.3826834323650898,0.0
3.068218946456909,3.170351843030731,4.569007523997355,0.896418490433587,1.261410312676427,-1.1001502677544486,-0.16240700751430848,0.0,50.0,20.0,1.0,0.0,0.0,0.0,-369.28932188134524,70.0,79.28932188134524,0.9238795325112867,0.0,0.3826834323650898,0.0
3.0990242958068848,2.37239155721858,5.131442010073291,0.8625221915866885,1.4175688589672024,-1.1128167504175193,-0.32244313032414046,0.0,50.0,20.0,1.0,0.0,0.0,0.0,-369.28932188134524,70.0,79.28932188134524,0.9238795325112867,0.0,0.3826834323650898,0.0
3.1276309490203857,2.942077299377793,5.467748979942522,1.233182175489758,1.325228459126057,-0.9732259398468943,-0.4667456613227448,0.0,50.0,20.0,1.0,0.0,0.0,0.0,-369.28932188134524,70.0,79.28932188134524,0.9238795325112867,0.0,0.3826834323650898,0.0
3.1571366786956787,2.472359760595502,5.233254840221789,0.5804955102881013,1.4474222443785596,-0.84285404692526,-0.34632823520112577,0.0,50.0,20.0,1.0,0.0,0.0,0.0,-369.28932188134524,70.0,79.28932188134524,0.9238795325112867,0.0,0.3826834323650898,0.0
3.1898064613342285,2.4009859362246315,5.576153260083772,1.173170582573373,1.2984217094775976,-0.9638932264798155,-0.2988697037010355,0.0,50.0,20.0,1.0,0.0,0.0,0.0,-369.28932188134524,70.0,79.28932188134524,0.9238795325112867,0.0,0.3826834323650898,0.0
3.21958589553833,2.4002523554752306,5.6688079778064155,0.4672716805132844,1.364570105694912,-1.089849299561144,-0.25968422198904484,0.0,50.0,20.0,1.0,0.0,0.0,0.0,-369.28932188134524,70.0,79.28932188134524,0.9238795325112867,0.0,0.3826834323650898,0.0
3.249208688735962,1.890399218503171,5.9656194501018565,0.4801613455644431,1.5,-1.2629593620147306,-0.10461049631130231,0.0,50.0,20.0,1.0,0.0,0.0,0.0,-369.28932188134524,70.0,79.28932188134524,0.9238795325112867,0.0,0.3826834323650898,0.0
3.2817533016204834,1.1816691828791486,5.926091841950547,0.248736581010641,1.3829233391935833,-1.0904767192104476,-0.06760233606775942,0.0,50.0,20.0,1.0,0.0,0.0,0.0,-369.28932188134524,70.0,79.28932188134524,0.9238795325112867,0.0,0.3826834323650898,0.0
3.3114168643951416,1.1242610495854155,5.8010049019548084,0.8277522976565381,1.1848670044581557,-0.9998004414755326,-0.01745211924584314,0.0,50.0,20.0,1.0,0.0,0.0,0.0,-369.28932188134524,70.0,79.28932188134524,0.9238795325112867,0.0,0.3826834323650898,0.0
3.341057777404785,0.9886207617051659,5.278870122384719,0.8519911623882905,0.9891631300550294,-1.0207831294032395,-0.14153948698187713,0.0,50.0,20.0,1.0,0.0,0.0,0.0,-369.28932188134524,70.0,79.28932188134524,0.9238795325112867,0.0,0.3826834323650898,0.0
3.3718154430389404,0.3714145545788222,5.672415408443629,0.480780975520967,1.0044154413185507,-1.1221230341723107,-0.30062187302089016,0.0,50.0,20.0,1.0,0.0,0.0,0.0,-369.28932188134524,70.0,79.28932188134524,0.9238795325112867,0.0,0.3826834323650898,0.0
3.4015064239501953,0.7828728533029065,5.6460936162007185,0.9232219674624583,1.004474600621642,-1.2419302577960787,-0.15615613582097726,0.0,50.0,20.0,1.0,0.0,0.0,0.0,-369.28932188134524,70.0,79.28932188134524,0.9238795325112867,0.0,0.3826834323650898,0.0
3.433197021484375,0.9456805978665808,6.043756566031067,1.1282163458174774,0.9225132454216576,-1.1510006212368997,-0.32945302468010385,0.0,50.0,20.0,1.0,0.0,0.0,0.0,-369.28932188134524,70.0,79.28932188134524,0.9238795325112867,0.0,0.3826834323650898,0.0
3.463881254196167,0.8943244683107241,6.034916780424009,0.8434042901257087,0.890385783000272,-1.1713814808607865,-0.39922738843519656,0.0,50.0,20.0,1.0,0.0,0.0,0.0,-369.28932188134524,70.0,79.28932188134524,0.9238795325112867,0.0,0.3826834323650898,0.0
3.493868589401245,0.2515646875648312,5.651828059026264,1.4131525225586046,0.8672954973013226,-1.2724546051430858,-0.588594333618249,0.0,50.0,20.0,1.0,0.0,0.0,0.0,-369.28932188134524,70.0,79.28932188134524,0.9238795325112867,0.0,0.3826834323650898,0.0
3.523556709289551,0.6290330529914596,6.309190835325337,1.6873673386110726,0.8135656792787089,-1.1862862753822065,-0.41275844097084685,0.0,50.0,20.0,1.0,0.0,0.0,0.0,-369.28932188134524,70.0,79.28932188134524,0.9238795325112867,0.0,0.3826834323650898,0.0
3.5531811714172363,0.14200451015066262,5.9434756745516015,1.8853989130505353,0.7432353477428835,-1.116248555854086,-0.32468113028435924,0.0,50.0,20.0,1.0,0.0,0.0,0.0,-369.28932188134524,70.0,79.28932188134524,0.9238795325112867,0.0,0.3826834323650898,0.0
3.5856921672821045,-0.5482704046873467,5.294700522511269,1.0995222330210637,0.5758536647627586,-1.2145704835581157,-0.2578302944572728,0.0,50.0,20.0,1.0,0.0,0.0,0.0,-369.28932188134524,70.0,79.28932188134524,0.9238795325112867,0.0,0.3826834323650898,0.0
3.615450620651245,-0.849746350159738,5.804645614386823,1.6207464957067081,0.7398097720175156,-1.2814338437457098,-0.059808912050718865,0.0,50.0,20.0,1.0,0.0,0.0,0.0,-369.28932188134524,70.0,79.28932188134524,0.9238795325112867,0.0,0.3826834323650898,0.0
3.6450304985046387,-0.16307022319297304,5.196862270451939,1.9508444103427345,0.798886512871629,-1.14488296270481,-0.1442550648657407,0.0,50.0,20.0,1.0,0.0,0.0,0.0,-369.28932188134524,70.0,79.28932188134524,0.9238795325112867,0.0,0.3826834323650898,0.0
3.6758196353912354,-0.23996300559017392,5.9213884568101784,2.2381049930974677,0.7795952267045848,-1.156395212995289,-0.1922123367478694,0.0,50.0,20.0,1.0,0.0,0.0,0.0,-369.28932188134524,70.0,79.28932188134524,0.9238795325112867,0.0,0.3826834323650898,0.0
3.7055537700653076,-0.8293774406314357,5.25660748158295,2.583625045585867,0.8197493124547878,-1.1287419910178413,-0.20484570718742137,0.0,50.0,20.0,1.0,0.0,0.0,0.0,-369.28932188134524,70.0,79.28932188134524,0.9238795325112867,0.0,0.3826834323650898,0.0
3.7374887466430664,-0.4019311944087568,4.914220615768683,2.2055994204832965,0.7863590854708773,-1.2979872750169739,-0.18685582530414188,0.0,50.0,20.0,1.0,0.0,0.0,0.0,-369.28932188134524,70.0,79.28932188134524,0.9238795325112867,0.0,0.3826834323650898,0.0
3.766993284225464,-0.3770097923198886,4.688758696238824,2.665712620960745,0.6169785543337631,-1.4575460296041123,-0.24382730512786271,0.0,50.0,20.0,1.0,0.0,0.0,0.0,-369.28932188134524,70.0,79.28932188134524,0.9238795325112867,0.0,0.3826834323650898,0.0
3.797520875930786,-1.137411476223464,4.072884874475217,2.679591099066188,0.5453483117934513,-1.482633034494089,-0.2394836640088609,0.0,50.0,20.0,1.0,0.0,0.0,0.0,-369.28932188134524,70.0,79.28932188134524,0.9238795325112867,0.0,0.3826834323650898,0.0
3.827293634414673,-1.6072401407278716,3.591200873768323,2.5750868292434284,0.4511675321806841,-1.29434100808965,-0.1608745798261949,0.0,50.0,20.0,1.0,0.0,0.0,0.0,-369.28932188134524,70.0,79.28932188134524,0.9238795325112867,0.0,0.3826834323650898,0.0
3.8569512367248535,-0.8084245626825186,2.8457470188357155,2.9216064509787874,0.5037275864931661,-1.3169883521490513,-0.22802915057802783,0.0,50.0,20.0,1.0,0.0,0.0,0.0,-369.28932188134524,70.0,79.28932188134524,0.9238795325112867,0.0,0.3826834323650898,0.0
3.8899924755096436,-0.6229796170876298,3.63645365585466,2.6041318873924393,0.42436540481686674,-1.21863678943356,-0.239732156990493,0.0,50.0,20.0,1.0,0.0,0.0,0.0,-369.28932188134524,70.0,79.28932188134524,0.9238795325112867,0.0,0.3826834323650898,0.0
3.919976234436035,-1.1316973936570156,3.848621866913239,2.7208570468140763,0.3984872758873619,-1.2135238144719773,-0.2832838328224869,0.0,50.0,20.0,1.0,0.0,0.0,0.0,-369.28932188134524,70.0,79.28932188134524,0.9238795325112867,0.0,0.3826834323650898,0.0
3.9514718055725098,-1.3655825347736705,3.063846950707735,2.541775883432537,0.2911044298067354,-1.0231657204121158,-0.41408268221979033,0.0,50.0,20.0,1.0,0.0,0.0,0.0,-369.28932188134524,70.0,79.28932188134524,0.9238795325112867,0.0,0.3826834323650898,0.0
3.9814984798431396,-0.8052493874682194,3.7575807879328886,2.9111657169961163,0.2743328756969613,-1.1466667853503063,-0.5994828801691952,0.0,50.0,20.0,1.0,0.0,0.0,0.0,-369.28932188134524,70.0,79.28932188134524,0.9238795325112867,0.0,0.3826834323650898,0.0
4.010982275009155,-0.08269400544399308,4.2658808491445726,3.046129969611833,0.32086982913389733,-0.9903371559767835,-0.5662679070390785,0.0,50.0,20.0,1.0,0.0,0.0,0.0,-369.28932188134524,70.0,79.28932188134524,0.9238795325112867,0.0,0.3826834323650898,0.0
4.042044639587402,0.27606600278093363,4.601401797214497,3.788699232085537,0.44792633380434355,-1.0051546960881774,-0.5028896037402506,0.0,50.0,20.0,1.0,0.0,0.0,0.0,-369.28932188134524,70.0,79.28932188134524,0.9238795325112867,0.0,0.3826834323650898,0.0
4.0716187953948975,-0.4266139550145186,4.029845550402534,4.433581368939952,0.3347786614065984,-0.8219077609746416,-0.4930757837919991,0.0,50.0,20.0,1.0,0.0,0.0,0.0,-369.28932188134524,70.0,79.28932188134524,0.9238795325112867,0.0,0.3826834323650898,0.0
4.102160930633545,0.29197551036297453,4.155512116235861,4.130386333877253,0.17866974760946863,-0.936422311303002,-0.46937277687233336,0.0,50.0,20.0,1.0,0.0,0.0,0.0,-369.28932188134524,70.0,79.28932188134524,0.9238795325112867,0.0,0.3826834323650898,0.0
4.133314609527588,-0.4070405764449675,4.561631714299187,4.063989396743358,0.12730559237051062,-0.7871431561210049,-0.6558047004998492,0.0,50.0,20.0,1.0,0.0,0.0,0.0,-369.28932188134524,70.0,79.28932188134524,0.9238795325112867,0.0,0.3826834323650898,0.0
4.164147615432739,0.23121612975746852,3.880345829246507,4.743488217823794,0.03601989903514338,-0.882379237364765,-0.543494055637139,0.0,50.0,20.0,1.0,0.0,0.0,0.0,-369.28932188134524,70.0,79.28932188134524,0.9238795325112867,0.0,0.3826834323650898,0.0
4.193779706954956,0.24381657888196806,4.508861166489453,5.443667329242196,0.01853965560223783,-0.8619852170056477,-0.34719974955565786,0.0,50.0,20.0,1.0,0.0,0.0,0.0,-369.28932188134524,70.0,79.28932188134524,0.9238795325112867,0.0,0.3826834323650898,0.0
4.223383903503418,0.5632671247678177,4.487663451943843,4.867163237573601,-0.10108555593703099,-0.9295488175097866,-0.2795745415103104,0.0,50.0,20.0,1.0,0.0,0.0,0.0,-369.28932188134524,70.0,79.28932188134524,0.9238795325112867,0.0,0.3826834323650898,0.0
4.253793001174927,1.309640794731513,4.748138786641263,5.357742781547393,0.05351888700333608,-1.0767767650249573,-0.3313350873084707,0.0,50.0,20.0,1.0,0.0,0.0,0.0,-369.28932188134524,70.0,79.28932188134524,0.9238795325112867,0.0,0.3826834323650898,0.0
4.285175561904907,1.8245744665364134,5.108819436287625,6.030873728078577,0.1691194086484925,-1.21388549707774,-0.47800466078864357,0.0,50.0,20.0,1.0,0.0,0.0,0.0,-369.28932188134524,70.0,79.28932188134524,0.9238795325112867,0.0,0.3826834323650898,0.0
4.315948009490967,1.7896990984432852,4.868002277052419,5.764432563505484,-0.010068852642003856,-1.2332659731118023,-0.28682632643195055,0.0,50.0,20.0,1.0,0.0,0.0,0.0,-369.28932188134524,70.0,79.28932188134524,0.9238795325112867,0.0,0.3826834323650898,0.0
4.345415115356445,2.3508539707365745,5.133277740030057,5.3569898688986735,0.029329347306373016,-1.1150261921900528,-0.2259963780602492,0.0,50.0,20.0,1.0,0.0,0.0,0.0,-369.28932188134524,70.0,79.28932188134524,0.9238795325112867,0.0,0.3826834323650898,0.0
4.375847578048706,2.7451020016991183,5.060248452752635,5.514349899023582,0.11418151280185782,-0.9830033943223069,-0.4127139286618148,0.0,50.0,20.0,1.0,0.0,0.0,0.0,-369.28932188134524,70.0,79.28932188134524,0.9238795325112867,0.0,0.3826834323650898,0.0
4.406338691711426,1.9955469000975445,5.34499313029235,5.881569866992893,0.05888719887735902,-1.1736369176880221,-0.5321936124578329,0.0,50.0,20.0,1.0,0.0,0.0,0.0,-369.28932188134524,70.0,79.28932188134524,0.9238795325112867,0.0,0.3826834323650898,0.0
4.437688589096069,2.1363861775294177,4.763846218606259,6.530606170415219,0.07750452705209918,-1.2781729133236372,-0.41850006811111734,0.0,50.0,20.0,1.0,0.0,0.0,0.0,-369.28932188134524,70.0,79.28932188134524,0.9238795325112867,0.0,0.3826834323650898,0.0
4.467810869216919,2.3444482986088677,4.230103616274912,6.879801407606748,0.24152548848673397,-1.1998853337733015,-0.26834099236327374,0.0,50.0,20.0,1.0,0.0,0.0,0.0,-369.28932188134524,70.0,79.28932188134524,0.9238795325112867,0.0,0.3826834323650898,0.0
4.497358083724976,3.0517964835292695,4.495440304991493,7.143539231503137,0.11132771702170483,-1.3371763497550426,-0.10304410629656446,0.0,50.0,20.0,1.0,0.0,0.0,0.0,-369.28932188134524,70.0,79.28932188134524,0.9238795325112867,0.0,0.3826834323650898,0.0
4.5276079177856445,2.7765989315236554,4.758196946493079,6.383637451537969,0.19493589530856645,-1.2046955254331015,0.06731560537626585,0.0,50.0,20.0,1.0,0.0,0.0,0.0,-369.28932188134524,70.0,79.28932188134524,0.9238795325112867,0.0,0.3826834323650898,0.0
4.557548522949219,2.6400921016549836,5.065368609461569,5.764773700257661,0.03971557447336102,-1.1034191798581834,-0.10704752346696034,0.0,50.0,20.0,1.0,0.0,0.0,0.0,-369.28932188134524,70.0,79.28932188134524,0.9238795325112867,0.0,0.3826834323650898,0.0
4.589385747909546,2.9617126387962154,5.7743047442517526,5.360530926503818,0.1869262863249083,-1.077504164806625,-0.25916303805601465,0.0,50.0,20.0,1.0,0.0,0.0,0.0,-369.28932188134524,70.0,79.28932188134524,0.9238795325112867,0.0,0.3826834323650898,0.0
4.619109630584717,3.175382331905295,5.559229181356204,4.583328247356044,0.29117868165021443,-0.9574052231126351,-0.20749890141863297,0.0,50.0,20.0,1.0,0.0,0.0,0.0,-369.28932188134524,70.0,79.28932188134524,0.9238795325112867,0.0,0.3826834323650898,0.0
4.650505542755127,3.786970502132421,5.170981712786592,4.685717067258269,0.4150110689706011,-0.8709851478476407,-0.34881045060065097,0.0,50.0,20.0,1.0,0.0,0.0,0.0,-369.28932188134524,70.0,79.28932188134524,0.9238795325112867,0.0,0.3826834323650898,0.0
4.681089162826538,3.945167638343154,4.615128362665825,4.858524143766866,0.23212550243840205,-1.0551476935862747,-0.5141343435161023,0.0,50.0,20.0,1.0,0.0,0.0,0.0,-369.28932188134524,70.0,79.28932188134524,0.9238795325112867,0.0,0.3826834323650898,0.0
4.711677074432373,4.105975732982008,5.145969821430005,4.979283784864866,0.24838989583153231,-0.9050904824769652,-0.5669461136587786,0.0,50.0,20.0,1.0,0.0,0.0,0.0,-369.28932188134524,70.0,79.28932188134524,0.9238795325112867,0.0,0.3826834323650898,0.0
4.7411048412323,3.7769026344613965,5.305290218057387,4.819005164687857,0.12175304794980893,-1.0475707066316131,-0.6165245113858923,0.0,50.0,20.0,1.0,0.0,0.0,0.0,-369.28932188134524,70.0,79.28932188134524,0.9238795325112867,0.0,0.3826834323650898,0.0
4.770759582519531,4.170879267390733,5.401005685026629,4.363129573748891,0.08313989665531465,-0.9632739563788543,-0.548107758688237,0.0,50.0,20.0,1.0,0.0,0.0,0.0,-369.28932188134524,70.0,79.28932188134524,0.9238795325112867,0.0,0.3826834323650898,0.0
4.8014490604400635,3.713445843913819,6.081627197952847,4.055567915633009,0.2781520312197313,-0.7884709164881628,-0.6506925022620058,0.0,50.0,20.0,1.0,0.0,0.0,0.0,-369.28932188134524,70.0,79.28932188134524,0.9238795325112867,0.0,0.3826834323650898,0.0
4.833041191101074,3.0454025779952256,6.021851102385329,4.568345481349542,0.169813194048333,-0.8783323246563298,-0.6870831296353013,0.0,50.0,20.0,1.0,0.0,0.0,0.0,-369.28932188134524,70.0,79.28932188134524,0.9238795325112867,0.0,0.3826834323650898,0.0
4.86340594291687,3.3788829260432194,5.9597344491974455,4.474994701817087,0.19384839432513454,-0.8315099016306919,-0.869758618190102,0.0,50.0,20.0,1.0,0.0,0.0,0.0,-369.28932188134524,70.0,79.28932188134524,0.9238795325112867,0.0,0.3826834323650898,0.0
4.892751455307007,3.0095387841421033,6.136844955742265,4.302988038481879,0.22002072789902233,-0.6319215282984103,-0.889993894733256,0.0,50.0,20.0,1.0,0.0,0.0,0.0,-369.28932188134524,70.0,79.28932188134524,0.9238795325112867,0.0,0.3826834323650898,0.0
