# Timestamp, Fx, Fy, Fz, Tx, Ty, Tz, FemurPosX, FemurPosY, FemurPosZ, FemurQuatW, FemurQuatX, FemurQuatY, FemurQuatZ, TibiaPosX, TibiaPosY, TibiaPosZ, TibiaQuatW, TibiaQuatX, TibiaQuatY, TibiaQuatZ
0.015127182006835938,-11.272802606724579,1.6919261854892356,-1.6093408646505734,-0.6069728742123368,1.0022846422187384,0.6305670516173721,0.0,50.0,20.0,1.0,0.0,0.0,0.0,-340.0248197507244,70.0,147.7721458474904,0.7149400469707569,0.0,0.6991857616094967,0.0
0.044130802154541016,-11.284402642861664,1.905621886533891,-0.9222048040235464,-0.4941246168060927,1.124161055111831,0.7975826775974038,0.0,50.0,20.0,1.0,0.0,0.0,0.0,-340.0248197507244,70.0,147.7721458474904,0.7149400469707569,0.0,0.6991857616094967,0.0
0.07438445091247559,-11.47451729615687,1.226830724463418,-1.5976349145673405,-0.585857071652138,1.0438242316553572,0.97646608377126,0.0,50.0,20.0,1.0,0.0,0.0,0.0,-340.0248197507244,70.0,147.7721458474904,0.7149400469707569,0.0,0.6991857616094967,0.0
0.10433435440063477,-12.178411135874432,1.8401681312948983,-2.1164263390145326,-0.4457929014624795,1.1478506532099362,0.8496967031076914,0.0,50.0,20.0,1.0,0.0,0.0,0.0,-340.0248197507244,70.0,147.7721458474904,0.7149400469707569,0.0,0.6991857616094967,0.0
0.13643336296081543,-12.57048863126111,1.4537179532780644,-1.6117426753848771,-0.49153619773600277,1.0419681657561606,0.8429424782633592,0.0,50.0,20.0,1.0,0.0,0.0,0.0,-340.0248197507244,70.0,147.7721458474904,0.7149400469707569,0.0,0.6991857616094967,0.0
0.16599106788635254,-12.735106389895114,2.163919421642867,-1.6599399933451122,-0.39748014882659066,0.9874278426117423,1.0386306052328362,0.0,50.0,20.0,1.0,0.0,0.0,0.0,-340.0248197507244,70.0,147.7721458474904,0.7149400469707569,0.0,0.6991857616094967,0.0
0.19582796096801758,-12.578378085098763,2.665824098294543,-1.1293003980104386,-0.49280898979586546,1.1367157065430469,1.1767280446456005,0.0,50.0,20.0,1.0,0.0,0.0,0.0,-340.0248197507244,70.0,147.7721458474904,0.7149400469707569,0.0,0.6991857616094967,0.0
0.22696876525878906,-12.149969062507914,3.333252972987108,-1.7321011181734751,-0.6230033089556704,1.2182132476431002,1.3482686944744433,0.0,50.0,20.0,1.0,0.0,0.0,0.0,-340.0248197507244,70.0,147.7721458474904,0.7149400469707569,0.0,0.6991857616094967,0.0
0.255695104598999,-11.54423939850877,3.148880387778984,-1.418316406536915,-0.7961826859584076,1.144248966489269,1.5,0.0,50.0,20.0,1.0,0.0,0.0,0.0,-340.0248197507244,70.0,147.7721458474904,0.7149400469707569,0.0,0.6991857616094967,0.0
0.287844181060791,-11.733762212188235,3.8584423779778048,-0.742658107578436,-0.663558374670542,1.2160136314867538,1.5,0.0,50.0,20.0,1.0,0.0,0.0,0.0,-340.0248197507244,70.0,147.7721458474904,0.7149400469707569,0.0,0.6991857616094967,0.0
0.317401647567749,-12.313174596942515,3.2448494540447914,-0.942769311822913,-0.6041019160238321,1.3407147962623265,1.5,0.0,50.0,20.0,1.0,0.0,0.0,0.0,-340.0248197507244,70.0,147.7721458474904,0.7149400469707569,0.0,0.6991857616094967,0.0
0.34793806076049805,-11.711142722058954,3.5006701971429486,-1.4103204805156195,-0.5569122278492713,1.5,1.4438321489995,0.0,50.0,20.0,1.0,0.0,0.0,0.0,-340.0248197507244,70.0,147.7721458474904,0.7149400469707569,0.0,0.6991857616094967,0.0
0.3778724670410156,-12.064387266638958,3.0382700004604173,-0.6864906337804315,-0.5560449142032903,1.5,1.359140702929607,0.0,50.0,20.0,1.0,0.0,0.0,0.0,-340.0248197507244,70.0,147.7721458474904,0.7149400469707569,0.0,0.6991857616094967,0.0
0.40690064430236816,-11.677227941599012,2.9640984679793525,-0.29634821685931034,-0.6790178164791727,1.5,1.1773925395640201,0.0,50.0,20.0,1.0,0.0,0.0,0.0,-340.0248197507244,70.0,147.7721458474904,0.7149400469707569,0.0,0.6991857616094967,0.0
0.4392056465148926,-11.808392205720965,2.7572855262448788,-0.8337769030012205,-0.851972446898482,1.3272515500067819,1.2462911141686475,0.0,50.0,20.0,1.0,0.0,0.0,0.0,-340.0248197507244,70.0,147.7721458474904,0.7149400469707569,0.0,0.6991857616094967,0.0
0.4695115089416504,-12.40485254131404,2.2535481892927214,-0.49110464546217547,-0.6651227521630588,1.3773081177576252,1.2876958575614972,0.0,50.0,20.0,1.0,0.0,0.0,0.0,-340.0248197507244,70.0,147.7721458474904,0.7149400469707569,0.0,0.6991857616094967,0.0
0.4999213218688965,-11.64065188971065,2.678049089767019,0.09869224217193051,-0.5878469994124896,1.2750595308034247,1.2449027878128123,0.0,50.0,20.0,1.0,0.0,0.0,0.0,-340.0248197507244,70.0,147.7721458474904,0.7149400469707569,0.0,0.6991857616094967,0.0
0.5316758155822754,-12.362090413175045,3.3399516885032554,0.8875169117947572,-0.4041316299537971,1.2648176850465684,1.3773262234921895,0.0,50.0,20.0,1.0,0.0,0.0,0.0,-340.0248197507244,70.0,147.7721458474904,0.7149400469707569,0.0,0.6991857616094967,0.0
0.5623724460601807,-12.026705177205512,3.661729384520926,1.4533513024512354,-0.6011003831468975,1.0885994122781033,1.2019008078791253,0.0,50.0,20.0,1.0,0.0,0.0,0.0,-340.0248197507244,70.0,147.7721458474904,0.7149400469707569,0.0,0.6991857616094967,0.0
0.5929310321807861,-12.783303733200347,3.4955832594287073,2.1151518853658393,-0.4777276960221243,1.2134623782028884,1.2253271455764627,0.0,50.0,20.0,1.0,0.0,0.0,0.0,-340.0248197507244,70.0,147.7721458474904,0.7149400469707569,0.0,0.6991857616094967,0.0
0.6209664344787598,-12.461061065687842,3.2101544873046852,1.479632327524285,-0.666000481487212,1.056064438515302,1.408836734375404,0.0,50.0,20.0,1.0,0.0,0.0,0.0,-340.0248197507244,70.0,147.7721458474904,0.7149400469707569,0.0,0.6991857616094967,0.0
0.6511039733886719,-11.735537946598555,3.420080187907502,1.7272577485261877,-0.49506797310224315,1.067043595979239,1.3472231628377311,0.0,50.0,20.0,1.0,0.0,0.0,0.0,-340.0248197507244,70.0,147.7721458474904,0.7149400469707569,0.0,0.6991857616094967,0.0
0.6833560466766357,-12.429907222407458,3.4541566665920254,1.1045143988529447,-0.6799586241551541,0.9411615305869545,1.4716306170823377,0.0,50.0,20.0,1.0,0.0,0.0,0.0,-340.0248197507244,70.0,147.7721458474904,0.7149400469707569,0.0,0.6991857616094967,0.0
0.7141983509063721,-12.084751363702033,2.7070263610442997,1.034645814381806,-0.625986541880774,1.0831490550711238,1.392107360578114,0.0,50.0,20.0,1.0,0.0,0.0,0.0,-340.0248197507244,70.0,147.7721458474904,0.7149400469707569,0.0,0.6991857616094967,0.0
0.7439651489257812,-11.937079980199956,2.976720386350836,0.9297538615540253,-0.7216203091751334,1.2668539718088343,1.4879812895121152,0.0,50.0,20.0,1.0,0.0,0.0,0.0,-340.0248197507244,70.0,147.7721458474904,0.7149400469707569,0.0,0.6991857616094967,0.0
0.7736644744873047,-12.602019970078373,2.3805801171352066,1.685381981389988,-0.8967541929518339,1.1511486480443827,1.3482140973565813,0.0,50.0,20.0,1.0,0.0,0.0,0.0,-340.0248197507244,70.0,147.7721458474904,0.7149400469707569,0.0,0.6991857616094967,0.0
0.8043205738067627,-12.764694888441923,2.066321265909823,2.1772110818830566,-1.0332020263373403,1.1941129986119434,1.1656461793305675,0.0,50.0,20.0,1.0,0.0,0.0,0.0,-340.0248197507244,70.0,147.7721458474904,0.7149400469707569,0.0,0.6991857616094967,0.0
0.8363628387451172,-12.259269100417042,2.343521938282411,2.337844421469048,-1.220544224667546,1.2386000085794917,1.0330892213686513,0.0,50.0,20.0,1.0,0.0,0.0,0.0,-340.0248197507244,70.0,147.7721458474904,0.7149400469707569,0.0,0.6991857616094967,0.0
0.86617112159729,-12.016997983740126,2.072871591838567,1.673842395245014,-1.308171697613354,1.2167843549584225,1.1973016437307915,0.0,50.0,20.0,1.0,0.0,0.0,0.0,-340.0248197507244,70.0,147.7721458474904,0.7149400469707569,0.0,0.6991857616094967,0.0
0.8959872722625732,-12.082601839135492,2.808540465058428,1.9018357588572337,-1.4619329804783912,1.1664747418465042,1.0464836998616869,0.0,50.0,20.0,1.0,0.0,0.0,0.0,-340.0248197507244,70.0,147.7721458474904,0.7149400469707569,0.0,0.6991857616094967,0.0
0.9256439208984375,-11.512022564673813,3.061202096340309,1.2974621504484258,-1.5,1.3448083291456707,0.9000753433251577,0.0,50.0,20.0,1.0,0.0,0.0,0.0,-340.0248197507244,70.0,147.7721458474904,0.7149400469707569,0.0,0.6991857616094967,0.0
0.9558424949645996,-10.809673068705266,2.4227264978405256,2.0192015167103197,-1.5,1.1744855210637217,1.0090451176498358,0.0,50.0,20.0,1.0,0.0,0.0,0.0,-340.0248197507244,70.0,147.7721458474904,0.7149400469707569,0.0,0.6991857616094967,0.0
0.9880893230438232,-10.073267515786025,2.761097069488466,1.6745584584799034,-1.5,1.3087677853969333,1.180067927219826,0.0,50.0,20.0,1.0,0.0,0.0,0.0,-340.0248197507244,70.0,147.7721458474904,0.7149400469707569,0.0,0.6991857616094967,0.0
1.017974615097046,-10.239401795145593,2.6155064782826027,1.5823382773422683,-1.339877296717205,1.2832161129777189,0.9988289455896854,0.0,50.0,20.0,1.0,0.0,0.0,0.0,-340.0248197507244,70.0,147.7721458474904,0.7149400469707569,0.0,0.6991857616094967,0.0
1.0479590892791748,-10.597244305888347,1.9504120314152291,1.9207593695654197,-1.2065890517387006,1.2489785137573934,0.9964497432990655,0.0,50.0,20.0,1.0,0.0,0.0,0.0,-340.0248197507244,70.0,147.7721458474904,0.7149400469707569,0.0,0.6991857616094967,0.0
1.0786523818969727,-10.771133755898582,1.6504489948077676,1.2215758590479808,-1.2522529518432615,1.3803707473465519,1.1591726416455963,0.0,50.0,20.0,1.0,0.0,0.0,0.0,-340.0248197507244,70.0,147.7721458474904,0.7149400469707569,0.0,0.6991857616094967,0.0
1.1087632179260254,-10.090686975500782,1.5361090646857698,1.8563629877915715,-1.3712033343355405,1.4543782521484214,1.0812038292664998,0.0,50.0,20.0,1.0,0.0,0.0,0.0,-340.0248197507244,70.0,147.7721458474904,0.7149400469707569,0.0,0.6991857616094967,0.0
1.139434814453125,-10.357410186648147,1.087749330238136,1.5168367226872983,-1.4401017951600605,1.402874109168498,1.0215992386729278,0.0,50.0,20.0,1.0,0.0,0.0,0.0,-340.0248197507244,70.0,147.7721458474904,0.7149400469707569,0.0,0.6991857616094967,0.0
1.170098066329956,-10.454723729757351,1.0663211277950677,1.388184032267049,-1.4859393647500923,1.3639461288689259,0.9760480351903495,0.0,50.0,20.0,1.0,0.0,0.0,0.0,-340.0248197507244,70.0,147.7721458474904,0.7149400469707569,0.0,0.6991857616094967,0.0
1.199387788772583,-10.109853316712979,1.783375104618011,1.850378882850015,-1.5,1.2985558401190187,0.8620597936536429,0.0,50.0,20.0,1.0,0.0,0.0,0.0,-340.0248197507244,70.0,147.7721458474904,0.7149400469707569,0.0,0.6991857616094967,0.0
1.2318978309631348,-9.392587953520579,1.7092932048991605,1.1240036055889342,-1.4003998703406086,1.3030704768684558,0.880515403736761,0.0,50.0,20.0,1.0,0.0,0.0,0.0,-340.0248197507244,70.0,147.7721458474904,0.7149400469707569,0.0,0.6991857616094967,0.0
1.261509895324707,-9.856138681965033,1.6773274509130105,1.1759687112175374,-1.5,1.4086262601329629,0.7503293853528457,0.0,50.0,20.0,1.0,0.0,0.0,0.0,-340.0248197507244,70.0,147.7721458474904,0.7149400469707569,0.0,0.6991857616094967,0.0
1.2925126552581787,-4.843388218198667,8.6541903835477,-5.63895346466087,-1.4912167343533627,0.2729309764331149,0.028086509143516958,0.0,50.0,20.0,1.0,0.0,0.0,0.0,-340.0248197507244,70.0,147.7721458474904,0.7149400469707569,0.0,0.6991857616094967,0.0
1.3226118087768555,-4.360040180812507,7.898732818147673,-5.889202552573152,-1.3263535835815845,0.3159429053087102,-0.04715498028757242,0.0,50.0,20.0,1.0,0.0,0.0,0.0,-340.0248197507244,70.0,147.7721458474904,0.7149400469707569,0.0,0.6991857616094967,0.0
1.3522062301635742,-3.778772914087663,7.195837916050474,-6.303483146970685,-1.1658883788706205,0.34453834945501793,0.15014363233388117,0.0,50.0,20.0,1.0,0.0,0.0,0.0,-340.0248197507244,70.0,147.7721458474904,0.7149400469707569,0.0,0.6991857616094967,0.0
1.3844828605651855,-3.2566193057023645,7.775950618549344,-6.5542579261799965,-1.3619836389793882,0.4117669839588543,0.10853529691838287,0.0,50.0,20.0,1.0,0.0,0.0,0.0,-340.0248197507244,70.0,147.7721458474904,0.7149400469707569,0.0,0.6991857616094967,0.0
1.4139699935913086,-2.8920185135478826,7.903258702283793,-6.507642731385641,-1.1925259358881863,0.40534451313789654,0.17122784548923808,0.0,50.0,20.0,1.0,0.0,0.0,0.0,-340.0248197507244,70.0,147.7721458474904,0.7149400469707569,0.0,0.6991857616094967,0.0
1.4429779052734375,-3.517062329063323,7.995200121102961,-6.812812530992661,-1.3256301106113548,0.42875055820573355,0.3173253113913664,0.0,50.0,20.0,1.0,0.0,0.0,0.0,-340.0248197507244,70.0,147.7721458474904,0.7149400469707569,0.0,0.6991857616094967,0.0
1.4734423160552979,-3.9524055334691415,7.422036885523232,-6.955568557486368,-1.4513573673728914,0.4309948920304355,0.22755325732257148,0.0,50.0,20.0,1.0,0.0,0.0,0.0,-340.0248197507244,70.0,147.7721458474904,0.7149400469707569,0.0,0.6991857616094967,0.0
1.5037310123443604,-3.848951235659069,6.787575191127187,-6.7300909619643985,-1.4050845295187022,0.5357438242340535,0.3842932779481911,0.0,50.0,20.0,1.0,0.0,0.0,0.0,-340.0248197507244,70.0,147.7721458474904,0.7149400469707569,0.0,0.6991857616094967,0.0
1.535172939300537,-4.54529231896492,6.544800362795348,-6.739401166721868,-1.5,0.4209168103621248,0.18507957059178715,0.0,50.0,20.0,1.0,0.0,0.0,0.0,-340.0248197507244,70.0,147.7721458474904,0.7149400469707569,0.0,0.6991857616094967,0.0
1.5658042430877686,-4.4100835497103645,6.912270406141959,-6.258138321533097,-1.4429969920174472,0.5281800708384308,0.13422514981015454,0.0,50.0,20.0,1.0,0.0,0.0,0.0,-340.0248197507244,70.0,147.7721458474904,0.7149400469707569,0.0,0.6991857616094967,0.0
1.5950067043304443,-4.675244193420566,7.015938524754251,-6.6497462639939835,-1.3448792207851068,0.4533295377746338,0.18091095844697222,0.0,50.0,20.0,1.0,0.0,0.0,0.0,-340.0248197507244,70.0,147.7721458474904,0.7149400469707569,0.0,0.6991857616094967,0.0
1.6251568794250488,-4.922949884037328,6.5396346224392135,-6.4027084270091645,-1.465908336483557,0.3065564271847191,0.3314968664539747,0.0,50.0,20.0,1.0,0.0,0.0,0.0,-340.0248197507244,70.0,147.7721458474904,0.7149400469707569,0.0,0.6991857616094967,0.0
1.6556549072265625,-5.351931935053762,7.013449164684122,-6.2235696073486695,-1.5,0.5001118161605662,0.1512390819993682,0.0,50.0,20.0,1.0,0.0,0.0,0.0,-340.0248197507244,70.0,147.7721458474904,0.7149400469707569,0.0,0.6991857616094967,0.0
1.6881558895111084,-5.381310328453467,7.714080721268507,-6.909764223713002,-1.327731872647875,0.5691259035968713,0.24335757521920787,0.0,50.0,20.0,1.0,0.0,0.0,0.0,-340.0248197507244,70.0,147.7721458474904,0.7149400469707569,0.0,0.6991857616094967,0.0
1.7176764011383057,-4.636906105343169,7.199055014916633,-7.447102556836319,-1.302946320277018,0.6274380980604322,0.4030646079620747,0.0,50.0,20.0,1.0,0.0,0.0,0.0,-340.0248197507244,70.0,147.7721458474904,0.7149400469707569,0.0,0.6991857616094967,0.0
1.7478275299072266,-4.32425072691438,6.572327865737394,-8.182831594987041,-1.3541100302394216,0.7359563933570263,0.5332641547034617,0.0,50.0,20.0,1.0,0.0,0.0,0.0,-340.0248197507244,70.0,147.7721458474904,0.7149400469707569,0.0,0.6991857616094967,0.0
1.7788538932800293,-4.572040037400959,5.777366514429986,-7.580274438867363,-1.4996863389632913,0.7275703478354641,0.5166680842718572,0.0,50.0,20.0,1.0,0.0,0.0,0.0,-340.0248197507244,70.0,147.7721458474904,0.7149400469707569,0.0,0.6991857616094967,0.0
1.8072562217712402,-4.18544328821161,6.484173454377458,-8.22557132508157,-1.3951294262342069,0.7774761787603723,0.3926087649423405,0.0,50.0,20.0,1.0,0.0,0.0,0.0,-340.0248197507244,70.0,147.7721458474904,0.7149400469707569,0.0,0.6991857616094967,0.0
1.8396849632263184,-4.484095000955844,5.908392232909774,-8.527955366784102,-1.2723364883578494,0.7034934560610537,0.23237103018032673,0.0,50.0,20.0,1.0,0.0,0.0,0.0,-340.0248197507244,70.0,147.7721458474904,0.7149400469707569,0.0,0.6991857616094967,0.0
1.8699841499328613,-5.209786033571976,6.170409560790389,-8.18408510843113,-1.1062733812061625,0.5680559495632411,0.13822808805888445,0.0,50.0,20.0,1.0,0.0,0.0,0.0,-340.0248197507244,70.0,147.7721458474904,0.7149400469707569,0.0,0.6991857616094967,0.0
1.9002928733825684,-4.432605893497501,5.813247530652868,-8.320117243960095,-1.131835474172363,0.6712551275141273,0.32016851918567646,0.0,50.0,20.0,1.0,0.0,0.0,0.0,-340.0248197507244,70.0,147.7721458474904,0.7149400469707569,0.0,0.6991857616094967,0.0
1.9316585063934326,-5.05286385347271,5.161741175570759,-8.104381748319641,-1.3146839991284454,0.8306522372401343,0.4638376845899365,0.0,50.0,20.0,1.0,0.0,0.0,0.0,-340.0248197507244,70.0,147.7721458474904,0.7149400469707569,0.0,0.6991857616094967,0.0
1.9621002674102783,-5.3965148679426695,5.4431196719474935,-8.255944617530519,-1.3372403303633615,0.8296472651642595,0.6183099402794359,0.0,50.0,20.0,1.0,0.0,0.0,0.0,-340.0248197507244,70.0,147.7721458474904,0.7149400469707569,0.0,0.6991857616094967,0.0
1.991713285446167,-5.59532472808292,5.000843221132819,-8.661388824865009,-1.1803676284018918,0.8512620561282656,0.619217901548963,0.0,50.0,20.0,1.0,0.0,0.0,0.0,-340.0248197507244,70.0,147.7721458474904,0.7149400469707569,0.0,0.6991857616094967,0.0
2.021209716796875,-5.2459825963294024,4.393715655242032,-9.275862433418355,-1.2651845066703533,0.9499391864425124,0.7608429578233002,0.0,50.0,20.0,1.0,0.0,0.0,0.0,-340.0248197507244,70.0,147.7721458474904,0.7149400469707569,0.0,0.6991857616094967,0.0
2.05195689201355,-4.591063984969767,4.647140314039195,-9.038077690727865,-1.3627956707203355,1.020948230560012,0.8938703868489719,0.0,50.0,20.0,1.0,0.0,0.0,0.0,-340.0248197507244,70.0,147.7721458474904,0.7149400469707569,0.0,0.6991857616094967,0.0
2.0835518836975098,-5.2594632474811025,4.169588375537127,-9.6456827654756,-1.415363499742596,0.8437986795429869,0.9921283173352807,0.0,50.0,20.0,1.0,0.0,0.0,0.0,-340.0248197507244,70.0,147.7721458474904,0.7149400469707569,0.0,0.6991857616094967,0.0
2.1142191886901855,-5.904193835153399,4.117123168521341,-8.9880672481942,-1.3630132663611483,0.7076973197918703,1.1660992006583737,0.0,50.0,20.0,1.0,0.0,0.0,0.0,-340.0248197507244,70.0,147.7721458474904,0.7149400469707569,0.0,0.6991857616094967,0.0
2.144575595855713,-6.375182218628143,4.718720087851171,-8.272355036244631,-1.3719198370362944,0.5895912797670517,0.993978291203509,0.0,50.0,20.0,1.0,0.0,0.0,0.0,-340.0248197507244,70.0,147.7721458474904,0.7149400469707569,0.0,0.6991857616094967,0.0
2.174816608428955,-5.9083914735824115,4.1825725246186725,-7.832383433073577,-1.4155788047193507,0.7798784931986833,0.977251204366819,0.0,50.0,20.0,1.0,0.0,0.0,0.0,-340.0248197507244,70.0,147.7721458474904,0.7149400469707569,0.0,0.6991857616094967,0.0
2.2043967247009277,-5.515275404970464,4.963654359069263,-7.05377619234635,-1.4527323922200204,0.6613896241680046,0.9506573499243467,0.0,50.0,20.0,1.0,0.0,0.0,0.0,-340.0248197507244,70.0,147.7721458474904,0.7149400469707569,0.0,0.6991857616094967,0.0
2.2355704307556152,-6.208311406691729,4.265149927839165,-7.563385110360597,-1.5,0.661900464571688,0.9358971658576292,0.0,50.0,20.0,1.0,0.0,0.0,0.0,-340.0248197507244,70.0,147.7721458474904,0.7149400469707569,0.0,0.6991857616094967,0.0
2.266345262527466,-6.660899262543303,4.803872518949325,-7.641915267646068,-1.4577823697421606,0.8518431427285196,1.1021756392440185,0.0,50.0,20.0,1.0,0.0,0.0,0.0,-340.0248197507244,70.0,147.7721458474904,0.7149400469707569,0.0,0.6991857616094967,0.0
2.2960641384124756,-6.796915132557718,5.2519138116315744,-7.406269014184854,-1.5,0.9523530998980704,1.0219153377477816,0.0,50.0,20.0,1.0,0.0,0.0,0.0,-340.0248197507244,70.0,147.7721458474904,0.7149400469707569,0.0,0.6991857616094967,0.0
2.325474977493286,-7.585570917235728,4.717368276445704,-7.858032872147097,-1.3289225022436537,0.8629762703355204,0.9385473655926055,0.0,50.0,20.0,1.0,0.0,0.0,0.0,-340.0248197507244,70.0,147.7721458474904,0.7149400469707569,0.0,0.6991857616094967,0.0
2.356215715408325,-7.376425764992563,5.147267209783169,-7.651418808020869,-1.352655794165394,0.9554551165666881,0.8820831940020443,0.0,50.0,20.0,1.0,0.0,0.0,0.0,-340.0248197507244,70.0,147.7721458474904,0.7149400469707569,0.0,0.6991857616094967,0.0
2.387312650680542,-7.1471656144996265,4.418950041944538,-8.418265823317629,-1.2797350108108154,1.05007446484133,0.8532652997974226,0.0,50.0,20.0,1.0,0.0,0.0,0.0,-340.0248197507244,70.0,147.7721458474904,0.7149400469707569,0.0,0.6991857616094967,0.0
2.417966604232788,-6.6204888968291185,4.874461722719846,-7.901267058654261,-1.1091798095910355,0.8998520367073473,0.7089252192808958,0.0,50.0,20.0,1.0,0.0,0.0,0.0,-340.0248197507244,70.0,147.7721458474904,0.7149400469707569,0.0,0.6991857616094967,0.0
2.447406768798828,-5.887274499741741,4.256701485279485,-8.103395983367253,-1.0171713107121194,0.9818997673489784,0.5750774086547048,0.0,50.0,20.0,1.0,0.0,0.0,0.0,-340.0248197507244,70.0,147.7721458474904,0.7149400469707569,0.0,0.6991857616094967,0.0
2.4776196479797363,-5.984464136987828,3.8983584252458794,-7.552156961479427,-1.0515791124642915,0.9491948368435048,0.5169346748725897,0.0,50.0,20.0,1.0,0.0,0.0,0.0,-340.0248197507244,70.0,147.7721458474904,0.7149400469707569,0.0,0.6991857616094967,0.0
2.508091926574707,-5.803178582251948,3.969272401587716,-7.218982231897453,-1.1631382635024043,0.8808019292061321,0.6158398231017728,0.0,50.0,20.0,1.0,0.0,0.0,0.0,-340.0248197507244,70.0,147.7721458474904,0.7149400469707569,0.0,0.6991857616094967,0.0
2.5399088859558105,-6.548541462034467,3.6491476440161454,-7.421291602521456,-1.325702531512282,1.0576003645843783,0.6697923608720497,0.0,50.0,20.0,1.0,0.0,0.0,0.0,-340.0248197507244,70.0,147.7721458474904,0.7149400469707569,0.0,0.6991857616094967,0.0
2.569443702697754,-5.816992359205003,3.581138739913483,-8.200520890010493,-1.1908165974781662,1.0923870188559723,0.7376276058477224,0.0,50.0,20.0,1.0,0.0,0.0,0.0,-340.0248197507244,70.0,147.7721458474904,0.7149400469707569,0.0,0.6991857616094967,0.0
2.599703073501587,-6.028913863682329,4.363989134008968,-8.497384211370347,-1.169559330125147,1.2340656020006446,0.9277347896251363,0.0,50.0,20.0,1.0,0.0,0.0,0.0,-340.0248197507244,70.0,147.7721458474904,0.7149400469707569,0.0,0.6991857616094967,0.0
2.6313791275024414,-6.764469787351056,3.583583300329659,-8.758731463019997,-1.0465442781325756,1.0642399757589869,0.875872625288306,0.0,50.0,20.0,1.0,0.0,0.0,0.0,-340.0248197507244,70.0,147.7721458474904,0.7149400469707569,0.0,0.6991857616094967,0.0
2.661961317062378,-6.033889411860277,2.841609390464376,-8.393782700012405,-1.0166888601159687,0.9857429681590465,0.7827135624563637,0.0,50.0,20.0,1.0,0.0,0.0,0.0,-340.0248197507244,70.0,147.7721458474904,0.7149400469707569,0.0,0.6991857616094967,0.0
2.692124843597412,-6.0292806652577084,2.2562369092577588,-7.808602942752436,-0.8916181062374442,0.8105847887458228,0.7443553885999981,0.0,50.0,20.0,1.0,0.0,0.0,0.0,-340.0248197507244,70.0,147.7721458474904,0.7149400469707569,0.0,0.6991857616094967,0.0
2.7219295501708984,-6.2027224107982795,1.8692800973186523,-8.290820219554005,-0.7998372616747156,0.8075006058297441,0.7195099078105517,0.0,50.0,20.0,1.0,0.0,0.0,0.0,-340.0248197507244,70.0,147.7721458474904,0.7149400469707569,0.0,0.6991857616094967,0.0
2.752121686935425,-6.5952169708444695,2.2468098121962097,-7.510330702328411,-0.6608974575501898,0.6345290312295929,0.5582188030888517,0.0,50.0,20.0,1.0,0.0,0.0,0.0,-340.0248197507244,70.0,147.7721458474904,0.7149400469707569,0.0,0.6991857616094967,0.0
2.7830989360809326,-6.79296557121935,1.9067433320604525,-6.754083946246314,-0.6752391706673517,0.8209706684518308,0.5371421966650501,0.0,50.0,20.0,1.0,0.0,0.0,0.0,-340.0248197507244,70.0,147.7721458474904,0.7149400469707569,0.0,0.6991857616094967,0.0
2.81318736076355,-7.002630636502694,2.5623521390895982,-7.207622070253561,-0.5678491646339835,0.7239421650578053,0.7066029574815846,0.0,50.0,20.0,1.0,0.0,0.0,0.0,-340.0248197507244,70.0,147.7721458474904,0.7149400469707569,0.0,0.6991857616094967,0.0
2.8433051109313965,-6.219915020439988,2.287613328851177,-7.2793067487705185,-0.4419736568837034,0.7308592256798689,0.7431676249967037,0.0,50.0,20.0,1.0,0.0,0.0,0.0,-340.0248197507244,70.0,147.7721458474904,0.7149400469707569,0.0,0.6991857616094967,0.0
2.872899055480957,-6.902977497186042,2.935580246448765,-6.790739542490124,-0.3786376714066992,0.5370370414112774,0.6533931388056852,0.0,50.0,20.0,1.0,0.0,0.0,0.0,-340.0248197507244,70.0,147.7721458474904,0.7149400469707569,0.0,0.6991857616094967,0.0
2.9037251472473145,-7.146770737700422,3.6372349459035425,-6.557065160930893,-0.5182448416079308,0.6561304622204261,0.5852751444183137,0.0,50.0,20.0,1.0,0.0,0.0,0.0,-340.0248197507244,70.0,147.7721458474904,0.7149400469707569,0.0,0.6991857616094967,0.0
2.9365596771240234,-7.408179898670141,2.904435189393445,-7.085249922736551,-0.3456303831503185,0.6614727054828935,0.5919481085683922,0.0,50.0,20.0,1.0,0.0,0.0,0.0,-340.0248197507244,70.0,147.7721458474904,0.7149400469707569,0.0,0.6991857616094967,0.0
2.9657950401306152,-8.17931070076191,3.1329744400175015,-6.4357251581719925,-0.4553475620473146,0.732151334401766,0.6800127350960155,0.0,50.0,20.0,1.0,0.0,0.0,0.0,-340.0248197507244,70.0,147.7721458474904,0.7149400469707569,0.0,0.6991857616094967,0.0
2.995837926864624,-8.013902311246119,3.4436727124509168,-7.016496535641206,-0.6138234475574342,0.7200816693619557,0.7686756362841285,0.0,50.0,20.0,1.0,0.0,0.0,0.0,-340.0248197507244,70.0,147.7721458474904,0.7149400469707569,0.0,0.6991857616094967,0.0
3.0257794857025146,-8.3925293690422,2.8065729836456628,-7.731962552947532,-0.5461199868767911,0.6667554361601374,0.7905251968463023,0.0,50.0,20.0,1.0,0.0,0.0,0.0,-340.0248197507244,70.0,147.7721458474904,0.7149400469707569,0.0,0.6991857616094967,0.0
3.0554699897766113,-8.328225813346409,3.21083646571701,-8.370904187902052,-0.46443607805187614,0.48004856185314915,0.5946714532479933,0.0,50.0,20.0,1.0,0.0,0.0,0.0,-340.0248197507244,70.0,147.7721458474904,0.7149400469707569,0.0,0.6991857616094967,0.0
3.0875656604766846,-7.762400045930024,3.6043059070832406,-7.809909428936905,-0.2748998099972625,0.5587608211772361,0.4888333868532639,0.0,50.0,20.0,1.0,0.0,0.0,0.0,-340.0248197507244,70.0,147.7721458474904,0.7149400469707569,0.0,0.6991857616094967,0.0
3.1179845333099365,-7.897218086764472,3.4591938988386666,-7.11340346268502,-0.10663995067612903,0.374761755112354,0.6220225155700941,0.0,50.0,20.0,1.0,0.0,0.0,0.0,-340.0248197507244,70.0,147.7721458474904,0.7149400469707569,0.0,0.6991857616094967,0.0
3.1472437381744385,-8.44454017087005,3.538187955520091,-7.791104401119457,-0.24962397823909993,0.47944336057926723,0.622091276546205,0.0,50.0,20.0,1.0,0.0,0.0,0.0,-340.0248197507244,70.0,147.7721458474904,0.7149400469707569,0.0,0.6991857616094967,0.0
3.1782493591308594,-9.081199672140457,3.495109382475264,-7.445950455346329,-0.26819818662022366,0.5681561406767959,0.7334893393594972,0.0,50.0,20.0,1.0,0.0,0.0,0.0,-340.0248197507244,70.0,147.7721458474904,0.7149400469707569,0.0,0.6991857616094967,0.0
3.207710027694702,-8.289381818239136,3.3426379254901626,-7.03912392262486,-0.18745013294138663,0.5270033704032439,0.646188453412901,0.0,50.0,20.0,1.0,0.0,0.0,0.0,-340.0248197507244,70.0,147.7721458474904,0.7149400469707569,0.0,0.6991857616094967,0.0
3.24011492729187,-8.49600892436812,2.6775813304196663,-6.389389593849084,-0.20573950184525105,0.5289870282593823,0.7579186945965226,0.0,50.0,20.0,1.0,0.0,0.0,0.0,-340.0248197507244,70.0,147.7721458474904,0.7149400469707569,0.0,0.6991857616094967,0.0
3.270153760910034,-8.820772148095216,3.4593530900227956,-6.0714423132723505,-0.10850788783307971,0.4515178489781476,0.6570168954227616,0.0,50.0,20.0,1.0,0.0,0.0,0.0,-340.0248197507244,70.0,147.7721458474904,0.7149400469707569,0.0,0.6991857616094967,0.0
3.299501419067383,-8.758330689712544,4.173625961936615,-6.363570302312006,-0.24988117281985708,0.36414915980466744,0.7069214926066192,0.0,50.0,20.0,1.0,0.0,0.0,0.0,-340.0248197507244,70.0,147.7721458474904,0.7149400469707569,0.0,0.6991857616094967,0.0
3.332655429840088,-8.793479714710193,3.4086353449737428,-6.01873393766868,-0.4169408330031271,0.521564005241429,0.7852724611679835,0.0,50.0,20.0,1.0,0.0,0.0,0.0,-340.0248197507244,70.0,147.7721458474904,0.7149400469707569,0.0,0.6991857616094967,0.0
3.3622477054595947,-9.375795926553836,3.3428560306901196,-6.379111890173001,-0.45311712033707097,0.6452520018052788,0.7127723843256967,0.0,50.0,20.0,1.0,0.0,0.0,0.0,-340.0248197507244,70.0,147.7721458474904,0.7149400469707569,0.0,0.6991857616094967,0.0
3.391806125640869,-9.181412697179962,3.560741293097788,-7.026049946043599,-0.5780531555363324,0.8350074925348178,0.8925369271087878,0.0,50.0,20.0,1.0,0.0,0.0,0.0,-340.0248197507244,70.0,147.7721458474904,0.7149400469707569,0.0,0.6991857616094967,0.0
3.4219772815704346,-8.87383589410773,3.1112980227097036,-7.3667081287672165,-0.5852046535335746,1.0066140994052162,0.8722883818029454,0.0,50.0,20.0,1.0,0.0,0.0,0.0,-340.0248197507244,70.0,147.7721458474904,0.7149400469707569,0.0,0.6991857616094967,0.0
3.451904535293579,-8.563298390566807,3.4749574921961903,-7.096768319632879,-0.47137135755635706,1.0049121183041705,0.9531816061995837,0.0,50.0,20.0,1.0,0.0,0.0,0.0,-340.0248197507244,70.0,147.7721458474904,0.7149400469707569,0.0,0.6991857616094967,0.0
3.4848334789276123,-8.175439277000352,2.724988629190954,-6.876421869800805,-0.47768011059366694,0.8297130929192185,1.0662616835981333,0.0,50.0,20.0,1.0,0.0,0.0,0.0,-340.0248197507244,70.0,147.7721458474904,0.7149400469707569,0.0,0.6991857616094967,0.0
3.513136386871338,-8.854912179710968,2.3857848320826074,-6.234734933298115,-0.4109239993385711,0.7376271183479355,0.9145017131533578,0.0,50.0,20.0,1.0,0.0,0.0,0.0,-340.0248197507244,70.0,147.7721458474904,0.7149400469707569,0.0,0.6991857616094967,0.0
3.5433831214904785,-9.013514829719329,1.8968098877392747,-5.6850215264502575,-0.46317360978217126,0.6249271591455235,0.9775284222066862,0.0,50.0,20.0,1.0,0.0,0.0,0.0,-340.0248197507244,70.0,147.7721458474904,0.7149400469707569,0.0,0.6991857616094967,0.0
3.573681592941284,-8.733039040196342,1.8409041112193485,-5.080216614678404,-0.5957644453964412,0.6601931015492875,0.9714682959515974,0.0,50.0,20.0,1.0,0.0,0.0,0.0,-340.0248197507244,70.0,147.7721458474904,0.7149400469707569,0.0,0.6991857616094967,0.0
3.603428363800049,-9.441055857864853,1.9427219052859224,-4.84631106691519,-0.6008087469291366,0.5672311173213709,1.1615659264390217,0.0,50.0,20.0,1.0,0.0,0.0,0.0,-340.0248197507244,70.0,147.7721458474904,0.7149400469707569,0.0,0.6991857616094967,0.0
3.6358890533447266,-9.394584937513244,1.7088279670838875,-4.952513028691942,-0.7947170735196527,0.6989426089597739,1.1091380640467836,0.0,50.0,20.0,1.0,0.0,0.0,0.0,-340.0248197507244,70.0,147.7721458474904,0.7149400469707569,0.0,0.6991857616094967,0.0
3.665353536605835,-9.130415243565807,1.2783097638111651,-4.89997051942506,-0.9732110862348242,0.7185441397417632,1.143989376118684,0.0,50.0,20.0,1.0,0.0,0.0,0.0,-340.0248197507244,70.0,147.7721458474904,0.7149400469707569,0.0,0.6991857616094967,0.0
3.696134328842163,-9.389557014900962,1.1921789620865435,-4.6132172227656305,-1.1552511805761743,0.7350750298728358,1.0742056532683812,0.0,50.0,20.0,1.0,0.0,0.0,0.0,-340.0248197507244,70.0,147.7721458474904,0.7149400469707569,0.0,0.6991857616094967,0.0
3.725148916244507,-9.070447016094821,1.1798080776550721,-5.11090947556716,-1.3003749379691416,0.7315756580820433,1.222575254560705,0.0,50.0,20.0,1.0,0.0,0.0,0.0,-340.0248197507244,70.0,147.7721458474904,0.7149400469707569,0.0,0.6991857616094967,0.0
3.755418300628662,-8.49184417460722,1.185123113201551,-5.042134368891959,-1.1840596605614118,0.7707409993142114,1.1217735044991395,0.0,50.0,20.0,1.0,0.0,0.0,0.0,-340.0248197507244,70.0,147.7721458474904,0.7149400469707569,0.0,0.6991857616094967,0.0
3.787675380706787,-8.23462413774921,1.3914971105887306,-4.715588001708102,-1.2359904251800742,0.6303766732206044,1.117127047684362,0.0,50.0,20.0,1.0,0.0,0.0,0.0,-340.0248197507244,70.0,147.7721458474904,0.7149400469707569,0.0,0.6991857616094967,0.0
3.8182120323181152,-8.885698469697953,0.9962432656723541,-4.186707943397938,-1.0567682200698192,0.4394346346311605,1.2515983204634518,0.0,50.0,20.0,1.0,0.0,0.0,0.0,-340.0248197507244,70.0,147.7721458474904,0.7149400469707569,0.0,0.6991857616094967,0.0
3.847299337387085,-9.069874534914923,0.8165996165073629,-3.639276722737196,-0.8871024294460961,0.6113448354100506,1.1640870470447646,0.0,50.0,20.0,1.0,0.0,0.0,0.0,-340.0248197507244,70.0,147.7721458474904,0.7149400469707569,0.0,0.6991857616094967,0.0
3.877450942993164,-9.641449043048883,0.19732624747425964,-4.3445267219425014,-1.0494314049891669,0.7933687378922558,1.0475691979011157,0.0,50.0,20.0,1.0,0.0,0.0,0.0,-340.0248197507244,70.0,147.7721458474904,0.7149400469707569,0.0,0.6991857616094967,0.0
3.9077181816101074,-10.163952746771264,-0.28546397651571287,-4.613862129183779,-0.9333138552144573,0.6641138637045239,1.0536255134742185,0.0,50.0,20.0,1.0,0.0,0.0,0.0,-340.0248197507244,70.0,147.7721458474904,0.7149400469707569,0.0,0.6991857616094967,0.0
3.939404249191284,-10.26071988900379,-0.12078499093896367,-4.044165693101058,-0.7835838631453745,0.6601442344917018,0.9727273235812784,0.0,50.0,20.0,1.0,0.0,0.0,0.0,-340.0248197507244,70.0,147.7721458474904,0.7149400469707569,0.0,0.6991857616094967,0.0
3.96943736076355,-10.59321067640906,-0.21211591796671225,-3.4358439446586813,-0.9347588310239361,0.516990410861219,1.11848387627574,0.0,50.0,20.0,1.0,0.0,0.0,0.0,-340.0248197507244,70.0,147.7721458474904,0.7149400469707569,0.0,0.6991857616094967,0.0
3.999476909637451,-11.107998828076585,-0.12013472793934188,-3.3600280993795586,-1.0289720929838941,0.5192255402396698,0.9890315824137357,0.0,50.0,20.0,1.0,0.0,0.0,0.0,-340.0248197507244,70.0,147.7721458474904,0.7149400469707569,0.0,0.6991857616094967,0.0
4.0316162109375,-11.187028741191753,0.5751114686780925,-3.4470456874300233,-1.0153575824927348,0.4420014802951592,1.037165941586843,0.0,50.0,20.0,1.0,0.0,0.0,0.0,-340.0248197507244,70.0,147.7721458474904,0.7149400469707569,0.0,0.6991857616094967,0.0
4.0624988079071045,-11.975395651888501,0.25347571422238885,-2.81174277716868,-1.019202603125394,0.5834251849192469,0.9801319678150926,0.0,50.0,20.0,1.0,0.0,0.0,0.0,-340.0248197507244,70.0,147.7721458474904,0.7149400469707569,0.0,0.6991857616094967,0.0
4.0921807289123535,-12.411107012360414,-0.5002327011625245,-3.146838214972052,-0.8971778805319603,0.48992695896638944,0.7925463841413802,0.0,50.0,20.0,1.0,0.0,0.0,0.0,-340.0248197507244,70.0,147.7721458474904,0.7149400469707569,0.0,0.6991857616094967,0.0
4.121616840362549,-12.694405017840815,-0.910148068473027,-2.4147740770371975,-1.0060336458061634,0.33514120709193707,0.6950674218424553,0.0,50.0,20.0,1.0,0.0,0.0,0.0,-340.0248197507244,70.0,147.7721458474904,0.7149400469707569,0.0,0.6991857616094967,0.0
4.151779413223267,-12.114453660343303,-0.41887873054193503,-3.1510264099265317,-0.8070060270205919,0.38181784924139334,0.8613796885021268,0.0,50.0,20.0,1.0,0.0,0.0,0.0,-340.0248197507244,70.0,147.7721458474904,0.7149400469707569,0.0,0.6991857616094967,0.0
4.183730125427246,-12.479236944802063,-0.02301435354001935,-2.633490676400706,-0.8770684425362925,0.2527695476045543,0.8079261078866106,0.0,50.0,20.0,1.0,0.0,0.0,0.0,-340.0248197507244,70.0,147.7721458474904,0.7149400469707569,0.0,0.6991857616094967,0.0
4.21377158164978,-12.750075177474326,0.5970607409206679,-2.5753500855650326,-1.0102220172703127,0.08405947037880546,0.7941840501158055,0.0,50.0,20.0,1.0,0.0,0.0,0.0,-340.0248197507244,70.0,147.7721458474904,0.7149400469707569,0.0,0.6991857616094967,0.0
4.2463157176971436,-12.304301025082824,1.1862608912307995,-2.716028246619854,-1.0458664961259934,0.23130392053340215,0.8268350940137448,0.0,50.0,20.0,1.0,0.0,0.0,0.0,-340.0248197507244,70.0,147.7721458474904,0.7149400469707569,0.0,0.6991857616094967,0.0
4.274035692214966,-12.40506752628316,1.0794510995065614,-3.3220909065306126,-1.1647092797054504,0.28347597800503305,0.7323246930148265,0.0,50.0,20.0,1.0,0.0,0.0,0.0,-340.0248197507244,70.0,147.7721458474904,0.7149400469707569,0.0,0.6991857616094967,0.0
4.3032166957855225,-12.365050090607559,0.9508539673801848,-3.71967285762888,-0.9751464282614914,0.43123495201309714,0.6454281597211916,0.0,50.0,20.0,1.0,0.0,0.0,0.0,-340.0248197507244,70.0,147.7721458474904,0.7149400469707569,0.0,0.6991857616094967,0.0
4.336129903793335,-12.795437718381883,0.46409578162066284,-4.216223519129724,-0.8506681859264806,0.44793021747545547,0.5077585105712354,0.0,50.0,20.0,1.0,0.0,0.0,0.0,-340.0248197507244,70.0,147.7721458474904,0.7149400469707569,0.0,0.6991857616094967,0.0
4.365780830383301,-12.39517389716621,0.14728093924934194,-3.7279857514888812,-0.7983998217358942,0.3140060612302684,0.6536453103317343,0.0,50.0,20.0,1.0,0.0,0.0,0.0,-340.0248197507244,70.0,147.7721458474904,0.7149400469707569,0.0,0.6991857616094967,0.0
4.395408868789673,-11.610939195332726,-0.6312000400619544,-3.921588439158889,-0.9181183226916935,0.5066177812053394,0.7816013854034023,0.0,50.0,20.0,1.0,0.0,0.0,0.0,-340.0248197507244,70.0,147.7721458474904,0.7149400469707569,0.0,0.6991857616094967,0.0
4.425616025924683,-11.593613063666716,-0.19375365973445846,-3.166254320743805,-1.0875667501819615,0.6149041037184675,0.6407031747618308,0.0,50.0,20.0,1.0,0.0,0.0,0.0,-340.0248197507244,70.0,147.7721458474904,0.7149400469707569,0.0,0.6991857616094967,0.0
4.4567999839782715,-12.130059769800427,-0.596379385012382,-3.19137019252861,-0.960255422570906,0.6059266273277362,0.698752029858619,0.0,50.0,20.0,1.0,0.0,0.0,0.0,-340.0248197507244,70.0,147.7721458474904,0.7149400469707569,0.0,0.6991857616094967,0.0
4.4873411655426025,-12.25706574287583,-1.1676676471081253,-3.30428759484593,-0.9587416058421399,0.5996965755207372,0.622440755730057,0.0,50.0,20.0,1.0,0.0,0.0,0.0,-340.0248197507244,70.0,147.7721458474904,0.7149400469707569,0.0,0.6991857616094967,0.0
4.517970085144043,-12.737654546013923,-0.8152731983474268,-3.241624283137628,-0.8830525420609117,0.5932268442772592,0.47723517241542734,0.0,50.0,20.0,1.0,0.0,0.0,0.0,-340.0248197507244,70.0,147.7721458474904,0.7149400469707569,0.0,0.6991857616094967,0.0
4.547719478607178,-13.0,-0.3873809001297348,-3.3882274093721296,-0.6922835242446981,0.5419918215292158,0.5032313834747756,0.0,50.0,20.0,1.0,0.0,0.0,0.0,-340.0248197507244,70.0,147.7721458474904,0.7149400469707569,0.0,0.6991857616094967,0.0
4.58246922492981,-13.0,0.218104340222657,-2.7037209522234646,-0.8510325855847312,0.49963169136635344,0.46328096980827294,0.0,50.0,20.0,1.0,0.0,0.0,0.0,-340.0248197507244,70.0,147.7721458474904,0.7149400469707569,0.0,0.6991857616094967,0.0
4.607823371887207,-13.0,0.6984885401474468,-2.8968262118551804,-0.865307600172488,0.6075664136719647,0.2636482072443117,0.0,50.0,20.0,1.0,0.0,0.0,0.0,-340.0248197507244,70.0,147.7721458474904,0.7149400469707569,0.0,0.6991857616094967,0.0
4.63897442817688,-13.0,0.8876890908162824,-2.370388973103598,-0.731065998552939,0.7090026234705872,0.39810596088852557,0.0,50.0,20.0,1.0,0.0,0.0,0.0,-340.0248197507244,70.0,147.7721458474904,0.7149400469707569,0.0,0.6991857616094967,0.0
4.669607162475586,-13.0,1.0709492141972916,-3.0551478666156573,-0.8685081585508694,0.6571388305979863,0.45735595762121706,0.0,50.0,20.0,1.0,0.0,0.0,0.0,-340.0248197507244,70.0,147.7721458474904,0.7149400469707569,0.0,0.6991857616094967,0.0
4.69987678527832,-13.0,0.759143778154165,-2.925864028298915,-0.7480311129911317,0.571930667080268,0.501415008378032,0.0,50.0,20.0,1.0,0.0,0.0,0.0,-340.0248197507244,70.0,147.7721458474904,0.7149400469707569,0.0,0.6991857616094967,0.0
4.731042385101318,-13.0,1.077127304741349,-2.1875764145628525,-0.7753533360983353,0.39800416873196154,0.6148728319876433,0.0,50.0,20.0,1.0,0.0,0.0,0.0,-340.0248197507244,70.0,147.7721458474904,0.7149400469707569,0.0,0.6991857616094967,0.0
4.761626720428467,-12.273938873511705,0.31244280419093373,-2.1099815373385464,-0.7978309929307257,0.46672872001830523,0.6653131469188795,0.0,50.0,20.0,1.0,0.0,0.0,0.0,-340.0248197507244,70.0,147.7721458474904,0.7149400469707569,0.0,0.6991857616094967,0.0
4.792158603668213,-12.89366836563516,0.16078936758601625,-1.854514015231395,-0.6929105107846114,0.3608413940703336,0.8522699611972562,0.0,50.0,20.0,1.0,0.0,0.0,0.0,-340.0248197507244,70.0,147.7721458474904,0.7149400469707569,0.0,0.6991857616094967,0.0
4.821577310562134,-13.0,0.37445826529646775,-1.3385425926518397,-0.5722632416284634,0.35980816884111005,0.9347084872648703,0.0,50.0,20.0,1.0,0.0,0.0,0.0,-340.0248197507244,70.0,147.7721458474904,0.7149400469707569,0.0,0.6991857616094967,0.0
4.851866722106934,-13.0,0.20716147224849202,-0.640193680936334,-0.40320444543632794,0.331762111424878,1.1224462457507847,0.0,50.0,20.0,1.0,0.0,0.0,0.0,-340.0248197507244,70.0,147.7721458474904,0.7149400469707569,0.0,0.6991857616094967,0.0
4.883733749389648,-12.395202997460078,0.3329392404232431,-0.8532496536263728,-0.4668416315618471,0.264553193212437,1.010715771312801,0.0,50.0,20.0,1.0,0.0,0.0,0.0,-340.0248197507244,70.0,147.7721458474904,0.7149400469707569,0.0,0.6991857616094967,0.0
4.913275957107544,-12.281471917757147,0.6598684602939818,-0.10324273303709341,-0.5174007808449119,0.33378621533576586,0.8611276840505038,0.0,50.0,20.0,1.0,0.0,0.0,0.0,-340.0248197507244,70.0,147.7721458474904,0.7149400469707569,0.0,0.6991857616094967,0.0
4.943475723266602,-12.944375103452186,0.48470223303592896,0.07102260494621326,-0.3853269657837435,0.2513687229658751,1.0433350247701236,0.0,50.0,20.0,1.0,0.0,0.0,0.0,-340.0248197507244,70.0,147.7721458474904,0.7149400469707569,0.0,0.6991857616094967,0.0
4.973283290863037,-13.0,0.6491494744934112,-0.5248844720660151,-0.364663099805759,0.2711877839352378,1.0708730433349523,0.0,50.0,20.0,1.0,0.0,0.0,0.0,-340.0248197507244,70.0,147.7721458474904,0.7149400469707569,0.0,0.6991857616094967,0.0
5.003241539001465,-13.0,1.2796938876219444,-1.077312021539397,-0.5094462076605559,0.25749410236919823,1.099055810585168,0.0,50.0,20.0,1.0,0.0,0.0,0.0,-340.0248197507244,70.0,147.7721458474904,0.7149400469707569,0.0,0.6991857616094967,0.0
5.035455226898193,-12.944938861757567,0.7592911388078292,-1.157672418594137,-0.6456465476713213,0.30873186930930785,1.1604860395128602,0.0,50.0,20.0,1.0,0.0,0.0,0.0,-340.0248197507244,70.0,147.7721458474904,0.7149400469707569,0.0,0.6991857616094967,0.0
