# Timestamp, Fx, Fy, Fz, Tx, Ty, Tz, FemurPosX, FemurPosY, FemurPosZ, FemurQuatW, FemurQuatX, FemurQuatY, FemurQuatZ, TibiaPosX, TibiaPosY, TibiaPosZ, TibiaQuatW, TibiaQuatX, TibiaQuatY, TibiaQuatZ
0.017499923706054688,4.063599969108182,5.125753273817654,-1.060194304361027,-0.3603111571235521,1.2311032392561487,-0.7346873602541684,0.0,50.0,20.0,1.0,0.0,0.0,0.0,-369.28932188134524,70.0,79.28932188134524,0.9238795325112867,0.0,0.3826834323650898,0.0
0.046770572662353516,4.85746919467822,5.64094315278972,-1.69389975810394,-0.4761108584913438,1.2263833005967828,-0.8729735593010836,0.0,50.0,20.0,1.0,0.0,0.0,0.0,-369.28932188134524,70.0,79.28932188134524,0.9238795325112867,0.0,0.3826834323650898,0.0
0.07655215263366699,5.02640868798383,6.091518778952087,-1.1602965600196307,-0.42083678754496623,1.1190159293942226,-0.9746142984089559,0.0,50.0,20.0,1.0,0.0,0.0,0.0,-369.28932188134524,70.0,79.28932188134524,0.9238795325112867,0.0,0.3826834323650898,0.0
0.10599899291992188,4.928704719673347,6.098417793222338,-1.2396989622803585,-0.44955976502414363,1.0711647044596961,-1.1502326484470782,0.0,50.0,20.0,1.0,0.0,0.0,0.0,-369.28932188134524,70.0,79.28932188134524,0.9238795325112867,0.0,0.3826834323650898,0.0
0.13590264320373535,4.399428660616587,5.486466669092636,-0.6834087612227813,-0.27503560572968394,0.9504180988055533,-0.9568842801410659,0.0,50.0,20.0,1.0,0.0,0.0,0.0,-369.28932188134524,70.0,79.28932188134524,0.9238795325112867,0.0,0.3826834323650898,0.0
0.16802072525024414,3.7966768974168734,4.695064841090285,-0.1468133398271334,-0.4325965588943643,1.0610152593065856,-0.8963052180524551,0.0,50.0,20.0,1.0,0.0,0.0,0.0,-369.28932188134524,70.0,79.28932188134524,0.9238795325112867,0.0,0.3826834323650898,0.0
0.19805073738098145,3.1989861432653908,4.638539907675132,0.5689116142880726,-0.5643656491329048,1.2226655374557391,-0.892684148968022,0.0,50.0,20.0,1.0,0.0,0.0,0.0,-369.28932188134524,70.0,79.28932188134524,0.9238795325112867,0.0,0.3826834323650898,0.0
0.2277379035949707,3.3905810012730675,5.392498019869136,1.187265399454628,-0.5784186180467745,1.1276597926683245,-0.8977815737663997,0.0,50.0,20.0,1.0,0.0,0.0,0.0,-369.28932188134524,70.0,79.28932188134524,0.9238795325112867,0.0,0.3826834323650898,0.0
0.26008057594299316,3.4191013224334315,5.285842587116778,0.9623882152954674,-0.4262769533215572,1.1336438111674336,-0.7182496380635747,0.0,50.0,20.0,1.0,0.0,0.0,0.0,-369.28932188134524,70.0,79.28932188134524,0.9238795325112867,0.0,0.3826834323650898,0.0
0.29067420959472656,3.1169061178087007,5.210389383883794,1.34020964811587,-0.4021684487857029,1.3295880221157237,-0.7934203391229284,0.0,50.0,20.0,1.0,0.0,0.0,0.0,-369.28932188134524,70.0,79.28932188134524,0.9238795325112867,0.0,0.3826834323650898,0.0
0.32023072242736816,3.6781949501249334,4.659098836560345,1.8931884396081917,-0.4182765262765503,1.5,-0.9077475744775898,0.0,50.0,20.0,1.0,0.0,0.0,0.0,-369.28932188134524,70.0,79.28932188134524,0.9238795325112867,0.0,0.3826834323650898,0.0
0.35038280487060547,4.0438345915067515,5.029879949382996,1.7723391398204136,-0.5125623150297871,1.5,-1.0824067085949403,0.0,50.0,20.0,1.0,0.0,0.0,0.0,-369.28932188134524,70.0,79.28932188134524,0.9238795325112867,0.0,0.3826834323650898,0.0
0.37996435165405273,3.6744338301554325,4.704302680698744,2.0576995571433327,-0.35082578600547604,1.5,-1.1509762147372955,0.0,50.0,20.0,1.0,0.0,0.0,0.0,-369.28932188134524,70.0,79.28932188134524,0.9238795325112867,0.0,0.3826834323650898,0.0
0.4127495288848877,4.3021774235326005,3.9419104067092703,2.648161890653501,-0.4196106308070696,1.5,-1.2656277093034498,0.0,50.0,20.0,1.0,0.0,0.0,0.0,-369.28932188134524,70.0,79.28932188134524,0.9238795325112867,0.0,0.3826834323650898,0.0
0.44254636764526367,4.8002889726052915,3.4281804047246816,2.0582950855478725,-0.5427432399931639,1.5,-1.3833415750249956,0.0,50.0,20.0,1.0,0.0,0.0,0.0,-369.28932188134524,70.0,79.28932188134524,0.9238795325112867,0.0,0.3826834323650898,0.0
0.47246766090393066,4.884426088845325,4.1307133022982665,1.602436309226966,-0.38317933005487265,1.4634530953129372,-1.5,0.0,50.0,20.0,1.0,0.0,0.0,0.0,-369.28932188134524,70.0,79.28932188134524,0.9238795325112867,0.0,0.3826834323650898,0.0
0.5015144348144531,4.313629081439782,4.071886209996134,1.140161126765881,-0.517477055790717,1.37765474864945,-1.5,0.0,50.0,20.0,1.0,0.0,0.0,0.0,-369.28932188134524,70.0,79.28932188134524,0.9238795325112867,0.0,0.3826834323650898,0.0
0.5331509113311768,3.7219512179005254,4.055865101930249,1.4543348538287624,-0.6810913825608585,1.5,-1.3671172821489521,0.0,50.0,20.0,1.0,0.0,0.0,0.0,-369.28932188134524,70.0,79.28932188134524,0.9238795325112867,0.0,0.3826834323650898,0.0
0.5644364356994629,4.032134149792123,3.5131077880583104,2.0468939242070614,-0.5833025378104297,1.5,-1.238339616486349,0.0,50.0,20.0,1.0,0.0,0.0,0.0,-369.28932188134524,70.0,79.28932188134524,0.9238795325112867,0.0,0.3826834323650898,0.0
0.5942974090576172,3.842605716013525,2.7533910196999223,2.793229328637879,-0.5567149695437944,1.5,-1.3542461013680662,0.0,50.0,20.0,1.0,0.0,0.0,0.0,-369.28932188134524,70.0,79.28932188134524,0.9238795325112867,0.0,0.3826834323650898,0.0
0.6239666938781738,4.112091624269498,3.2264536156101835,3.0264407213580444,-0.7366077318837672,1.4785632495534333,-1.187610315179853,0.0,50.0,20.0,1.0,0.0,0.0,0.0,-369.28932188134524,70.0,79.28932188134524,0.9238795325112867,0.0,0.3826834323650898,0.0
0.6547114849090576,4.568709063488994,2.7022889590624195,2.798864823154392,-0.6773388841323147,1.479962352981207,-1.379642086617249,0.0,50.0,20.0,1.0,0.0,0.0,0.0,-369.28932188134524,70.0,79.28932188134524,0.9238795325112867,0.0,0.3826834323650898,0.0
0.6848480701446533,4.66407964831474,2.885561585695225,3.104132408896881,-0.543538406453798,1.4083538563922426,-1.2138939423620594,0.0,50.0,20.0,1.0,0.0,0.0,0.0,-369.28932188134524,70.0,79.28932188134524,0.9238795325112867,0.0,0.3826834323650898,0.0
0.717731237411499,5.255623719491774,3.6327691742971435,3.3791038441738994,-0.47924048484929943,1.367893552814065,-1.3060038540035974,0.0,50.0,20.0,1.0,0.0,0.0,0.0,-369.28932188134524,70.0,79.28932188134524,0.9238795325112867,0.0,0.3826834323650898,0.0
0.7477006912231445,5.634647569388402,3.9517427292815905,3.2721928448340165,-0.3677104767433579,1.2421134947754755,-1.2540093775503274,0.0,50.0,20.0,1.0,0.0,0.0,0.0,-369.28932188134524,70.0,79.28932188134524,0.9238795325112867,0.0,0.3826834323650898,0.0
0.77738356590271,5.69214298884385,4.606775172215586,2.9107303515671052,-0.22968764281928605,1.15684575542727,-1.0626380156087754,0.0,50.0,20.0,1.0,0.0,0.0,0.0,-369.28932188134524,70.0,79.28932188134524,0.9238795325112867,0.0,0.3826834323650898,0.0
0.8065202236175537,4.966346765147195,5.216940803240073,2.935893312369126,-0.15079193993729717,0.9993099132309626,-1.117523150975882,0.0,50.0,20.0,1.0,0.0,0.0,0.0,-369.28932188134524,70.0,79.28932188134524,0.9238795325112867,0.0,0.3826834323650898,0.0
0.8363149166107178,5.536865620847331,5.746920447547258,3.0030305159715707,-0.2427508407737441,0.849340239053367,-1.020013824411357,0.0,50.0,20.0,1.0,0.0,0.0,0.0,-369.28932188134524,70.0,79.28932188134524,0.9238795325112867,0.0,0.3826834323650898,0.0
0.8679165840148926,5.2695250558374,6.3851284998090065,3.3301289897046518,-0.07903185739324015,0.9277398344716559,-0.9709058908607779,0.0,50.0,20.0,1.0,0.0,0.0,0.0,-369.28932188134524,70.0,79.28932188134524,0.9238795325112867,0.0,0.3826834323650898,0.0
0.8984127044677734,4.868385518538595,7.000861457841618,2.964425613468861,-0.26233625941102934,1.1005208934135111,-0.8887479756741379,0.0,50.0,20.0,1.0,0.0,0.0,0.0,-369.28932188134524,70.0,79.28932188134524,0.9238795325112867,0.0,0.3826834323650898,0.0
0.9286558628082275,5.525895413625081,7.0105425279902835,2.3708413617202027,-0.1956830120320634,1.0323187331810526,-0.8354886643802718,0.0,50.0,20.0,1.0,0.0,0.0,0.0,-369.28932188134524,70.0,79.28932188134524,0.9238795325112867,0.0,0.3826834323650898,0.0
0.9608039855957031,5.394009172222074,7.545403872264243,2.0414841665749064,-0.24624621651206874,1.118276461926464,-0.7812248228119218,0.0,50.0,20.0,1.0,0.0,0.0,0.0,-369.28932188134524,70.0,79.28932188134524,0.9238795325112867,0.0,0.3826834323650898,0.0
0.9906556606292725,5.553660347748473,7.0908505728334355,1.607699144109388,-0.2912605959309271,0.9934151792474829,-0.929401130066901,0.0,50.0,20.0,1.0,0.0,0.0,0.0,-369.28932188134524,70.0,79.28932188134524,0.9238795325112867,0.0,0.3826834323650898,0.0
1.0210227966308594,5.049781503060865,6.389432301762574,1.3110254192584991,-0.32621164160371335,0.9184635012921554,-0.7553247582591283,0.0,50.0,20.0,1.0,0.0,0.0,0.0,-369.28932188134524,70.0,79.28932188134524,0.9238795325112867,0.0,0.3826834323650898,0.0
1.0506150722503662,4.573363664574198,6.64491306905391,1.116588307636395,-0.5098203304778888,0.941620426088214,-0.6844571930532197,0.0,50.0,20.0,1.0,0.0,0.0,0.0,-369.28932188134524,70.0,79.28932188134524,0.9238795325112867,0.0,0.3826834323650898,0.0
1.0806787014007568,3.8051440009411297,5.925398163020971,1.6462445890638628,-0.37882307972213114,0.8513649422244836,-0.8517933852470118,0.0,50.0,20.0,1.0,0.0,0.0,0.0,-369.28932188134524,70.0,79.28932188134524,0.9238795325112867,0.0,0.3826834323650898,0.0
1.1139171123504639,3.169172647303763,6.097524593368283,1.0717760336286295,-0.42116869522452055,0.7776223163980039,-0.8116072521760791,0.0,50.0,20.0,1.0,0.0,0.0,0.0,-369.28932188134524,70.0,79.28932188134524,0.9238795325112867,0.0,0.3826834323650898,0.0
1.1430766582489014,2.566444270719938,5.8119825574697135,1.2198822958551983,-0.5620753471182,0.6283267314230196,-0.7258508853139998,0.0,50.0,20.0,1.0,0.0,0.0,0.0,-369.28932188134524,70.0,79.28932188134524,0.9238795325112867,0.0,0.3826834323650898,0.0
1.172173023223877,3.1405148511995646,6.333565201252441,1.0815472239522386,-0.4024594562327216,0.6335005041438382,-0.8278607598345615,0.0,50.0,20.0,1.0,0.0,0.0,0.0,-369.28932188134524,70.0,79.28932188134524,0.9238795325112867,0.0,0.3826834323650898,0.0
1.202479600906372,3.7099266962393065,5.641318626984231,1.5748514370607496,-0.5653459026785979,0.590060806866583,-0.8340844929089792,0.0,50.0,20.0,1.0,0.0,0.0,0.0,-369.28932188134524,70.0,79.28932188134524,0.9238795325112867,0.0,0.3826834323650898,0.0
1.2326242923736572,4.080442457876773,5.789239079551358,1.4751371775160582,-0.5314975242432418,0.7014830940707412,-0.9935855214389431,0.0,50.0,20.0,1.0,0.0,0.0,0.0,-369.28932188134524,70.0,79.28932188134524,0.9238795325112867,0.0,0.3826834323650898,0.0
1.2651982307434082,4.721991468305072,6.253709401493812,0.793879111587614,-0.6884685711843344,0.6773105065134545,-0.9506299977529202,0.0,50.0,20.0,1.0,0.0,0.0,0.0,-369.28932188134524,70.0,79.28932188134524,0.9238795325112867,0.0,0.3826834323650898,0.0
1.2959530353546143,4.7153613270537305,6.876308548577903,0.48469179522882366,-0.7082365145520052,0.8768279036488384,-0.8564806844271381,0.0,50.0,20.0,1.0,0.0,0.0,0.0,-369.28932188134524,70.0,79.28932188134524,0.9238795325112867,0.0,0.3826834323650898,0.0
1.3260324001312256,5.178305626274283,6.45703075615477,-0.2696333928167213,-0.7818294055221383,0.7488913902639447,-0.8362337627465355,0.0,50.0,20.0,1.0,0.0,0.0,0.0,-369.28932188134524,70.0,79.28932188134524,0.9238795325112867,0.0,0.3826834323650898,0.0
1.3553566932678223,5.191220294039868,6.513429198449073,-0.24684873340101532,-0.8516145547755551,0.9327676409086039,-0.9633346718287317,0.0,50.0,20.0,1.0,0.0,0.0,0.0,-369.28932188134524,70.0,79.28932188134524,0.9238795325112867,0.0,0.3826834323650898,0.0
1.3848903179168701,5.542632049797861,6.460684755871439,-0.40866683135510007,-0.677783171465743,1.0398327598925845,-0.7638268023269381,0.0,50.0,20.0,1.0,0.0,0.0,0.0,-369.28932188134524,70.0,79.28932188134524,0.9238795325112867,0.0,0.3826834323650898,0.0
1.4169957637786865,6.127834000183451,6.748069573103818,-0.45945781157813925,-0.6406874452127529,1.027141499594999,-0.6780620593897422,0.0,50.0,20.0,1.0,0.0,0.0,0.0,-369.28932188134524,70.0,79.28932188134524,0.9238795325112867,0.0,0.3826834323650898,0.0
1.4473953247070312,5.502094019816063,6.621865178743446,-0.7966716686370086,-0.7955508787054587,0.8644009003244216,-0.5712855356164842,0.0,50.0,20.0,1.0,0.0,0.0,0.0,-369.28932188134524,70.0,79.28932188134524,0.9238795325112867,0.0,0.3826834323650898,0.0
1.477020025253296,5.016760446941095,5.925806562081365,-0.7516812908819138,-0.7936201809868791,0.8613258873232076,-0.5313673031821096,0.0,50.0,20.0,1.0,0.0,0.0,0.0,-369.28932188134524,70.0,79.28932188134524,0.9238795325112867,0.0,0.3826834323650898,0.0
1.5065257549285889,4.400682350166999,5.754219833187136,-0.6768220076237195,-0.6817937069841391,0.9703865766694049,-0.5471714658901329,0.0,50.0,20.0,1.0,0.0,0.0,0.0,-369.28932188134524,70.0,79.28932188134524,0.9238795325112867,0.0,0.3826834323650898,0.0
1.5363030433654785,3.6782365694915438,6.397064703402468,-0.7184841700405197,-0.6942363804764862,0.8460264977642623,-0.7246414694904524,0.0,50.0,20.0,1.0,0.0,0.0,0.0,-369.28932188134524,70.0,79.28932188134524,0.9238795325112867,0.0,0.3826834323650898,0.0
1.5683326721191406,4.358112137042806,5.919738452496806,-1.113268769394137,-0.5799939039829864,0.6720332202578012,-0.889475720281187,0.0,50.0,20.0,1.0,0.0,0.0,0.0,-369.28932188134524,70.0,79.28932188134524,0.9238795325112867,0.0,0.3826834323650898,0.0
1.5978329181671143,3.853586940912517,5.267365671623055,-0.36944392573936446,-0.42112058385893353,0.6663086323675597,-0.8062041371705191,0.0,50.0,20.0,1.0,0.0,0.0,0.0,-369.28932188134524,70.0,79.28932188134524,0.9238795325112867,0.0,0.3826834323650898,0.0
1.6284089088439941,3.560459147438195,5.695064723025428,0.17963830807604708,-0.3721215269880478,0.8020094522588093,-0.7868674299716106,0.0,50.0,20.0,1.0,0.0,0.0,0.0,-369.28932188134524,70.0,79.28932188134524,0.9238795325112867,0.0,0.3826834323650898,0.0
1.6601316928863525,4.087246781805634,5.87757626436702,0.9230826289293037,-0.35494599274536054,0.7402732880753945,-0.7191194541653116,0.0,50.0,20.0,1.0,0.0,0.0,0.0,-369.28932188134524,70.0,79.28932188134524,0.9238795325112867,0.0,0.3826834323650898,0.0
1.6907987594604492,4.809090042774875,5.378407532215741,0.8986124415662624,-0.40661665787949786,0.69480706622149,-0.7194300737524217,0.0,50.0,20.0,1.0,0.0,0.0,0.0,-369.28932188134524,70.0,79.28932188134524,0.9238795325112867,0.0,0.3826834323650898,0.0
1.7205641269683838,4.568047188829585,4.696825465943499,1.5168884607602782,-0.34434544560098146,0.8291711312561639,-0.8254691407011117,0.0,50.0,20.0,1.0,0.0,0.0,0.0,-369.28932188134524,70.0,79.28932188134524,0.9238795325112867,0.0,0.3826834323650898,0.0
1.751063346862793,4.605596279882148,4.991040375710104,1.1964202681902814,-0.1569113360281424,0.8652946306109384,-0.660352541629496,0.0,50.0,20.0,1.0,0.0,0.0,0.0,-369.28932188134524,70.0,79.28932188134524,0.9238795325112867,0.0,0.3826834323650898,0.0
1.779996633529663,4.07944137211865,5.685944443517476,1.4687093136014056,-0.15843376175057333,0.7418760142266106,-0.7047996467601912,0.0,50.0,20.0,1.0,0.0,0.0,0.0,-369.28932188134524,70.0,79.28932188134524,0.9238795325112867,0.0,0.3826834323650898,0.0
1.8131461143493652,4.20010751529373,6.2825261781950905,1.123964279393927,-0.15888177230485886,0.6039310514866052,-0.7692585096077461,0.0,50.0,20.0,1.0,0.0,0.0,0.0,-369.28932188134524,70.0,79.28932188134524,0.9238795325112867,0.0,0.3826834323650898,0.0
1.8427789211273193,3.986001600210053,6.395963046355731,1.9096929047663294,-0.032628091468095005,0.8018518426314953,-0.9541678591148393,0.0,50.0,20.0,1.0,0.0,0.0,0.0,-369.28932188134524,70.0,79.28932188134524,0.9238795325112867,0.0,0.3826834323650898,0.0
1.8729267120361328,3.8855217616239237,6.486688599748042,2.244467715242013,0.13668598658781875,0.7971327330229003,-0.7557220913903329,0.0,50.0,20.0,1.0,0.0,0.0,0.0,-369.28932188134524,70.0,79.28932188134524,0.9238795325112867,0.0,0.3826834323650898,0.0
1.9021799564361572,3.695827239466771,7.128984743163376,2.1283284876986914,0.02495178248099858,0.6764323317141672,-0.8771088735626574,0.0,50.0,20.0,1.0,0.0,0.0,0.0,-369.28932188134524,70.0,79.28932188134524,0.9238795325112867,0.0,0.3826834323650898,0.0
1.9333183765411377,3.321655050007198,7.24602849993647,1.9117668702400474,-0.05568038884840951,0.6510212146638256,-0.8225073831352572,0.0,50.0,20.0,1.0,0.0,0.0,0.0,-369.28932188134524,70.0,79.28932188134524,0.9238795325112867,0.0,0.3826834323650898,0.0
1.9638471603393555,3.6839895830876475,6.576295322829726,2.0637810462336548,-0.005075934237500385,0.6869640855888764,-0.8960658807057227,0.0,50.0,20.0,1.0,0.0,0.0,0.0,-369.28932188134524,70.0,79.28932188134524,0.9238795325112867,0.0,0.3826834323650898,0.0
1.9944992065429688,3.97335565908428,6.823607840546934,1.9070043435489448,-0.17014193277259423,0.8845947700048475,-1.0410898920753617,0.0,50.0,20.0,1.0,0.0,0.0,0.0,-369.28932188134524,70.0,79.28932188134524,0.9238795325112867,0.0,0.3826834323650898,0.0
2.0243008136749268,4.712971670636143,6.1962624866590374,1.1719132706743574,-0.017098954769623503,0.7654561784095166,-0.875491725876705,0.0,50.0,20.0,1.0,0.0,0.0,0.0,-369.28932188134524,70.0,79.28932188134524,0.9238795325112867,0.0,0.3826834323650898,0.0
2.054145336151123,4.3399598452515775,5.399992398329765,0.8255643599702679,-0.03071923616347022,0.7034190365957087,-0.8007733666080568,0.0,50.0,20.0,1.0,0.0,0.0,0.0,-369.28932188134524,70.0,79.28932188134524,0.9238795325112867,0.0,0.3826834323650898,0.0
2.083777904510498,3.768083135353921,4.813130323312142,0.910894300837419,-0.10472132027173964,0.7300113157742356,-0.7411282046484198,0.0,50.0,20.0,1.0,0.0,0.0,0.0,-369.28932188134524,70.0,79.28932188134524,0.9238795325112867,0.0,0.3826834323650898,0.0
2.1162219047546387,4.544136990447549,4.797225760654371,0.26612913698769625,-0.146492577860004,0.5691833490758212,-0.5571318452469507,0.0,50.0,20.0,1.0,0.0,0.0,0.0,-369.28932188134524,70.0,79.28932188134524,0.9238795325112867,0.0,0.3826834323650898,0.0
2.146028757095337,4.819896366440169,4.759930050154314,-0.0015893129412953844,-0.15972842946806146,0.6702616317394852,-0.36753699499371717,0.0,50.0,20.0,1.0,0.0,0.0,0.0,-369.28932188134524,70.0,79.28932188134524,0.9238795325112867,0.0,0.3826834323650898,0.0
2.176970958709717,5.042334885048865,4.645086113307926,-0.5949535919468617,-0.09184617183717234,0.6868959738418849,-0.5545157706169055,0.0,50.0,20.0,1.0,0.0,0.0,0.0,-369.28932188134524,70.0,79.28932188134524,0.9238795325112867,0.0,0.3826834323650898,0.0
2.206373929977417,4.846065855699375,4.044820658230136,-1.3855360489885298,-0.245813292832188,0.7570638146862012,-0.7119917466162535,0.0,50.0,20.0,1.0,0.0,0.0,0.0,-369.28932188134524,70.0,79.28932188134524,0.9238795325112867,0.0,0.3826834323650898,0.0
2.2367517948150635,5.204174251367211,4.687034038556989,-2.0070259238858994,-0.1594555552259012,0.9274548155906344,-0.5458616676338164,0.0,50.0,20.0,1.0,0.0,0.0,0.0,-369.28932188134524,70.0,79.28932188134524,0.9238795325112867,0.0,0.3826834323650898,0.0
2.2686243057250977,4.837842865374844,4.9330832487649445,-1.718717769292568,-0.3256177049241442,0.925226622698889,-0.6663572032103897,0.0,50.0,20.0,1.0,0.0,0.0,0.0,-369.28932188134524,70.0,79.28932188134524,0.9238795325112867,0.0,0.3826834323650898,0.0
2.298576593399048,4.259592162046366,4.7530552721776305,-1.2742396998322785,-0.44753816102215194,0.9301828817464275,-0.8413275340577018,0.0,50.0,20.0,1.0,0.0,0.0,0.0,-369.28932188134524,70.0,79.28932188134524,0.9238795325112867,0.0,0.3826834323650898,0.0
2.3286895751953125,4.14147633145145,4.986986601450698,-1.655939792442363,-0.2789435240392744,1.1123680551002493,-0.8498362345487791,0.0,50.0,20.0,1.0,0.0,0.0,0.0,-369.28932188134524,70.0,79.28932188134524,0.9238795325112867,0.0,0.3826834323650898,0.0
2.3607349395751953,4.203485333685132,4.989571454280376,-1.7375902053256322,-0.13726000370388003,0.9870396525060556,-0.7782626919286746,0.0,50.0,20.0,1.0,0.0,0.0,0.0,-369.28932188134524,70.0,79.28932188134524,0.9238795325112867,0.0,0.3826834323650898,0.0
2.3908472061157227,4.064605573383383,4.696501563334533,-1.6380651023913972,-0.006917697445986637,1.1069601969229006,-0.8480134881453932,0.0,50.0,20.0,1.0,0.0,0.0,0.0,-369.28932188134524,70.0,79.28932188134524,0.9238795325112867,0.0,0.3826834323650898,0.0
2.42085862159729,4.5407762160723,4.64192912793283,-2.345063813915389,-0.0921981473790969,1.064318296568791,-0.8248722605404586,0.0,50.0,20.0,1.0,0.0,0.0,0.0,-369.28932188134524,70.0,79.28932188134524,0.9238795325112867,0.0,0.3826834323650898,0.0
2.450810194015503,4.596851103514617,4.581464071992216,-2.6116889091255158,0.05797149500880169,1.2143126932276802,-0.9510676964125391,0.0,50.0,20.0,1.0,0.0,0.0,0.0,-369.28932188134524,70.0,79.28932188134524,0.9238795325112867,0.0,0.3826834323650898,0.0
2.4809775352478027,3.9966748921772135,3.8341128501744492,-3.145368028735641,0.04113995204322088,1.2870924400414765,-0.7651630644651635,0.0,50.0,20.0,1.0,0.0,0.0,0.0,-369.28932188134524,70.0,79.28932188134524,0.9238795325112867,0.0,0.3826834323650898,0.0
2.5128772258758545,4.03915172754845,4.410967225534366,-3.7287147797614186,-0.026006947106254952,1.3118108617730222,-0.69829744463661,0.0,50.0,20.0,1.0,0.0,0.0,0.0,-369.28932188134524,70.0,79.28932188134524,0.9238795325112867,0.0,0.3826834323650898,0.0
2.542511463165283,4.0431323197332505,4.659737374899578,-4.48805225158188,0.08784897624980481,1.366591450301725,-0.6049435388682971,0.0,50.0,20.0,1.0,0.0,0.0,0.0,-369.28932188134524,70.0,79.28932188134524,0.9238795325112867,0.0,0.3826834323650898,0.0
2.572509288787842,4.198524808792457,4.722032818895645,-4.686102744087945,-0.015098193240895105,1.4265887743644188,-0.7446399767986139,0.0,50.0,20.0,1.0,0.0,0.0,0.0,-369.28932188134524,70.0,79.28932188134524,0.9238795325112867,0.0,0.3826834323650898,0.0
2.6030116081237793,3.6769873579543604,4.078125915627793,-4.1205779322580804,-0.008496994654542275,1.2389202595864361,-0.9238265747654957,0.0,50.0,20.0,1.0,0.0,0.0,0.0,-369.28932188134524,70.0,79.28932188134524,0.9238795325112867,0.0,0.3826834323650898,0.0
2.632974624633789,3.9897701052032923,4.8366474217182605,-3.9224229250665865,0.13540153729464854,1.0797424618858171,-0.8667022760871836,0.0,50.0,20.0,1.0,0.0,0.0,0.0,-369.28932188134524,70.0,79.28932188134524,0.9238795325112867,0.0,0.3826834323650898,0.0
2.664867877960205,3.2780145055574272,4.506275939469302,-4.124320459810496,0.07066893360614393,0.9247467796300632,-0.9295671100073517,0.0,50.0,20.0,1.0,0.0,0.0,0.0,-369.28932188134524,70.0,79.28932188134524,0.9238795325112867,0.0,0.3826834323650898,0.0
2.6944048404693604,3.018910928495798,5.28721678532371,-3.692168522512796,0.2056705537262086,0.9004382463807196,-1.0894854035780523,0.0,50.0,20.0,1.0,0.0,0.0,0.0,-369.28932188134524,70.0,79.28932188134524,0.9238795325112867,0.0,0.3826834323650898,0.0
2.724327325820923,2.5168483150243484,5.614484161541993,-3.2331838637488177,0.3816339031483639,1.0522936857431295,-1.0850745786612195,0.0,50.0,20.0,1.0,0.0,0.0,0.0,-369.28932188134524,70.0,79.28932188134524,0.9238795325112867,0.0,0.3826834323650898,0.0
2.757352352142334,2.7564491807301303,5.11674955263865,-2.7653565929367145,0.3712663802697206,1.2063357110603368,-1.051382125017058,0.0,50.0,20.0,1.0,0.0,0.0,0.0,-369.28932188134524,70.0,79.28932188134524,0.9238795325112867,0.0,0.3826834323650898,0.0
2.784785509109497,2.201811787154484,5.087576629316194,-2.6302278006652573,0.4993756137013579,1.1210753999233765,-1.0116489504394408,0.0,50.0,20.0,1.0,0.0,0.0,0.0,-369.28932188134524,70.0,79.28932188134524,0.9238795325112867,0.0,0.3826834323650898,0.0
2.817312002182007,2.3154223880626366,5.8301851433079985,-3.2598371955259196,0.33306349481812714,0.9294115935975401,-0.8170391067371333,0.0,50.0,20.0,1.0,0.0,0.0,0.0,-369.28932188134524,70.0,79.28932188134524,0.9238795325112867,0.0,0.3826834323650898,0.0
2.846801519393921,1.7515170590009501,5.972519717100294,-3.505041314990539,0.5092801999319925,0.9857526363449385,-0.8117777821289587,0.0,50.0,20.0,1.0,0.0,0.0,0.0,-369.28932188134524,70.0,79.28932188134524,0.9238795325112867,0.0,0.3826834323650898,0.0
2.8768246173858643,1.9162659069181986,5.6134383353298904,-3.133731741949956,0.5311518667679672,1.1812567039588804,-0.6937066995419923,0.0,50.0,20.0,1.0,0.0,0.0,0.0,-369.28932188134524,70.0,79.28932188134524,0.9238795325112867,0.0,0.3826834323650898,0.0
2.906301498413086,1.4628823201659895,5.675175161214021,-2.3549111424493216,0.6714475837531206,1.1224791712806903,-0.6698959098821767,0.0,50.0,20.0,1.0,0.0,0.0,0.0,-369.28932188134524,70.0,79.28932188134524,0.9238795325112867,0.0,0.3826834323650898,0.0
2.9368481636047363,2.177161611288921,5.383411283093335,-1.8863443505535717,0.6652501253916783,0.955084807194422,-0.6480092114669203,0.0,50.0,20.0,1.0,0.0,0.0,0.0,-369.28932188134524,70.0,79.28932188134524,0.9238795325112867,0.0,0.3826834323650898,0.0
2.968730926513672,2.5284595998058794,5.041829791497224,-2.2355862202023973,0.5349918351396249,0.8380515056071318,-0.5892993643164708,0.0,50.0,20.0,1.0,0.0,0.0,0.0,-369.28932188134524,70.0,79.28932188134524,0.9238795325112867,0.0,0.3826834323650898,0.0
2.9984710216522217,2.1774372965911426,5.425729678552624,-2.2768239586845676,0.5830854384573148,0.8603122818134302,-0.5919152421731964,0.0,50.0,20.0,1.0,0.0,0.0,0.0,-369.28932188134524,70.0,79.28932188134524,0.9238795325112867,0.0,0.3826834323650898,0.0
3.0291268825531006,1.6453458304017108,6.147206180032091,-1.6123803921193158,0.4934379877222622,0.9954693655288801,-0.5485828846439318,0.0,50.0,20.0,1.0,0.0,0.0,0.0,-369.28932188134524,70.0,79.28932188134524,0.9238795325112867,0.0,0.3826834323650898,0.0
3.0607194900512695,1.998469806423719,6.049550368163211,-2.298375217411314,0.39802323024145103,0.9282908961573507,-0.38728248195067355,0.0,50.0,20.0,1.0,0.0,0.0,0.0,-369.28932188134524,70.0,79.28932188134524,0.9238795325112867,0.0,0.3826834323650898,0.0
3.0905673503875732,2.072127734220521,5.307705149529516,-2.1538002369261284,0.561192194366428,1.095408816969539,-0.2374651483254998,0.0,50.0,20.0,1.0,0.0,0.0,0.0,-369.28932188134524,70.0,79.28932188134524,0.9238795325112867,0.0,0.3826834323650898,0.0
3.1201000213623047,1.7833627455144092,5.194972439155876,-2.91434807455295,0.4432053372036254,1.0242808180124916,-0.10923294721181787,0.0,50.0,20.0,1.0,0.0,0.0,0.0,-369.28932188134524,70.0,79.28932188134524,0.9238795325112867,0.0,0.3826834323650898,0.0
3.1504294872283936,1.0452214384778853,4.829322592470772,-3.5679509369912634,0.42296166799361773,1.0152359759631313,-0.24153122849120456,0.0,50.0,20.0,1.0,0.0,0.0,0.0,-369.28932188134524,70.0,79.28932188134524,0.9238795325112867,0.0,0.3826834323650898,0.0
3.1808993816375732,0.4568195802733833,5.564765043944618,-3.0156718111688328,0.5552765092176255,1.195677468866013,-0.04565101593060472,0.0,50.0,20.0,1.0,0.0,0.0,0.0,-369.28932188134524,70.0,79.28932188134524,0.9238795325112867,0.0,0.3826834323650898,0.0
3.212630271911621,0.27820996188114655,5.341673496792372,-3.13058920907462,0.5150505706761277,1.3571857665073397,-0.0909826135204729,0.0,50.0,20.0,1.0,0.0,0.0,0.0,-369.28932188134524,70.0,79.28932188134524,0.9238795325112867,0.0,0.3826834323650898,0.0
3.241868734359741,0.029224162438089785,5.339767734707188,-3.5761206292645005,0.38000095606769896,1.1859020189154976,-0.13366296390504506,0.0,50.0,20.0,1.0,0.0,0.0,0.0,-369.28932188134524,70.0,79.28932188134524,0.9238795325112867,0.0,0.3826834323650898,0.0
3.2727277278900146,0.4774530540915001,5.94147725493756,-3.7238152815030925,0.4064959953880424,1.2536629620581783,-0.04579488525461656,0.0,50.0,20.0,1.0,0.0,0.0,0.0,-369.28932188134524,70.0,79.28932188134524,0.9238795325112867,0.0,0.3826834323650898,0.0
3.302483558654785,0.6104391503577911,5.2281926137541275,-3.435912765861276,0.5708991883772607,1.3326044348698134,-0.028712920130726904,0.0,50.0,20.0,1.0,0.0,0.0,0.0,-369.28932188134524,70.0,79.28932188134524,0.9238795325112867,0.0,0.3826834323650898,0.0
3.335484027862549,1.19490839777545,5.317741603926214,-3.2091479718375377,0.44508720595062423,1.4598539384252067,-0.13538528252022553,0.0,50.0,20.0,1.0,0.0,0.0,0.0,-369.28932188134524,70.0,79.28932188134524,0.9238795325112867,0.0,0.3826834323650898,0.0
3.3653948307037354,0.5435227050165748,5.176346871064197,-3.2982088499787143,0.441247656308414,1.3765768453514913,-0.20068644913279493,0.0,50.0,20.0,1.0,0.0,0.0,0.0,-369.28932188134524,70.0,79.28932188134524,0.9238795325112867,0.0,0.3826834323650898,0.0
3.394700288772583,1.2313867563079244,5.0532948418283405,-3.334132646922196,0.305532454874493,1.3516133612874117,-0.00685303267326226,0.0,50.0,20.0,1.0,0.0,0.0,0.0,-369.28932188134524,70.0,79.28932188134524,0.9238795325112867,0.0,0.3826834323650898,0.0
3.425632953643799,1.0795680876607945,5.103071531758539,-3.8380341072498867,0.23418972166494362,1.4106132934560784,0.03974412009146017,0.0,50.0,20.0,1.0,0.0,0.0,0.0,-369.28932188134524,70.0,79.28932188134524,0.9238795325112867,0.0,0.3826834323650898,0.0
3.4544663429260254,1.4787585545827033,4.9222717819350255,-4.2782256526059825,0.20354938204299933,1.5,0.20317839273527072,0.0,50.0,20.0,1.0,0.0,0.0,0.0,-369.28932188134524,70.0,79.28932188134524,0.9238795325112867,0.0,0.3826834323650898,0.0
3.4844517707824707,1.1938106509788056,5.5184089470912765,-3.9374693764232456,0.28689792338976483,1.4537017271961652,0.30991102786084784,0.0,50.0,20.0,1.0,0.0,0.0,0.0,-369.28932188134524,70.0,79.28932188134524,0.9238795325112867,0.0,0.3826834323650898,0.0
3.515747547149658,0.7013600839482168,5.1887292404627186,-3.4830915599839516,0.2666604720841852,1.4588599625570386,0.34467793652722545,0.0,50.0,20.0,1.0,0.0,0.0,0.0,-369.28932188134524,70.0,79.28932188134524,0.9238795325112867,0.0,0.3826834323650898,0.0
3.5467724800109863,1.0338395823532218,5.834187706720969,-2.797424667333037,0.10972972373530218,1.4595402070701287,0.18363456051771165,0.0,50.0,20.0,1.0,0.0,0.0,0.0,-369.28932188134524,70.0,79.28932188134524,0.9238795325112867,0.0,0.3826834323650898,0.0
3.57655668258667,1.0981120615902202,5.526683220600913,-3.4103058024037627,-0.04910381429071997,1.4103162959783273,0.05148568949262908,0.0,50.0,20.0,1.0,0.0,0.0,0.0,-369.28932188134524,70.0,79.28932188134524,0.9238795325112867,0.0,0.3826834323650898,0.0
3.606271982192993,1.8459354361816855,4.932060487126694,-3.016124469764782,-0.20018408447337563,1.2900685178846574,0.06660175831472309,0.0,50.0,20.0,1.0,0.0,0.0,0.0,-369.28932188134524,70.0,79.28932188134524,0.9238795325112867,0.0,0.3826834323650898,0.0
3.636817216873169,2.537583595028923,5.342785306132234,-3.778797532391279,-0.25872884580711497,1.1993510533966247,0.04494353447947208,0.0,50.0,20.0,1.0,0.0,0.0,0.0,-369.28932188134524,70.0,79.28932188134524,0.9238795325112867,0.0,0.3826834323650898,0.0
3.669992685317993,1.9271443024036858,4.88816106539564,-4.259960495870508,-0.21366122731569678,1.2821765668774852,0.15687587254830232,0.0,50.0,20.0,1.0,0.0,0.0,0.0,-369.28932188134524,70.0,79.28932188134524,0.9238795325112867,0.0,0.3826834323650898,0.0
3.6985464096069336,1.1983992964210923,5.651914490176437,-3.876439288064662,-0.3041248754356414,1.1378941243053475,0.15782458412120354,0.0,50.0,20.0,1.0,0.0,0.0,0.0,-369.28932188134524,70.0,79.28932188134524,0.9238795325112867,0.0,0.3826834323650898,0.0
3.7287299633026123,0.3998867062690532,5.700715674820316,-3.8092752721485184,-0.321840000087047,1.1452466552245362,0.0356086772282857,0.0,50.0,20.0,1.0,0.0,0.0,0.0,-369.28932188134524,70.0,79.28932188134524,0.9238795325112867,0.0,0.3826834323650898,0.0
3.762530565261841,0.07810199787568761,5.31368212743787,-4.427320037005817,-0.43136723047229675,1.2599699569229807,0.037070563592788014,0.0,50.0,20.0,1.0,0.0,0.0,0.0,-369.28932188134524,70.0,79.28932188134524,0.9238795325112867,0.0,0.3826834323650898,0.0
3.7907707691192627,0.7669986763306995,6.064630374933616,-4.6958291083413695,-0.612682729348087,1.1847007254299358,0.09999954349182519,0.0,50.0,20.0,1.0,0.0,0.0,0.0,-369.28932188134524,70.0,79.28932188134524,0.9238795325112867,0.0,0.3826834323650898,0.0
3.8208670616149902,0.13055008544943503,5.614912173898892,-5.425343545857411,-0.7130787227784969,1.1324936115321018,0.09469478030165601,0.0,50.0,20.0,1.0,0.0,0.0,0.0,-369.28932188134524,70.0,79.28932188134524,0.9238795325112867,0.0,0.3826834323650898,0.0
3.8508388996124268,0.2816489023872728,6.241984428039429,-6.030038319489364,-0.5803059074685426,1.026989242152029,0.09041114964519167,0.0,50.0,20.0,1.0,0.0,0.0,0.0,-369.28932188134524,70.0,79.28932188134524,0.9238795325112867,0.0,0.3826834323650898,0.0
3.8809926509857178,0.5984141012837167,6.933619553616521,-5.731802430819768,-0.5550525213502445,0.8650503127279519,0.11299269431467754,0.0,50.0,20.0,1.0,0.0,0.0,0.0,-369.28932188134524,70.0,79.28932188134524,0.9238795325112867,0.0,0.3826834323650898,0.0
3.9158856868743896,1.0507561429444288,6.6336934826435385,-5.29621040818284,-0.5958852889216182,0.7838092055781409,0.15512015072820512,0.0,50.0,20.0,1.0,0.0,0.0,0.0,-369.28932188134524,70.0,79.28932188134524,0.9238795325112867,0.0,0.3826834323650898,0.0
3.9428625106811523,0.7376278741956726,7.140968441175987,-5.636466537759904,-0.5828794250685833,0.849434109655876,0.22183265943538222,0.0,50.0,20.0,1.0,0.0,0.0,0.0,-369.28932188134524,70.0,79.28932188134524,0.9238795325112867,0.0,0.3826834323650898,0.0
3.9725515842437744,0.01897869151910747,7.251633612250295,-5.715976349518463,-0.7564215119321815,0.9327109993027751,0.04670426464562413,0.0,50.0,20.0,1.0,0.0,0.0,0.0,-369.28932188134524,70.0,79.28932188134524,0.9238795325112867,0.0,0.3826834323650898,0.0
4.0021257400512695,0.7936875710626212,6.79357563110989,-5.115358293598224,-0.7874820908532679,1.101704074171972,0.23189744170030804,0.0,50.0,20.0,1.0,0.0,0.0,0.0,-369.28932188134524,70.0,79.28932188134524,0.9238795325112867,0.0,0.3826834323650898,0.0
4.032874345779419,1.3094231642306584,6.195123900406305,-5.5034805638239686,-0.8601354208153748,1.0802057764086048,0.299299601599582,0.0,50.0,20.0,1.0,0.0,0.0,0.0,-369.28932188134524,70.0,79.28932188134524,0.9238795325112867,0.0,0.3826834323650898,0.0
4.064193248748779,1.718752521872731,6.492374416181578,-5.0267361192807964,-0.9586847269589948,1.1269716916483208,0.45747769990819137,0.0,50.0,20.0,1.0,0.0,0.0,0.0,-369.28932188134524,70.0,79.28932188134524,0.9238795325112867,0.0,0.3826834323650898,0.0
4.095086574554443,0.9646806334820979,6.208669691606328,-5.07893323292593,-0.973922771002383,1.0580625065037388,0.5973648402024129,0.0,50.0,20.0,1.0,0.0,0.0,0.0,-369.28932188134524,70.0,79.28932188134524,0.9238795325112867,0.0,0.3826834323650898,0.0
4.124616384506226,0.21252607655653444,5.411039389889325,-4.847772334594786,-0.9367637244431196,1.0643861759103062,0.792816231979267,0.0,50.0,20.0,1.0,0.0,0.0,0.0,-369.28932188134524,70.0,79.28932188134524,0.9238795325112867,0.0,0.3826834323650898,0.0
4.154394626617432,0.4912700266094152,4.684424183843327,-5.448499788546334,-1.0898493477043603,1.0628636965055578,0.9573878954310173,0.0,50.0,20.0,1.0,0.0,0.0,0.0,-369.28932188134524,70.0,79.28932188134524,0.9238795325112867,0.0,0.3826834323650898,0.0
4.184779405593872,-0.29554415689632973,4.651942851682311,-6.205749144747945,-0.9689976528675083,1.2537042193639205,0.8600121304752828,0.0,50.0,20.0,1.0,0.0,0.0,0.0,-369.28932188134524,70.0,79.28932188134524,0.9238795325112867,0.0,0.3826834323650898,0.0
4.2167418003082275,0.10456312136470669,4.11522066285084,-5.498877360602324,-0.8453649119458982,1.3546640799314096,0.8335515928811122,0.0,50.0,20.0,1.0,0.0,0.0,0.0,-369.28932188134524,70.0,79.28932188134524,0.9238795325112867,0.0,0.3826834323650898,0.0
4.246735572814941,-0.40908587575032074,4.807388851441751,-4.934656754391126,-0.7390010293113534,1.4861290187903757,1.0334578912695247,0.0,50.0,20.0,1.0,0.0,0.0,0.0,-369.28932188134524,70.0,79.28932188134524,0.9238795325112867,0.0,0.3826834323650898,0.0
4.27649450302124,-0.8096762916023057,4.965818078444551,-5.073308966924966,-0.6118575146572747,1.3317961047730338,0.9866943463839288,0.0,50.0,20.0,1.0,0.0,0.0,0.0,-369.28932188134524,70.0,79.28932188134524,0.9238795325112867,0.0,0.3826834323650898,0.0
4.306421995162964,-0.7636220963317282,5.902510627184828,1.7209825519121669,-0.3382417293286666,1.469667169828604,-1.0535230099064692,0.0,50.0,20.0,1.0,0.0,0.0,0.0,-369.28932188134524,70.0,79.28932188134524,0.9238795325112867,0.0,0.3826834323650898,0.0
4.336439847946167,-0.2994617561260897,5.252725725491578,1.2571296590437284,-0.2929335996020227,1.347751656324233,-0.890771442232037,0.0,50.0,20.0,1.0,0.0,0.0,0.0,-369.28932188134524,70.0,79.28932188134524,0.9238795325112867,0.0,0.3826834323650898,0.0
4.3680100440979,-0.2204280402500356,5.286826346106341,1.9907756148596778,-0.27781919921362486,1.4558987406007078,-0.6995958406704865,0.0,50.0,20.0,1.0,0.0,0.0,0.0,-369.28932188134524,70.0,79.28932188134524,0.9238795325112867,0.0,0.3826834323650898,0.0
4.398720741271973,0.05551779477445584,5.33994097608838,1.9284588218050054,-0.15822032364968247,1.5,-0.877124202605126,0.0,50.0,20.0,1.0,0.0,0.0,0.0,-369.28932188134524,70.0,79.28932188134524,0.9238795325112867,0.0,0.3826834323650898,0.0
4.428711175918579,-0.2851041636532412,5.686951717912994,1.6438298975680572,-0.2996220219943459,1.4915159910501294,-0.8190695734159823,0.0,50.0,20.0,1.0,0.0,0.0,0.0,-369.28932188134524,70.0,79.28932188134524,0.9238795325112867,0.0,0.3826834323650898,0.0
4.459484577178955,0.4790043020280266,5.380722280334974,1.263636542135193,-0.31270843417110855,1.5,-0.7989165569782957,0.0,50.0,20.0,1.0,0.0,0.0,0.0,-369.28932188134524,70.0,79.28932188134524,0.9238795325112867,0.0,0.3826834323650898,0.0
4.490033864974976,1.2278449956437356,5.982251625947892,0.7909088484442167,-0.43833848489890503,1.411534821232548,-0.6166816128307105,0.0,50.0,20.0,1.0,0.0,0.0,0.0,-369.28932188134524,70.0,79.28932188134524,0.9238795325112867,0.0,0.3826834323650898,0.0
4.519975900650024,1.05539698325032,6.287652142979976,0.3126890523539062,-0.312426001160336,1.4144605769845227,-0.5439153258990783,0.0,50.0,20.0,1.0,0.0,0.0,0.0,-369.28932188134524,70.0,79.28932188134524,0.9238795325112867,0.0,0.3826834323650898,0.0
4.550732851028442,1.2461299126809502,6.630465823052235,0.4082014883978511,-0.2362884416973119,1.3204448969187335,-0.4707195567146164,0.0,50.0,20.0,1.0,0.0,0.0,0.0,-369.28932188134524,70.0,79.28932188134524,0.9238795325112867,0.0,0.3826834323650898,0.0
4.580965518951416,1.830020080269607,6.300928959386257,0.2584967673032281,-0.3885437273472801,1.3306741327793883,-0.4009234680872309,0.0,50.0,20.0,1.0,0.0,0.0,0.0,-369.28932188134524,70.0,79.28932188134524,0.9238795325112867,0.0,0.3826834323650898,0.0
4.612942457199097,1.0428993086952028,5.60296076685901,0.6442185908876408,-0.5311402562077481,1.29527469819535,-0.5092513078093183,0.0,50.0,20.0,1.0,0.0,0.0,0.0,-369.28932188134524,70.0,79.28932188134524,0.9238795325112867,0.0,0.3826834323650898,0.0
4.642674684524536,0.4965366956777095,5.702534614471716,0.45999235068831534,-0.7179393294662202,1.249305981266906,-0.3237960540115965,0.0,50.0,20.0,1.0,0.0,0.0,0.0,-369.28932188134524,70.0,79.28932188134524,0.9238795325112867,0.0,0.3826834323650898,0.0
4.672224998474121,-0.2997142210464131,5.564755079025351,0.1931726551915045,-0.8262999951349391,1.1465715453197247,-0.3166951877040566,0.0,50.0,20.0,1.0,0.0,0.0,0.0,-369.28932188134524,70.0,79.28932188134524,0.9238795325112867,0.0,0.3826834323650898,0.0
4.701465129852295,-0.006461030199079176,5.417728564971007,0.3226570490932915,-0.7890572540654766,1.319844316427163,-0.15845993568937322,0.0,50.0,20.0,1.0,0.0,0.0,0.0,-369.28932188134524,70.0,79.28932188134524,0.9238795325112867,0.0,0.3826834323650898,0.0
4.732240676879883,0.2695407751154627,4.810034651455085,0.8244725798284208,-0.892908524537169,1.485814081703602,-0.10047558357835179,0.0,50.0,20.0,1.0,0.0,0.0,0.0,-369.28932188134524,70.0,79.28932188134524,0.9238795325112867,0.0,0.3826834323650898,0.0
4.765432596206665,0.14681046928548713,5.474359238522011,0.8233560253189037,-0.7273422051296929,1.2975343608159677,-0.21603484529683903,0.0,50.0,20.0,1.0,0.0,0.0,0.0,-369.28932188134524,70.0,79.28932188134524,0.9238795325112867,0.0,0.3826834323650898,0.0
4.793951749801636,0.3378594179165161,5.687320914524307,0.6652027358000999,-0.6110080556344127,1.209131305005249,-0.24459529841969552,0.0,50.0,20.0,1.0,0.0,0.0,0.0,-369.28932188134524,70.0,79.28932188134524,0.9238795325112867,0.0,0.3826834323650898,0.0
4.823937177658081,0.20211618415194743,5.4630063217141025,-0.08692331034165401,-0.5739495551990612,1.2700529772536582,-0.20445578675168846,0.0,50.0,20.0,1.0,0.0,0.0,0.0,-369.28932188134524,70.0,79.28932188134524,0.9238795325112867,0.0,0.3826834323650898,0.0
4.854024171829224,0.95340509598614,6.158216755115994,-0.18109005525844157,-0.7633641213967223,1.144493039374368,-0.008860816324616883,0.0,50.0,20.0,1.0,0.0,0.0,0.0,-369.28932188134524,70.0,79.28932188134524,0.9238795325112867,0.0,0.3826834323650898,0.0
4.883774280548096,1.5069522452979092,5.994257824129014,-0.8552313727283279,-0.7387627985118331,1.1993086757915545,0.010890464451859094,0.0,50.0,20.0,1.0,0.0,0.0,0.0,-369.28932188134524,70.0,79.28932188134524,0.9238795325112867,0.0,0.3826834323650898,0.0
4.915647029876709,2.1663467624720614,6.238974255423815,-1.5903100725749177,-0.8412793014092124,1.2011406484950795,-0.18803166533307752,0.0,50.0,20.0,1.0,0.0,0.0,0.0,-369.28932188134524,70.0,79.28932188134524,0.9238795325112867,0.0,0.3826834323650898,0.0
4.946234703063965,1.3792723659291855,6.2003041561618835,-1.958058685718421,-1.0279583427999235,1.1306599666256685,-0.3339321717376606,0.0,50.0,20.0,1.0,0.0,0.0,0.0,-369.28932188134524,70.0,79.28932188134524,0.9238795325112867,0.0,0.3826834323650898,0.0
4.976093292236328,1.9200635427937585,6.96142418265619,-1.5789797209172773,-0.864206262176834,1.2666111898022165,-0.35487223476668917,0.0,50.0,20.0,1.0,0.0,0.0,0.0,-369.28932188134524,70.0,79.28932188134524,0.9238795325112867,0.0,0.3826834323650898,0.0
5.006181478500366,2.2253020613478576,6.946031508015793,-1.6272687844734233,-0.7016742362808461,1.1118127242893396,-0.48588853712729413,0.0,50.0,20.0,1.0,0.0,0.0,0.0,-369.28932188134524,70.0,79.28932188134524,0.9238795325112867,0.0,0.3826834323650898,0.0
5.035816669464111,2.385151820903916,6.186013899785384,-2.1034003956575678,-0.6800666812762117,1.2762750210174,-0.5968868671634726,0.0,50.0,20.0,1.0,0.0,0.0,0.0,-369.28932188134524,70.0,79.28932188134524,0.9238795325112867,0.0,0.3826834323650898,0.0
5.0678870677948,2.9940037442502474,6.260244094064266,-1.7048234764580072,-0.7364365307327883,1.2234746609200144,-0.5495402362286667,0.0,50.0,20.0,1.0,0.0,0.0,0.0,-369.28932188134524,70.0,79.28932188134524,0.9238795325112867,0.0,0.3826834323650898,0.0
5.098168134689331,2.6209060131026454,7.035318079995776,-1.2244633429073328,-0.6997326317461376,1.382684881032573,-0.4571912838901142,0.0,50.0,20.0,1.0,0.0,0.0,0.0,-369.28932188134524,70.0,79.28932188134524,0.9238795325112867,0.0,0.3826834323650898,0.0
5.127894163131714,3.1905932400035075,6.690637680549635,-0.8562972184160116,-0.8085972611271359,1.5,-0.5930585420894756,0.0,50.0,20.0,1.0,0.0,0.0,0.0,-369.28932188134524,70.0,79.28932188134524,0.9238795325112867,0.0,0.3826834323650898,0.0
5.1602091789245605,3.5718375451458444,5.907090847308206,-1.386990884666444,-0.8754014384993343,1.5,-0.7554319178441803,0.0,50.0,20.0,1.0,0.0,0.0,0.0,-369.28932188134524,70.0,79.28932188134524,0.9238795325112867,0.0,0.3826834323650898,0.0
