# Timestamp, Fx, Fy, Fz, Tx, Ty, Tz, FemurPosX, FemurPosY, FemurPosZ, FemurQuatW, FemurQuatX, FemurQuatY, FemurQuatZ, TibiaPosX, TibiaPosY, TibiaPosZ, TibiaQuatW, TibiaQuatX, TibiaQuatY, TibiaQuatZ
0.01836991310119629,6.41727464768973,1.9867227020470775,-7.104839865258694,-2.056331441395833,0.27241131025437826,-0.9498383410447309,0.0,50.0,20.0,1.0,0.0,0.0,0.0,-340.036960345434,70.0,147.2814152542794,0.7166539776828166,0.0,0.6974289040980428,0.0
0.03496193885803223,5.969864205977456,1.498042039247386,-7.576133927293939,-2.0212796884314344,0.24335087610702782,-0.8695517613218469,0.0,50.0,20.0,1.0,0.0,0.0,0.0,-340.0530580630309,70.0,146.74288510363488,0.7185301486241378,0.0,0.6954958127251194,0.0
0.06719803810119629,5.198683466643524,1.228736166606577,-8.18603053264287,-1.9602188820321553,0.1111511462719596,-0.7335147892654501,0.0,50.0,20.0,1.0,0.0,0.0,0.0,-340.10022386034257,70.0,145.52398310477548,0.7227586626780218,0.0,0.6911005104352603,0.0
0.1003122329711914,4.76944759170438,0.5659037014204782,-8.030256729937294,-2.0551033031642993,0.1578268847053414,-0.6844291376866504,0.0,50.0,20.0,1.0,0.0,0.0,0.0,-340.13298464743286,70.0,144.84449376199456,0.725105186293704,0.0,0.6886381261664015,0.0
0.13394570350646973,5.090467288356928,0.1487265887073131,-7.796732082530045,-1.9263183206732883,0.30614536239793994,-0.7455572227388203,0.0,50.0,20.0,1.0,0.0,0.0,0.0,-340.17308218365554,70.0,144.11897293928982,0.7276023194737293,0.0,0.6859991725187787,0.0
0.1503903865814209,5.514698999307308,-0.4766978845456881,-8.287996348909932,-1.8893394082066908,0.47900546983151243,-0.7952552219137536,0.0,50.0,20.0,1.0,0.0,0.0,0.0,-340.221492619624,70.0,143.34797286955003,0.730246626594228,0.0,0.6831836241800224,0.0
0.18382692337036133,5.56578280789966,-0.2654214015933469,-7.5234236327168595,-2.0330354371898594,0.5910509169753951,-0.9558488333545548,0.0,50.0,20.0,1.0,0.0,0.0,0.0,-340.27923804179187,70.0,142.53209303255665,0.733034470429063,0.0,0.6801914915395393,0.0
0.2171788215637207,12.270706776646655,-0.29305765942597795,-5.563261635094303,-1.4488850384367606,-0.8968307828812982,-1.2972912735588438,0.0,50.0,20.0,1.0,0.0,0.0,0.0,-340.4270297181515,70.0,140.76833767677124,0.7390252442346904,0.0,0.6736777333294134,0.0
0.2505166530609131,12.351274683884585,-0.16133249877158384,-6.35632772590697,-1.5971568594812822,-0.9205136969185544,-1.4816018565856006,0.0,50.0,20.0,1.0,0.0,0.0,0.0,-340.5193158801728,70.0,139.8219114244781,0.7422199423874365,0.0,0.670156367665331,0.0
0.28389430046081543,12.598833340781391,-0.65918080739118,-6.3118899764446255,-1.7120102506196853,-0.7392066310286282,-1.5882548709928515,0.0,50.0,20.0,1.0,0.0,0.0,0.0,-340.62540852335036,70.0,138.8335068688063,0.7455417263010626,0.0,0.6664589517322365,0.0
0.3014099597930908,12.614898117950851,-0.4120935713768472,-6.890541279964113,-1.851955820825272,-0.908051629710787,-1.6586279714525973,0.0,50.0,20.0,1.0,0.0,0.0,0.0,-340.74650052370873,70.0,137.8039825471652,0.7489860394320939,0.0,0.66258577764379,0.0
0.334181547164917,13.0,0.07015739364811946,-6.3738075204236715,-2.0379917507873664,-0.8133404056686493,-1.7880511491046918,0.0,50.0,20.0,1.0,0.0,0.0,0.0,-341.03855452995873,70.0,135.62528920360316,0.7562232170344839,0.0,0.654313721404355,0.0
0.3671755790710449,13.0,0.522073351574303,-6.9228061921594,-1.9424799327232232,-0.6817753916363124,-1.9779573687524359,0.0,50.0,20.0,1.0,0.0,0.0,0.0,-341.21198824520377,70.0,134.47812081176258,0.7600061815151158,0.0,0.6499158438281166,0.0
0.4003031253814697,13.0,-0.006022614398436543,-7.433048592604008,-1.9497541058101115,-0.7480717153432959,-2.1341753271772124,0.0,50.0,20.0,1.0,0.0,0.0,0.0,-341.4053547543158,70.0,133.29383560245842,0.76389189155777,0.0,0.6453442321833303,0.0
0.43372154235839844,12.890434843135866,-0.2495739677875305,-7.501201327053568,-1.91677481657386,-0.8739762350739084,-2.1586715127678344,0.0,50.0,20.0,1.0,0.0,0.0,0.0,-341.6199029739425,70.0,132.0735806937495,0.7678750526819142,0.0,0.6405996436689202,0.0
0.4535403251647949,12.1226267540232,-0.9511524747047605,-7.613750294158108,-1.8894365910760234,-1.0378760600647845,-1.992845565487583,0.0,50.0,20.0,1.0,0.0,0.0,0.0,-341.8568776459198,70.0,130.81856276000036,0.7719502485264178,0.0,0.6356829506916178,0.0
0.500659704208374,11.708691685831106,-1.3079271876712393,-6.977864021857052,-1.6965100159477648,-0.9398964733276506,-1.8984337363694594,0.0,50.0,20.0,1.0,0.0,0.0,0.0,-342.40303217878295,70.0,128.20936274212414,0.7803545260260745,0.0,0.6253373599191245,0.0
0.5175843238830566,10.941170277006313,-2.0691474645178722,-7.365753744748331,-1.5958094629517006,-0.8289650469172283,-2.010127778495855,0.0,50.0,20.0,1.0,0.0,0.0,0.0,-342.7146320478671,70.0,126.8578915736248,0.7846722514093869,0.0,0.619910846709528,0.0
0.5504825115203857,11.654971683002843,-1.4159773575495642,-7.702612864257394,-1.7374066419510101,-0.9224606226278418,-1.9373251796775,0.0,50.0,20.0,1.0,0.0,0.0,0.0,-343.05348740870056,70.0,125.47707814339782,0.7890593192422296,0.0,0.6143170115803315,0.0
0.5837032794952393,11.831082602570548,-1.5556374474856285,-7.034138911868129,-1.8701372715887636,-1.1102967131936317,-2.0083389100063993,0.0,50.0,20.0,1.0,0.0,0.0,0.0,-343.4207406410558,70.0,124.06842346331824,0.7935098504009945,0.0,0.6085574067551813,0.0
0.605370044708252,11.621465904182694,-0.9844996665945751,-6.255546546540994,-1.880508310763714,-0.933645439412866,-1.9356993216075637,0.0,50.0,20.0,1.0,0.0,0.0,0.0,-343.8174971963275,70.0,122.63348479580331,0.7980179045741915,0.0,0.6026337394960695,0.0
0.6382336616516113,11.568330410070704,-1.1600190323928985,-6.994259516114038,-1.8058335220125472,-1.052485645745063,-1.8366907674241695,0.0,50.0,20.0,1.0,0.0,0.0,0.0,-344.70372492925395,70.0,119.69125608606146,0.8071825813096395,0.0,0.5903018553505548,0.0
0.6673545837402344,12.272087927413642,-0.9974293891246202,-7.767202679388903,-1.6189841333596409,-1.2341041145350151,-2.0147184472669206,0.0,50.0,20.0,1.0,0.0,0.0,0.0,-345.1951738834134,70.0,118.18734614962489,0.811827117834749,0.0,0.5838978769854575,0.0
0.7003087997436523,12.040450268945756,-1.2349710194131245,-8.13984237931507,-1.6873574467122971,-1.035999794580952,-1.9182732399125115,0.0,50.0,20.0,1.0,0.0,0.0,0.0,-345.7200713203854,70.0,116.66390772500792,0.816505028383145,0.0,0.5773383224982035,0.0
0.7338135242462158,12.390428335551253,-0.871390179339748,-7.79024804156021,-1.7524134601258101,-0.9361762128244675,-1.9071619039879788,0.0,50.0,20.0,1.0,0.0,0.0,0.0,-346.27925843865125,70.0,115.12274951790391,0.821210236425777,0.0,0.5706257508994136,0.0
0.7674081325531006,12.569354932890388,-1.123609564390934,-7.2405585083033985,-1.6796332134397491,-1.044500505111237,-1.8486553582171656,0.0,50.0,20.0,1.0,0.0,0.0,0.0,-347.50352242610245,70.0,111.99471567766565,0.8306782900808662,0.0,0.5567527084696834,0.0
0.8003406524658203,12.194396750347188,-1.3613317019709772,-7.775795749187084,-1.773930086858047,-0.9025686872803178,-1.8321029276273688,0.0,50.0,20.0,1.0,0.0,0.0,0.0,-348.1699240334749,70.0,110.41165388675307,0.8354290697397564,0.0,0.5495982800498609,0.0
0.833853006362915,12.976022086275997,-0.6350133351906595,-7.898235441381331,-1.6273178484618067,-0.8656281913751364,-1.9428975524107313,0.0,50.0,20.0,1.0,0.0,0.0,0.0,-348.87325631294806,70.0,108.81849219620128,0.8401830389974518,0.0,0.5423029236330986,0.0
0.8506052494049072,13.0,-0.4137680818120941,-8.670280117166836,-1.5602118571589072,-0.8777743050627608,-1.9781108591115055,0.0,50.0,20.0,1.0,0.0,0.0,0.0,-349.61397739743455,70.0,107.21721236187935,0.8449342803973592,0.0,0.5348701354622417,0.0
0.8838222026824951,12.659182182324852,-0.7691621274868885,-8.557833030651627,-1.368886476185945,-1.0200244042331694,-2.096597893181606,0.0,50.0,20.0,1.0,0.0,0.0,0.0,-350.3924570699705,70.0,105.60981808954921,0.8496769442277776,0.0,0.527303603674151,0.0
0.9171545505523682,12.988988630712745,-1.1118904037104946,-8.392455714354757,-1.528243303512586,-0.9784394827174604,-2.1314633367017275,0.0,50.0,20.0,1.0,0.0,0.0,0.0,-352.063710675276,70.0,102.38478163655623,0.8591135500137446,0.0,0.5117850214521534,0.0
0.9504969120025635,12.749644029424976,-0.4591755193892224,-7.8046655698533,-1.5447351617503877,-1.0446729448780703,-2.2053923751857605,0.0,50.0,20.0,1.0,0.0,0.0,0.0,-352.9567553272247,70.0,100.77121211287671,0.8637962372201077,0.0,0.5038413049407359,0.0
0.9838993549346924,13.0,-0.36722136622080404,-7.901460675371209,-1.707561346235047,-0.995115391931002,-2.1055276299310375,0.0,50.0,20.0,1.0,0.0,0.0,0.0,-353.8880954025821,70.0,99.1596628000443,0.8684478602655306,0.0,0.49578050990354744,0.0
1.0018174648284912,13.0,0.13968735696868462,-7.1709865687758425,-1.58673365409333,-1.1244748209412752,-2.008146762644222,0.0,50.0,20.0,1.0,0.0,0.0,0.0,-354.8576180610367,70.0,97.55217070497869,0.873063082758117,0.0,0.48760727386380687,0.0
1.0343821048736572,13.0,0.32195872706760265,-7.872111865921023,-1.5439332408519968,-1.0767837351022567,-1.8605011997414826,0.0,50.0,20.0,1.0,0.0,0.0,0.0,-356.9102487425698,70.0,94.35745120882423,0.8821636718636054,0.0,0.4709429435123974,0.0
1.067187786102295,12.922757707320926,-0.17823618751452586,-8.160699673698877,-1.6321598077813102,-0.9804830454507631,-1.9413162758438443,0.0,50.0,20.0,1.0,0.0,0.0,0.0,-357.9926178574566,70.0,92.77422543882122,0.8866390882461104,0.0,0.4624620278402391,0.0
1.1004137992858887,12.574113700673456,-0.2878812915312986,-7.806417148644698,-1.703791855949184,-0.847930771909837,-2.133927630981807,0.0,50.0,20.0,1.0,0.0,0.0,0.0,-359.1116912789553,70.0,91.2030484442522,0.8910582235627137,0.0,0.4538890197187645,0.0
1.1336853504180908,13.0,-0.4018326968209731,-8.253849090747018,-1.780892626933069,-1.0070435541461862,-1.9604666390577836,0.0,50.0,20.0,1.0,0.0,0.0,0.0,-360.2668415672106,70.0,89.6458498002689,0.8954165237467173,0.0,0.44522943411385607,0.0
1.1536664962768555,12.600475940111416,-0.23649728164492267,-7.79299761715357,-1.6783350374149824,-1.1530785405371955,-2.1506675124441603,0.0,50.0,20.0,1.0,0.0,0.0,0.0,-361.4573392063339,70.0,88.10452007253593,0.8997096196203086,0.0,0.4364889464381425,0.0
1.2003014087677002,13.0,-1.0351259784644231,-7.341222880870352,-1.5232542532690767,-0.9673108630585179,-1.9865772819896335,0.0,50.0,20.0,1.0,0.0,0.0,0.0,-363.9409563274703,70.0,85.07680017420412,0.908083696103492,0.0,0.4187887305921933,0.0
1.217649221420288,13.0,-0.4862456664913106,-7.105604463439347,-1.3702961539359397,-1.1264390925974872,-1.928798081685985,0.0,50.0,20.0,1.0,0.0,0.0,0.0,-365.2321202454187,70.0,83.59394487695819,0.9121569358477789,0.0,0.40984109650545164,0.0
1.2505455017089844,13.0,-0.2868693785692378,-7.007758836235813,-1.3681758820238306,-1.008194782350179,-1.9890180568117832,0.0,50.0,20.0,1.0,0.0,0.0,0.0,-366.55472510118005,70.0,82.134017394303,0.9161495036447299,0.0,0.40083673356057953,0.0
1.2838683128356934,12.867868768769931,-0.9867122189795148,-6.824953596334866,-1.185602245647015,-1.0667974837346847,-2.024032167715178,0.0,50.0,20.0,1.0,0.0,0.0,0.0,-367.9075589665094,70.0,80.69862955299743,0.9200580700341761,0.0,0.3917820156221915,0.0
1.3056986331939697,13.0,-0.7670194174635188,-6.047678739464202,-1.1907075427572704,-1.0110320074559578,-1.8705962578028967,0.0,50.0,20.0,1.0,0.0,0.0,0.0,-369.2893218813402,70.0,79.2893218813503,0.9238795325112731,0.0,0.3826834323651228,0.0
1.33823561668396,12.45782625042606,-0.6777662135112359,-6.683878070569847,-1.0069189088212807,-0.9189505576066022,-1.7458695597846123,0.0,50.0,20.0,1.0,0.0,0.0,0.0,-372.1340173942925,70.0,76.55472510118973,0.9312498990572033,0.0,0.36438115415859346,0.0
1.3673994541168213,13.0,-1.0216299597885454,-6.991942197097952,-0.9506155885417379,-0.8719858425970093,-1.9220330895854612,0.0,50.0,20.0,1.0,0.0,0.0,0.0,-373.59394487694755,70.0,75.23212024542813,0.9347937733922169,0.0,0.35519093629643855,0.0
1.4004907608032227,13.0,-1.4663025338438913,-6.36907119609893,-0.8901187700719226,-0.9209324193750296,-1.8212263519603151,0.0,50.0,20.0,1.0,0.0,0.0,0.0,-375.0768001741933,70.0,73.94095632747954,0.9382404906859447,0.0,0.345983788113544,0.0
1.4337739944458008,13.0,-1.678783876883271,-6.4296188932880325,-0.7846352523099466,-0.8307652024806176,-1.671774986224366,0.0,50.0,20.0,1.0,0.0,0.0,0.0,-376.58090506528725,70.0,72.68235390506324,0.9415881427007691,0.0,0.33676663956709874,0.0
1.4672412872314453,13.0,-1.4788306664558006,-6.203880085164483,-0.89062587493221,-0.8804383320817226,-1.5224495597337842,0.0,50.0,20.0,1.0,0.0,0.0,0.0,-379.6458498002577,70.0,70.26684156721906,0.9479798479735234,0.0,0.3183303438820989,0.0
1.5003886222839355,13.0,-1.9460014136731216,-5.504311994950837,-0.7191944754425066,-1.0558040627082104,-1.5526362053162057,0.0,50.0,20.0,1.0,0.0,0.0,0.0,-381.20304844424084,70.0,69.11169127896348,0.9510213160624649,0.0,0.3091253085640472,0.0
1.5338242053985596,12.924986582848932,-2.1452902379936365,-5.350643350234059,-0.7487021140232426,-0.9300202045941341,-1.425851103010884,0.0,50.0,20.0,1.0,0.0,0.0,0.0,-382.7742254388098,70.0,67.99261785746458,0.9539585476909765,0.0,0.29993847583683375,0.0
1.5505938529968262,12.797045354539858,-2.777872957110771,-4.8353681499846815,-0.8432854879976426,-1.0413899434168763,-1.3936397128227915,0.0,50.0,20.0,1.0,0.0,0.0,0.0,-384.35745120881273,70.0,66.91024874257751,0.956790863400729,0.0,0.2907769655816766,0.0
1.584012508392334,12.509143646150664,-2.459223199966206,-4.064632423492941,-1.0309639720292294,-1.0785890686994766,-1.5305500143125355,0.0,50.0,20.0,1.0,0.0,0.0,0.0,-385.950762992927,70.0,65.86510843322343,0.9595178256988678,0.0,0.2816479046009701,0.0
1.6172981262207031,12.723804885043107,-2.170968786250091,-3.607200835417828,-1.0967296401766358,-1.0675601872537128,-1.6725370594250357,0.0,50.0,20.0,1.0,0.0,0.0,0.0,-389.1596628000328,70.0,63.88809540258892,0.9646551316336089,0.0,0.2635156105678459,0.0
1.65047025680542,13.0,-2.4685257965894665,-4.389124082010037,-1.218070089792029,-0.8905680720102327,-1.7660754757694137,0.0,50.0,20.0,1.0,0.0,0.0,0.0,-390.77121211286504,70.0,62.95675532723132,0.9670657802672181,0.0,0.25452657353635316,0.0
1.6835668087005615,13.0,-2.405567391892145,-4.149436388103419,-1.3141090143224043,-0.9350648477842534,-1.5975418836747592,0.0,50.0,20.0,1.0,0.0,0.0,0.0,-392.3847816365445,70.0,62.06371067528234,0.969371676202471,0.0,0.245598357845511,0.0
1.7014703750610352,13.0,-1.784304193538297,-4.437807098903795,-1.4407828947591022,-0.9304626717792903,-1.7247778615900484,0.0,50.0,20.0,1.0,0.0,0.0,0.0,-393.9983302106857,70.0,61.20897355816359,0.9715735341234765,0.0,0.23673797285357073,0.0
1.734457015991211,13.0,-1.3429810663295025,-4.567893100063995,-1.5822609892324355,-1.1297047423686302,-1.741789024402456,0.0,50.0,20.0,1.0,0.0,0.0,0.0,-397.2172123618679,70.0,59.61397739743998,0.9756690591654529,0.0,0.2192484594864921,0.0
1.7674658298492432,12.392441505377107,-1.661448217256053,-5.058576964444692,-1.5960344388181449,-1.1519954543366324,-1.5974287278102244,0.0,50.0,20.0,1.0,0.0,0.0,0.0,-398.8184921961897,70.0,58.87325631295326,0.9775651990712608,0.0,0.21063304955482723,0.0
1.8004963397979736,12.159234655048328,-1.2656343084875208,-5.282717159112582,-1.7651524651222232,-1.232329266423499,-1.5049778055935055,0.0,50.0,20.0,1.0,0.0,0.0,0.0,-400.41165388674165,70.0,58.16992403347983,0.9793622311650582,0.0,0.20211288966169172,0.0
1.8337783813476562,12.405281043078169,-1.6315314025612404,-5.615725415688188,-1.8402917252604074,-1.2465877649177857,-1.543683263909714,0.0,50.0,20.0,1.0,0.0,0.0,0.0,-401.99471567765426,70.0,57.50352242610717,0.9810618675035047,0.0,0.19369463629779693,0.0
1.8537118434906006,12.211164233798703,-2.300982286230014,-5.854171861280052,-1.9638173120650406,-1.3253467108388526,-1.361217214731251,0.0,50.0,20.0,1.0,0.0,0.0,0.0,-403.5657223448994,70.0,56.873508539454576,0.9826659947829308,0.0,0.18538485023667087,0.0
1.9003634452819824,12.245208747888535,-1.9147612409574257,-6.544021560332995,-1.955141046475194,-1.5025174696113583,-1.2264394575858644,0.0,50.0,20.0,1.0,0.0,0.0,0.0,-406.6639077249968,70.0,55.72007132038934,0.9855960853199719,0.0,0.16911639956534869,0.0
1.9174087047576904,12.80600252855224,-2.3151949482053262,-5.942840754172611,-2.1493616625847465,-1.6978043772976792,-1.2620402648147437,0.0,50.0,20.0,1.0,0.0,0.0,0.0,-408.1873461496141,70.0,55.19517388341707,0.9869266085089178,0.0,0.1611703118352923,0.0
1.950709342956543,13.0,-3.090531532249849,-6.0197935843024695,-2.299827265857402,-1.8462120484413047,-1.125485892442622,0.0,50.0,20.0,1.0,0.0,0.0,0.0,-409.69125608605077,70.0,54.70372492925736,0.988170721765077,0.0,0.15335783203438544,0.0
1.983708381652832,12.552326094761412,-3.025049889096487,-5.237440005452059,-2.4177621676440566,-1.7618981229749904,-1.0410427488202552,0.0,50.0,20.0,1.0,0.0,0.0,0.0,-411.17387408684834,70.0,54.24482016705767,0.9893310361879444,0.0,0.14568493688534975,0.0
2.0055606365203857,12.777564644379318,-3.7084342258120793,-5.091811474328618,-2.221307715979065,-1.7334797362310947,-0.9479846385410086,0.0,50.0,20.0,1.0,0.0,0.0,0.0,-412.6334847957929,70.0,53.817497196330436,0.9904102756021607,0.0,0.1381574680632653,0.0
2.037767171859741,12.505585754564379,-4.0395241942329365,-5.391875567548601,-2.06322842606255,-1.7141260691333273,-0.8653954286951256,0.0,50.0,20.0,1.0,0.0,0.0,0.0,-415.4770781433878,70.0,53.05348740870308,0.9923369200813222,0.0,0.12356147070796547,0.0
2.067744255065918,13.0,-3.62807525381816,-4.730672286784861,-2.2203210907928828,-1.8513047285399828,-0.8632846160517942,0.0,50.0,20.0,1.0,0.0,0.0,0.0,-416.857891573615,70.0,52.71463204786939,0.9931902334198887,0.0,0.11650390654114127,0.0
2.100670099258423,12.48801090296919,-4.140719118084482,-4.2945175308863694,-2.024450037190754,-1.9914873522874559,-1.0071923931654787,0.0,50.0,20.0,1.0,0.0,0.0,0.0,-418.20936274211454,70.0,52.40303217878511,0.9939742648107518,0.0,0.10961368935459455,0.0
2.1337406635284424,12.746428356894794,-4.238875871942686,-5.0779844041455,-1.922988020192463,-2.060178548325601,-1.054158018864515,0.0,50.0,20.0,1.0,0.0,0.0,0.0,-419.530048147504,70.0,52.11751397131101,0.9946921283208413,0.0,0.10289591758935358,0.0
2.167149782180786,13.0,-3.6667321817683236,-5.841168579281313,-1.9785233416484451,-2.1963499768629946,-1.0323655390994004,0.0,50.0,20.0,1.0,0.0,0.0,0.0,-422.0735806937406,70.0,51.61990297394411,0.9959420089193344,0.0,0.08999730479142438,0.0
2.200436592102051,13.0,-4.397631402886745,-5.520400873329338,-2.0558477999634293,-2.1641876536515796,-0.8639845977332639,0.0,50.0,20.0,1.0,0.0,0.0,0.0,-423.2938356024498,70.0,51.40535475431727,0.996480419390373,0.0,0.08382585383750286,0.0
2.2338199615478516,12.976584114139389,-3.7559909896116848,-4.877077468639284,-2.2277288474083177,-1.9976320749715348,-0.8353242629034299,0.0,50.0,20.0,1.0,0.0,0.0,0.0,-424.4781208117542,70.0,51.21198824520506,0.9969654250644676,0.0,0.07784562432163632,0.0
2.2505249977111816,12.967371443960124,-3.313233112150448,-4.123662985278614,-2.1296746510460336,-2.1022969653204178,-0.7496979256821729,0.0,50.0,20.0,1.0,0.0,0.0,0.0,-425.6252892035951,70.0,51.038554529959896,0.9974002342842118,0.0,0.07206089542740571,0.0
2.283841848373413,13.0,-3.0962772428399417,-3.859589303445599,-2.150490068994115,-2.0875057820181384,-0.7099593993239445,0.0,50.0,20.0,1.0,0.0,0.0,0.0,-426.7342528690311,70.0,50.88380579815835,0.9977880391191349,0.0,0.06647577747414245,0.0
2.317418098449707,13.0,-2.508723978501444,-4.398946619055735,-2.31913100804123,-2.087216821008586,-0.6809978894215466,0.0,50.0,20.0,1.0,0.0,0.0,0.0,-428.833506868799,70.0,50.6254085233512,0.9984352544773467,0.0,0.055919966172700585,0.0
2.3505237102508545,13.0,-3.081671135707984,-4.553814574372721,-2.470064962224477,-1.9259205942922564,-0.6289583821919125,0.0,50.0,20.0,1.0,0.0,0.0,0.0,-429.8219114244711,70.0,50.51931588017355,0.998700866425544,0.0,0.050956642362579053,0.0
2.38384747505188,13.0,-3.2534744335520074,-4.588952476861916,-2.2817359932481702,-2.0296212156560625,-0.4554914530549466,0.0,50.0,20.0,1.0,0.0,0.0,0.0,-430.7683376767646,70.0,50.427029718152156,0.9989318552380033,0.0,0.046207668094816495,0.0
2.4015159606933594,13.0,-3.169867871841187,-4.682260388709728,-2.108460044240297,-1.9692711617296734,-0.5246972718007049,0.0,50.0,20.0,1.0,0.0,0.0,0.0,-431.67198173777945,70.0,50.34738281498011,0.999131165525878,0.0,0.041676301118268234,0.0
2.434180498123169,12.226601562645707,-2.8202761918917933,-4.318297664962529,-1.9735860337737723,-1.8967031987703162,-0.5132684679530013,0.0,50.0,20.0,1.0,0.0,0.0,0.0,-433.34797286954426,70.0,50.22149261962433,0.9994461150566739,0.0,0.03327856815011233,0.0
2.4671733379364014,12.106848909682403,-3.605201061683003,-3.8813738080549838,-1.9004368490065242,-1.9652914913178272,-0.34689995021671416,0.0,50.0,20.0,1.0,0.0,0.0,0.0,-434.1189729392845,70.0,50.173082183655836,0.9995672008833227,0.0,0.029417867330572816,0.0
2.5004963874816895,12.72063894198307,-4.067276689046291,-3.5196165663712664,-1.7569508856649378,-2.088434888476428,-0.18441630096211864,0.0,50.0,20.0,1.0,0.0,0.0,0.0,-434.84449376198944,70.0,50.13298464743309,0.9996674830976721,0.0,0.025786105505978634,0.0
2.5338215827941895,12.965423177506086,-4.259817992510069,-3.5930554419797116,-1.7990763244368617,-2.0789315675892888,-0.28652159282239553,0.0,50.0,20.0,1.0,0.0,0.0,0.0,-435.52398310477076,70.0,50.100223860342794,0.9997494089512061,0.0,0.02238569413071627,0.0
2.5535945892333984,13.0,-3.795746000206028,-3.2898660459489957,-1.820767657280278,-1.9101962783307067,-0.19746765280255163,0.0,50.0,20.0,1.0,0.0,0.0,0.0,-436.1569343884733,70.0,50.073873052612,0.9998153003114825,0.0,0.019218877778372712,0.0
2.6004509925842285,13.0,-4.42418594512481,-3.908145121135963,-1.6289425981928274,-1.7855736646927007,-0.32256945888322064,0.0,50.0,20.0,1.0,0.0,0.0,0.0,-437.2814152542757,70.0,50.036960345434096,0.9999075948670605,0.0,0.013594179900622288,0.0
2.617744207382202,12.637354792086589,-3.7081497615081185,-4.595177959428623,-1.5747866884341735,-1.789692261912822,-0.38033238733384345,0.0,50.0,20.0,1.0,0.0,0.0,0.0,-437.7721458474892,70.0,50.02481975072442,0.9999379486980069,0.0,0.011139962011701171,0.0
2.650423049926758,11.852712382726564,-2.9200144680878815,-4.110816855371949,-1.703379231653901,-1.8729027159337435,-0.25188179619759227,0.0,50.0,20.0,1.0,0.0,0.0,0.0,-438.2147374456175,70.0,50.0159370818933,0.9999601565015146,0.0,0.008926668441612828,0.0
2.6834614276885986,11.759741994258444,-2.2097172464311345,-3.7108150639377646,-1.6579197409169293,-1.7965032001739756,-0.3491837015639766,0.0,50.0,20.0,1.0,0.0,0.0,0.0,-438.6088887970155,70.0,50.00967642006087,0.9999758086572373,0.0,0.0069557242832328815,0.0
2.7055933475494385,11.427037282806692,-2.8930882058926337,-3.9386225336467255,-1.8350140635771355,-1.783957112943239,-0.40785982342535987,0.0,50.0,20.0,1.0,0.0,0.0,0.0,-438.95433556002274,70.0,50.00546722005764,0.9999863318564468,0.0,0.005228393662321486,0.0
2.7381956577301025,11.775111979365356,-2.1942222226245223,-4.605827002414717,-1.825755604689317,-1.8522333198242418,-0.5387912361519849,0.0,50.0,20.0,1.0,0.0,0.0,0.0,-439.49823560707875,70.0,50.00125884545348,0.9999968528814142,0.0,0.002508829860191358,0.0
2.7674031257629395,12.224145102122039,-2.262184549348946,-4.779047622928148,-1.8793669297327595,-1.9240949865699426,-0.5972099815496262,0.0,50.0,20.0,1.0,0.0,0.0,0.0,-439.69633483890374,70.0,50.00046106371322,0.9999988473400526,0.0,0.0015183275555966302,0.0
2.800412178039551,12.89995711362421,-2.1241158013032404,-4.245400188957289,-2.0037178660065225,-2.0260574291153888,-0.7743726828304963,0.0,50.0,20.0,1.0,0.0,0.0,0.0,-439.84501967520845,70.0,50.00012009457747,0.9999996997635112,0.0,0.0007749018566116849,0.0
2.833799362182617,13.0,-1.8113217338991634,-3.4538717206444947,-2.0630915191034016,-1.9627030993755068,-0.9574767636374938,0.0,50.0,20.0,1.0,0.0,0.0,0.0,-439.94419531458357,70.0,50.000015570815776,0.9999999610729597,0.0,0.0002790234379437072,0.0
2.8839492797851562,13.0,-1.1048379717483552,-4.095417100184769,-1.879360669525191,-2.040899622105505,-0.9200312767542743,0.0,50.0,20.0,1.0,0.0,0.0,0.0,-439.99379882627284,70.0,50.00000019227278,0.9999999995193181,0.0,3.1005868650626186e-05,0.0
2.9003660678863525,13.0,-0.348445907292559,-4.679628488357115,-1.9778318182051753,-2.03246031018074,-0.9689302897379926,0.0,50.0,20.0,1.0,0.0,0.0,0.0,-439.9441953145843,70.0,50.000015570815776,0.9999999610729597,0.0,0.0002790234379400886,0.0
2.933826446533203,12.792848165013663,-0.8696315916001329,-4.607005071826962,-2.0921791938826964,-1.8476625846481176,-0.9987666967480777,0.0,50.0,20.0,1.0,0.0,0.0,0.0,-439.84501967520964,70.0,50.00012009457747,0.9999996997635112,0.0,0.0007749018566055812,0.0
2.9505178928375244,13.0,-1.6212777558933298,-4.174182409923283,-2.107824276057727,-1.884594065087397,-0.9613768877128128,0.0,50.0,20.0,1.0,0.0,0.0,0.0,-439.69633483890544,70.0,50.0004610637132,0.9999988473400526,0.0,0.0015183275555881721,0.0
2.9837234020233154,12.547790818613866,-1.5591602168768008,-3.838846966953343,-1.9894969507153049,-1.928741058624835,-1.1600134851808135,0.0,50.0,20.0,1.0,0.0,0.0,0.0,-439.4982356070809,70.0,50.001258845453464,0.9999968528814142,0.0,0.0025088298601803716,0.0
3.017246961593628,12.409385459984456,-1.7227134746303185,-3.521368002789643,-1.9850003261578413,-1.791838269687248,-1.3426526913247514,0.0,50.0,20.0,1.0,0.0,0.0,0.0,-438.95433556002587,70.0,50.00546722005761,0.9999863318564469,0.0,0.0052283936623057905,0.0
3.050485372543335,13.0,-1.3064799422823672,-3.3377015434830173,-1.9815518113257713,-1.8360673718702325,-1.4766786850495075,0.0,50.0,20.0,1.0,0.0,0.0,0.0,-438.6088887970191,70.0,50.00967642006083,0.9999758086572375,0.0,0.0069557242832147875,0.0
3.0838286876678467,13.0,-0.8780642465228199,-3.7407270308346257,-2.0263899464441324,-1.8020754998205526,-1.5108641276663883,0.0,50.0,20.0,1.0,0.0,0.0,0.0,-438.21473744562167,70.0,50.01593708189323,0.9999601565015147,0.0,0.008926668441592336,0.0
3.1015195846557617,12.986722616139474,-1.0547898458841578,-3.1855123612294545,-1.986062717032175,-1.9386568124983252,-1.4262314973222117,0.0,50.0,20.0,1.0,0.0,0.0,0.0,-437.77214584749373,70.0,50.02481975072432,0.9999379486980071,0.0,0.011139962011678195,0.0
3.134100914001465,13.0,-0.4591676464246177,-3.0551421669497407,-1.936180376562578,-1.94801650609443,-1.487461552787726,0.0,50.0,20.0,1.0,0.0,0.0,0.0,-436.74288510363635,70.0,50.05305806303083,0.9998673460438868,0.0,0.016287735114317345,0.0
3.167388677597046,13.0,-0.04207179121588411,-2.420095294922736,-1.9559381808870773,-2.0920619372720894,-1.5668709547317965,0.0,50.0,20.0,1.0,0.0,0.0,0.0,-436.15693438847927,70.0,50.07387305261177,0.9998153003114831,0.0,0.019218877778342858,0.0
3.200418472290039,12.738150917164875,-0.5674431706668902,-2.0617546629456065,-1.874948160683691,-1.9733123140327038,-1.6604164746990526,0.0,50.0,20.0,1.0,0.0,0.0,0.0,-435.5239831047772,70.0,50.10022386034251,0.9997494089512069,0.0,0.022385694130684097,0.0
3.2337517738342285,13.0,-0.6134590855968294,-2.7547416641343587,-1.781785201104955,-1.9514641747016994,-1.7818427969962127,0.0,50.0,20.0,1.0,0.0,0.0,0.0,-434.8444937619964,70.0,50.132984647432735,0.999667483097673,0.0,0.02578610550594398,0.0
3.2536239624023438,13.0,-1.1784142765334216,-3.3493328394545956,-1.7089361048511127,-1.8562754027051827,-1.5819412070142573,0.0,50.0,20.0,1.0,0.0,0.0,0.0,-434.1189729392918,70.0,50.17308218365541,0.9995672008833237,0.0,0.029417867330536168,0.0
3.3003616333007812,13.0,-1.1773582945221444,-3.7814627037641215,-1.8933170152448977,-1.8784292142079242,-1.5446939433832372,0.0,50.0,20.0,1.0,0.0,0.0,0.0,-432.53209303255886,70.0,50.2792380417917,0.999301661056881,0.0,0.037365628710868695,0.0
3.317556858062744,12.277534574714823,-1.7927996917432325,-3.313883458932966,-1.756934745960134,-1.809000934172956,-1.6862540447917367,0.0,50.0,20.0,1.0,0.0,0.0,0.0,-431.6719817377881,70.0,50.3473828149794,0.9991311655258798,0.0,0.04167630111822493,0.0
3.3504886627197266,12.37699149406938,-2.5629751687206057,-3.678254931163634,-1.6083951886662091,-1.959397733559631,-1.5948338023610367,0.0,50.0,20.0,1.0,0.0,0.0,0.0,-430.7683376767737,70.0,50.4270297181513,0.9989318552380054,0.0,0.046207668094771066,0.0
3.3838844299316406,12.317269929786058,-3.2540673529693875,-3.2995996799151914,-1.466780811817715,-1.8679758069132828,-1.5369073279999768,0.0,50.0,20.0,1.0,0.0,0.0,0.0,-429.8219114244806,70.0,50.519315880172584,0.9987008664255463,0.0,0.05095664236253155,0.0
3.4055073261260986,11.674535798769222,-3.4386899910232436,-3.8093999092297057,-1.3434882484289827,-2.024264555430242,-1.5283970584631825,0.0,50.0,20.0,1.0,0.0,0.0,0.0,-428.83350686880897,70.0,50.625408523350075,0.9984352544773495,0.0,0.05591996617265061,0.0
3.4381344318389893,11.821429360918403,-3.6164993022600704,-3.4148598118028515,-1.4116080581645905,-1.9703328675453635,-1.3367667206761107,0.0,50.0,20.0,1.0,0.0,0.0,0.0,-426.7342528690418,70.0,50.8838057981569,0.9977880391191385,0.0,0.06647577747408838,0.0
3.4674301147460938,12.574122178320195,-4.378200770105184,-4.148282564604981,-1.5465525434217955,-2.0514232372786023,-1.3827821526460042,0.0,50.0,20.0,1.0,0.0,0.0,0.0,-425.62528920360614,70.0,51.03855452995829,0.9974002342842158,0.0,0.07206089542735004,0.0
3.500417709350586,12.374849981196558,-4.2805277199641445,-4.332278317308422,-1.71186254887186,-2.0151945708764307,-1.4621208746702505,0.0,50.0,20.0,1.0,0.0,0.0,0.0,-424.4781208117656,70.0,51.21198824520327,0.9969654250644722,0.0,0.07784562432157872,0.0
3.5338635444641113,11.619922160529372,-4.360969539139501,-4.34735877978982,-1.5910719282564634,-1.889780086426937,-1.4510317912410455,0.0,50.0,20.0,1.0,0.0,0.0,0.0,-423.29383560246157,70.0,51.40535475431528,0.996480419390378,0.0,0.08382585383744338,0.0
3.567145347595215,11.7769407448951,-4.2656514386667785,-4.265921652631569,-1.7121920367636843,-1.9909668937462925,-1.5361323478203701,0.0,50.0,20.0,1.0,0.0,0.0,0.0,-420.81856276000366,70.0,51.85687764591917,0.995346980590389,0.0,0.0963555303529372,0.0
3.600205898284912,11.518099552105241,-4.029658305864797,-3.9794013514399817,-1.8804893750872145,-1.9493714641319322,-1.6908004554884235,0.0,50.0,20.0,1.0,0.0,0.0,0.0,-419.53004814751677,70.0,52.11751397130834,0.994692128320848,0.0,0.1028959175892887,0.0
3.6338090896606445,11.327744259273423,-3.3452042728947156,-4.757763484990525,-1.8056179044033058,-1.990703664066092,-1.601642802595019,0.0,50.0,20.0,1.0,0.0,0.0,0.0,-418.2093627421276,70.0,52.4030321787822,0.9939742648107591,0.0,0.10961368935452794,0.0
3.6504130363464355,10.920058649357783,-2.812194849185345,-5.517173681008279,-1.9493003499007393,-1.9569463835216012,-1.5683799548925144,0.0,50.0,20.0,1.0,0.0,0.0,0.0,-416.85789157362836,70.0,52.71463204786622,0.9931902334198968,0.0,0.11650390654107304,0.0
3.6836230754852295,11.132191187673868,-2.675112911516332,-5.02868485484036,-1.775371278927082,-1.7750433779161512,-1.7354963371230496,0.0,50.0,20.0,1.0,0.0,0.0,0.0,-415.47707814340146,70.0,53.053487408699624,0.992336920081331,0.0,0.12356147070789561,0.0
3.7171590328216553,11.246188870689938,-3.0654142273993887,-5.0750297530941335,-1.8710622730739401,-1.6500074131584705,-1.8533101763554571,0.0,50.0,20.0,1.0,0.0,0.0,0.0,-412.63348479580714,70.0,53.8174971963264,0.9904102756021709,0.0,0.13815746806319235,0.0
3.750462055206299,11.13091702401735,-3.860276131189411,-5.0247574163156665,-1.7830490515152428,-1.5547058069740844,-2.0429770733018433,0.0,50.0,20.0,1.0,0.0,0.0,0.0,-411.17387408686284,70.0,54.24482016705329,0.9893310361879554,0.0,0.14568493688527479,0.0
3.7836990356445312,11.62145213091695,-4.169791710518385,-4.319389686240503,-1.8606837993339789,-1.747156771188966,-2.20359277121007,0.0,50.0,20.0,1.0,0.0,0.0,0.0,-409.6912560860654,70.0,54.7037249292527,0.9881707217650888,0.0,0.15335783203430967,0.0
3.8015048503875732,12.345662324016931,-3.993803460975803,-4.655055235128392,-1.7928787709416651,-1.6744108403994917,-2.0678280080987825,0.0,50.0,20.0,1.0,0.0,0.0,0.0,-408.18734614962887,70.0,55.195173883412096,0.9869266085089303,0.0,0.16117031183521516,0.0
3.8343939781188965,12.498659346072989,-4.647891985800863,-4.855906714669824,-1.7339696472614907,-1.8016922478670665,-2.045787633884168,0.0,50.0,20.0,1.0,0.0,0.0,0.0,-405.122749517908,70.0,56.279258438649705,0.9841766649371196,0.0,0.17718998897581245,0.0
3.8838517665863037,12.600195999951689,-4.865684172514082,-4.297410116562267,-1.7017838538374652,-1.746850447799852,-2.1535598906363966,0.0,50.0,20.0,1.0,0.0,0.0,0.0,-403.56572234491483,70.0,56.87350853944855,0.9826659947829463,0.0,0.1853848502365895,0.0
3.900681495666504,12.365467346708591,-5.445644160936182,-4.237235637821933,-1.6309253838476088,-1.6008844965249445,-2.0618979277294165,0.0,50.0,20.0,1.0,0.0,0.0,0.0,-401.9947156776698,70.0,57.50352242610077,0.981061867503521,0.0,0.19369463629771447,0.0
3.9338080883026123,12.655924922048404,-4.698388955648244,-3.8389557075987515,-1.5242524012082126,-1.788241698606557,-2.001387793463132,0.0,50.0,20.0,1.0,0.0,0.0,0.0,-400.41165388675734,70.0,58.16992403347308,0.9793622311650754,0.0,0.2021128896616082,0.0
3.9535365104675293,13.0,-4.529679154595142,-3.3814966862577887,-1.452048202917489,-1.8704387483029872,-2.014143366335721,0.0,50.0,20.0,1.0,0.0,0.0,0.0,-398.81849219620545,70.0,58.87325631294614,0.9775651990712789,0.0,0.21063304955474274,0.0
4.0004191398620605,13.0,-4.687082921233329,-3.597546335667267,-1.275020199396146,-2.0529094802100585,-2.0668113870568066,0.0,50.0,20.0,1.0,0.0,0.0,0.0,-395.6098180895534,70.0,60.39245706996836,0.9736722829834267,0.0,0.22795237517920672,0.0
4.017449855804443,12.393515023225625,-4.831838782894586,-2.9865671929487263,-1.1820111960444528,-1.8752118110073805,-2.1655538023664116,0.0,50.0,20.0,1.0,0.0,0.0,0.0,-393.9983302107016,70.0,61.20897355815535,0.9715735341234977,0.0,0.23673797285348372,0.0
4.05046820640564,12.914671027922289,-4.775405963140284,-2.3257722050300087,-1.280542441855217,-1.9160384172211369,-2.0913971229952546,0.0,50.0,20.0,1.0,0.0,0.0,0.0,-392.38478163656043,70.0,62.063710675273725,0.9693716762024932,0.0,0.2455983578454233,0.0
4.083702087402344,12.904244120332692,-4.279732351352591,-2.424436221269908,-1.2239706615501564,-1.7495635621812882,-2.120131872511303,0.0,50.0,20.0,1.0,0.0,0.0,0.0,-390.7712121128809,70.0,62.956755327222325,0.9670657802672413,0.0,0.25452657353626484,0.0
4.106313943862915,13.0,-4.994330533109611,-1.7232040022983084,-1.4161135657669337,-1.6295459649256512,-2.0567759201649056,0.0,50.0,20.0,1.0,0.0,0.0,0.0,-389.1596628000485,70.0,63.88809540257961,0.964655131633633,0.0,0.26351561056775763,0.0
4.137792348861694,12.496075437036676,-4.382772013605434,-1.2044075303458852,-1.4314510997373948,-1.5466238551302478,-1.9936964806690272,0.0,50.0,20.0,1.0,0.0,0.0,0.0,-385.95076299294277,70.0,65.86510843321332,0.9595178256988942,0.0,0.2816479046008803,0.0
4.167224407196045,12.44002882256523,-4.8376484689824215,-0.7922929723550369,-1.5223137234771202,-1.5853812595647014,-2.057398030571955,0.0,50.0,20.0,1.0,0.0,0.0,0.0,-384.35745120882837,70.0,66.910248742567,0.9567908634007565,0.0,0.29077696558158633,0.0
4.200454473495483,12.552595928401413,-4.488553918397924,-0.761895518914446,-1.6147982266904686,-1.6193677359744028,-2.0455833009063547,0.0,50.0,20.0,1.0,0.0,0.0,0.0,-382.77422543882534,70.0,67.99261785745372,0.953958547691005,0.0,0.29993847583674327,0.0
4.233505964279175,11.860717552713988,-4.250918504361293,-0.32215493504816395,-1.789227444342429,-1.7144512947700663,-2.0958082705690693,0.0,50.0,20.0,1.0,0.0,0.0,0.0,-381.2030484442563,70.0,69.11169127895226,0.9510213160624943,0.0,0.3091253085639565,0.0
4.267143964767456,11.27695311394815,-3.795819784457242,0.33950723709198305,-1.6295521994121347,-1.5371903388341792,-1.9517025916213373,0.0,50.0,20.0,1.0,0.0,0.0,0.0,-378.1045200725399,70.0,71.45733920633074,0.9448350670716801,0.0,0.327546479192883,0.0
4.300461053848267,11.224764210352834,-4.412587275325882,0.10458164473274711,-1.8198566136209222,-1.5424130210287932,-2.055133921601513,0.0,50.0,20.0,1.0,0.0,0.0,0.0,-376.58090506530215,70.0,72.68235390505099,0.9415881427008016,0.0,0.33676663956700786,0.0
4.333554744720459,10.762753181805685,-4.847673843124725,0.48845821613412876,-1.638661682387457,-1.4530417829013547,-2.2439228163694604,0.0,50.0,20.0,1.0,0.0,0.0,0.0,-375.076800174208,70.0,73.94095632746698,0.9382404906859781,0.0,0.34598378811345315,0.0
4.350435256958008,9.979837470379042,-5.4801075544528,0.752980156788717,-1.7997420727802367,-1.6091940079336169,-2.1347744843279406,0.0,50.0,20.0,1.0,0.0,0.0,0.0,-373.59394487696204,70.0,75.23212024541525,0.9347937733922513,0.0,0.35519093629634785,0.0
4.383796453475952,9.299928689786372,-5.437090721421074,0.33735968140930256,-1.6197364509049543,-1.5195060899872057,-2.2582462578645703,0.0,50.0,20.0,1.0,0.0,0.0,0.0,-372.1340173943068,70.0,76.55472510117654,0.9312498990572387,0.0,0.364381154158503,0.0
4.417201995849609,10.082244445627708,-5.478660559198896,0.29257542921554874,-1.6741785063472443,-1.6502211022846869,-2.2989819778550604,0.0,50.0,20.0,1.0,0.0,0.0,0.0,-369.28932188135394,70.0,79.28932188133653,0.9238795325113103,0.0,0.3826834323650329,0.0
4.450509548187256,9.82276565796006,-5.624514131117183,-0.1853426067874046,-1.7043555476442651,-1.4666410820297426,-2.217306101931835,0.0,50.0,20.0,1.0,0.0,0.0,0.0,-367.9075589665228,70.0,80.69862955298352,0.9200580700342139,0.0,0.39178201562210274,0.0
4.483883619308472,9.262335270177214,-5.838530482649594,-0.7323836505363999,-1.5786675435075397,-1.3258906953955745,-2.0234582732459123,0.0,50.0,20.0,1.0,0.0,0.0,0.0,-366.55472510119324,70.0,82.13401739428873,0.9161495036447689,0.0,0.4008367335604905,0.0
4.501518487930298,9.263055761790318,-5.171741235892899,-1.2916642808157177,-1.7519928301882957,-1.1475356432869046,-1.9128370008279254,0.0,50.0,20.0,1.0,0.0,0.0,0.0,-365.2321202454316,70.0,83.59394487694368,0.9121569358478187,0.0,0.40984109650536316,0.0
4.534371614456177,9.021999935195435,-4.993939286041474,-1.5017976606837284,-1.8824629983259435,-1.1758082404435717,-2.009618332063126,0.0,50.0,20.0,1.0,0.0,0.0,0.0,-362.6823539050665,70.0,86.58090506528326,0.9039333353038728,0.0,0.42767338627323576,0.0
4.567337274551392,8.338555418966912,-4.50604989301562,-1.2830275269439575,-1.8489873134801036,-1.01166550658276,-2.001550689412788,0.0,50.0,20.0,1.0,0.0,0.0,0.0,-361.45733920634575,70.0,88.1045200725209,0.8997096196203503,0.0,0.43648894643805647,0.0
4.600575685501099,8.770722628754061,-3.918261584378846,-1.2543718830484623,-1.7697951660920754,-0.8520910692880883,-1.8213716736227168,0.0,50.0,20.0,1.0,0.0,0.0,0.0,-360.2668415672222,70.0,89.64584980025361,0.89541652374676,0.0,0.44522943411377025,0.0
4.6340460777282715,8.959414176473636,-3.1861923332737616,-0.9379816468155617,-1.9430290290873262,-0.7377794176569601,-1.747348822743631,0.0,50.0,20.0,1.0,0.0,0.0,0.0,-359.1116912789665,70.0,91.20304844423677,0.891058223562757,0.0,0.4538890197186795,0.0
4.653904438018799,8.490392494631603,-2.825780522183893,-1.4258057412178171,-1.8906374456533586,-0.7304215815393575,-1.717701701282367,0.0,50.0,20.0,1.0,0.0,0.0,0.0,-357.99261785746745,70.0,92.77422543880567,0.8866390882461542,0.0,0.46246202784015505,0.0
4.700315237045288,8.756264685919527,-2.9852887627136293,-1.1201515155364865,-1.8442247900027884,-0.8876852892124703,-1.5509617286795785,0.0,50.0,20.0,1.0,0.0,0.0,0.0,-355.8651084332261,70.0,95.95076299292282,0.8776367044713809,0.0,0.47932641797069153,0.0
4.717515468597412,8.11588113877453,-3.6369882144788592,-1.227830243357121,-1.6602575669778834,-0.8947680983330075,-1.738265722340153,0.0,50.0,20.0,1.0,0.0,0.0,0.0,-354.8576180610464,70.0,97.55217070496289,0.8730630827581622,0.0,0.4876072738637257,0.0
4.750441312789917,7.487900464857057,-3.441370961535005,-1.3471568464372845,-1.472338545432028,-0.9109044374198789,-1.771330245314601,0.0,50.0,20.0,1.0,0.0,0.0,0.0,-353.8880954025914,70.0,99.15966280002854,0.8684478602655759,0.0,0.495780509903468,0.0
4.78372859954834,7.645181281769917,-3.1461587850187893,-2.0964790693636908,-1.3905703744709723,-0.8583272872361319,-1.8378948851959431,0.0,50.0,20.0,1.0,0.0,0.0,0.0,-352.95675532723374,70.0,100.77121211286081,0.8637962372201536,0.0,0.5038413049406569,0.0
4.805452346801758,7.538825104721996,-2.481081493091091,-1.5989315945228966,-1.588820077992873,-0.8638309981321242,-1.724678285956275,0.0,50.0,20.0,1.0,0.0,0.0,0.0,-352.06371067528465,70.0,102.38478163654031,0.859113550013791,0.0,0.5117850214520756,0.0
4.838237285614014,7.257435716714269,-1.9571846646349786,-1.9854868966220733,-1.6590013104495094,-0.7925111356975804,-1.715756368915691,0.0,50.0,20.0,1.0,0.0,0.0,0.0,-350.3924570699783,70.0,105.60981808953332,0.8496769442278244,0.0,0.5273036036740757,0.0
