# Timestamp, Fx, Fy, Fz, Tx, Ty, Tz, FemurPosX, FemurPosY, FemurPosZ, FemurQuatW, FemurQuatX, FemurQuatY, FemurQuatZ, TibiaPosX, TibiaPosY, TibiaPosZ, TibiaQuatW, TibiaQuatX, TibiaQuatY, TibiaQuatZ
0.016669034957885742,-2.8015619448181144,6.57954223556061,-3.630042344571072,-0.27435588405676703,-0.8006297792487527,0.5443738656697503,0.0,50.0,20.0,1.0,0.0,0.0,0.0,-341.0385545299465,70.0,135.62528920368752,0.756223217034205,0.0,0.6543137214046773,0.0
0.03327441215515137,-2.3859254624227346,6.174758344339404,-3.9884181145377537,-0.2627158164173574,-0.6502468487928086,0.6960419511745684,0.0,50.0,20.0,1.0,0.0,0.0,0.0,-340.88380579814634,70.0,136.73425286912067,0.752548161684285,0.0,0.6585372156116944,0.0
0.06667017936706543,-2.652501398510866,6.160279588092389,-4.424420914979405,-0.3794761908994184,-0.6824108677520464,0.6333957943632724,0.0,50.0,20.0,1.0,0.0,0.0,0.0,-340.62540852334183,70.0,138.83350686888247,0.7455417263008072,0.0,0.6664589517325221,0.0
0.09998846054077148,-2.9617726946006733,6.538694557891684,-4.895189620961607,-0.3787909876829342,-0.6373444844407483,0.49585943052544534,0.0,50.0,20.0,1.0,0.0,0.0,0.0,-340.5193158801654,70.0,139.82191142455108,0.7422199423871907,0.0,0.6701563676656034,0.0
0.11681675910949707,-2.9541640872339707,6.1066754022073315,-5.002083121401222,-0.2058950633715803,-0.7027837323735001,0.48328423317042074,0.0,50.0,20.0,1.0,0.0,0.0,0.0,-340.42702971814504,70.0,140.76833767684124,0.7390252442344536,0.0,0.6736777333296732,0.0
0.1499192714691162,-2.9474289735482326,5.32969276262632,-4.786444051030836,-0.19660639116229017,-0.6568592139263221,0.3060920880308202,0.0,50.0,20.0,1.0,0.0,0.0,0.0,-340.34738281497397,70.0,141.67198173785275,0.7359620175734182,0.0,0.677022827302938,0.0
0.1832432746887207,-3.486763949592796,5.145387292898684,-5.486467993249676,-0.07541368220392541,-0.6511742415082028,0.34235185530630124,0.0,50.0,20.0,1.0,0.0,0.0,0.0,-340.2792380417871,70.0,142.53209303262048,0.7330344704288453,0.0,0.680191491539774,0.0
0.21661829948425293,-3.413205514338758,4.351354597399447,-4.880602820175255,-0.16532064054298024,-0.6057213712591647,0.2930675871593371,0.0,50.0,20.0,1.0,0.0,0.0,0.0,-340.1730821836521,70.0,144.118972939347,0.7276023194735329,0.0,0.685999172518987,0.0
0.2499098777770996,-3.6358800590548324,3.946364271955237,-5.314689683280709,0.03010755057549569,-0.4549690749496991,0.4579654016796828,0.0,50.0,20.0,1.0,0.0,0.0,0.0,-340.13298464743,70.0,144.84449376204836,0.7251051862935185,0.0,0.6886381261665969,0.0
0.2836620807647705,-2.9029083336900716,3.383823086754023,-5.565046020652318,0.01355698611609979,-0.5182357390526475,0.3940858935368443,0.0,50.0,20.0,1.0,0.0,0.0,0.0,-340.10022386034035,70.0,145.52398310482593,0.7227586626778474,0.0,0.6911005104354428,0.0
0.29993534088134766,-3.3867394507887383,3.408465797524456,-5.926284440507296,0.043513832827842686,-0.6179237616806389,0.5480595061776825,0.0,50.0,20.0,1.0,0.0,0.0,0.0,-340.07387305261005,70.0,146.1569343885245,0.720565977588019,0.0,0.6933863799806155,0.0
0.333390474319458,-2.973146599744315,3.4864463099439345,-5.788580084386784,-0.0507010022508205,-0.7800813552401525,0.4849201732432894,0.0,50.0,20.0,1.0,0.0,0.0,0.0,-340.03696034543293,70.0,147.2814152543192,0.7166539776826778,0.0,0.6974289040981855,0.0
0.36655569076538086,-2.980937899932556,3.0444632078617087,-6.125124177512238,0.022573325531350247,-0.8355855293686472,0.44861924549731724,0.0,50.0,20.0,1.0,0.0,0.0,0.0,-340.02481975072357,70.0,147.7721458475287,0.714940046970623,0.0,0.6991857616096336,0.0
0.39991331100463867,-3.0593744184675415,2.6994105589703787,-5.5086743399268245,0.2096916191478028,-0.7308374985197952,0.32062428951159216,0.0,50.0,20.0,1.0,0.0,0.0,0.0,-340.0159370818927,70.0,148.2147374456531,0.7133907153669261,0.0,0.7007664997902407,0.0
0.4332602024078369,-2.776553093213832,2.2102043508648515,-5.8033868934724016,0.09234963216834084,-0.9023301409971954,0.1660264646432625,0.0,50.0,20.0,1.0,0.0,0.0,0.0,-340.00967642006043,70.0,148.60888879704686,0.7120081151326617,0.0,0.7021712355154078,0.0
0.4499084949493408,-2.672527274335016,1.8041881856942314,-5.955672820725976,-0.017468894411967334,-1.0097856383727337,0.36383184310203187,0.0,50.0,20.0,1.0,0.0,0.0,0.0,-340.00546722005737,70.0,148.95433556005005,0.710794148962799,0.0,0.7034000837363117,0.0
0.48346424102783203,-3.2612860955377974,1.948672331521106,-5.199025758281078,-0.14776290084022006,-1.2084827209805777,0.3065363530787708,0.0,50.0,20.0,1.0,0.0,0.0,0.0,-340.0012588454534,70.0,149.49823560709783,0.7088785664445716,0.0,0.7053305452307372,0.0
0.5167202949523926,-3.3769039769560103,2.537135157730793,-4.894559733849262,-0.13120407620547758,-1.2676249764663985,0.4941185129420746,0.0,50.0,20.0,1.0,0.0,0.0,0.0,-340.00046106371315,70.0,149.6963348389186,0.7081795858434548,0.0,0.7060323464223102,0.0
0.5500087738037109,-3.8508922224233113,3.250553210005446,-5.397202626611067,0.018072846674847376,-1.2191604822326187,0.36056057211866704,0.0,50.0,20.0,1.0,0.0,0.0,0.0,-340.0001200945775,70.0,149.84501967521905,0.7076545072448169,0.0,0.7065586305297638,0.0
0.5833241939544678,-4.253304810019566,2.75445486396192,-5.857090306415049,-0.01048274552698697,-1.0985787538769496,0.5062951199852505,0.0,50.0,20.0,1.0,0.0,0.0,0.0,-340.0000155708158,70.0,149.94419531459,0.7073040530260307,0.0,0.7069094542959161,0.0
0.6016104221343994,-4.774204791314638,2.8608279276,-5.433632270739169,-0.16136691925470784,-0.9919430622602554,0.6656619273525402,0.0,50.0,20.0,1.0,0.0,0.0,0.0,-340.00000019227275,70.0,149.99379882627477,0.7071287053066267,0.0,0.7070848563866814,0.0
0.633183479309082,-4.1617380992275566,3.2921429433386233,-5.676163342501624,-0.3107245165861076,-0.8637383952810372,0.6828643951576064,0.0,50.0,20.0,1.0,0.0,0.0,0.0,-340.0000155708158,70.0,149.94419531457785,0.7073040530260736,0.0,0.7069094542958732,0.0
0.6669402122497559,-4.887197231327079,3.5407978933124657,-6.283209044620721,-0.30881928220675126,-0.9496962731659457,0.7822318602302252,0.0,50.0,20.0,1.0,0.0,0.0,0.0,-340.0001200945775,70.0,149.8450196751989,0.7076545072448882,0.0,0.7065586305296925,0.0
0.7005670070648193,-5.3957882918802325,2.978423192368437,-6.612962365089333,-0.3105259913375812,-0.9811033257773959,0.7154908226665837,0.0,50.0,20.0,1.0,0.0,0.0,0.0,-340.00046106371326,70.0,149.69633483889035,0.7081795858435544,0.0,0.7060323464222101,0.0
0.7336578369140625,-6.059955079700828,3.3648179846920736,-7.094935330104358,-0.13728234594192823,-1.0324395165753277,0.6719512389476137,0.0,50.0,20.0,1.0,0.0,0.0,0.0,-340.00125884545355,70.0,149.4982356070615,0.7088785664446996,0.0,0.7053305452306086,0.0
0.7671527862548828,-5.887414554763719,3.086770501539051,-7.599813645407135,-0.2867940151134214,-1.1913221066831134,0.8536154305993323,0.0,50.0,20.0,1.0,0.0,0.0,0.0,-340.0054672200579,70.0,148.95433555999782,0.7107941489629828,0.0,0.703400083736126,0.0
0.8015544414520264,-5.732499633081528,2.6534788304442007,-7.767665334315001,-0.3383040294847595,-1.3395324771493315,0.7880901057617374,0.0,50.0,20.0,1.0,0.0,0.0,0.0,-340.0096764200613,70.0,148.60888879698666,0.7120081151328731,0.0,0.7021712355151934,0.0
0.8171470165252686,-5.700054356815577,3.160531662145916,-7.975477072342579,-0.3777363036249337,-1.302108019166753,0.9582325541490653,0.0,50.0,20.0,1.0,0.0,0.0,0.0,-340.01593708189387,70.0,148.21473744558486,0.7133907153671653,0.0,0.7007664997899973,0.0
0.8504750728607178,-5.486897614269805,3.606556098043753,-8.354075991484734,-0.32976222318801696,-1.479206983349915,0.9380251676640214,0.0,50.0,20.0,1.0,0.0,0.0,0.0,-340.0248197507252,70.0,147.7721458474527,0.7149400469708886,0.0,0.699185761609362,0.0
0.8835411071777344,-5.911683985150326,2.880561561834886,-7.6808914363915255,-0.38595887937718526,-1.5,0.9634482190964648,0.0,50.0,20.0,1.0,0.0,0.0,0.0,-340.0369603454352,70.0,147.2814152542354,0.7166539776829701,0.0,0.697428904097885,0.0
0.9181380271911621,-5.245553746695644,3.6278845250169383,-8.06451200177994,-0.33117199302141004,-1.5,0.8425839320900801,0.0,50.0,20.0,1.0,0.0,0.0,0.0,-340.07387305261386,70.0,146.15693438842527,0.7205659775883633,0.0,0.6933863799802578,0.0
0.950268030166626,-4.539237773844674,3.528651751177177,-8.516432322068964,-0.453897751880265,-1.5,1.0393818549135971,0.0,50.0,20.0,1.0,0.0,0.0,0.0,-340.1002238603451,70.0,145.5239831047189,0.7227586626782175,0.0,0.6911005104350557,0.0
0.9672713279724121,-4.432437024030802,3.2433060462706074,-8.223960848348986,-0.6533366232910671,-1.5,1.1853019164561274,0.0,50.0,20.0,1.0,0.0,0.0,0.0,-340.13298464743593,70.0,144.84449376193396,0.725105186293913,0.0,0.6886381261661816,0.0
1.0003671646118164,-4.17416212944104,3.63454970920133,-7.779948700838421,-0.7894578279086746,-1.5,1.3069543039084588,0.0,50.0,20.0,1.0,0.0,0.0,0.0,-340.17308218365935,70.0,144.11897293922516,0.7276023194739515,0.0,0.685999172518543,0.0
1.0339903831481934,-4.766914327351918,4.096212041220833,-7.2315660994895765,-0.8416708643446109,-1.4255166393945515,1.1410607905569994,0.0,50.0,20.0,1.0,0.0,0.0,0.0,-340.2792380417973,70.0,142.5320930324838,0.7330344704293115,0.0,0.6801914915392716,0.0
1.0665359497070312,-4.760809703658596,4.623507834060498,-7.573660318138615,-0.9573053757619554,-1.5,1.1175284572605644,0.0,50.0,20.0,1.0,0.0,0.0,0.0,-340.34738281498596,70.0,141.67198173770916,0.7359620175739059,0.0,0.6770228273024078,0.0
1.0999560356140137,-4.264511482990384,5.323439283860685,-6.9968116812492305,-0.8113103392144636,-1.5,1.0405978416157553,0.0,50.0,20.0,1.0,0.0,0.0,0.0,-340.427029718159,70.0,140.76833767669063,0.7390252442349631,0.0,0.6736777333291143,0.0
1.1332383155822754,-3.677450496434842,4.555328238501564,-7.75596599654353,-0.9003580280101611,-1.5,0.9054946233336009,0.0,50.0,20.0,1.0,0.0,0.0,0.0,-340.51931588018147,70.0,139.82191142439356,0.7422199423877212,0.0,0.6701563676650157,0.0
1.1503634452819824,-3.8807508355946565,4.454441112466123,-7.06231361819022,-0.9274786772451041,-1.4598473036531945,0.7585114543246365,0.0,50.0,20.0,1.0,0.0,0.0,0.0,-340.6254085233603,70.0,138.8335068687179,0.7455417263013591,0.0,0.6664589517319048,0.0
1.183380365371704,-4.4938498873440285,3.700015528265704,-7.4300929324338805,-0.8176306139529803,-1.484687101639463,0.7248002254402288,0.0,50.0,20.0,1.0,0.0,0.0,0.0,-340.8838057981701,70.0,136.73425286894326,0.7525481616848744,0.0,0.6585372156110209,0.0
1.2165744304656982,-4.995963613999326,3.0897566729645667,-7.2010460614478315,-0.6493856921516803,-1.296468624680005,0.809648276087321,0.0,50.0,20.0,1.0,0.0,0.0,0.0,-341.03855452997317,70.0,135.6252892035038,0.7562232170348124,0.0,0.6543137214039753,0.0
1.25002121925354,-5.721435173069934,3.725198480887249,-7.543769964352479,-0.5572881011046066,-1.41816405633133,0.776995843004116,0.0,50.0,20.0,1.0,0.0,0.0,0.0,-341.2119882452199,70.0,134.47812081165966,0.7600061815154543,0.0,0.6499158438277207,0.0
1.2832818031311035,-5.088616022459729,3.954212710928043,-7.672168773976862,-0.5837688211381713,-1.5,0.7176057141578773,0.0,50.0,20.0,1.0,0.0,0.0,0.0,-341.40535475433387,70.0,133.29383560235192,0.7638918915581185,0.0,0.6453442321829178,0.0
1.3015351295471191,-5.83064162304463,3.357180608640776,-7.414764285543205,-0.45971903770005634,-1.5,0.7619979837084436,0.0,50.0,20.0,1.0,0.0,0.0,0.0,-341.61990297396244,70.0,132.07358069363997,0.7678750526822709,0.0,0.6405996436684928,0.0
1.3337011337280273,-5.789073939775022,3.724159084591906,-6.8713645322705945,-0.4761664710358173,-1.5,0.5943761934421455,0.0,50.0,20.0,1.0,0.0,0.0,0.0,-342.1175139713333,70.0,129.53004814739722,0.7761119502127344,0.0,0.630595148044279,0.0
1.366621971130371,-5.917976264225385,4.486876348959386,-7.227123222619509,-0.5437105683878242,-1.5,0.41195352269726937,0.0,50.0,20.0,1.0,0.0,0.0,0.0,-342.40303217880955,70.0,128.20936274200494,0.7803545260264563,0.0,0.625337359918648,0.0
1.39986252784729,-5.580979246242873,4.093406636225054,-7.481752839073585,-0.4857988116364493,-1.5,0.44623057517455655,0.0,50.0,20.0,1.0,0.0,0.0,0.0,-342.7146320478961,70.0,126.85789157350291,0.7846722514097751,0.0,0.6199108467090365,0.0
1.4331822395324707,-5.455419807854786,4.887623876775747,-7.418705677622961,-0.2916202136832328,-1.5,0.30793650279251733,0.0,50.0,20.0,1.0,0.0,0.0,0.0,-343.0534874087321,70.0,125.4770781432731,0.7890593192426248,0.0,0.6143170115798239,0.0
1.466663122177124,-6.166915171475906,5.46915370566981,-7.78427229537891,-0.40746484605842725,-1.3251223157914167,0.42255075640099793,0.0,50.0,20.0,1.0,0.0,0.0,0.0,-343.8174971963645,70.0,122.63348479567318,0.7980179045745992,0.0,0.6026337394955297,0.0
1.500473976135254,-5.820007775967935,6.184530393009992,-8.37276221003105,-0.29369219367626803,-1.3182677909677376,0.618727325451079,0.0,50.0,20.0,1.0,0.0,0.0,0.0,-344.2448201670944,70.0,121.17387408672627,0.8025774913155543,0.0,0.5965478777379326,0.0
1.5167300701141357,-6.473918139083244,6.2272065672252825,-8.839566884744759,-0.12081710898580794,-1.2754762411933476,0.7184702245369304,0.0,50.0,20.0,1.0,0.0,0.0,0.0,-344.70372492929675,70.0,119.69125608592688,0.8071825813100563,0.0,0.5903018553499848,0.0
1.5500166416168213,-5.987237763064511,6.661522313567922,-8.345154114505993,-0.11756961915430361,-1.3364460400761509,0.7160513608851611,0.0,50.0,20.0,1.0,0.0,0.0,0.0,-345.19517388345935,70.0,118.18734614948816,0.8118271178351701,0.0,0.583897876984872,0.0
1.5832288265228271,-5.964901925745305,6.309680729180364,-8.629899221443614,-0.21268193217683928,-1.3572870105350625,0.5355035131206234,0.0,50.0,20.0,1.0,0.0,0.0,0.0,-345.7200713204345,70.0,116.66390772486906,0.8165050283835702,0.0,0.5773383224976022,0.0
1.6166510581970215,-6.042407953518583,5.833347114560347,-8.63840077902817,-0.07346186193218135,-1.2061917786605716,0.34849599172241064,0.0,50.0,20.0,1.0,0.0,0.0,0.0,-346.87350853950574,70.0,113.56572234476869,0.8259366732844332,0.0,0.5637629038202527,0.0
1.6498751640319824,-6.753246782538168,5.8640231406367755,-8.72347216072672,-0.039580578295331126,-1.0273841176022052,0.504302698034486,0.0,50.0,20.0,1.0,0.0,0.0,0.0,-347.50352242616145,70.0,111.99471567752207,0.8306782900812983,0.0,0.5567527084690387,0.0
1.6837396621704102,-7.292802180771012,5.307019653400923,-8.276327946556156,0.021632877468174883,-1.2066886675372923,0.34898554879015165,0.0,50.0,20.0,1.0,0.0,0.0,0.0,-348.1699240335374,70.0,110.41165388660812,0.83542906974019,0.0,0.5495982800492016,0.0
1.6999874114990234,-7.092039818723414,4.685338843191869,-8.972220860041176,-0.11525922395607974,-1.3870758810666806,0.39932988158916044,0.0,50.0,20.0,1.0,0.0,0.0,0.0,-348.8732563130141,70.0,108.81849219605508,0.8401830389978868,0.0,0.5423029236324246,0.0
1.7333378791809082,-6.432875020572454,4.412123273234608,-8.17641497073861,-0.25160055169652146,-1.393072341454869,0.5745236772314462,0.0,50.0,20.0,1.0,0.0,0.0,0.0,-350.39245707004363,70.0,105.60981808940153,0.8496769442282122,0.0,0.5273036036734507,0.0
1.7666239738464355,-6.743381339182461,5.081860519502148,-8.337584421617933,-0.3159266461009865,-1.5,0.41153724560212257,0.0,50.0,20.0,1.0,0.0,0.0,0.0,-351.2089735582344,70.0,103.99833021054911,0.8544052603696062,0.0,0.5196072084303157,0.0
1.7999494075775146,-6.695111052796395,5.32175421322896,-8.612252010719896,-0.4175532769206259,-1.4963646842687341,0.5873713820005739,0.0,50.0,20.0,1.0,0.0,0.0,0.0,-352.0637106753566,70.0,102.38478163640738,0.8591135500141778,0.0,0.5117850214514263,0.0
1.8332884311676025,-5.906882312419502,5.14778550868023,-9.291811520017266,-0.37502460308379426,-1.4389085379814819,0.5740644466386331,0.0,50.0,20.0,1.0,0.0,0.0,0.0,-352.95675532730905,70.0,100.77121211272762,0.8637962372205391,0.0,0.503841304939996,0.0
1.8500123023986816,-5.333204468574878,4.803052555172087,-9.887486729542694,-0.44579433977644345,-1.5,0.45255925120557,0.0,50.0,20.0,1.0,0.0,0.0,0.0,-353.88809540266993,70.0,99.1596627998956,0.8684478602659587,0.0,0.49578050990279765,0.0
1.883418083190918,-5.666157883531893,4.551707151453378,-9.111699238570983,-0.51059207002656,-1.5,0.27605428767348617,0.0,50.0,20.0,1.0,0.0,0.0,0.0,-355.8651084333113,70.0,95.9507629927902,0.8776367044717587,0.0,0.4793264179699998,0.0
1.9167494773864746,-5.670759696035246,4.185692480893134,-9.835065668753003,-0.6027240845888051,-1.5,0.0983045372776869,0.0,50.0,20.0,1.0,0.0,0.0,0.0,-356.9102487426689,70.0,94.35745120867625,0.8821636718640248,0.0,0.47094294351161187,0.0
1.950026035308838,-6.025532525163484,3.6892244616284766,-10.12700674692409,-0.4060483145559902,-1.5,0.18037067772549797,0.0,50.0,20.0,1.0,0.0,0.0,0.0,-357.9926178575591,70.0,92.77422543867439,0.8866390882465244,0.0,0.46246202783944534,0.0
1.9832444190979004,-6.307494038296192,3.1656210858629965,-10.875754984724633,-0.3615937484202094,-1.5,0.22336231036432072,0.0,50.0,20.0,1.0,0.0,0.0,0.0,-359.1116912790614,70.0,91.20304844410614,0.8910582235631235,0.0,0.45388901971796003,0.0
2.0016493797302246,-6.360172843784383,2.825926755550119,-10.33392963825338,-0.28533333628861596,-1.5,0.08483467599833813,0.0,50.0,20.0,1.0,0.0,0.0,0.0,-360.26684156732034,70.0,89.6458498001239,0.8954165237471221,0.0,0.4452294341130419,0.0
2.0332162380218506,-6.728911791620681,2.8528776536135787,-10.77540595196675,-0.23292362276147266,-1.4585937352108311,-0.09786410397158465,0.0,50.0,20.0,1.0,0.0,0.0,0.0,-362.68235390517106,70.0,86.58090506515578,0.9039333353042254,0.0,0.42767338627249046,0.0
2.0666396617889404,-6.103010648038444,2.0971666604756134,-10.805147993102269,-0.19982247878863194,-1.5,-0.18960629223904085,0.0,50.0,20.0,1.0,0.0,0.0,0.0,-363.9409563275902,70.0,85.07680017406372,0.9080836961038786,0.0,0.418788730591355,0.0
2.1000239849090576,-5.974503455588097,2.5120406259202612,-11.112498896751653,-0.3009391139854168,-1.5,-0.2024892855643137,0.0,50.0,20.0,1.0,0.0,0.0,0.0,-365.2321202455419,70.0,83.59394487681944,0.9121569358481592,0.0,0.4098410965046053,0.0
2.1332080364227295,-5.972782137578745,3.0198000493230346,-10.628045753088484,-0.302662967281059,-1.5,-0.12291419227391245,0.0,50.0,20.0,1.0,0.0,0.0,0.0,-366.5547251013065,70.0,82.13401739416618,0.9161495036451033,0.0,0.4008367335597262,0.0
2.1666805744171143,-6.506380095239063,2.9643140716428036,-10.25534839317594,-0.32177768774335175,-1.4098343230610824,0.060304960442725625,0.0,50.0,20.0,1.0,0.0,0.0,0.0,-369.2893218814724,70.0,79.28932188121811,0.9238795325116308,0.0,0.3826834323642592,0.0
2.2004854679107666,-7.100856801111993,2.7322958407266102,-10.773134301852757,-0.3176819624184599,-1.4448144533011111,0.036075342599475535,0.0,50.0,20.0,1.0,0.0,0.0,0.0,-370.69862955312226,70.0,77.90755896638942,0.9276110204002823,0.0,0.3735475804123847,0.0
2.216862201690674,-7.647002480635613,2.9524829009314084,-11.136988847333528,-0.22919296755165308,-1.335860982902195,0.08299756329525501,0.0,50.0,20.0,1.0,0.0,0.0,0.0,-372.1340173944304,70.0,76.55472510106236,0.9312498990575452,0.0,0.3643811541577196,0.0
2.2500524520874023,-8.14517628339313,3.082669200527858,-11.178781280681859,-0.23989414553796934,-1.3554060597322586,0.233681050517117,0.0,50.0,20.0,1.0,0.0,0.0,0.0,-373.59394487708795,70.0,75.23212024530342,0.9347937733925504,0.0,0.35519093629556076,0.0
2.283329963684082,-7.404761171159742,3.298425202994868,-10.599769136596038,-0.07192441910360925,-1.2117278205473285,0.43271841434251945,0.0,50.0,20.0,1.0,0.0,0.0,0.0,-375.07680017433626,70.0,73.94095632735753,0.9382404906862698,0.0,0.3459837881126624,0.0
2.3166489601135254,-7.149431626589263,3.128103251850135,-11.202090863385733,-0.24597048233992158,-1.2624435653102102,0.4658630206350739,0.0,50.0,20.0,1.0,0.0,0.0,0.0,-378.1045200726718,70.0,71.45733920622682,0.9448350670719551,0.0,0.3275464791920898,0.0
2.349932909011841,-6.602507229036297,3.616535654807386,-11.170585582864131,-0.10609043946202662,-1.1206441893684005,0.31233122328733154,0.0,50.0,20.0,1.0,0.0,0.0,0.0,-379.6458498004066,70.0,70.26684156710633,0.9479798479738207,0.0,0.3183303438812135,0.0
2.3837730884552,-6.01574696445217,3.2916583669984547,-10.541732398584903,-0.017968255060691773,-1.1542678943559623,0.32327719694132645,0.0,50.0,20.0,1.0,0.0,0.0,0.0,-381.2030484443916,70.0,69.11169127885393,0.9510213160627529,0.0,0.3091253085631612,0.0
2.3999476432800293,-6.567819893233945,2.6128148384319205,-10.470143556453683,-0.10116318213241858,-1.3284659423186178,0.4764759072939697,0.0,50.0,20.0,1.0,0.0,0.0,0.0,-382.77422543896176,70.0,67.99261785735854,0.9539585476912544,0.0,0.2999384758359499,0.0
2.4333176612854004,-7.344618000711223,2.4804749439426006,-10.963737520540686,-0.27013695127733156,-1.2186161728125886,0.3370735410317889,0.0,50.0,20.0,1.0,0.0,0.0,0.0,-385.9507629930817,70.0,65.86510843312405,0.9595178256991267,0.0,0.281647904600088,0.0
2.466663122177124,-8.104171719336966,1.9311499948607511,-10.217713499226717,-0.3140164774534535,-1.0857926094979602,0.3227312218565858,0.0,50.0,20.0,1.0,0.0,0.0,0.0,-387.5521707051228,70.0,64.85761806094791,0.9621392361271108,0.0,0.2725584163160984,0.0
2.4999661445617676,-7.516068010029922,1.8323122515356949,-10.36935580925672,-0.3437908557285811,-1.1694293299602463,0.46255392683277863,0.0,50.0,20.0,1.0,0.0,0.0,0.0,-389.1596628001893,70.0,63.88809540249649,0.9646551316338485,0.0,0.263515610566969,0.0
2.533142328262329,-7.359786860753821,1.53921476943525,-10.626816421502605,-0.5171011095481955,-1.1059192275491778,0.29782828263930666,0.0,50.0,20.0,1.0,0.0,0.0,0.0,-390.7712121130219,70.0,62.956755327142616,0.9670657802674475,0.0,0.25452657353548186,0.0
2.54978084564209,-7.458612037552231,1.8368315075009107,-10.395233145059112,-0.6726381365242253,-1.2989469840198105,0.37284753062001463,0.0,50.0,20.0,1.0,0.0,0.0,0.0,-392.38478163670186,70.0,62.06371067519717,0.9693716762026907,0.0,0.24559835784464404,0.0
2.583462715148926,-7.709428715830864,1.7233319749247173,-10.899323688946055,-0.804323504927923,-1.282920655646497,0.48589720493913896,0.0,50.0,20.0,1.0,0.0,0.0,0.0,-395.60981808969524,70.0,60.392457069898114,0.9736722829836071,0.0,0.22795237517843628,0.0
2.6165924072265625,-6.918918468168218,2.416652042252328,-10.437073701875594,-0.879135355115326,-1.1566145680378332,0.6294514179735955,0.0,50.0,20.0,1.0,0.0,0.0,0.0,-397.21721236202495,70.0,59.613977397365645,0.9756690591656434,0.0,0.21924845948564436,0.0
2.649977445602417,-6.405910967725097,2.0038347974889295,-10.214421988870162,-0.7462767767491315,-1.2169505149526836,0.6275008437704266,0.0,50.0,20.0,1.0,0.0,0.0,0.0,-398.81849219634654,70.0,58.87325631288239,0.977565199071442,0.0,0.21063304955398607,0.0
2.6832618713378906,-6.942399961480609,2.286752273485011,-10.717872346081242,-0.8749105167801514,-1.125757520448258,0.5621335502397555,0.0,50.0,20.0,1.0,0.0,0.0,0.0,-400.41165388689797,70.0,58.16992403341247,0.9793622311652301,0.0,0.20211288966085844,0.0
2.7015953063964844,-6.482899805798558,1.8358397447341064,-11.012706539562284,-0.7336872355509332,-0.9563582017252958,0.6926679056568739,0.0,50.0,20.0,1.0,0.0,0.0,0.0,-401.99471567780984,70.0,57.50352242604322,0.9810618675036676,0.0,0.19369463629697162,0.0
2.7332444190979004,-5.867698916040967,1.2750862020073448,-10.357546673309473,-0.5597530525852211,-0.7829335436917217,0.8792548188361216,0.0,50.0,20.0,1.0,0.0,0.0,0.0,-405.1227495180459,70.0,56.279258438598376,0.98417666493725,0.0,0.17718998897508825,0.0
2.766615152359009,-6.639385831439291,1.4131515973587525,-11.049762855915297,-0.3989210677219834,-0.9685240885928219,1.0712854777127259,0.0,50.0,20.0,1.0,0.0,0.0,0.0,-406.6639077251487,70.0,55.720071320335634,0.9855960853201081,0.0,0.16911639956455493,0.0
2.799787998199463,-6.717407369958037,1.4268094041339432,-10.832973569161227,-0.49434082739655894,-1.1213996176607888,1.1694743412811393,0.0,50.0,20.0,1.0,0.0,0.0,0.0,-408.1873461497644,70.0,55.19517388336662,0.9869266085090456,0.0,0.16117031183450978,0.0
2.8332817554473877,-7.342163721090408,1.7479841314706435,-10.48275563851767,-0.4949468264578081,-1.2172245932413792,1.0627892933935474,0.0,50.0,20.0,1.0,0.0,0.0,0.0,-409.6912560861994,70.0,54.70372492921008,0.9881707217651966,0.0,0.15335783203361486,0.0
2.8668458461761475,-7.118746803462518,1.5146443324542078,-10.758861762328813,-0.6388066121317861,-1.137212906121604,1.0557080875502556,0.0,50.0,20.0,1.0,0.0,0.0,0.0,-412.6334847959373,70.0,53.81749719628937,0.9904102756022644,0.0,0.1381574680625221,0.0
2.9015634059906006,-7.853797882063561,2.0121150651211255,-11.31494044466631,-0.7350245230370038,-1.096082625336685,0.9760033558406316,0.0,50.0,20.0,1.0,0.0,0.0,0.0,-414.0684234634502,70.0,53.420740641020345,0.9914112652148442,0.0,0.13078112709830017,0.0
2.9173922538757324,-7.9271270370751425,1.4907271097334704,-11.794883172044552,-0.7283186981011478,-1.2651398189938283,1.121661795854613,0.0,50.0,20.0,1.0,0.0,0.0,0.0,-415.4770781435276,70.0,53.05348740866772,0.9923369200814114,0.0,0.12356147070724997,0.0
2.9508111476898193,-8.04396399118843,1.9822314180540526,-11.797072912339585,-0.5839207395121604,-1.4217713947556245,1.2303412250658439,0.0,50.0,20.0,1.0,0.0,0.0,0.0,-416.85789157375183,70.0,52.71463204783686,0.9931902334199706,0.0,0.11650390654044283,0.0
2.9837586879730225,-8.34341303038135,1.6288092502887936,-11.877109108640385,-0.5539056633236056,-1.3494715380398454,1.256458317223903,0.0,50.0,20.0,1.0,0.0,0.0,0.0,-418.20936274224874,70.0,52.403032178755154,0.9939742648108271,0.0,0.10961368935391114,0.0
3.0174448490142822,-8.797384429544774,2.41085258943811,-12.251955380681206,-0.5595559419871065,-1.1638414524949117,1.146635054151556,0.0,50.0,20.0,1.0,0.0,0.0,0.0,-420.8185627601195,70.0,51.85687764589652,0.9953469805904459,0.0,0.0963555303523498,0.0
3.050729274749756,-9.11924640413495,2.167344303611894,-12.565973611932415,-0.6795494163019805,-1.020395121275706,1.3235821870110493,0.0,50.0,20.0,1.0,0.0,0.0,0.0,-422.07358069386584,70.0,51.6199029739213,0.9959420089193917,0.0,0.08999730479079068,0.0
3.0683698654174805,-9.09220372235135,1.8196899338380907,-11.808242882485347,-0.4847433570448822,-1.1613003505441037,1.4036875688193988,0.0,50.0,20.0,1.0,0.0,0.0,0.0,-423.29383560257133,70.0,51.40535475429668,0.9964804193904246,0.0,0.08382585383688877,0.0
3.1005215644836426,-9.377301451824408,1.495183298711202,-11.415754003010372,-0.5408063772283288,-0.9845435139847282,1.2751288739588587,0.0,50.0,20.0,1.0,0.0,0.0,0.0,-424.4781208118724,70.0,51.211988245186504,0.9969654250645142,0.0,0.07784562432104006,0.0
3.1343228816986084,-10.051330840624633,1.5663834936103287,-11.149301562633756,-0.5948122342550565,-0.9221829545703286,1.4327216773432092,0.0,50.0,20.0,1.0,0.0,0.0,0.0,-426.73425286914204,70.0,50.883805798143484,0.9977880391191721,0.0,0.06647577747358392,0.0
3.166917562484741,-9.880237482601434,1.3186218838642714,-11.27776635166325,-0.6353981858359895,-0.8841877865443569,1.3860631874053613,0.0,50.0,20.0,1.0,0.0,0.0,0.0,-427.8039825472645,70.0,50.74650052369654,0.9981320039862048,0.0,0.061094211006303197,0.0
3.200716733932495,-10.421598000298562,2.0040300736474532,-11.93448212507562,-0.8301569452461017,-1.0657863865803783,1.3620170500762077,0.0,50.0,20.0,1.0,0.0,0.0,0.0,-428.833506868902,70.0,50.625408523339615,0.9984352544773757,0.0,0.05591996617218323,0.0
3.2336816787719727,-10.500143112628866,1.9138111843672692,-11.569865157642019,-0.690439062906357,-1.0454737262158973,1.30215392968447,0.0,50.0,20.0,1.0,0.0,0.0,0.0,-429.8219114245701,70.0,50.51931588016343,0.9987008664255693,0.0,0.05095664236208242,0.0
3.251495599746704,-10.491464071342731,1.8415206227169594,-11.927999737861553,-0.6454935276473986,-1.1436387209554844,1.4341741914307087,0.0,50.0,20.0,1.0,0.0,0.0,0.0,-430.7683376768594,70.0,50.42702971814336,0.9989318552380253,0.0,0.046207668094340903,0.0
3.28405499458313,-9.726202174374176,2.4637619185777186,-11.696728144853186,-0.5674799736161864,-1.2075693630901152,1.5,0.0,50.0,20.0,1.0,0.0,0.0,0.0,-432.53209303263674,70.0,50.279238041785874,0.9993016610568956,0.0,0.03736562871047855,0.0
3.317460536956787,-9.262134608937762,2.830753313513947,-11.81026934506438,-0.418689722677843,-1.244081682220183,1.5,0.0,50.0,20.0,1.0,0.0,0.0,0.0,-433.347972869626,70.0,50.221492619618886,0.9994461150566876,0.0,0.03327856814970308,0.0
3.3503780364990234,-9.657190484691931,2.1547840126079887,-11.268518502091924,-0.5618935184703412,-1.2469022842703064,1.4806352557985285,0.0,50.0,20.0,1.0,0.0,0.0,0.0,-434.1189729393617,70.0,50.17308218365129,0.9995672008833341,0.0,0.029417867330186226,0.0
3.383769989013672,-9.318473844881215,1.7125908319836998,-11.562007606697845,-0.6693664530856352,-1.1321089361493932,1.5,0.0,50.0,20.0,1.0,0.0,0.0,0.0,-434.84449376206214,70.0,50.13298464742934,0.9996674830976815,0.0,0.025786105505614793,0.0
3.4015567302703857,-9.23746250660862,1.3249506711506274,-11.720992244663709,-0.5374616342583167,-1.242689560184212,1.5,0.0,50.0,20.0,1.0,0.0,0.0,0.0,-435.52398310483863,70.0,50.10022386033975,0.9997494089512138,0.0,0.022385694130376676,0.0
3.4348535537719727,-9.341060739239213,1.013157757329543,-11.56328961585206,-0.5021217949976905,-1.437635488113048,1.384058391601585,0.0,50.0,20.0,1.0,0.0,0.0,0.0,-436.7428851036893,70.0,50.05305806302911,0.9998673460438912,0.0,0.01628773511405265,0.0
3.4674177169799805,-10.132488459177383,1.3915897799586758,-12.10252263369225,-0.6974858763708977,-1.4981554957713323,1.3096498592805388,0.0,50.0,20.0,1.0,0.0,0.0,0.0,-437.2814152543293,70.0,50.03696034543263,0.9999075948670642,0.0,0.013594179900354317,0.0
3.5005879402160645,-9.990036331625852,2.042654837197565,-11.653010254936943,-0.6189124172877045,-1.4615337004412408,1.202217804740544,0.0,50.0,20.0,1.0,0.0,0.0,0.0,-437.77214584753773,70.0,50.02481975072335,0.9999379486980096,0.0,0.011139962011458211,0.0
3.534010648727417,-10.087180405249699,2.6877777533525755,-11.577411075558405,-0.6015268718321363,-1.5,1.1562104182748425,0.0,50.0,20.0,1.0,0.0,0.0,0.0,-438.21473744566117,70.0,50.01593708189252,0.9999601565015165,0.0,0.00892666844139454,0.0
3.5671920776367188,-9.33343834226844,1.933483418404807,-10.822769141926766,-0.6334051417419536,-1.5,1.3057003813968315,0.0,50.0,20.0,1.0,0.0,0.0,0.0,-438.9543355600564,70.0,50.005467220057284,0.9999863318564477,0.0,0.005228393662153285,0.0
3.6013071537017822,-9.95400859242536,1.7275171016583029,-11.390291412753191,-0.7382338837596123,-1.4242175075119055,1.2456892940964566,0.0,50.0,20.0,1.0,0.0,0.0,0.0,-439.25084913367135,70.0,50.00280617447568,0.9999929845392025,0.0,0.003745780610020161,0.0
3.6172468662261963,-9.374544615189897,0.9797762146096805,-11.065950058703265,-0.7505891695283553,-1.5,1.2171996819783217,0.0,50.0,20.0,1.0,0.0,0.0,0.0,-439.4982356071021,70.0,50.00125884545335,0.9999968528814144,0.0,0.0025088298600743843,0.0
3.6506242752075195,-9.332207798988016,1.275692220500653,-11.218991096493063,-0.5521189285891017,-1.5,1.1867747011488576,0.0,50.0,20.0,1.0,0.0,0.0,0.0,-439.696334838922,70.0,50.00046106371316,0.9999988473400527,0.0,0.001518327555505379,0.0
3.6839606761932373,-8.880886604189616,1.4308598219225783,-11.61907645589152,-0.3639391118775754,-1.4357990771518798,1.29879779319345,0.0,50.0,20.0,1.0,0.0,0.0,0.0,-439.8450196752215,70.0,50.000120094577454,0.9999996997635113,0.0,0.0007749018565462875,0.0
3.71742844581604,-8.557545657892033,0.6941895383337953,-11.484682659928323,-0.18361998030605786,-1.3183725241768711,1.2071057058455181,0.0,50.0,20.0,1.0,0.0,0.0,0.0,-439.9937988262752,70.0,50.00000019227278,0.9999999995193181,0.0,3.1005868638723835e-05,0.0
3.7508912086486816,-9.082440507730482,1.4688523688420183,-12.278303719378798,-0.1371886593564628,-1.316435680505523,1.2041190760882503,0.0,50.0,20.0,1.0,0.0,0.0,0.0,-439.9937988262702,70.0,50.00000019227278,0.9999999995193181,0.0,3.1005868663749295e-05,0.0
3.7671875953674316,-8.729894544120043,1.6097986100241202,-11.60908081126431,-0.15785042037379368,-1.4138558622282198,1.2059765578650241,0.0,50.0,20.0,1.0,0.0,0.0,0.0,-439.9441953145764,70.0,50.00001557081579,0.9999999610729597,0.0,0.0002790234379795451,0.0
3.8016109466552734,-9.22262266118686,2.171238758561266,-11.579212430549365,-0.15567145041994082,-1.2372899902569696,1.2542681701266913,0.0,50.0,20.0,1.0,0.0,0.0,0.0,-439.84501967519645,70.0,50.0001200945775,0.9999996997635112,0.0,0.0007749018566715455,0.0
3.8339734077453613,-9.026639421356828,2.500167871037348,-11.674639081479183,-0.04308233424368865,-1.3976414809322149,1.3502301259738774,0.0,50.0,20.0,1.0,0.0,0.0,0.0,-439.49823560705715,70.0,50.00125884545359,0.9999968528814138,0.0,0.002508829860299177,0.0
3.867361068725586,-8.312002417352277,1.8426026763804275,-10.93649246033663,0.026166299317600034,-1.4947247043586598,1.3431567150570631,0.0,50.0,20.0,1.0,0.0,0.0,0.0,-439.2508491336164,70.0,50.00280617447609,0.9999929845392014,0.0,0.003745780610295003,0.0
3.900703191757202,-8.769658554713054,1.0625355418169673,-10.255911303084112,-0.023321856283907844,-1.4406540898279436,1.3177181184287619,0.0,50.0,20.0,1.0,0.0,0.0,0.0,-438.9543355599915,70.0,50.005467220057966,0.999986331856446,0.0,0.005228393662477653,0.0
3.9337878227233887,-9.026532198576179,1.1490344540569188,-11.02080548316499,-0.09292992572694134,-1.5,1.2647923685191396,0.0,50.0,20.0,1.0,0.0,0.0,0.0,-438.6088887969794,70.0,50.00967642006138,0.999975808657236,0.0,0.00695572428341333,0.0
3.9515693187713623,-9.461135369003902,0.9495402858250899,-11.658496024910827,-0.02171289730263301,-1.3538971138069955,1.3822282920288849,0.0,50.0,20.0,1.0,0.0,0.0,0.0,-438.21473744557676,70.0,50.01593708189402,0.9999601565015127,0.0,0.008926668441816816,0.0
3.9840545654296875,-9.36784527770683,1.1616301140153322,-11.1948456912402,0.15894864804750639,-1.4578304519942205,1.4982269447801944,0.0,50.0,20.0,1.0,0.0,0.0,0.0,-437.2814152542253,70.0,50.03696034543546,0.999907594867057,0.0,0.01359417990087457,0.0
4.0172998905181885,-9.501247763052701,1.8394081274540592,-11.67644662411961,0.2580521983589831,-1.4022860295845954,1.4469263560506431,0.0,50.0,20.0,1.0,0.0,0.0,0.0,-436.74288510357565,70.0,50.05305806303281,0.9998673460438819,0.0,0.016287735114621057,0.0
4.050647020339966,-9.870336333861706,1.9309594523366362,-11.294515151504134,0.17805759714104957,-1.4841209752975593,1.4606653361725983,0.0,50.0,20.0,1.0,0.0,0.0,0.0,-436.15693438841345,70.0,50.0738730526143,0.9998153003114768,0.0,0.019218877778672178,0.0
4.0839502811431885,-10.144112154962464,1.6503560736410323,-11.221085419229627,0.3591321132113213,-1.3555795925643919,1.4770802490650816,0.0,50.0,20.0,1.0,0.0,0.0,0.0,-435.5239831047062,70.0,50.10022386034569,0.9997494089511989,0.0,0.02238569413103942,0.0
4.101546764373779,-10.489017053880534,0.9409318081071507,-11.490870081325788,0.49639773967607415,-1.3684711063344164,1.3997962521441623,0.0,50.0,20.0,1.0,0.0,0.0,0.0,-434.84449376192015,70.0,50.13298464743667,0.9996674830976632,0.0,0.02578610550632547,0.0
4.134765625,-9.723141311554048,1.2922444786003695,-11.977887381926921,0.4964176977202978,-1.1737729396960757,1.4812352785109415,0.0,50.0,20.0,1.0,0.0,0.0,0.0,-433.34797286946565,70.0,50.221492619629586,0.9994461150566608,0.0,0.03327856815050628,0.0
4.167379140853882,-10.439978149276858,2.040200340241195,-11.404345924392619,0.5278312548267967,-1.1486501460310579,1.5,0.0,50.0,20.0,1.0,0.0,0.0,0.0,-432.53209303246757,70.0,50.279238041798536,0.9993016610568639,0.0,0.03736562871132603,0.0
4.200510740280151,-10.109782198708155,1.3502424915734812,-12.033234025779313,0.34310171664151135,-1.1122052978589716,1.5,0.0,50.0,20.0,1.0,0.0,0.0,0.0,-431.67198173769185,70.0,50.34738281498743,0.9991311655258597,0.0,0.041676301118707404,0.0
4.233674049377441,-10.278029600757872,0.5520566744093237,-11.906022530141831,0.22005286741259633,-1.2454209020150087,1.3852935875870906,0.0,50.0,20.0,1.0,0.0,0.0,0.0,-430.76833767667245,70.0,50.42702971816068,0.998931855237982,0.0,0.04620766809527879,0.0
4.267376899719238,-10.219821548779267,1.1863507213385533,-11.96848467997483,0.07975337214869585,-1.3961291569013983,1.2357321548934674,0.0,50.0,20.0,1.0,0.0,0.0,0.0,-428.83350686869835,70.0,50.62540852336251,0.9984352544773184,0.0,0.05591996617320628,0.0
4.3015971183776855,-10.296737092104424,1.8395355809011986,-12.042264914301592,0.006569839535016941,-1.5,1.4205803355679316,0.0,50.0,20.0,1.0,0.0,0.0,0.0,-427.80398254705267,70.0,50.746500523722574,0.9981320039861397,0.0,0.06109421100736844,0.0
4.317220211029053,-10.093376483441096,1.7745311279272609,-11.526881330419128,-0.10826529657870337,-1.4455970357195032,1.3168486155063897,0.0,50.0,20.0,1.0,0.0,0.0,0.0,-426.7342528689219,70.0,50.88380579817296,0.9977880391190983,0.0,0.06647577747469222,0.0
4.350692510604858,-10.144177891461931,2.220676224222758,-10.951581501109631,0.07447058189830458,-1.5,1.4131653832792188,0.0,50.0,20.0,1.0,0.0,0.0,0.0,-425.62528920348166,70.0,51.03855452997638,0.9974002342841705,0.0,0.07206089542797732,0.0
4.383983850479126,-9.488762857638404,1.7333694777226287,-10.250855393493888,-0.09671251548920523,-1.5,1.32665433986535,0.0,50.0,20.0,1.0,0.0,0.0,0.0,-424.47812081163704,70.0,51.211988245223466,0.9969654250644215,0.0,0.07784562432222737,0.0
4.417377233505249,-9.385510847253306,1.875856181090886,-10.936982083099316,0.052917364631384134,-1.5,1.1878403007332228,0.0,50.0,20.0,1.0,0.0,0.0,0.0,-422.07358069361567,70.0,51.61990297396687,0.9959420089192772,0.0,0.08999730479205698,0.0
4.450984001159668,-8.914693125732931,2.1756465288248545,-11.136644144836026,0.1948539887428722,-1.4518433391057552,1.3572600555878247,0.0,50.0,20.0,1.0,0.0,0.0,0.0,-420.81856275986246,70.0,51.85687764594677,0.9953469805903197,0.0,0.09635553035365331,0.0
4.468222618103027,-9.364043531460908,2.550262542186414,-11.502750501322964,0.3434158893445346,-1.5,1.2939069271633152,0.0,50.0,20.0,1.0,0.0,0.0,0.0,-419.5300481473716,70.0,52.117513971338695,0.9946921283207717,0.0,0.10289591759002627,0.0
4.5015599727630615,-9.394466109332877,2.455702729061458,-11.872675927584105,0.2251815760067355,-1.5,1.4100349315043008,0.0,50.0,20.0,1.0,0.0,0.0,0.0,-418.2093627419791,70.0,52.40303217881535,0.9939742648106756,0.0,0.1096136893552844,0.0
4.534047603607178,-9.052483595947868,2.976440966532418,-11.5587176734886,0.08961228648184094,-1.5,1.5,0.0,50.0,20.0,1.0,0.0,0.0,0.0,-415.4770781432457,70.0,53.05348740873903,0.9923369200812318,0.0,0.12356147070869283,0.0
4.567385911941528,-8.409733674577797,3.3721944684347993,-11.587603099731972,-0.05315550128725413,-1.5,1.5,0.0,50.0,20.0,1.0,0.0,0.0,0.0,-414.0684234631628,70.0,53.42074064109751,0.9914112652146497,0.0,0.13078112709977524,0.0
4.600817918777466,-8.469887637055384,2.8789714156422024,-11.057695814152193,-0.14611951889179775,-1.5,1.380347843907536,0.0,50.0,20.0,1.0,0.0,0.0,0.0,-412.6334847956452,70.0,53.81749719637247,0.9904102756020545,0.0,0.13815746806402615,0.0
4.633947849273682,-8.565109911334819,3.045349481836875,-11.120978338165186,0.03187721518975695,-1.5,1.4570672488881633,0.0,50.0,20.0,1.0,0.0,0.0,0.0,-411.1738740866978,70.0,54.244820167102986,0.9893310361878298,0.0,0.14568493688612733,0.0
4.6504738330841064,-8.513550215637594,3.3711096874829676,-11.20152015008585,0.15921885407249486,-1.5,1.2993245391787083,0.0,50.0,20.0,1.0,0.0,0.0,0.0,-409.6912560858976,70.0,54.70372492930609,0.9881707217649537,0.0,0.15335783203517986,0.0
4.684112310409546,-9.307729315963014,3.6000209517013064,-11.083048414589054,0.016365191642194604,-1.471328168254761,1.4959771602772878,0.0,50.0,20.0,1.0,0.0,0.0,0.0,-406.66390772483896,70.0,55.72007132044516,0.9855960853198303,0.0,0.16911639956617391,0.0
4.717402935028076,-9.780647271951029,3.048654268696491,-10.894926176934879,0.14173501433541644,-1.4824995621026544,1.4215919506045098,0.0,50.0,20.0,1.0,0.0,0.0,0.0,-405.1227495177332,70.0,56.279258438714734,0.9841766649369544,0.0,0.17718998897673002,0.0
4.750629425048828,-9.9067986125821,2.440606273402028,-11.552074861692484,-0.03074984902867517,-1.487867720013764,1.233232789423471,0.0,50.0,20.0,1.0,0.0,0.0,0.0,-403.56572234473794,70.0,56.87350853951774,0.9826659947827702,0.0,0.1853848502375228,0.0
