# Timestamp, Fx, Fy, Fz, Tx, Ty, Tz, FemurPosX, FemurPosY, FemurPosZ, FemurQuatW, FemurQuatX, FemurQuatY, FemurQuatZ, TibiaPosX, TibiaPosY, TibiaPosZ, TibiaQuatW, TibiaQuatX, TibiaQuatY, TibiaQuatZ
0.01732611656188965,-3.78446,-5.58178,2.33995,-2.26727,-3.56171,3.64246,0.73058,-0.227008,0.700719,-0.186532,0.0464836,0.981136,0.0204042,-0.0693365,-0.00149193,0.556571,0.252443,0.117083,0.956188,-0.0909307
0.0350947380065918,-3.78446,-5.58178,2.33995,-2.26727,-3.56171,3.64246,0.73058,-0.227008,0.700719,-0.186532,0.0464836,0.981136,0.0204042,-0.0693365,-0.00149193,0.556571,0.252443,0.117083,0.956188,-0.0909307
0.05374479293823242,-3.78446,-5.58178,2.33995,-2.26727,-3.56171,3.64246,0.73058,-0.227008,0.700719,-0.186532,0.0464836,0.981136,0.0204042,-0.0693365,-0.00149193,0.556571,0.252443,0.117083,0.956188,-0.0909307
0.07365155220031738,-3.78446,-5.58178,2.33995,-2.26727,-3.56171,3.64246,0.73058,-0.227008,0.700719,-0.186532,0.0464836,0.981136,0.0204042,-0.0693365,-0.00149193,0.556571,0.252443,0.117083,0.956188,-0.0909307
0.0939793586730957,-3.78446,-5.58178,2.33995,-2.26727,-3.56171,3.64246,0.73058,-0.227008,0.700719,-0.186532,0.0464836,0.981136,0.0204042,-0.0693365,-0.00149193,0.556571,0.252443,0.117083,0.956188,-0.0909307
0.11355090141296387,-3.78446,-5.58178,2.33995,-2.26727,-3.56171,3.64246,0.73058,-0.227008,0.700719,-0.186532,0.0464836,0.981136,0.0204042,-0.0693365,-0.00149193,0.556571,0.252443,0.117083,0.956188,-0.0909307
0.13374876976013184,-3.78446,-5.58178,2.33995,-2.26727,-3.56171,3.64246,0.73058,-0.227008,0.700719,-0.186532,0.0464836,0.981136,0.0204042,-0.0693365,-0.00149193,0.556571,0.252443,0.117083,0.956188,-0.0909307
0.15340399742126465,-3.78446,-5.58178,2.33995,-2.26727,-3.56171,3.64246,0.73058,-0.227008,0.700719,-0.186532,0.0464836,0.981136,0.0204042,-0.0693365,-0.00149193,0.556571,0.252443,0.117083,0.956188,-0.0909307
0.17418909072875977,-3.78446,-5.58178,2.33995,-2.26727,-3.56171,3.64246,0.73058,-0.227008,0.700719,-0.186532,0.0464836,0.981136,0.0204042,-0.0693365,-0.00149193,0.556571,0.252443,0.117083,0.956188,-0.0909307
0.19389820098876953,-3.78446,-5.58178,2.33995,-2.26727,-3.56171,3.64246,0.73058,-0.227008,0.700719,-0.186532,0.0464836,0.981136,0.0204042,-0.0693365,-0.00149193,0.556571,0.252443,0.117083,0.956188,-0.0909307
0.21355628967285156,-3.78446,-5.58178,2.33995,-2.26727,-3.56171,3.64246,0.73058,-0.227008,0.700719,-0.186532,0.0464836,0.981136,0.0204042,-0.0693365,-0.00149193,0.556571,0.252443,0.117083,0.956188,-0.0909307
0.23426604270935059,-3.78446,-5.58178,2.33995,-2.26727,-3.56171,3.64246,0.73058,-0.227008,0.700719,-0.186532,0.0464836,0.981136,0.0204042,-0.0693365,-0.00149193,0.556571,0.252443,0.117083,0.956188,-0.0909307
0.2535395622253418,-3.78446,-5.58178,2.33995,-2.26727,-3.56171,3.64246,0.73058,-0.227008,0.700719,-0.186532,0.0464836,0.981136,0.0204042,-0.0693365,-0.00149193,0.556571,0.252443,0.117083,0.956188,-0.0909307
0.2741272449493408,-3.78446,-5.58178,2.33995,-2.26727,-3.56171,3.64246,0.73058,-0.227008,0.700719,-0.186532,0.0464836,0.981136,0.0204042,-0.0693365,-0.00149193,0.556571,0.252443,0.117083,0.956188,-0.0909307
0.29364538192749023,-3.78446,-5.58178,2.33995,-2.26727,-3.56171,3.64246,0.73058,-0.227008,0.700719,-0.186532,0.0464836,0.981136,0.0204042,-0.0693365,-0.00149193,0.556571,0.252443,0.117083,0.956188,-0.0909307
0.3141195774078369,-3.78446,-5.58178,2.33995,-2.26727,-3.56171,3.64246,0.73058,-0.227008,0.700719,-0.186532,0.0464836,0.981136,0.0204042,-0.0693365,-0.00149193,0.556571,0.252443,0.117083,0.956188,-0.0909307
0.3337099552154541,-3.78446,-5.58178,2.33995,-2.26727,-3.56171,3.64246,0.73058,-0.227008,0.700719,-0.186532,0.0464836,0.981136,0.0204042,-0.0693365,-0.00149193,0.556571,0.252443,0.117083,0.956188,-0.0909307
0.3542184829711914,-3.78446,-5.58178,2.33995,-2.26727,-3.56171,3.64246,0.73058,-0.227008,0.700719,-0.186532,0.0464836,0.981136,0.0204042,-0.0693365,-0.00149193,0.556571,0.252443,0.117083,0.956188,-0.0909307
0.3738224506378174,-3.78446,-5.58178,2.33995,-2.26727,-3.56171,3.64246,0.73058,-0.227008,0.700719,-0.186532,0.0464836,0.981136,0.0204042,-0.0693365,-0.00149193,0.556571,0.252443,0.117083,0.956188,-0.0909307
0.3936169147491455,-3.78446,-5.58178,2.33995,-2.26727,-3.56171,3.64246,0.73058,-0.227008,0.700719,-0.186532,0.0464836,0.981136,0.0204042,-0.0693365,-0.00149193,0.556571,0.252443,0.117083,0.956188,-0.0909307
0.4133949279785156,-3.78446,-5.58178,2.33995,-2.26727,-3.56171,3.64246,0.73058,-0.227008,0.700719,-0.186532,0.0464836,0.981136,0.0204042,-0.0693365,-0.00149193,0.556571,0.252443,0.117083,0.956188,-0.0909307
0.4338722229003906,-3.78446,-5.58178,2.33995,-2.26727,-3.56171,3.64246,0.73058,-0.227008,0.700719,-0.186532,0.0464836,0.981136,0.0204042,-0.0693365,-0.00149193,0.556571,0.252443,0.117083,0.956188,-0.0909307
0.45392394065856934,-3.78446,-5.58178,2.33995,-2.26727,-3.56171,3.64246,0.73058,-0.227008,0.700719,-0.186532,0.0464836,0.981136,0.0204042,-0.0693365,-0.00149193,0.556571,0.252443,0.117083,0.956188,-0.0909307
0.4736475944519043,-3.78446,-5.58178,2.33995,-2.26727,-3.56171,3.64246,0.73058,-0.227008,0.700719,-0.186532,0.0464836,0.981136,0.0204042,-0.0693365,-0.00149193,0.556571,0.252443,0.117083,0.956188,-0.0909307
0.49404168128967285,-3.78446,-5.58178,2.33995,-2.26727,-3.56171,3.64246,0.73058,-0.227008,0.700719,-0.186532,0.0464836,0.981136,0.0204042,-0.0693365,-0.00149193,0.556571,0.252443,0.117083,0.956188,-0.0909307
0.514026403427124,-3.78446,-5.58178,2.33995,-2.26727,-3.56171,3.64246,0.73058,-0.227008,0.700719,-0.186532,0.0464836,0.981136,0.0204042,-0.0693365,-0.00149193,0.556571,0.252443,0.117083,0.956188,-0.0909307
0.5343306064605713,-3.78446,-5.58178,2.33995,-2.26727,-3.56171,3.64246,0.73058,-0.227008,0.700719,-0.186532,0.0464836,0.981136,0.0204042,-0.0693365,-0.00149193,0.556571,0.252443,0.117083,0.956188,-0.0909307
0.5541746616363525,-3.78446,-5.58178,2.33995,-2.26727,-3.56171,3.64246,0.73058,-0.227008,0.700719,-0.186532,0.0464836,0.981136,0.0204042,-0.0693365,-0.00149193,0.556571,0.252443,0.117083,0.956188,-0.0909307
0.5741002559661865,-3.78446,-5.58178,2.33995,-2.26727,-3.56171,3.64246,0.73058,-0.227008,0.700719,-0.186532,0.0464836,0.981136,0.0204042,-0.0693365,-0.00149193,0.556571,0.252443,0.117083,0.956188,-0.0909307
0.5938832759857178,-3.78446,-5.58178,2.33995,-2.26727,-3.56171,3.64246,0.73058,-0.227008,0.700719,-0.186532,0.0464836,0.981136,0.0204042,-0.0693365,-0.00149193,0.556571,0.252443,0.117083,0.956188,-0.0909307
0.6136832237243652,-3.78446,-5.58178,2.33995,-2.26727,-3.56171,3.64246,0.73058,-0.227008,0.700719,-0.186532,0.0464836,0.981136,0.0204042,-0.0693365,-0.00149193,0.556571,0.252443,0.117083,0.956188,-0.0909307
0.6334214210510254,-3.78446,-5.58178,2.33995,-2.26727,-3.56171,3.64246,0.73058,-0.227008,0.700719,-0.186532,0.0464836,0.981136,0.0204042,-0.0693365,-0.00149193,0.556571,0.252443,0.117083,0.956188,-0.0909307
0.6534402370452881,-3.78446,-5.58178,2.33995,-2.26727,-3.56171,3.64246,0.73058,-0.227008,0.700719,-0.186532,0.0464836,0.981136,0.0204042,-0.0693365,-0.00149193,0.556571,0.252443,0.117083,0.956188,-0.0909307
0.6737439632415771,-3.78446,-5.58178,2.33995,-2.26727,-3.56171,3.64246,0.73058,-0.227008,0.700719,-0.186532,0.0464836,0.981136,0.0204042,-0.0693365,-0.00149193,0.556571,0.252443,0.117083,0.956188,-0.0909307
0.6934399604797363,-3.78446,-5.58178,2.33995,-2.26727,-3.56171,3.64246,0.73058,-0.227008,0.700719,-0.186532,0.0464836,0.981136,0.0204042,-0.0693365,-0.00149193,0.556571,0.252443,0.117083,0.956188,-0.0909307
0.7142934799194336,-3.78446,-5.58178,2.33995,-2.26727,-3.56171,3.64246,0.73058,-0.227008,0.700719,-0.186532,0.0464836,0.981136,0.0204042,-0.0693365,-0.00149193,0.556571,0.252443,0.117083,0.956188,-0.0909307
0.734168291091919,-3.78446,-5.58178,2.33995,-2.26727,-3.56171,3.64246,0.73058,-0.227008,0.700719,-0.186532,0.0464836,0.981136,0.0204042,-0.0693365,-0.00149193,0.556571,0.252443,0.117083,0.956188,-0.0909307
0.7537641525268555,-3.78446,-5.58178,2.33995,-2.26727,-3.56171,3.64246,0.73058,-0.227008,0.700719,-0.186532,0.0464836,0.981136,0.0204042,-0.0693365,-0.00149193,0.556571,0.252443,0.117083,0.956188,-0.0909307
0.7739365100860596,-3.78446,-5.58178,2.33995,-2.26727,-3.56171,3.64246,0.73058,-0.227008,0.700719,-0.186532,0.0464836,0.981136,0.0204042,-0.0693365,-0.00149193,0.556571,0.252443,0.117083,0.956188,-0.0909307
0.7937426567077637,-3.78446,-5.58178,2.33995,-2.26727,-3.56171,3.64246,0.73058,-0.227008,0.700719,-0.186532,0.0464836,0.981136,0.0204042,-0.0693365,-0.00149193,0.556571,0.252443,0.117083,0.956188,-0.0909307
0.813650369644165,-3.78446,-5.58178,2.33995,-2.26727,-3.56171,3.64246,0.73058,-0.227008,0.700719,-0.186532,0.0464836,0.981136,0.0204042,-0.0693365,-0.00149193,0.556571,0.252443,0.117083,0.956188,-0.0909307
0.8342318534851074,-3.78446,-5.58178,2.33995,-2.26727,-3.56171,3.64246,0.73058,-0.227008,0.700719,-0.186532,0.0464836,0.981136,0.0204042,-0.0693365,-0.00149193,0.556571,0.252443,0.117083,0.956188,-0.0909307
0.8540234565734863,-3.78446,-5.58178,2.33995,-2.26727,-3.56171,3.64246,0.73058,-0.227008,0.700719,-0.186532,0.0464836,0.981136,0.0204042,-0.0693365,-0.00149193,0.556571,0.252443,0.117083,0.956188,-0.0909307
0.8739666938781738,-3.78446,-5.58178,2.33995,-2.26727,-3.56171,3.64246,0.73058,-0.227008,0.700719,-0.186532,0.0464836,0.981136,0.0204042,-0.0693365,-0.00149193,0.556571,0.252443,0.117083,0.956188,-0.0909307
0.894010066986084,-3.78446,-5.58178,2.33995,-2.26727,-3.56171,3.64246,0.73058,-0.227008,0.700719,-0.186532,0.0464836,0.981136,0.0204042,-0.0693365,-0.00149193,0.556571,0.252443,0.117083,0.956188,-0.0909307
0.9134657382965088,-3.78446,-5.58178,2.33995,-2.26727,-3.56171,3.64246,0.73058,-0.227008,0.700719,-0.186532,0.0464836,0.981136,0.0204042,-0.0693365,-0.00149193,0.556571,0.252443,0.117083,0.956188,-0.0909307
0.9335634708404541,-3.78446,-5.58178,2.33995,-2.26727,-3.56171,3.64246,0.73058,-0.227008,0.700719,-0.186532,0.0464836,0.981136,0.0204042,-0.0693365,-0.00149193,0.556571,0.252443,0.117083,0.956188,-0.0909307
0.9533786773681641,-3.78446,-5.58178,2.33995,-2.26727,-3.56171,3.64246,0.73058,-0.227008,0.700719,-0.186532,0.0464836,0.981136,0.0204042,-0.0693365,-0.00149193,0.556571,0.252443,0.117083,0.956188,-0.0909307
0.973874568939209,-3.78446,-5.58178,2.33995,-2.26727,-3.56171,3.64246,0.73058,-0.227008,0.700719,-0.186532,0.0464836,0.981136,0.0204042,-0.0693365,-0.00149193,0.556571,0.252443,0.117083,0.956188,-0.0909307
0.9938764572143555,-3.78446,-5.58178,2.33995,-2.26727,-3.56171,3.64246,0.73058,-0.227008,0.700719,-0.186532,0.0464836,0.981136,0.0204042,-0.0693365,-0.00149193,0.556571,0.252443,0.117083,0.956188,-0.0909307
1.013725996017456,-3.78446,-5.58178,2.33995,-2.26727,-3.56171,3.64246,0.73058,-0.227008,0.700719,-0.186532,0.0464836,0.981136,0.0204042,-0.0693365,-0.00149193,0.556571,0.252443,0.117083,0.956188,-0.0909307
1.0341205596923828,-3.78446,-5.58178,2.33995,-2.26727,-3.56171,3.64246,0.73058,-0.227008,0.700719,-0.186532,0.0464836,0.981136,0.0204042,-0.0693365,-0.00149193,0.556571,0.252443,0.117083,0.956188,-0.0909307
1.053774118423462,-3.78446,-5.58178,2.33995,-2.26727,-3.56171,3.64246,0.73058,-0.227008,0.700719,-0.186532,0.0464836,0.981136,0.0204042,-0.0693365,-0.00149193,0.556571,0.252443,0.117083,0.956188,-0.0909307
1.0734593868255615,-3.78446,-5.58178,2.33995,-2.26727,-3.56171,3.64246,0.73058,-0.227008,0.700719,-0.186532,0.0464836,0.981136,0.0204042,-0.0693365,-0.00149193,0.556571,0.252443,0.117083,0.956188,-0.0909307
1.0941989421844482,-3.78446,-5.58178,2.33995,-2.26727,-3.56171,3.64246,0.73058,-0.227008,0.700719,-0.186532,0.0464836,0.981136,0.0204042,-0.0693365,-0.00149193,0.556571,0.252443,0.117083,0.956188,-0.0909307
1.1142942905426025,-3.78446,-5.58178,2.33995,-2.26727,-3.56171,3.64246,0.73058,-0.227008,0.700719,-0.186532,0.0464836,0.981136,0.0204042,-0.0693365,-0.00149193,0.556571,0.252443,0.117083,0.956188,-0.0909307
1.1339640617370605,-3.78446,-5.58178,2.33995,-2.26727,-3.56171,3.64246,0.73058,-0.227008,0.700719,-0.186532,0.0464836,0.981136,0.0204042,-0.0693365,-0.00149193,0.556571,0.252443,0.117083,0.956188,-0.0909307
1.1536386013031006,-3.78446,-5.58178,2.33995,-2.26727,-3.56171,3.64246,0.73058,-0.227008,0.700719,-0.186532,0.0464836,0.981136,0.0204042,-0.0693365,-0.00149193,0.556571,0.252443,0.117083,0.956188,-0.0909307
1.1736745834350586,-3.78446,-5.58178,2.33995,-2.26727,-3.56171,3.64246,0.73058,-0.227008,0.700719,-0.186532,0.0464836,0.981136,0.0204042,-0.0693365,-0.00149193,0.556571,0.252443,0.117083,0.956188,-0.0909307
1.1934504508972168,-3.78446,-5.58178,2.33995,-2.26727,-3.56171,3.64246,0.73058,-0.227008,0.700719,-0.186532,0.0464836,0.981136,0.0204042,-0.0693365,-0.00149193,0.556571,0.252443,0.117083,0.956188,-0.0909307
1.2143003940582275,-3.78446,-5.58178,2.33995,-2.26727,-3.56171,3.64246,0.73058,-0.227008,0.700719,-0.186532,0.0464836,0.981136,0.0204042,-0.0693365,-0.00149193,0.556571,0.252443,0.117083,0.956188,-0.0909307
1.2339558601379395,-3.78446,-5.58178,2.33995,-2.26727,-3.56171,3.64246,0.73058,-0.227008,0.700719,-0.186532,0.0464836,0.981136,0.0204042,-0.0693365,-0.00149193,0.556571,0.252443,0.117083,0.956188,-0.0909307
1.2538738250732422,-3.78446,-5.58178,2.33995,-2.26727,-3.56171,3.64246,0.73058,-0.227008,0.700719,-0.186532,0.0464836,0.981136,0.0204042,-0.0693365,-0.00149193,0.556571,0.252443,0.117083,0.956188,-0.0909307
1.2739851474761963,-3.78446,-5.58178,2.33995,-2.26727,-3.56171,3.64246,0.73058,-0.227008,0.700719,-0.186532,0.0464836,0.981136,0.0204042,-0.0693365,-0.00149193,0.556571,0.252443,0.117083,0.956188,-0.0909307
1.2940683364868164,-3.78446,-5.58178,2.33995,-2.26727,-3.56171,3.64246,0.73058,-0.227008,0.700719,-0.186532,0.0464836,0.981136,0.0204042,-0.0693365,-0.00149193,0.556571,0.252443,0.117083,0.956188,-0.0909307
1.313823938369751,-3.78446,-5.58178,2.33995,-2.26727,-3.56171,3.64246,0.73058,-0.227008,0.700719,-0.186532,0.0464836,0.981136,0.0204042,-0.0693365,-0.00149193,0.556571,0.252443,0.117083,0.956188,-0.0909307
1.3337409496307373,-3.78446,-5.58178,2.33995,-2.26727,-3.56171,3.64246,0.73058,-0.227008,0.700719,-0.186532,0.0464836,0.981136,0.0204042,-0.0693365,-0.00149193,0.556571,0.252443,0.117083,0.956188,-0.0909307
1.3535487651824951,-3.78446,-5.58178,2.33995,-2.26727,-3.56171,3.64246,0.73058,-0.227008,0.700719,-0.186532,0.0464836,0.981136,0.0204042,-0.0693365,-0.00149193,0.556571,0.252443,0.117083,0.956188,-0.0909307
1.3742449283599854,-3.78446,-5.58178,2.33995,-2.26727,-3.56171,3.64246,0.73058,-0.227008,0.700719,-0.186532,0.0464836,0.981136,0.0204042,-0.0693365,-0.00149193,0.556571,0.252443,0.117083,0.956188,-0.0909307
1.3937273025512695,-3.78446,-5.58178,2.33995,-2.26727,-3.56171,3.64246,0.73058,-0.227008,0.700719,-0.186532,0.0464836,0.981136,0.0204042,-0.0693365,-0.00149193,0.556571,0.252443,0.117083,0.956188,-0.0909307
1.4133906364440918,-3.78446,-5.58178,2.33995,-2.26727,-3.56171,3.64246,0.73058,-0.227008,0.700719,-0.186532,0.0464836,0.981136,0.0204042,-0.0693365,-0.00149193,0.556571,0.252443,0.117083,0.956188,-0.0909307
1.4344258308410645,-3.78446,-5.58178,2.33995,-2.26727,-3.56171,3.64246,0.73058,-0.227008,0.700719,-0.186532,0.0464836,0.981136,0.0204042,-0.0693365,-0.00149193,0.556571,0.252443,0.117083,0.956188,-0.0909307
1.4539039134979248,-3.78446,-5.58178,2.33995,-2.26727,-3.56171,3.64246,0.73058,-0.227008,0.700719,-0.186532,0.0464836,0.981136,0.0204042,-0.0693365,-0.00149193,0.556571,0.252443,0.117083,0.956188,-0.0909307
1.473487377166748,-3.78446,-5.58178,2.33995,-2.26727,-3.56171,3.64246,0.73058,-0.227008,0.700719,-0.186532,0.0464836,0.981136,0.0204042,-0.0693365,-0.00149193,0.556571,0.252443,0.117083,0.956188,-0.0909307
1.4933838844299316,-3.78446,-5.58178,2.33995,-2.26727,-3.56171,3.64246,0.73058,-0.227008,0.700719,-0.186532,0.0464836,0.981136,0.0204042,-0.0693365,-0.00149193,0.556571,0.252443,0.117083,0.956188,-0.0909307
1.5142161846160889,-3.78446,-5.58178,2.33995,-2.26727,-3.56171,3.64246,0.73058,-0.227008,0.700719,-0.186532,0.0464836,0.981136,0.0204042,-0.0693365,-0.00149193,0.556571,0.252443,0.117083,0.956188,-0.0909307
1.5335588455200195,-3.78446,-5.58178,2.33995,-2.26727,-3.56171,3.64246,0.73058,-0.227008,0.700719,-0.186532,0.0464836,0.981136,0.0204042,-0.0693365,-0.00149193,0.556571,0.252443,0.117083,0.956188,-0.0909307
1.5542457103729248,-3.78446,-5.58178,2.33995,-2.26727,-3.56171,3.64246,0.73058,-0.227008,0.700719,-0.186532,0.0464836,0.981136,0.0204042,-0.0693365,-0.00149193,0.556571,0.252443,0.117083,0.956188,-0.0909307
1.5738792419433594,-3.78446,-5.58178,2.33995,-2.26727,-3.56171,3.64246,0.73058,-0.227008,0.700719,-0.186532,0.0464836,0.981136,0.0204042,-0.0693365,-0.00149193,0.556571,0.252443,0.117083,0.956188,-0.0909307
1.5934200286865234,-3.78446,-5.58178,2.33995,-2.26727,-3.56171,3.64246,0.73058,-0.227008,0.700719,-0.186532,0.0464836,0.981136,0.0204042,-0.0693365,-0.00149193,0.556571,0.252443,0.117083,0.956188,-0.0909307
1.6145741939544678,-3.78446,-5.58178,2.33995,-2.26727,-3.56171,3.64246,0.73058,-0.227008,0.700719,-0.186532,0.0464836,0.981136,0.0204042,-0.0693365,-0.00149193,0.556571,0.252443,0.117083,0.956188,-0.0909307
1.6341192722320557,-3.78446,-5.58178,2.33995,-2.26727,-3.56171,3.64246,0.73058,-0.227008,0.700719,-0.186532,0.0464836,0.981136,0.0204042,-0.0693365,-0.00149193,0.556571,0.252443,0.117083,0.956188,-0.0909307
1.653848648071289,-3.78446,-5.58178,2.33995,-2.26727,-3.56171,3.64246,0.73058,-0.227008,0.700719,-0.186532,0.0464836,0.981136,0.0204042,-0.0693365,-0.00149193,0.556571,0.252443,0.117083,0.956188,-0.0909307
1.6738460063934326,-3.78446,-5.58178,2.33995,-2.26727,-3.56171,3.64246,0.73058,-0.227008,0.700719,-0.186532,0.0464836,0.981136,0.0204042,-0.0693365,-0.00149193,0.556571,0.252443,0.117083,0.956188,-0.0909307
1.693993330001831,-3.78446,-5.58178,2.33995,-2.26727,-3.56171,3.64246,0.73058,-0.227008,0.700719,-0.186532,0.0464836,0.981136,0.0204042,-0.0693365,-0.00149193,0.556571,0.252443,0.117083,0.956188,-0.0909307
1.7139191627502441,-3.78446,-5.58178,2.33995,-2.26727,-3.56171,3.64246,0.73058,-0.227008,0.700719,-0.186532,0.0464836,0.981136,0.0204042,-0.0693365,-0.00149193,0.556571,0.252443,0.117083,0.956188,-0.0909307
1.733935832977295,-3.78446,-5.58178,2.33995,-2.26727,-3.56171,3.64246,0.73058,-0.227008,0.700719,-0.186532,0.0464836,0.981136,0.0204042,-0.0693365,-0.00149193,0.556571,0.252443,0.117083,0.956188,-0.0909307
1.754051923751831,-3.78446,-5.58178,2.33995,-2.26727,-3.56171,3.64246,0.73058,-0.227008,0.700719,-0.186532,0.0464836,0.981136,0.0204042,-0.0693365,-0.00149193,0.556571,0.252443,0.117083,0.956188,-0.0909307
1.7739479541778564,-3.78446,-5.58178,2.33995,-2.26727,-3.56171,3.64246,0.73058,-0.227008,0.700719,-0.186532,0.0464836,0.981136,0.0204042,-0.0693365,-0.00149193,0.556571,0.252443,0.117083,0.956188,-0.0909307
1.7939324378967285,-3.78446,-5.58178,2.33995,-2.26727,-3.56171,3.64246,0.73058,-0.227008,0.700719,-0.186532,0.0464836,0.981136,0.0204042,-0.0693365,-0.00149193,0.556571,0.252443,0.117083,0.956188,-0.0909307
1.8138651847839355,-3.78446,-5.58178,2.33995,-2.26727,-3.56171,3.64246,0.73058,-0.227008,0.700719,-0.186532,0.0464836,0.981136,0.0204042,-0.0693365,-0.00149193,0.556571,0.252443,0.117083,0.956188,-0.0909307
1.8339259624481201,-3.78446,-5.58178,2.33995,-2.26727,-3.56171,3.64246,0.73058,-0.227008,0.700719,-0.186532,0.0464836,0.981136,0.0204042,-0.0693365,-0.00149193,0.556571,0.252443,0.117083,0.956188,-0.0909307
1.854295253753662,-3.78446,-5.58178,2.33995,-2.26727,-3.56171,3.64246,0.73058,-0.227008,0.700719,-0.186532,0.0464836,0.981136,0.0204042,-0.0693365,-0.00149193,0.556571,0.252443,0.117083,0.956188,-0.0909307
1.874049186706543,-3.78446,-5.58178,2.33995,-2.26727,-3.56171,3.64246,0.73058,-0.227008,0.700719,-0.186532,0.0464836,0.981136,0.0204042,-0.0693365,-0.00149193,0.556571,0.252443,0.117083,0.956188,-0.0909307
1.8938727378845215,-3.78446,-5.58178,2.33995,-2.26727,-3.56171,3.64246,0.73058,-0.227008,0.700719,-0.186532,0.0464836,0.981136,0.0204042,-0.0693365,-0.00149193,0.556571,0.252443,0.117083,0.956188,-0.0909307
1.9136085510253906,-3.78446,-5.58178,2.33995,-2.26727,-3.56171,3.64246,0.73058,-0.227008,0.700719,-0.186532,0.0464836,0.981136,0.0204042,-0.0693365,-0.00149193,0.556571,0.252443,0.117083,0.956188,-0.0909307
1.934267520904541,-3.78446,-5.58178,2.33995,-2.26727,-3.56171,3.64246,0.73058,-0.227008,0.700719,-0.186532,0.0464836,0.981136,0.0204042,-0.0693365,-0.00149193,0.556571,0.252443,0.117083,0.956188,-0.0909307
1.9538109302520752,-3.78446,-5.58178,2.33995,-2.26727,-3.56171,3.64246,0.73058,-0.227008,0.700719,-0.186532,0.0464836,0.981136,0.0204042,-0.0693365,-0.00149193,0.556571,0.252443,0.117083,0.956188,-0.0909307
1.9745495319366455,-3.78446,-5.58178,2.33995,-2.26727,-3.56171,3.64246,0.73058,-0.227008,0.700719,-0.186532,0.0464836,0.981136,0.0204042,-0.0693365,-0.00149193,0.556571,0.252443,0.117083,0.956188,-0.0909307
1.993579626083374,-3.78446,-5.58178,2.33995,-2.26727,-3.56171,3.64246,0.73058,-0.227008,0.700719,-0.186532,0.0464836,0.981136,0.0204042,-0.0693365,-0.00149193,0.556571,0.252443,0.117083,0.956188,-0.0909307
2.0142910480499268,-3.78446,-5.58178,2.33995,-2.26727,-3.56171,3.64246,0.73058,-0.227008,0.700719,-0.186532,0.0464836,0.981136,0.0204042,-0.0693365,-0.00149193,0.556571,0.252443,0.117083,0.956188,-0.0909307
2.0336523056030273,-3.78446,-5.58178,2.33995,-2.26727,-3.56171,3.64246,0.73058,-0.227008,0.700719,-0.186532,0.0464836,0.981136,0.0204042,-0.0693365,-0.00149193,0.556571,0.252443,0.117083,0.956188,-0.0909307
2.054311513900757,-3.78446,-5.58178,2.33995,-2.26727,-3.56171,3.64246,0.73058,-0.227008,0.700719,-0.186532,0.0464836,0.981136,0.0204042,-0.0693365,-0.00149193,0.556571,0.252443,0.117083,0.956188,-0.0909307
2.074012517929077,-3.78446,-5.58178,2.33995,-2.26727,-3.56171,3.64246,0.73058,-0.227008,0.700719,-0.186532,0.0464836,0.981136,0.0204042,-0.0693365,-0.00149193,0.556571,0.252443,0.117083,0.956188,-0.0909307
2.094040870666504,-3.78446,-5.58178,2.33995,-2.26727,-3.56171,3.64246,0.73058,-0.227008,0.700719,-0.186532,0.0464836,0.981136,0.0204042,-0.0693365,-0.00149193,0.556571,0.252443,0.117083,0.956188,-0.0909307
2.1137163639068604,-3.78446,-5.58178,2.33995,-2.26727,-3.56171,3.64246,0.73058,-0.227008,0.700719,-0.186532,0.0464836,0.981136,0.0204042,-0.0693365,-0.00149193,0.556571,0.252443,0.117083,0.956188,-0.0909307
2.1336185932159424,-3.78446,-5.58178,2.33995,-2.26727,-3.56171,3.64246,0.73058,-0.227008,0.700719,-0.186532,0.0464836,0.981136,0.0204042,-0.0693365,-0.00149193,0.556571,0.252443,0.117083,0.956188,-0.0909307
2.154196262359619,-3.78446,-5.58178,2.33995,-2.26727,-3.56171,3.64246,0.73058,-0.227008,0.700719,-0.186532,0.0464836,0.981136,0.0204042,-0.0693365,-0.00149193,0.556571,0.252443,0.117083,0.956188,-0.0909307
2.173567295074463,-3.78446,-5.58178,2.33995,-2.26727,-3.56171,3.64246,0.73058,-0.227008,0.700719,-0.186532,0.0464836,0.981136,0.0204042,-0.0693365,-0.00149193,0.556571,0.252443,0.117083,0.956188,-0.0909307
2.194164752960205,-3.78446,-5.58178,2.33995,-2.26727,-3.56171,3.64246,0.73058,-0.227008,0.700719,-0.186532,0.0464836,0.981136,0.0204042,-0.0693365,-0.00149193,0.556571,0.252443,0.117083,0.956188,-0.0909307
2.213467836380005,-3.78446,-5.58178,2.33995,-2.26727,-3.56171,3.64246,0.73058,-0.227008,0.700719,-0.186532,0.0464836,0.981136,0.0204042,-0.0693365,-0.00149193,0.556571,0.252443,0.117083,0.956188,-0.0909307
2.2340574264526367,-3.78446,-5.58178,2.33995,-2.26727,-3.56171,3.64246,0.73058,-0.227008,0.700719,-0.186532,0.0464836,0.981136,0.0204042,-0.0693365,-0.00149193,0.556571,0.252443,0.117083,0.956188,-0.0909307
2.253385305404663,-3.78446,-5.58178,2.33995,-2.26727,-3.56171,3.64246,0.73058,-0.227008,0.700719,-0.186532,0.0464836,0.981136,0.0204042,-0.0693365,-0.00149193,0.556571,0.252443,0.117083,0.956188,-0.0909307
2.274038314819336,-3.78446,-5.58178,2.33995,-2.26727,-3.56171,3.64246,0.73058,-0.227008,0.700719,-0.186532,0.0464836,0.981136,0.0204042,-0.0693365,-0.00149193,0.556571,0.252443,0.117083,0.956188,-0.0909307
2.294235944747925,-3.78446,-5.58178,2.33995,-2.26727,-3.56171,3.64246,0.73058,-0.227008,0.700719,-0.186532,0.0464836,0.981136,0.0204042,-0.0693365,-0.00149193,0.556571,0.252443,0.117083,0.956188,-0.0909307
2.3142385482788086,-3.78446,-5.58178,2.33995,-2.26727,-3.56171,3.64246,0.73058,-0.227008,0.700719,-0.186532,0.0464836,0.981136,0.0204042,-0.0693365,-0.00149193,0.556571,0.252443,0.117083,0.956188,-0.0909307
2.333794593811035,-3.78446,-5.58178,2.33995,-2.26727,-3.56171,3.64246,0.73058,-0.227008,0.700719,-0.186532,0.0464836,0.981136,0.0204042,-0.0693365,-0.00149193,0.556571,0.252443,0.117083,0.956188,-0.0909307
2.3536856174468994,-3.78446,-5.58178,2.33995,-2.26727,-3.56171,3.64246,0.73058,-0.227008,0.700719,-0.186532,0.0464836,0.981136,0.0204042,-0.0693365,-0.00149193,0.556571,0.252443,0.117083,0.956188,-0.0909307
2.374300241470337,-3.78446,-5.58178,2.33995,-2.26727,-3.56171,3.64246,0.73058,-0.227008,0.700719,-0.186532,0.0464836,0.981136,0.0204042,-0.0693365,-0.00149193,0.556571,0.252443,0.117083,0.956188,-0.0909307
2.3936142921447754,-3.78446,-5.58178,2.33995,-2.26727,-3.56171,3.64246,0.73058,-0.227008,0.700719,-0.186532,0.0464836,0.981136,0.0204042,-0.0693365,-0.00149193,0.556571,0.252443,0.117083,0.956188,-0.0909307
2.414140462875366,-3.78446,-5.58178,2.33995,-2.26727,-3.56171,3.64246,0.73058,-0.227008,0.700719,-0.186532,0.0464836,0.981136,0.0204042,-0.0693365,-0.00149193,0.556571,0.252443,0.117083,0.956188,-0.0909307
2.4337549209594727,-3.78446,-5.58178,2.33995,-2.26727,-3.56171,3.64246,0.73058,-0.227008,0.700719,-0.186532,0.0464836,0.981136,0.0204042,-0.0693365,-0.00149193,0.556571,0.252443,0.117083,0.956188,-0.0909307
2.453669309616089,-3.78446,-5.58178,2.33995,-2.26727,-3.56171,3.64246,0.73058,-0.227008,0.700719,-0.186532,0.0464836,0.981136,0.0204042,-0.0693365,-0.00149193,0.556571,0.252443,0.117083,0.956188,-0.0909307
2.47385311126709,-3.78446,-5.58178,2.33995,-2.26727,-3.56171,3.64246,0.73058,-0.227008,0.700719,-0.186532,0.0464836,0.981136,0.0204042,-0.0693365,-0.00149193,0.556571,0.252443,0.117083,0.956188,-0.0909307
2.494274139404297,-3.78446,-5.58178,2.33995,-2.26727,-3.56171,3.64246,0.73058,-0.227008,0.700719,-0.186532,0.0464836,0.981136,0.0204042,-0.0693365,-0.00149193,0.556571,0.252443,0.117083,0.956188,-0.0909307
2.513803720474243,-3.78446,-5.58178,2.33995,-2.26727,-3.56171,3.64246,0.73058,-0.227008,0.700719,-0.186532,0.0464836,0.981136,0.0204042,-0.0693365,-0.00149193,0.556571,0.252443,0.117083,0.956188,-0.0909307
2.5335960388183594,-3.78446,-5.58178,2.33995,-2.26727,-3.56171,3.64246,0.73058,-0.227008,0.700719,-0.186532,0.0464836,0.981136,0.0204042,-0.0693365,-0.00149193,0.556571,0.252443,0.117083,0.956188,-0.0909307
2.553405523300171,-3.78446,-5.58178,2.33995,-2.26727,-3.56171,3.64246,0.73058,-0.227008,0.700719,-0.186532,0.0464836,0.981136,0.0204042,-0.0693365,-0.00149193,0.556571,0.252443,0.117083,0.956188,-0.0909307
2.574019432067871,-3.78446,-5.58178,2.33995,-2.26727,-3.56171,3.64246,0.73058,-0.227008,0.700719,-0.186532,0.0464836,0.981136,0.0204042,-0.0693365,-0.00149193,0.556571,0.252443,0.117083,0.956188,-0.0909307
2.5943009853363037,-3.78446,-5.58178,2.33995,-2.26727,-3.56171,3.64246,0.73058,-0.227008,0.700719,-0.186532,0.0464836,0.981136,0.0204042,-0.0693365,-0.00149193,0.556571,0.252443,0.117083,0.956188,-0.0909307
2.613651752471924,-3.78446,-5.58178,2.33995,-2.26727,-3.56171,3.64246,0.73058,-0.227008,0.700719,-0.186532,0.0464836,0.981136,0.0204042,-0.0693365,-0.00149193,0.556571,0.252443,0.117083,0.956188,-0.0909307
2.633294105529785,-3.78446,-5.58178,2.33995,-2.26727,-3.56171,3.64246,0.73058,-0.227008,0.700719,-0.186532,0.0464836,0.981136,0.0204042,-0.0693365,-0.00149193,0.556571,0.252443,0.117083,0.956188,-0.0909307
2.654235601425171,-3.78446,-5.58178,2.33995,-2.26727,-3.56171,3.64246,0.73058,-0.227008,0.700719,-0.186532,0.0464836,0.981136,0.0204042,-0.0693365,-0.00149193,0.556571,0.252443,0.117083,0.956188,-0.0909307
2.6736533641815186,-3.78446,-5.58178,2.33995,-2.26727,-3.56171,3.64246,0.73058,-0.227008,0.700719,-0.186532,0.0464836,0.981136,0.0204042,-0.0693365,-0.00149193,0.556571,0.252443,0.117083,0.956188,-0.0909307
2.6934878826141357,-3.78446,-5.58178,2.33995,-2.26727,-3.56171,3.64246,0.73058,-0.227008,0.700719,-0.186532,0.0464836,0.981136,0.0204042,-0.0693365,-0.00149193,0.556571,0.252443,0.117083,0.956188,-0.0909307
2.7135486602783203,-3.78446,-5.58178,2.33995,-2.26727,-3.56171,3.64246,0.73058,-0.227008,0.700719,-0.186532,0.0464836,0.981136,0.0204042,-0.0693365,-0.00149193,0.556571,0.252443,0.117083,0.956188,-0.0909307
2.7341806888580322,-3.78446,-5.58178,2.33995,-2.26727,-3.56171,3.64246,0.73058,-0.227008,0.700719,-0.186532,0.0464836,0.981136,0.0204042,-0.0693365,-0.00149193,0.556571,0.252443,0.117083,0.956188,-0.0909307
2.7536447048187256,-3.78446,-5.58178,2.33995,-2.26727,-3.56171,3.64246,0.73058,-0.227008,0.700719,-0.186532,0.0464836,0.981136,0.0204042,-0.0693365,-0.00149193,0.556571,0.252443,0.117083,0.956188,-0.0909307
2.773402452468872,-3.78446,-5.58178,2.33995,-2.26727,-3.56171,3.64246,0.73058,-0.227008,0.700719,-0.186532,0.0464836,0.981136,0.0204042,-0.0693365,-0.00149193,0.556571,0.252443,0.117083,0.956188,-0.0909307
2.7940473556518555,-3.78446,-5.58178,2.33995,-2.26727,-3.56171,3.64246,0.73058,-0.227008,0.700719,-0.186532,0.0464836,0.981136,0.0204042,-0.0693365,-0.00149193,0.556571,0.252443,0.117083,0.956188,-0.0909307
2.8134419918060303,-3.78446,-5.58178,2.33995,-2.26727,-3.56171,3.64246,0.73058,-0.227008,0.700719,-0.186532,0.0464836,0.981136,0.0204042,-0.0693365,-0.00149193,0.556571,0.252443,0.117083,0.956188,-0.0909307
2.8341736793518066,-3.78446,-5.58178,2.33995,-2.26727,-3.56171,3.64246,0.73058,-0.227008,0.700719,-0.186532,0.0464836,0.981136,0.0204042,-0.0693365,-0.00149193,0.556571,0.252443,0.117083,0.956188,-0.0909307
2.853604555130005,-3.78446,-5.58178,2.33995,-2.26727,-3.56171,3.64246,0.73058,-0.227008,0.700719,-0.186532,0.0464836,0.981136,0.0204042,-0.0693365,-0.00149193,0.556571,0.252443,0.117083,0.956188,-0.0909307
2.874297618865967,-3.78446,-5.58178,2.33995,-2.26727,-3.56171,3.64246,0.73058,-0.227008,0.700719,-0.186532,0.0464836,0.981136,0.0204042,-0.0693365,-0.00149193,0.556571,0.252443,0.117083,0.956188,-0.0909307
2.8936991691589355,-3.78446,-5.58178,2.33995,-2.26727,-3.56171,3.64246,0.73058,-0.227008,0.700719,-0.186532,0.0464836,0.981136,0.0204042,-0.0693365,-0.00149193,0.556571,0.252443,0.117083,0.956188,-0.0909307
2.913419485092163,-3.78446,-5.58178,2.33995,-2.26727,-3.56171,3.64246,0.73058,-0.227008,0.700719,-0.186532,0.0464836,0.981136,0.0204042,-0.0693365,-0.00149193,0.556571,0.252443,0.117083,0.956188,-0.0909307
2.9342854022979736,-3.78446,-5.58178,2.33995,-2.26727,-3.56171,3.64246,0.73058,-0.227008,0.700719,-0.186532,0.0464836,0.981136,0.0204042,-0.0693365,-0.00149193,0.556571,0.252443,0.117083,0.956188,-0.0909307
2.9539237022399902,-3.78446,-5.58178,2.33995,-2.26727,-3.56171,3.64246,0.73058,-0.227008,0.700719,-0.186532,0.0464836,0.981136,0.0204042,-0.0693365,-0.00149193,0.556571,0.252443,0.117083,0.956188,-0.0909307
2.973700761795044,-3.78446,-5.58178,2.33995,-2.26727,-3.56171,3.64246,0.73058,-0.227008,0.700719,-0.186532,0.0464836,0.981136,0.0204042,-0.0693365,-0.00149193,0.556571,0.252443,0.117083,0.956188,-0.0909307
2.9935965538024902,-3.78446,-5.58178,2.33995,-2.26727,-3.56171,3.64246,0.73058,-0.227008,0.700719,-0.186532,0.0464836,0.981136,0.0204042,-0.0693365,-0.00149193,0.556571,0.252443,0.117083,0.956188,-0.0909307
3.014282703399658,-3.78446,-5.58178,2.33995,-2.26727,-3.56171,3.64246,0.73058,-0.227008,0.700719,-0.186532,0.0464836,0.981136,0.0204042,-0.0693365,-0.00149193,0.556571,0.252443,0.117083,0.956188,-0.0909307
3.03365421295166,-3.78446,-5.58178,2.33995,-2.26727,-3.56171,3.64246,0.73058,-0.227008,0.700719,-0.186532,0.0464836,0.981136,0.0204042,-0.0693365,-0.00149193,0.556571,0.252443,0.117083,0.956188,-0.0909307
3.0542044639587402,-3.78446,-5.58178,2.33995,-2.26727,-3.56171,3.64246,0.73058,-0.227008,0.700719,-0.186532,0.0464836,0.981136,0.0204042,-0.0693365,-0.00149193,0.556571,0.252443,0.117083,0.956188,-0.0909307
3.0737595558166504,-3.78446,-5.58178,2.33995,-2.26727,-3.56171,3.64246,0.73058,-0.227008,0.700719,-0.186532,0.0464836,0.981136,0.0204042,-0.0693365,-0.00149193,0.556571,0.252443,0.117083,0.956188,-0.0909307
3.09405517578125,-3.78446,-5.58178,2.33995,-2.26727,-3.56171,3.64246,0.73058,-0.227008,0.700719,-0.186532,0.0464836,0.981136,0.0204042,-0.0693365,-0.00149193,0.556571,0.252443,0.117083,0.956188,-0.0909307
3.1138417720794678,-3.78446,-5.58178,2.33995,-2.26727,-3.56171,3.64246,0.73058,-0.227008,0.700719,-0.186532,0.0464836,0.981136,0.0204042,-0.0693365,-0.00149193,0.556571,0.252443,0.117083,0.956188,-0.0909307
3.1340949535369873,-3.78446,-5.58178,2.33995,-2.26727,-3.56171,3.64246,0.73058,-0.227008,0.700719,-0.186532,0.0464836,0.981136,0.0204042,-0.0693365,-0.00149193,0.556571,0.252443,0.117083,0.956188,-0.0909307
3.1536524295806885,-3.78446,-5.58178,2.33995,-2.26727,-3.56171,3.64246,0.73058,-0.227008,0.700719,-0.186532,0.0464836,0.981136,0.0204042,-0.0693365,-0.00149193,0.556571,0.252443,0.117083,0.956188,-0.0909307
3.174283504486084,-3.78446,-5.58178,2.33995,-2.26727,-3.56171,3.64246,0.73058,-0.227008,0.700719,-0.186532,0.0464836,0.981136,0.0204042,-0.0693365,-0.00149193,0.556571,0.252443,0.117083,0.956188,-0.0909307
3.1937639713287354,-3.78446,-5.58178,2.33995,-2.26727,-3.56171,3.64246,0.73058,-0.227008,0.700719,-0.186532,0.0464836,0.981136,0.0204042,-0.0693365,-0.00149193,0.556571,0.252443,0.117083,0.956188,-0.0909307
3.2141597270965576,-3.78446,-5.58178,2.33995,-2.26727,-3.56171,3.64246,0.73058,-0.227008,0.700719,-0.186532,0.0464836,0.981136,0.0204042,-0.0693365,-0.00149193,0.556571,0.252443,0.117083,0.956188,-0.0909307
3.2337613105773926,-3.78446,-5.58178,2.33995,-2.26727,-3.56171,3.64246,0.73058,-0.227008,0.700719,-0.186532,0.0464836,0.981136,0.0204042,-0.0693365,-0.00149193,0.556571,0.252443,0.117083,0.956188,-0.0909307
3.2534611225128174,-3.78446,-5.58178,2.33995,-2.26727,-3.56171,3.64246,0.73058,-0.227008,0.700719,-0.186532,0.0464836,0.981136,0.0204042,-0.0693365,-0.00149193,0.556571,0.252443,0.117083,0.956188,-0.0909307
3.2742090225219727,-3.78446,-5.58178,2.33995,-2.26727,-3.56171,3.64246,0.73058,-0.227008,0.700719,-0.186532,0.0464836,0.981136,0.0204042,-0.0693365,-0.00149193,0.556571,0.252443,0.117083,0.956188,-0.0909307
3.293447971343994,-3.78446,-5.58178,2.33995,-2.26727,-3.56171,3.64246,0.73058,-0.227008,0.700719,-0.186532,0.0464836,0.981136,0.0204042,-0.0693365,-0.00149193,0.556571,0.252443,0.117083,0.956188,-0.0909307
3.3140954971313477,-3.78446,-5.58178,2.33995,-2.26727,-3.56171,3.64246,0.73058,-0.227008,0.700719,-0.186532,0.0464836,0.981136,0.0204042,-0.0693365,-0.00149193,0.556571,0.252443,0.117083,0.956188,-0.0909307
3.3336169719696045,-3.78446,-5.58178,2.33995,-2.26727,-3.56171,3.64246,0.73058,-0.227008,0.700719,-0.186532,0.0464836,0.981136,0.0204042,-0.0693365,-0.00149193,0.556571,0.252443,0.117083,0.956188,-0.0909307
3.353578567504883,-3.78446,-5.58178,2.33995,-2.26727,-3.56171,3.64246,0.73058,-0.227008,0.700719,-0.186532,0.0464836,0.981136,0.0204042,-0.0693365,-0.00149193,0.556571,0.252443,0.117083,0.956188,-0.0909307
3.373365879058838,-3.78446,-5.58178,2.33995,-2.26727,-3.56171,3.64246,0.73058,-0.227008,0.700719,-0.186532,0.0464836,0.981136,0.0204042,-0.0693365,-0.00149193,0.556571,0.252443,0.117083,0.956188,-0.0909307
3.393813133239746,-3.78446,-5.58178,2.33995,-2.26727,-3.56171,3.64246,0.73058,-0.227008,0.700719,-0.186532,0.0464836,0.981136,0.0204042,-0.0693365,-0.00149193,0.556571,0.252443,0.117083,0.956188,-0.0909307
3.414196014404297,-3.78446,-5.58178,2.33995,-2.26727,-3.56171,3.64246,0.73058,-0.227008,0.700719,-0.186532,0.0464836,0.981136,0.0204042,-0.0693365,-0.00149193,0.556571,0.252443,0.117083,0.956188,-0.0909307
3.4335970878601074,-3.78446,-5.58178,2.33995,-2.26727,-3.56171,3.64246,0.73058,-0.227008,0.700719,-0.186532,0.0464836,0.981136,0.0204042,-0.0693365,-0.00149193,0.556571,0.252443,0.117083,0.956188,-0.0909307
3.4537229537963867,-3.78446,-5.58178,2.33995,-2.26727,-3.56171,3.64246,0.73058,-0.227008,0.700719,-0.186532,0.0464836,0.981136,0.0204042,-0.0693365,-0.00149193,0.556571,0.252443,0.117083,0.956188,-0.0909307
3.473888635635376,-3.78446,-5.58178,2.33995,-2.26727,-3.56171,3.64246,0.73058,-0.227008,0.700719,-0.186532,0.0464836,0.981136,0.0204042,-0.0693365,-0.00149193,0.556571,0.252443,0.117083,0.956188,-0.0909307
3.493626117706299,-3.78446,-5.58178,2.33995,-2.26727,-3.56171,3.64246,0.73058,-0.227008,0.700719,-0.186532,0.0464836,0.981136,0.0204042,-0.0693365,-0.00149193,0.556571,0.252443,0.117083,0.956188,-0.0909307
3.5141098499298096,-3.78446,-5.58178,2.33995,-2.26727,-3.56171,3.64246,0.73058,-0.227008,0.700719,-0.186532,0.0464836,0.981136,0.0204042,-0.0693365,-0.00149193,0.556571,0.252443,0.117083,0.956188,-0.0909307
3.5336716175079346,-3.78446,-5.58178,2.33995,-2.26727,-3.56171,3.64246,0.73058,-0.227008,0.700719,-0.186532,0.0464836,0.981136,0.0204042,-0.0693365,-0.00149193,0.556571,0.252443,0.117083,0.956188,-0.0909307
3.553337574005127,-3.78446,-5.58178,2.33995,-2.26727,-3.56171,3.64246,0.73058,-0.227008,0.700719,-0.186532,0.0464836,0.981136,0.0204042,-0.0693365,-0.00149193,0.556571,0.252443,0.117083,0.956188,-0.0909307
3.5743727684020996,-3.78446,-5.58178,2.33995,-2.26727,-3.56171,3.64246,0.73058,-0.227008,0.700719,-0.186532,0.0464836,0.981136,0.0204042,-0.0693365,-0.00149193,0.556571,0.252443,0.117083,0.956188,-0.0909307
3.59381103515625,-3.78446,-5.58178,2.33995,-2.26727,-3.56171,3.64246,0.73058,-0.227008,0.700719,-0.186532,0.0464836,0.981136,0.0204042,-0.0693365,-0.00149193,0.556571,0.252443,0.117083,0.956188,-0.0909307
3.6135048866271973,-3.78446,-5.58178,2.33995,-2.26727,-3.56171,3.64246,0.73058,-0.227008,0.700719,-0.186532,0.0464836,0.981136,0.0204042,-0.0693365,-0.00149193,0.556571,0.252443,0.117083,0.956188,-0.0909307
3.6340491771698,-3.78446,-5.58178,2.33995,-2.26727,-3.56171,3.64246,0.73058,-0.227008,0.700719,-0.186532,0.0464836,0.981136,0.0204042,-0.0693365,-0.00149193,0.556571,0.252443,0.117083,0.956188,-0.0909307
3.6538851261138916,-3.78446,-5.58178,2.33995,-2.26727,-3.56171,3.64246,0.73058,-0.227008,0.700719,-0.186532,0.0464836,0.981136,0.0204042,-0.0693365,-0.00149193,0.556571,0.252443,0.117083,0.956188,-0.0909307
3.674382448196411,-3.78446,-5.58178,2.33995,-2.26727,-3.56171,3.64246,0.73058,-0.227008,0.700719,-0.186532,0.0464836,0.981136,0.0204042,-0.0693365,-0.00149193,0.556571,0.252443,0.117083,0.956188,-0.0909307
3.6938116550445557,-3.78446,-5.58178,2.33995,-2.26727,-3.56171,3.64246,0.73058,-0.227008,0.700719,-0.186532,0.0464836,0.981136,0.0204042,-0.0693365,-0.00149193,0.556571,0.252443,0.117083,0.956188,-0.0909307
3.713325023651123,-3.78446,-5.58178,2.33995,-2.26727,-3.56171,3.64246,0.73058,-0.227008,0.700719,-0.186532,0.0464836,0.981136,0.0204042,-0.0693365,-0.00149193,0.556571,0.252443,0.117083,0.956188,-0.0909307
3.734097719192505,-3.78446,-5.58178,2.33995,-2.26727,-3.56171,3.64246,0.73058,-0.227008,0.700719,-0.186532,0.0464836,0.981136,0.0204042,-0.0693365,-0.00149193,0.556571,0.252443,0.117083,0.956188,-0.0909307
3.7535226345062256,-3.78446,-5.58178,2.33995,-2.26727,-3.56171,3.64246,0.73058,-0.227008,0.700719,-0.186532,0.0464836,0.981136,0.0204042,-0.0693365,-0.00149193,0.556571,0.252443,0.117083,0.956188,-0.0909307
3.7741341590881348,-3.78446,-5.58178,2.33995,-2.26727,-3.56171,3.64246,0.73058,-0.227008,0.700719,-0.186532,0.0464836,0.981136,0.0204042,-0.0693365,-0.00149193,0.556571,0.252443,0.117083,0.956188,-0.0909307
3.793795108795166,-3.78446,-5.58178,2.33995,-2.26727,-3.56171,3.64246,0.73058,-0.227008,0.700719,-0.186532,0.0464836,0.981136,0.0204042,-0.0693365,-0.00149193,0.556571,0.252443,0.117083,0.956188,-0.0909307
3.8133723735809326,-3.78446,-5.58178,2.33995,-2.26727,-3.56171,3.64246,0.73058,-0.227008,0.700719,-0.186532,0.0464836,0.981136,0.0204042,-0.0693365,-0.00149193,0.556571,0.252443,0.117083,0.956188,-0.0909307
3.8341636657714844,-3.78446,-5.58178,2.33995,-2.26727,-3.56171,3.64246,0.73058,-0.227008,0.700719,-0.186532,0.0464836,0.981136,0.0204042,-0.0693365,-0.00149193,0.556571,0.252443,0.117083,0.956188,-0.0909307
3.854189872741699,-3.78446,-5.58178,2.33995,-2.26727,-3.56171,3.64246,0.73058,-0.227008,0.700719,-0.186532,0.0464836,0.981136,0.0204042,-0.0693365,-0.00149193,0.556571,0.252443,0.117083,0.956188,-0.0909307
3.8737387657165527,-3.78446,-5.58178,2.33995,-2.26727,-3.56171,3.64246,0.73058,-0.227008,0.700719,-0.186532,0.0464836,0.981136,0.0204042,-0.0693365,-0.00149193,0.556571,0.252443,0.117083,0.956188,-0.0909307
3.8942925930023193,-3.78446,-5.58178,2.33995,-2.26727,-3.56171,3.64246,0.73058,-0.227008,0.700719,-0.186532,0.0464836,0.981136,0.0204042,-0.0693365,-0.00149193,0.556571,0.252443,0.117083,0.956188,-0.0909307
3.913806200027466,-3.78446,-5.58178,2.33995,-2.26727,-3.56171,3.64246,0.73058,-0.227008,0.700719,-0.186532,0.0464836,0.981136,0.0204042,-0.0693365,-0.00149193,0.556571,0.252443,0.117083,0.956188,-0.0909307
3.933410882949829,-3.78446,-5.58178,2.33995,-2.26727,-3.56171,3.64246,0.73058,-0.227008,0.700719,-0.186532,0.0464836,0.981136,0.0204042,-0.0693365,-0.00149193,0.556571,0.252443,0.117083,0.956188,-0.0909307
3.9539783000946045,-3.78446,-5.58178,2.33995,-2.26727,-3.56171,3.64246,0.73058,-0.227008,0.700719,-0.186532,0.0464836,0.981136,0.0204042,-0.0693365,-0.00149193,0.556571,0.252443,0.117083,0.956188,-0.0909307
3.9742181301116943,-3.78446,-5.58178,2.33995,-2.26727,-3.56171,3.64246,0.73058,-0.227008,0.700719,-0.186532,0.0464836,0.981136,0.0204042,-0.0693365,-0.00149193,0.556571,0.252443,0.117083,0.956188,-0.0909307
3.993609666824341,-3.78446,-5.58178,2.33995,-2.26727,-3.56171,3.64246,0.73058,-0.227008,0.700719,-0.186532,0.0464836,0.981136,0.0204042,-0.0693365,-0.00149193,0.556571,0.252443,0.117083,0.956188,-0.0909307
4.013871669769287,-3.78446,-5.58178,2.33995,-2.26727,-3.56171,3.64246,0.73058,-0.227008,0.700719,-0.186532,0.0464836,0.981136,0.0204042,-0.0693365,-0.00149193,0.556571,0.252443,0.117083,0.956188,-0.0909307
4.034313917160034,-3.78446,-5.58178,2.33995,-2.26727,-3.56171,3.64246,0.73058,-0.227008,0.700719,-0.186532,0.0464836,0.981136,0.0204042,-0.0693365,-0.00149193,0.556571,0.252443,0.117083,0.956188,-0.0909307
4.053978681564331,-3.78446,-5.58178,2.33995,-2.26727,-3.56171,3.64246,0.73058,-0.227008,0.700719,-0.186532,0.0464836,0.981136,0.0204042,-0.0693365,-0.00149193,0.556571,0.252443,0.117083,0.956188,-0.0909307
4.073607683181763,-3.78446,-5.58178,2.33995,-2.26727,-3.56171,3.64246,0.73058,-0.227008,0.700719,-0.186532,0.0464836,0.981136,0.0204042,-0.0693365,-0.00149193,0.556571,0.252443,0.117083,0.956188,-0.0909307
4.094220399856567,-3.78446,-5.58178,2.33995,-2.26727,-3.56171,3.64246,0.73058,-0.227008,0.700719,-0.186532,0.0464836,0.981136,0.0204042,-0.0693365,-0.00149193,0.556571,0.252443,0.117083,0.956188,-0.0909307
4.11373496055603,-3.78446,-5.58178,2.33995,-2.26727,-3.56171,3.64246,0.73058,-0.227008,0.700719,-0.186532,0.0464836,0.981136,0.0204042,-0.0693365,-0.00149193,0.556571,0.252443,0.117083,0.956188,-0.0909307
4.133930444717407,-3.78446,-5.58178,2.33995,-2.26727,-3.56171,3.64246,0.73058,-0.227008,0.700719,-0.186532,0.0464836,0.981136,0.0204042,-0.0693365,-0.00149193,0.556571,0.252443,0.117083,0.956188,-0.0909307
4.154271602630615,-3.78446,-5.58178,2.33995,-2.26727,-3.56171,3.64246,0.73058,-0.227008,0.700719,-0.186532,0.0464836,0.981136,0.0204042,-0.0693365,-0.00149193,0.556571,0.252443,0.117083,0.956188,-0.0909307
4.173665761947632,-3.78446,-5.58178,2.33995,-2.26727,-3.56171,3.64246,0.73058,-0.227008,0.700719,-0.186532,0.0464836,0.981136,0.0204042,-0.0693365,-0.00149193,0.556571,0.252443,0.117083,0.956188,-0.0909307
4.193427324295044,-3.78446,-5.58178,2.33995,-2.26727,-3.56171,3.64246,0.73058,-0.227008,0.700719,-0.186532,0.0464836,0.981136,0.0204042,-0.0693365,-0.00149193,0.556571,0.252443,0.117083,0.956188,-0.0909307
4.21402382850647,-3.78446,-5.58178,2.33995,-2.26727,-3.56171,3.64246,0.73058,-0.227008,0.700719,-0.186532,0.0464836,0.981136,0.0204042,-0.0693365,-0.00149193,0.556571,0.252443,0.117083,0.956188,-0.0909307
4.2334771156311035,-3.78446,-5.58178,2.33995,-2.26727,-3.56171,3.64246,0.73058,-0.227008,0.700719,-0.186532,0.0464836,0.981136,0.0204042,-0.0693365,-0.00149193,0.556571,0.252443,0.117083,0.956188,-0.0909307
4.2541515827178955,-3.78446,-5.58178,2.33995,-2.26727,-3.56171,3.64246,0.73058,-0.227008,0.700719,-0.186532,0.0464836,0.981136,0.0204042,-0.0693365,-0.00149193,0.556571,0.252443,0.117083,0.956188,-0.0909307
4.273476839065552,-3.78446,-5.58178,2.33995,-2.26727,-3.56171,3.64246,0.73058,-0.227008,0.700719,-0.186532,0.0464836,0.981136,0.0204042,-0.0693365,-0.00149193,0.556571,0.252443,0.117083,0.956188,-0.0909307
4.294085502624512,-3.78446,-5.58178,2.33995,-2.26727,-3.56171,3.64246,0.73058,-0.227008,0.700719,-0.186532,0.0464836,0.981136,0.0204042,-0.0693365,-0.00149193,0.556571,0.252443,0.117083,0.956188,-0.0909307
4.31336522102356,-3.78446,-5.58178,2.33995,-2.26727,-3.56171,3.64246,0.73058,-0.227008,0.700719,-0.186532,0.0464836,0.981136,0.0204042,-0.0693365,-0.00149193,0.556571,0.252443,0.117083,0.956188,-0.0909307
4.333975315093994,-3.78446,-5.58178,2.33995,-2.26727,-3.56171,3.64246,0.73058,-0.227008,0.700719,-0.186532,0.0464836,0.981136,0.0204042,-0.0693365,-0.00149193,0.556571,0.252443,0.117083,0.956188,-0.0909307
4.353670358657837,-3.78446,-5.58178,2.33995,-2.26727,-3.56171,3.64246,0.73058,-0.227008,0.700719,-0.186532,0.0464836,0.981136,0.0204042,-0.0693365,-0.00149193,0.556571,0.252443,0.117083,0.956188,-0.0909307
4.3740997314453125,-3.78446,-5.58178,2.33995,-2.26727,-3.56171,3.64246,0.73058,-0.227008,0.700719,-0.186532,0.0464836,0.981136,0.0204042,-0.0693365,-0.00149193,0.556571,0.252443,0.117083,0.956188,-0.0909307
4.393710374832153,-3.78446,-5.58178,2.33995,-2.26727,-3.56171,3.64246,0.73058,-0.227008,0.700719,-0.186532,0.0464836,0.981136,0.0204042,-0.0693365,-0.00149193,0.556571,0.252443,0.117083,0.956188,-0.0909307
4.414053440093994,-3.78446,-5.58178,2.33995,-2.26727,-3.56171,3.64246,0.73058,-0.227008,0.700719,-0.186532,0.0464836,0.981136,0.0204042,-0.0693365,-0.00149193,0.556571,0.252443,0.117083,0.956188,-0.0909307
4.433546781539917,-3.78446,-5.58178,2.33995,-2.26727,-3.56171,3.64246,0.73058,-0.227008,0.700719,-0.186532,0.0464836,0.981136,0.0204042,-0.0693365,-0.00149193,0.556571,0.252443,0.117083,0.956188,-0.0909307
4.454539060592651,-3.78446,-5.58178,2.33995,-2.26727,-3.56171,3.64246,0.73058,-0.227008,0.700719,-0.186532,0.0464836,0.981136,0.0204042,-0.0693365,-0.00149193,0.556571,0.252443,0.117083,0.956188,-0.0909307
4.473834276199341,-3.78446,-5.58178,2.33995,-2.26727,-3.56171,3.64246,0.73058,-0.227008,0.700719,-0.186532,0.0464836,0.981136,0.0204042,-0.0693365,-0.00149193,0.556571,0.252443,0.117083,0.956188,-0.0909307
4.493565082550049,-3.78446,-5.58178,2.33995,-2.26727,-3.56171,3.64246,0.73058,-0.227008,0.700719,-0.186532,0.0464836,0.981136,0.0204042,-0.0693365,-0.00149193,0.556571,0.252443,0.117083,0.956188,-0.0909307
4.5141921043396,-3.78446,-5.58178,2.33995,-2.26727,-3.56171,3.64246,0.73058,-0.227008,0.700719,-0.186532,0.0464836,0.981136,0.0204042,-0.0693365,-0.00149193,0.556571,0.252443,0.117083,0.956188,-0.0909307
4.533635139465332,-3.78446,-5.58178,2.33995,-2.26727,-3.56171,3.64246,0.73058,-0.227008,0.700719,-0.186532,0.0464836,0.981136,0.0204042,-0.0693365,-0.00149193,0.556571,0.252443,0.117083,0.956188,-0.0909307
4.553402423858643,-3.78446,-5.58178,2.33995,-2.26727,-3.56171,3.64246,0.73058,-0.227008,0.700719,-0.186532,0.0464836,0.981136,0.0204042,-0.0693365,-0.00149193,0.556571,0.252443,0.117083,0.956188,-0.0909307
4.573760032653809,-3.78446,-5.58178,2.33995,-2.26727,-3.56171,3.64246,0.73058,-0.227008,0.700719,-0.186532,0.0464836,0.981136,0.0204042,-0.0693365,-0.00149193,0.556571,0.252443,0.117083,0.956188,-0.0909307
4.593378782272339,-3.78446,-5.58178,2.33995,-2.26727,-3.56171,3.64246,0.73058,-0.227008,0.700719,-0.186532,0.0464836,0.981136,0.0204042,-0.0693365,-0.00149193,0.556571,0.252443,0.117083,0.956188,-0.0909307
4.613939523696899,-3.78446,-5.58178,2.33995,-2.26727,-3.56171,3.64246,0.73058,-0.227008,0.700719,-0.186532,0.0464836,0.981136,0.0204042,-0.0693365,-0.00149193,0.556571,0.252443,0.117083,0.956188,-0.0909307
4.633405685424805,-3.78446,-5.58178,2.33995,-2.26727,-3.56171,3.64246,0.73058,-0.227008,0.700719,-0.186532,0.0464836,0.981136,0.0204042,-0.0693365,-0.00149193,0.556571,0.252443,0.117083,0.956188,-0.0909307
4.654167890548706,-3.78446,-5.58178,2.33995,-2.26727,-3.56171,3.64246,0.73058,-0.227008,0.700719,-0.186532,0.0464836,0.981136,0.0204042,-0.0693365,-0.00149193,0.556571,0.252443,0.117083,0.956188,-0.0909307
4.6737120151519775,-3.78446,-5.58178,2.33995,-2.26727,-3.56171,3.64246,0.73058,-0.227008,0.700719,-0.186532,0.0464836,0.981136,0.0204042,-0.0693365,-0.00149193,0.556571,0.252443,0.117083,0.956188,-0.0909307
4.694226980209351,-3.78446,-5.58178,2.33995,-2.26727,-3.56171,3.64246,0.73058,-0.227008,0.700719,-0.186532,0.0464836,0.981136,0.0204042,-0.0693365,-0.00149193,0.556571,0.252443,0.117083,0.956188,-0.0909307
4.713603973388672,-3.78446,-5.58178,2.33995,-2.26727,-3.56171,3.64246,0.73058,-0.227008,0.700719,-0.186532,0.0464836,0.981136,0.0204042,-0.0693365,-0.00149193,0.556571,0.252443,0.117083,0.956188,-0.0909307
4.734203338623047,-3.78446,-5.58178,2.33995,-2.26727,-3.56171,3.64246,0.73058,-0.227008,0.700719,-0.186532,0.0464836,0.981136,0.0204042,-0.0693365,-0.00149193,0.556571,0.252443,0.117083,0.956188,-0.0909307
4.753451824188232,-3.78446,-5.58178,2.33995,-2.26727,-3.56171,3.64246,0.73058,-0.227008,0.700719,-0.186532,0.0464836,0.981136,0.0204042,-0.0693365,-0.00149193,0.556571,0.252443,0.117083,0.956188,-0.0909307
4.7743682861328125,-3.78446,-5.58178,2.33995,-2.26727,-3.56171,3.64246,0.73058,-0.227008,0.700719,-0.186532,0.0464836,0.981136,0.0204042,-0.0693365,-0.00149193,0.556571,0.252443,0.117083,0.956188,-0.0909307
4.793926000595093,-3.78446,-5.58178,2.33995,-2.26727,-3.56171,3.64246,0.73058,-0.227008,0.700719,-0.186532,0.0464836,0.981136,0.0204042,-0.0693365,-0.00149193,0.556571,0.252443,0.117083,0.956188,-0.0909307
4.813507795333862,-3.78446,-5.58178,2.33995,-2.26727,-3.56171,3.64246,0.73058,-0.227008,0.700719,-0.186532,0.0464836,0.981136,0.0204042,-0.0693365,-0.00149193,0.556571,0.252443,0.117083,0.956188,-0.0909307
4.8341145515441895,-3.78446,-5.58178,2.33995,-2.26727,-3.56171,3.64246,0.73058,-0.227008,0.700719,-0.186532,0.0464836,0.981136,0.0204042,-0.0693365,-0.00149193,0.556571,0.252443,0.117083,0.956188,-0.0909307
4.853329181671143,-3.78446,-5.58178,2.33995,-2.26727,-3.56171,3.64246,0.73058,-0.227008,0.700719,-0.186532,0.0464836,0.981136,0.0204042,-0.0693365,-0.00149193,0.556571,0.252443,0.117083,0.956188,-0.0909307
4.874104261398315,-3.78446,-5.58178,2.33995,-2.26727,-3.56171,3.64246,0.73058,-0.227008,0.700719,-0.186532,0.0464836,0.981136,0.0204042,-0.0693365,-0.00149193,0.556571,0.252443,0.117083,0.956188,-0.0909307
4.893816947937012,-3.78446,-5.58178,2.33995,-2.26727,-3.56171,3.64246,0.73058,-0.227008,0.700719,-0.186532,0.0464836,0.981136,0.0204042,-0.0693365,-0.00149193,0.556571,0.252443,0.117083,0.956188,-0.0909307
4.913362503051758,-3.78446,-5.58178,2.33995,-2.26727,-3.56171,3.64246,0.73058,-0.227008,0.700719,-0.186532,0.0464836,0.981136,0.0204042,-0.0693365,-0.00149193,0.556571,0.252443,0.117083,0.956188,-0.0909307
4.93430757522583,-3.78446,-5.58178,2.33995,-2.26727,-3.56171,3.64246,0.73058,-0.227008,0.700719,-0.186532,0.0464836,0.981136,0.0204042,-0.0693365,-0.00149193,0.556571,0.252443,0.117083,0.956188,-0.0909307
4.953943490982056,-3.78446,-5.58178,2.33995,-2.26727,-3.56171,3.64246,0.73058,-0.227008,0.700719,-0.186532,0.0464836,0.981136,0.0204042,-0.0693365,-0.00149193,0.556571,0.252443,0.117083,0.956188,-0.0909307
4.9737489223480225,-3.78446,-5.58178,2.33995,-2.26727,-3.56171,3.64246,0.73058,-0.227008,0.700719,-0.186532,0.0464836,0.981136,0.0204042,-0.0693365,-0.00149193,0.556571,0.252443,0.117083,0.956188,-0.0909307
4.993873357772827,-3.78446,-5.58178,2.33995,-2.26727,-3.56171,3.64246,0.73058,-0.227008,0.700719,-0.186532,0.0464836,0.981136,0.0204042,-0.0693365,-0.00149193,0.556571,0.252443,0.117083,0.956188,-0.0909307
5.013432025909424,-3.78446,-5.58178,2.33995,-2.26727,-3.56171,3.64246,0.73058,-0.227008,0.700719,-0.186532,0.0464836,0.981136,0.0204042,-0.0693365,-0.00149193,0.556571,0.252443,0.117083,0.956188,-0.0909307
5.034182071685791,-3.78446,-5.58178,2.33995,-2.26727,-3.56171,3.64246,0.73058,-0.227008,0.700719,-0.186532,0.0464836,0.981136,0.0204042,-0.0693365,-0.00149193,0.556571,0.252443,0.117083,0.956188,-0.0909307
5.053530693054199,-3.78446,-5.58178,2.33995,-2.26727,-3.56171,3.64246,0.73058,-0.227008,0.700719,-0.186532,0.0464836,0.981136,0.0204042,-0.0693365,-0.00149193,0.556571,0.252443,0.117083,0.956188,-0.0909307
5.074215888977051,-3.78446,-5.58178,2.33995,-2.26727,-3.56171,3.64246,0.73058,-0.227008,0.700719,-0.186532,0.0464836,0.981136,0.0204042,-0.0693365,-0.00149193,0.556571,0.252443,0.117083,0.956188,-0.0909307
