# Timestamp, Fx, Fy, Fz, Tx, Ty, Tz, FemurPosX, FemurPosY, FemurPosZ, FemurQuatW, FemurQuatX, FemurQuatY, FemurQuatZ, TibiaPosX, TibiaPosY, TibiaPosZ, TibiaQuatW, TibiaQuatX, TibiaQuatY, TibiaQuatZ
0.018486738204956055,-3.9754461770540486,-5.691550029515301,-5.022476502932455,2.341696927921432,-1.5896427757668068,-0.9359510702835907,0.0,50.0,20.0,1.0,0.0,0.0,0.0,-418.2093627421445,70.0,52.40303217877842,0.9939742648107686,0.0,0.10961368935444195,0.0
0.04064607620239258,-3.510067408159263,-4.899875038246831,-4.844522722073947,2.1575997287630466,-1.459932606935407,-1.120025670160164,0.0,50.0,20.0,1.0,0.0,0.0,0.0,-418.2093627421445,70.0,52.40303217877842,0.9939742648107686,0.0,0.10961368935444195,0.0
0.08382749557495117,-2.980062301223698,-4.9656051476214005,-4.655158416708196,2.179405919949886,-1.470743230433912,-1.083988258187151,0.0,50.0,20.0,1.0,0.0,0.0,0.0,-420.8185627600199,70.0,51.856877645915986,0.995346980590397,0.0,0.09635553035285478,0.0
0.11705279350280762,-2.5757671797785013,-5.350905157144009,-4.515427623631274,2.1196936486355966,-1.5962162000724385,-1.210986191628753,0.0,50.0,20.0,1.0,0.0,0.0,0.0,-422.0735806937689,70.0,51.61990297393896,0.9959420089193473,0.0,0.08999730479128128,0.0
0.1339256763458252,-2.6325427096103278,-5.260204300876361,-4.947005969121899,2.25325094184931,-1.5532072090468232,-1.1422061069005833,0.0,50.0,20.0,1.0,0.0,0.0,0.0,-423.29383560247754,70.0,51.40535475431258,0.9964804193903848,0.0,0.0838258538373628,0.0
0.16703009605407715,-2.5711658110632856,-4.992401090262782,-4.805643463726818,2.2294065926645494,-1.7296467276915506,-1.260255719264558,0.0,50.0,20.0,1.0,0.0,0.0,0.0,-424.4781208117814,70.0,51.211988245200786,0.9969654250644784,0.0,0.077845624321499,0.0
0.20035028457641602,-1.9803828623453514,-4.405944080302401,-5.5683703776717675,2.0526991062667044,-1.641948094522907,-1.3659154928904418,0.0,50.0,20.0,1.0,0.0,0.0,0.0,-425.6252892036213,70.0,51.03855452995609,0.9974002342842213,0.0,0.07206089542727344,0.0
0.2337665557861328,-2.6369259172795587,-5.1376058826167865,-5.280876950107186,2.1381823340260815,-1.4759412270200438,-1.3336982161795836,0.0,50.0,20.0,1.0,0.0,0.0,0.0,-427.8039825471826,70.0,50.7465005237066,0.9981320039861796,0.0,0.06109421100671495,0.0
0.26694583892822266,-3.3852546028837023,-5.232648091341559,-6.0174198680556215,2.055006924288488,-1.5553121223627493,-1.4192927892116753,0.0,50.0,20.0,1.0,0.0,0.0,0.0,-428.8335068688233,70.0,50.62540852334847,0.9984352544773535,0.0,0.0559199661725787,0.0
0.30030179023742676,-2.770025786795361,-5.638571179959553,-6.2449322852038085,2.006681565759874,-1.3618390817153436,-1.224826698406362,0.0,50.0,20.0,1.0,0.0,0.0,0.0,-429.8219114244943,70.0,50.51931588017119,0.9987008664255499,0.0,0.05095664236246262,0.0
0.3171498775482178,-3.383621784173405,-5.350154520951777,-6.827885842925706,2.1363587406620947,-1.2115018426359598,-1.408785122401816,0.0,50.0,20.0,1.0,0.0,0.0,0.0,-430.768337676787,70.0,50.42702971815007,0.9989318552380085,0.0,0.04620766809470426,0.0
0.3505082130432129,-3.9158010271428054,-5.159286963470456,-6.441538736949077,2.0763449697310667,-1.0116386240651822,-1.580937973287193,0.0,50.0,20.0,1.0,0.0,0.0,0.0,-432.5320930325713,70.0,50.27923804179076,0.9993016610568833,0.0,0.037365628710806176,0.0
0.38396453857421875,-3.683333665268602,-4.649747127300238,-6.675472648649991,2.2578002867916642,-0.8884433407269665,-1.5932828684639035,0.0,50.0,20.0,1.0,0.0,0.0,0.0,-433.3479728695641,70.0,50.22149261962301,0.9994461150566772,0.0,0.03327856815001311,0.0
0.4172394275665283,-3.318205813172159,-4.762707069335405,-6.5707055657629745,2.280694862504235,-1.0374318841588164,-1.7584624272647145,0.0,50.0,20.0,1.0,0.0,0.0,0.0,-434.1189729393031,70.0,50.17308218365474,0.9995672008833254,0.0,0.029417867330479602,0.0
0.43712711334228516,-2.791355640363368,-4.0186673780349835,-5.866316659413627,2.1797860182310758,-0.894941888701593,-1.6274090614480017,0.0,50.0,20.0,1.0,0.0,0.0,0.0,-434.8444937620072,70.0,50.13298464743218,0.9996674830976744,0.0,0.025786105505890115,0.0
0.4671289920806885,-3.563109366123165,-4.101444793144821,-6.354044362231882,2.070671310738803,-1.0660106366138424,-1.6184037955274113,0.0,50.0,20.0,1.0,0.0,0.0,0.0,-435.5239831047875,70.0,50.100223860342055,0.999749408951208,0.0,0.022385694130632884,0.0
0.500490665435791,-3.5467557052426266,-3.4820568201675925,-6.380309962063039,2.2475390982599572,-1.1296041381800164,-1.7994054950268727,0.0,50.0,20.0,1.0,0.0,0.0,0.0,-436.7428851036452,70.0,50.05305806303055,0.9998673460438876,0.0,0.01628773511427284,0.0
0.53373122215271,-3.2682087997610365,-4.039639748225632,-5.965005284976864,2.2185079908031065,-1.0720122516482782,-1.9403543919512152,0.0,50.0,20.0,1.0,0.0,0.0,0.0,-437.281415254289,70.0,50.03696034543374,0.9999075948670614,0.0,0.013594179900555852,0.0
0.5671122074127197,-3.0771152434723956,-4.31004692471422,-6.558425361394714,2.311276128784563,-1.1129563740234167,-2.104515571800266,0.0,50.0,20.0,1.0,0.0,0.0,0.0,-437.77214584750135,70.0,50.02481975072416,0.9999379486980076,0.0,0.011139962011640267,0.0
0.5885059833526611,-3.5240142864389434,-3.794700264175643,-6.6167997270154935,2.287852349411878,-1.2014433875629682,-2.2956998954334895,0.0,50.0,20.0,1.0,0.0,0.0,0.0,-438.21473744562854,70.0,50.0159370818931,0.999960156501515,0.0,0.008926668441557765,0.0
0.6338415145874023,-3.794038091228314,-3.818220697384303,-7.355545063397404,2.1789051897443965,-1.181909276386251,-2.396796083157783,0.0,50.0,20.0,1.0,0.0,0.0,0.0,-438.9543355600312,70.0,50.005467220057554,0.999986331856447,0.0,0.005228393662278934,0.0
0.6508791446685791,-4.374321001845691,-3.1571787309360078,-7.556379311983609,2.2112979642894666,-1.0706047012215658,-2.5,0.0,50.0,20.0,1.0,0.0,0.0,0.0,-439.2508491336501,70.0,50.00280617447585,0.999992984539202,0.0,0.0037457806101266707,0.0
0.6838769912719727,-3.9834193393401343,-2.6588221150656115,-7.744952707065509,2.3952463822914067,-1.2461994063844066,-2.5,0.0,50.0,20.0,1.0,0.0,0.0,0.0,-439.4982356070848,70.0,50.00125884545345,0.9999968528814142,0.0,0.0025088298601612757,0.0
0.7170090675354004,-3.7306426715723524,-1.9406316207049332,-7.8543085700767525,2.2500072705678047,-1.4267870494238593,-2.5,0.0,50.0,20.0,1.0,0.0,0.0,0.0,-439.69633483890846,70.0,50.0004610637132,0.9999988473400527,0.0,0.0015183275555730436,0.0
0.7504937648773193,-4.081302847499041,-1.840814250510583,-7.718657681752187,2.2328589030275694,-1.433392601629421,-2.5,0.0,50.0,20.0,1.0,0.0,0.0,0.0,-439.8450196752118,70.0,50.00012009457747,0.9999996997635112,0.0,0.0007749018565948124,0.0
0.7837998867034912,-4.418749072630183,-2.4412533465913553,-7.131012525113382,2.1090832994713984,-1.4675646508841962,-2.469530309151413,0.0,50.0,20.0,1.0,0.0,0.0,0.0,-439.9937988262733,70.0,50.00000019227278,0.9999999995193181,0.0,3.100586864840267e-05,0.0
0.8170123100280762,-5.084145749325645,-3.189866331422261,-7.735552137180196,2.0872579314369704,-1.334288735848542,-2.4773308713132978,0.0,50.0,20.0,1.0,0.0,0.0,0.0,-439.99379882627215,70.0,50.00000019227278,0.9999999995193181,0.0,3.100586865407046e-05,0.0
0.8338401317596436,-5.848586616203156,-3.8751437734800303,-7.18094263456335,1.8951519897554305,-1.33952874627645,-2.5,0.0,50.0,20.0,1.0,0.0,0.0,0.0,-439.9441953145822,70.0,50.000015570815776,0.9999999610729597,0.0,0.00027902343795042136,0.0
0.8669314384460449,-6.055098672484816,-4.157742048195595,-7.289191214423162,2.0336120439547125,-1.3224485298504371,-2.4212670279397206,0.0,50.0,20.0,1.0,0.0,0.0,0.0,-439.8450196752062,70.0,50.00012009457748,0.9999996997635112,0.0,0.0007749018566230206,0.0
0.900385856628418,-6.2657222364113565,-4.655513940478393,-7.820093763501995,2.2168747631322425,-1.3210508370769687,-2.4446983540641165,0.0,50.0,20.0,1.0,0.0,0.0,0.0,-439.69633483890055,70.0,50.00046106371323,0.9999988473400526,0.0,0.001518327555612718,0.0
0.9337477684020996,-6.012101656683077,-5.406144425600054,-7.9141269296482335,2.2799324011064135,-1.1447023672185828,-2.5,0.0,50.0,20.0,1.0,0.0,0.0,0.0,-439.25084913363764,70.0,50.002806174475936,0.9999929845392018,0.0,0.003745780610188929,0.0
0.96710205078125,-5.251587855308356,-6.007352269684241,-7.3353739624813405,2.4597740552606204,-1.083770806058404,-2.5,0.0,50.0,20.0,1.0,0.0,0.0,0.0,-438.9543355600166,70.0,50.00546722005771,0.9999863318564467,0.0,0.005228393662352004,0.0
0.9850859642028809,-5.773930673831439,-5.394408685038513,-7.35938183169661,2.5,-1.1255041384878988,-2.3935986444049777,0.0,50.0,20.0,1.0,0.0,0.0,0.0,-438.6088887970084,70.0,50.00967642006097,0.999975808657237,0.0,0.006955724283268544,0.0
1.017134428024292,-5.883266126278252,-6.065503370153065,-7.075900514373778,2.5,-1.194210656162881,-2.5,0.0,50.0,20.0,1.0,0.0,0.0,0.0,-438.2147374456094,70.0,50.01593708189344,0.9999601565015142,0.0,0.008926668441653591,0.0
1.0503771305084229,-5.98677781290272,-5.739339481451044,-6.376110302596176,2.306103486683705,-1.3474567953031413,-2.5,0.0,50.0,20.0,1.0,0.0,0.0,0.0,-437.2814152542656,70.0,50.036960345434366,0.9999075948670598,0.0,0.013594179900673034,0.0
1.0838966369628906,-5.774684036318465,-5.693627581404052,-6.039390010409058,2.3599730028881725,-1.3776526312146742,-2.369121876787611,0.0,50.0,20.0,1.0,0.0,0.0,0.0,-436.74288510361964,70.0,50.05305806303137,0.9998673460438855,0.0,0.01628773511440087,0.0
1.1171202659606934,-5.753266037158702,-5.2888095152513825,-5.6206191053291406,2.3649025602777467,-1.5333635923455242,-2.5,0.0,50.0,20.0,1.0,0.0,0.0,0.0,-436.156934388461,70.0,50.073873052612484,0.9998153003114814,0.0,0.019218877778434305,0.0
1.1368772983551025,-6.220737070903548,-5.548725210077193,-5.669042701730233,2.349909878185849,-1.621129468912871,-2.49111184708237,0.0,50.0,20.0,1.0,0.0,0.0,0.0,-435.5239831047574,70.0,50.10022386034339,0.9997494089512047,0.0,0.02238569413078326,0.0
1.1670780181884766,-6.659038829553134,-5.809467111906087,-5.374022334463991,2.3113226855928803,-1.435338427453288,-2.5,0.0,50.0,20.0,1.0,0.0,0.0,0.0,-434.84449376197495,70.0,50.132984647433844,0.9996674830976703,0.0,0.025786105506051156,0.0
1.2003586292266846,-7.4074577607647765,-5.180282767009822,-5.814117769807783,2.4847445945508286,-1.3092255485438389,-2.432267402497989,0.0,50.0,20.0,1.0,0.0,0.0,0.0,-433.3479728695278,70.0,50.22149261962544,0.9994461150566711,0.0,0.03327856815019512,0.0
1.2337257862091064,-7.386217736455753,-5.107106924393574,-6.55066388100146,2.5,-1.1662978179030143,-2.2661655714196196,0.0,50.0,20.0,1.0,0.0,0.0,0.0,-432.53209303253294,70.0,50.27923804179363,0.9993016610568761,0.0,0.03736562871099844,0.0
1.2668778896331787,-7.2977125167958175,-5.178483853828248,-6.150349992968133,2.5,-1.1299376489098698,-2.1889289562908365,0.0,50.0,20.0,1.0,0.0,0.0,0.0,-431.67198173776063,70.0,50.347382814981685,0.9991311655258741,0.0,0.04167630111836249,0.0
1.300384283065796,-6.792683665557275,-4.590759779094877,-5.379658198592707,2.5,-1.32973297606405,-2.3508725763640497,0.0,50.0,20.0,1.0,0.0,0.0,0.0,-430.76833767674486,70.0,50.427029718153975,0.9989318552379988,0.0,0.046207668094915444,0.0
1.3337090015411377,-6.147260383836395,-4.805472897308289,-5.281750012311347,2.375350345509302,-1.5223330103966302,-2.4871288017526076,0.0,50.0,20.0,1.0,0.0,0.0,0.0,-428.8335068687771,70.0,50.62540852335367,0.9984352544773405,0.0,0.0559199661728108,0.0
1.350900650024414,0.22239856296504712,-3.648193671868082,-11.550422312934,1.727319323033858,-1.6642666538866635,-0.21858879999923309,0.0,50.0,20.0,1.0,0.0,0.0,0.0,-427.8039825471345,70.0,50.74650052371251,0.9981320039861649,0.0,0.061094211006956646,0.0
1.3838069438934326,0.009063463643226632,-3.085285995992601,-10.949245332058869,1.7843111068653246,-1.781164386790117,-0.2940457595958209,0.0,50.0,20.0,1.0,0.0,0.0,0.0,-426.73425286900715,70.0,50.883805798161546,0.9977880391191268,0.0,0.06647577747426286,0.0
1.4171111583709717,-0.5428096442052575,-2.3369923984071566,-11.344321534077094,1.8275891338296195,-1.6357335750881898,-0.18850904231929927,0.0,50.0,20.0,1.0,0.0,0.0,0.0,-425.62528920357,70.0,51.03855452996355,0.9974002342842027,0.0,0.07206089542753216,0.0
1.4410395622253418,-0.7169275856343849,-2.6375403651270757,-11.567672288388064,1.818009259209194,-1.8312813229809866,0.0028592712773020112,0.0,50.0,20.0,1.0,0.0,0.0,0.0,-424.478120811728,70.0,51.211988245209184,0.9969654250644573,0.0,0.0778456243217684,0.0
1.4838545322418213,-0.601361986990201,-3.324025983896492,-11.952578448652988,1.7887678245943954,-1.9177731280166492,-0.06638979094975117,0.0,50.0,20.0,1.0,0.0,0.0,0.0,-422.07358069371224,70.0,51.61990297394928,0.9959420089193214,0.0,0.08999730479156816,0.0
1.5171072483062744,-1.21803301993581,-3.240689464277738,-12.168068485479628,1.7821910951416702,-2.073536493311398,-0.12868946490654223,0.0,50.0,20.0,1.0,0.0,0.0,0.0,-420.81856275996205,70.0,51.8568776459273,0.9953469805903685,0.0,0.09635553035314832,0.0
1.5336968898773193,-0.985682742946461,-3.5325406588118518,-12.28506376920254,1.6127265503638224,-2.1312369021611026,0.02125683982558743,0.0,50.0,20.0,1.0,0.0,0.0,0.0,-419.5300481474738,70.0,52.11751397131734,0.9946921283208254,0.0,0.10289591758950714,0.0
1.5671520233154297,-0.7271316608398037,-3.7592281454432532,-12.790106459382256,1.6757174847344878,-2.279857504947793,-0.032914310147607345,0.0,50.0,20.0,1.0,0.0,0.0,0.0,-418.20936274208333,70.0,52.40303217879209,0.9939742648107343,0.0,0.10961368935475359,0.0
1.5929245948791504,-0.24832840321372185,-4.065140440073968,-13.0,1.738359821939007,-2.112279282352131,-0.13052454808245878,0.0,50.0,20.0,1.0,0.0,0.0,0.0,-416.85789157358266,70.0,52.71463204787709,0.9931902334198693,0.0,0.11650390654130631,0.0
1.624286413192749,-0.06023289868079207,-3.456241924781777,-12.286930879066391,1.6593636066684214,-2.2377257013306453,-0.15291007942081136,0.0,50.0,20.0,1.0,0.0,0.0,0.0,-414.06842346327414,70.0,53.420740641067624,0.9914112652147251,0.0,0.13078112709920375,0.0
1.654667615890503,0.6490236629226265,-4.227839784291675,-12.23472271953937,1.5587450555635631,-2.3929165448900753,-0.12821444452249184,0.0,50.0,20.0,1.0,0.0,0.0,0.0,-412.6334847957581,70.0,53.81749719634034,0.9904102756021357,0.0,0.13815746806344473,0.0
1.6848888397216797,1.044222405225258,-4.837632074382119,-11.935940854797504,1.3778104679767038,-2.3270515045907514,-0.16208562573865606,0.0,50.0,20.0,1.0,0.0,0.0,0.0,-411.1738740868126,70.0,54.244820167068426,0.9893310361879172,0.0,0.14568493688553436,0.0
1.7170467376708984,0.7897804923534278,-4.117040041348965,-11.141324889937861,1.3506722546917702,-2.3944933741644485,-0.25944101559681004,0.0,50.0,20.0,1.0,0.0,0.0,0.0,-409.69125608601405,70.0,54.70372492926903,0.9881707217650475,0.0,0.15335783203457573,0.0
1.7505097389221191,1.0532585317414802,-4.599794450042339,-10.474170976012214,1.2830798854220251,-2.3929925870797017,-0.36348405769410264,0.0,50.0,20.0,1.0,0.0,0.0,0.0,-406.66390772495896,70.0,55.720071320402724,0.9855960853199379,0.0,0.1691163995655467,0.0
1.7838103771209717,0.3760425236260899,-4.760321009279951,-11.14029494486497,1.3199030942454455,-2.5,-0.18322929669512383,0.0,50.0,20.0,1.0,0.0,0.0,0.0,-405.1227495178541,70.0,56.27925843866977,0.9841766649370687,0.0,0.17718998897609542,0.0
1.8172054290771484,0.20743974671839216,-4.075875114200626,-11.593168439717713,1.328647441365217,-2.5,-0.26424199107815005,0.0,50.0,20.0,1.0,0.0,0.0,0.0,-403.56572234486,70.0,56.87350853947001,0.9826659947828916,0.0,0.18538485023687895,0.0
1.8505432605743408,0.33628285112108114,-4.019587257317825,-11.500313835507818,1.3029559784833689,-2.5,-0.06950280717396867,0.0,50.0,20.0,1.0,0.0,0.0,0.0,-401.9947156776146,70.0,57.50352242612347,0.9810618675034631,0.0,0.19369463629800723,0.0
1.8670380115509033,0.2984558523932238,-3.6693196791188147,-11.964487701745403,1.2869678975615058,-2.381956378562777,-0.207330557722396,0.0,50.0,20.0,1.0,0.0,0.0,0.0,-400.4116538867013,70.0,58.16992403349724,0.9793622311650138,0.0,0.2021128896619071,0.0
1.9003100395202637,0.8960646969097891,-3.4676125880411255,-11.164818661574337,1.2132811942751396,-2.5,-0.18871937034252934,0.0,50.0,20.0,1.0,0.0,0.0,0.0,-397.2172123618263,70.0,59.61397739745968,0.9756690591654025,0.0,0.21924845948671662,0.0
1.9338552951812744,0.5323290144439417,-3.883471299100224,-11.13849848201085,1.3638589636408516,-2.5,-0.29666756672492006,0.0,50.0,20.0,1.0,0.0,0.0,0.0,-395.60981808949595,70.0,60.39245706999684,0.9736722829833536,0.0,0.22795237517951902,0.0
1.967111587524414,0.8930875175068593,-3.946260165430188,-11.795572318071445,1.4150327632995365,-2.4331737641874533,-0.4270453484572728,0.0,50.0,20.0,1.0,0.0,0.0,0.0,-393.9983302106437,70.0,61.20897355818536,0.9715735341234204,0.0,0.23673797285380063,0.0
1.9885778427124023,0.6830656928631642,-3.6455945381585977,-11.881443810461601,1.2516280316437491,-2.454318256385066,-0.4280803606441842,0.0,50.0,20.0,1.0,0.0,0.0,0.0,-392.38478163650205,70.0,62.063710675305344,0.9693716762024117,0.0,0.2455983578457453,0.0
2.0338869094848633,1.172041861707896,-3.0432908391456124,-11.758452110351564,1.4157362641983084,-2.2683496731084904,-0.259214968135484,0.0,50.0,20.0,1.0,0.0,0.0,0.0,-389.1596627999896,70.0,63.888095402614425,0.9646551316335429,0.0,0.26351561056808787,0.0
2.0508577823638916,0.4390282672861816,-2.9132548613003273,-11.649566916315862,1.5325870960353232,-2.2957283692590607,-0.3320689741514896,0.0,50.0,20.0,1.0,0.0,0.0,0.0,-387.55217070492415,70.0,64.8576180610703,0.9621392361267929,0.0,0.2725584163172209,0.0
2.083859443664551,0.5409418598032661,-3.5130345186257417,-11.15381291923157,1.378523987864662,-2.20036197902338,-0.23990804780087016,0.0,50.0,20.0,1.0,0.0,0.0,0.0,-385.95076299288394,70.0,65.86510843325112,0.9595178256987956,0.0,0.28164790460121586,0.0
2.117125988006592,0.7195488882264519,-3.23782918096055,-11.861000724892904,1.2467789996440881,-2.088863720538588,-0.32160416484470467,0.0,50.0,20.0,1.0,0.0,0.0,0.0,-384.3574512087694,70.0,66.9102487426065,0.9567908634006532,0.0,0.29077696558192584,0.0
2.1411120891571045,1.340247461524449,-3.59925555226235,-12.556081143899291,1.195422139792946,-2.286658468586484,-0.47938492746370276,0.0,50.0,20.0,1.0,0.0,0.0,0.0,-382.77422543876645,70.0,67.99261785749482,0.9539585476908973,0.0,0.2999384758370858,0.0
2.1838021278381348,1.797467260109909,-3.026852098032358,-12.428202017114401,1.0096147719164854,-2.3649756311798775,-0.515565887021282,0.0,50.0,20.0,1.0,0.0,0.0,0.0,-379.64584980021476,70.0,70.26684156725155,0.9479798479734378,0.0,0.318330343882354,0.0
2.2169487476348877,1.570868005058169,-2.8309511912419163,-13.0,0.9563384927954339,-2.3144012444065427,-0.6243266924385455,0.0,50.0,20.0,1.0,0.0,0.0,0.0,-378.10452007248205,70.0,71.45733920637635,0.9448350670715595,0.0,0.32754647919323104,0.0
2.2342212200164795,2.286024935840845,-3.401152605122327,-12.273038315682646,1.0332094895553263,-2.4609148252164443,-0.7409205867087002,0.0,50.0,20.0,1.0,0.0,0.0,0.0,-376.58090506524456,70.0,72.68235390509824,0.9415881427006761,0.0,0.3367666395673586,0.0
2.2669641971588135,2.418442057393157,-3.9995159077923974,-11.804380752438504,1.1338841489727973,-2.5,-0.8633962521064401,0.0,50.0,20.0,1.0,0.0,0.0,0.0,-375.0768001741509,70.0,73.94095632751574,0.9382404906858482,0.0,0.3459837881138056,0.0
2.300424098968506,2.714749294133779,-3.8504579535081787,-11.62763747377437,1.2467026524574292,-2.4440715202851258,-0.9097670954920313,0.0,50.0,20.0,1.0,0.0,0.0,0.0,-373.59394487690577,70.0,75.23212024546524,0.9347937733921177,0.0,0.35519093629669973,0.0
2.333740472793579,2.051513295075405,-4.288688146521038,-11.787560165961375,1.4319713171241304,-2.320107794020838,-1.0568039806196992,0.0,50.0,20.0,1.0,0.0,0.0,0.0,-370.69862955294616,70.0,77.90755896655871,0.927611020399826,0.0,0.37354758041351777,0.0
2.3670475482940674,2.2904496418200946,-3.6344246752470974,-11.064081523177945,1.5547363572169974,-2.1357231600005084,-0.9519718514374611,0.0,50.0,20.0,1.0,0.0,0.0,0.0,-369.2893218812996,70.0,79.2893218813909,0.9238795325111632,0.0,0.38268343236538804,0.0
2.384960412979126,2.582758240105756,-3.694892273080729,-10.860662628433953,1.686165711626339,-2.067863066789347,-0.9236371656095665,0.0,50.0,20.0,1.0,0.0,0.0,0.0,-367.9075589664696,70.0,80.69862955303883,0.9200580700340636,0.0,0.39178201562245574,0.0
2.417039155960083,1.8153074667607512,-4.316018043120887,-11.262784682133978,1.8119349836371264,-2.0194171203150915,-0.9110347253835425,0.0,50.0,20.0,1.0,0.0,0.0,0.0,-366.55472510114083,70.0,82.13401739434543,0.9161495036446141,0.0,0.40083673356084415,0.0
2.4503607749938965,2.421010046596311,-5.012635497762601,-11.04602651898519,1.7722113479525916,-2.1411322024466344,-0.9666517763204723,0.0,50.0,20.0,1.0,0.0,0.0,0.0,-363.94095632743233,70.0,85.07680017424865,0.9080836961033696,0.0,0.41878873059245897,0.0
2.483798027038574,2.7392504651500578,-4.978201751476418,-10.438655789286464,1.850904654369483,-1.9629102587057692,-1.124054132607413,0.0,50.0,20.0,1.0,0.0,0.0,0.0,-362.6823539050173,70.0,86.5809050653432,0.903933335303707,0.0,0.42767338627358614,0.0
2.51692795753479,3.515719804048369,-4.22801532184257,-10.171308878312816,1.7610179515760405,-1.7832714230425304,-0.9405612019049492,0.0,50.0,20.0,1.0,0.0,0.0,0.0,-361.45733920629766,70.0,88.10452007258193,0.8997096196201807,0.0,0.436488946438406,0.0
2.5502700805664062,3.8599484410396805,-4.234018329772852,-10.313501447316307,1.743041173892695,-1.8108617257687067,-1.0182765782108383,0.0,50.0,20.0,1.0,0.0,0.0,0.0,-360.2668415671751,70.0,89.64584980031574,0.8954165237465865,0.0,0.4452294341141191,0.0
2.567039728164673,4.619920934504523,-3.8351657744637175,-9.990550833348056,1.8071507214119684,-1.9502990068610866,-1.0365152692621407,0.0,50.0,20.0,1.0,0.0,0.0,0.0,-359.1116912789206,70.0,91.20304844429981,0.89105822356258,0.0,0.4538890197190268,0.0
2.600501775741577,5.003177816336029,-4.385014659653061,-9.33942873759084,2.0029863483350105,-1.887313755312159,-0.9838399177340557,0.0,50.0,20.0,1.0,0.0,0.0,0.0,-356.9102487425372,70.0,94.3574512088729,0.8821636718634674,0.0,0.47094294351265586,0.0
2.6337220668792725,4.809774639398825,-4.3818957940278995,-9.772255867795584,1.9869781043203487,-1.793253948029102,-1.0984384566866208,0.0,50.0,20.0,1.0,0.0,0.0,0.0,-355.8651084331843,70.0,95.95076299298799,0.8776367044711952,0.0,0.4793264179710314,0.0
2.6669669151306152,4.152020427681532,-3.915610780604154,-10.261428631015885,2.0053620814101407,-1.8228591870052373,-1.1836048900739724,0.0,50.0,20.0,1.0,0.0,0.0,0.0,-354.8576180610059,70.0,97.55217070502869,0.8730630827579737,0.0,0.4876072738640631,0.0
2.7003729343414307,4.357715897995515,-3.3502134328171973,-9.562315753962622,2.1957624340467,-1.9389065410973323,-1.2664380796820192,0.0,50.0,20.0,1.0,0.0,0.0,0.0,-353.88809540255227,70.0,99.15966280009489,0.8684478602653849,0.0,0.49578050990380257,0.0
2.7339162826538086,4.14799412936445,-3.5851632640854962,-9.101943142185837,2.270378638496106,-2.040027843922523,-1.2960759360304301,0.0,50.0,20.0,1.0,0.0,0.0,0.0,-352.06371067524844,70.0,102.38478163660716,0.8591135500135965,0.0,0.5117850214524022,0.0
2.7507362365722656,4.670389658974955,-3.280264301564369,-9.053479327208956,2.436206093330868,-1.9506637329314886,-1.3800081489018348,0.0,50.0,20.0,1.0,0.0,0.0,0.0,-351.20897355813094,70.0,103.99833021074878,0.8544052603690219,0.0,0.5196072084312764,0.0
2.7838573455810547,4.117376569492361,-3.0109774877779807,-8.364691343389364,2.3671780588993845,-2.0193862137551966,-1.4213676968444193,0.0,50.0,20.0,1.0,0.0,0.0,0.0,-350.3924570699449,70.0,105.60981808960082,0.8496769442276257,0.0,0.5273036036743957,0.0
2.816998243331909,3.836329137097031,-2.364546216613963,-7.792636090448658,2.393973296472016,-1.9290046471055349,-1.264537438047222,0.0,50.0,20.0,1.0,0.0,0.0,0.0,-349.61397739741,70.0,107.21721236193127,0.8449342803972055,0.0,0.5348701354624844,0.0
2.850457191467285,4.230787157256686,-2.203478581735404,-7.599475130632886,2.287355381598367,-1.9981124372590293,-1.1908257398531377,0.0,50.0,20.0,1.0,0.0,0.0,0.0,-348.8732563129247,70.0,108.81849219625286,0.8401830389972983,0.0,0.5423029236333364,0.0
2.8837697505950928,4.862373138237824,-2.4640332422879343,-7.425442833746306,2.202627525290922,-1.809201263155518,-1.2057761261669335,0.0,50.0,20.0,1.0,0.0,0.0,0.0,-347.50352242608125,70.0,111.99471567771735,0.8306782900807106,0.0,0.5567527084699155,0.0
2.9170961380004883,5.354379442669867,-2.4323843104855722,-7.836247687553489,2.324386712722786,-1.9820910851006592,-1.080245439161565,0.0,50.0,20.0,1.0,0.0,0.0,0.0,-346.87350853942996,70.0,113.56572234496235,0.825936673283847,0.0,0.5637629038211114,0.0
2.933806896209717,5.104486048059316,-2.097020220417037,-7.823669330434848,2.2015804661706855,-2.1773895196782487,-0.9536035840378592,0.0,50.0,20.0,1.0,0.0,0.0,0.0,-346.2792584386322,70.0,115.12274951795503,0.8212102364256213,0.0,0.5706257508996375,0.0
2.9670586585998535,4.520363798016873,-2.2464989314596835,-7.179696177939675,2.150811121306036,-2.3362033758122793,-0.8291460728553226,0.0,50.0,20.0,1.0,0.0,0.0,0.0,-345.7200713203674,70.0,116.66390772505879,0.8165050283829892,0.0,0.5773383224984238,0.0
2.9929394721984863,4.528292982213123,-1.5835426122867902,-6.692924053416074,2.3101529425125813,-2.396672236733528,-0.9917315652701233,0.0,50.0,20.0,1.0,0.0,0.0,0.0,-345.1951738833964,70.0,118.18734614967559,0.8118271178345929,0.0,0.5838978769856746,0.0
3.025007963180542,4.918659961390071,-1.6109190846044472,-6.914180794541361,2.4362738133476656,-2.4631824968827383,-1.13968251068938,0.0,50.0,20.0,1.0,0.0,0.0,0.0,-344.24482016703956,70.0,121.17387408690847,0.8025774913149868,0.0,0.5965478777386961,0.0
3.0545754432678223,5.663934874124008,-1.8042405991346193,-7.473167156740725,2.4463821382309474,-2.4723397178789654,-0.942456179840284,0.0,50.0,20.0,1.0,0.0,0.0,0.0,-343.8174971963135,70.0,122.63348479585241,0.7980179045740377,0.0,0.6026337394962732,0.0
3.084808826446533,5.240081837717164,-1.3930387986408908,-7.427979148692892,2.5,-2.3671098147556795,-0.9473298652402065,0.0,50.0,20.0,1.0,0.0,0.0,0.0,-343.42074064104276,70.0,124.06842346336677,0.7935098504008417,0.0,0.6085574067553807,0.0
3.1170811653137207,5.279984043996219,-0.7918587726397168,-8.128606744593982,2.5,-2.207240700215678,-0.8328141379793562,0.0,50.0,20.0,1.0,0.0,0.0,0.0,-343.0534874086884,70.0,125.47707814344578,0.7890593192420777,0.0,0.6143170115805267,0.0
3.167273759841919,4.938085713972728,-1.4117588043846505,-8.680385647586094,2.3220816665533235,-2.3395942097170352,-0.6550599476557567,0.0,50.0,20.0,1.0,0.0,0.0,0.0,-342.40303217877266,70.0,128.2093627421704,0.7803545260259263,0.0,0.6253373599193095,0.0
3.183905839920044,4.813728542124585,-1.01975337168472,-8.544564028424233,2.381012741639932,-2.2818732192043516,-0.47922582988507084,0.0,50.0,20.0,1.0,0.0,0.0,0.0,-342.11751397129956,70.0,129.53004814755877,0.7761119502122139,0.0,0.6305951480449195,0.0
3.2171077728271484,4.079600226793074,-0.8805447733493363,-8.61188580550308,2.4172076612189595,-2.2188692564962524,-0.3447629406290757,0.0,50.0,20.0,1.0,0.0,0.0,0.0,-341.8568776459111,70.0,130.81856276004493,0.7719502485262735,0.0,0.635682950691793,0.0
3.236966609954834,4.496037491091299,-0.4748806187229051,-8.121040629500481,2.449792140541622,-2.054608124442146,-0.25305035009230953,0.0,50.0,20.0,1.0,0.0,0.0,0.0,-341.61990297393453,70.0,132.07358069379322,0.7678750526817718,0.0,0.6405996436690908,0.0
3.2669312953948975,4.043065538555006,-0.8673516984678504,-7.543522828600566,2.290202905897721,-2.205804121325232,-0.122177944131723,0.0,50.0,20.0,1.0,0.0,0.0,0.0,-341.40535475430863,70.0,133.29383560250082,0.7638918915576313,0.0,0.6453442321834946,0.0
3.3008172512054443,3.703412464304643,-1.609712481327056,-6.75482584660006,2.0925583963172643,-2.40205152134979,-0.24302672629104277,0.0,50.0,20.0,1.0,0.0,0.0,0.0,-341.0385545299529,70.0,135.62528920364352,0.7562232170343506,0.0,0.654313721404509,0.0
3.3338112831115723,3.6789444561998192,-0.9752249133236159,-6.922554758703124,1.9038652711608632,-2.4279142323630096,-0.3774084483966903,0.0,50.0,20.0,1.0,0.0,0.0,0.0,-340.883805798152,70.0,136.73425286907815,0.7525481616844262,0.0,0.6585372156115331,0.0
3.367096185684204,3.425762441956101,-1.3094119261126513,-6.901844126838872,1.9470531286613222,-2.4373592927593135,-0.34984078865234963,0.0,50.0,20.0,1.0,0.0,0.0,0.0,-340.74650052370407,70.0,137.80398254720325,0.7489860394319668,0.0,0.6625857776439336,0.0
3.389033079147339,2.6305702339545176,-1.7444676233195269,-6.85900142850143,1.781427157595381,-2.344115799542426,-0.4552519689704595,0.0,50.0,20.0,1.0,0.0,0.0,0.0,-340.62540852334627,70.0,138.83350686884282,0.7455417263009402,0.0,0.6664589517323735,0.0
3.433781623840332,3.3260526540641067,-0.9522671256780353,-6.821189497088218,1.5869956099618134,-2.3742723028688135,-0.5428152536873062,0.0,50.0,20.0,1.0,0.0,0.0,0.0,-340.4270297181484,70.0,140.76833767680515,0.7390252442345757,0.0,0.6736777333295392,0.0
3.4507453441619873,3.811420583160258,-1.3470278228201287,-6.462520124057029,1.412982563330242,-2.3144129578453394,-0.7351829513156903,0.0,50.0,20.0,1.0,0.0,0.0,0.0,-340.34738281497687,70.0,141.67198173781836,0.7359620175735351,0.0,0.6770228273028109,0.0
3.483741044998169,4.6037423496697745,-1.4901072196412075,-5.875097641585128,1.4830493249973111,-2.4693390211468578,-0.8365911385848173,0.0,50.0,20.0,1.0,0.0,0.0,0.0,-340.27923804178954,70.0,142.53209303258757,0.7330344704289575,0.0,0.680191491539653,0.0
3.517059087753296,4.711133719976424,-1.528703283898091,-5.187838474006209,1.6036984169960533,-2.3153924705453535,-0.6938800495327258,0.0,50.0,20.0,1.0,0.0,0.0,0.0,-340.221492619622,70.0,143.34797286957948,0.7302466265941272,0.0,0.6831836241801302,0.0
3.540975570678711,4.15266973906195,-1.893607158560593,-5.153343428350628,1.7251306382352998,-2.371686298713549,-0.8230290002107123,0.0,50.0,20.0,1.0,0.0,0.0,0.0,-340.1730821836539,70.0,144.11897293931779,0.7276023194736333,0.0,0.6859991725188805,0.0
3.5837676525115967,3.498409474269717,-1.3426762260568887,-5.851371961030992,1.7149138366058554,-2.19744945191737,-0.7106371105767986,0.0,50.0,20.0,1.0,0.0,0.0,0.0,-340.1002238603415,70.0,145.52398310480012,0.7227586626779366,0.0,0.6911005104353495,0.0
3.617102861404419,3.6557626637134417,-0.6279713400516234,-5.338974315311643,1.841836564399774,-2.324396818018876,-0.9014511570480852,0.0,50.0,20.0,1.0,0.0,0.0,0.0,-340.07387305261096,70.0,146.15693438850073,0.7205659775881015,0.0,0.6933863799805298,0.0
3.6338982582092285,3.1560616865834668,-1.015000629161524,-4.5845774283542555,1.8046449555768591,-2.5,-0.9937221263437482,0.0,50.0,20.0,1.0,0.0,0.0,0.0,-340.0530580630302,70.0,146.74288510365628,0.7185301486240634,0.0,0.6954958127251963,0.0
3.6671249866485596,2.5888572672090184,-0.8678901166894432,-4.654475166687859,1.8534247004573388,-2.425784616382215,-1.192234175030078,0.0,50.0,20.0,1.0,0.0,0.0,0.0,-340.03696034543344,70.0,147.28141525429916,0.7166539776827477,0.0,0.6974289040981136,0.0
3.6928181648254395,2.156886644468782,-0.5715711335045986,-4.788565873851882,1.9792835091620444,-2.3286891526663416,-1.3319291539738056,0.0,50.0,20.0,1.0,0.0,0.0,0.0,-340.02481975072396,70.0,147.7721458475105,0.7149400469706866,0.0,0.6991857616095686,0.0
3.724266529083252,1.6666155445462771,-0.7785350179949065,-4.384308201926496,1.9347452770861928,-2.3716182372548857,-1.202925738856599,0.0,50.0,20.0,1.0,0.0,0.0,0.0,-340.0096764200606,70.0,148.60888879703245,0.7120081151327123,0.0,0.7021712355153564,0.0
3.7546300888061523,2.1744335397879797,-1.0277583082583757,-3.6766765720947245,1.9121485203851494,-2.5,-1.3464647768394762,0.0,50.0,20.0,1.0,0.0,0.0,0.0,-340.0054672200575,70.0,148.95433556003755,0.7107941489628431,0.0,0.7034000837362672,0.0
3.785064220428467,1.713778175351868,-0.2916602350598725,-3.7792964080707243,2.093346025337726,-2.5,-1.5221545935799532,0.0,50.0,20.0,1.0,0.0,0.0,0.0,-340.0028061744758,70.0,149.25084913365544,0.709750487376883,0.0,0.7044531536364055,0.0
3.8170206546783447,2.4892140974355876,-0.7158990959030964,-3.842982591724098,2.2069179397915795,-2.4048107357891233,-1.3434125347636787,0.0,50.0,20.0,1.0,0.0,0.0,0.0,-340.00125884545344,70.0,149.4982356070891,0.7088785664446023,0.0,0.7053305452307063,0.0
3.8504552841186523,3.127761382287609,-1.1612262881402458,-3.0814073332288516,2.218776956102621,-2.5,-1.4108059225971494,0.0,50.0,20.0,1.0,0.0,0.0,0.0,-340.0001200945775,70.0,149.84501967521425,0.7076545072448339,0.0,0.7065586305297469,0.0
3.884053945541382,2.927195658937905,-1.130472827432417,-3.5455444707115156,2.3580112185873117,-2.5,-1.3687201402728357,0.0,50.0,20.0,1.0,0.0,0.0,0.0,-340.0000155708158,70.0,149.9441953145871,0.7073040530260409,0.0,0.7069094542959059,0.0
3.9171411991119385,2.5416288641909035,-0.8803096997489643,-4.030388182954074,2.3831313725546273,-2.5,-1.2007044786863248,0.0,50.0,20.0,1.0,0.0,0.0,0.0,-340.00000019227275,70.0,149.99379882627377,0.7071287053066302,0.0,0.707084856386678,0.0
3.937034845352173,2.5103139626248687,-0.9719434081931833,-4.8260696713108455,2.363356697978931,-2.369776211465124,-1.3833065812791003,0.0,50.0,20.0,1.0,0.0,0.0,0.0,-340.00000019227275,70.0,149.9937988262717,0.7071287053066376,0.0,0.7070848563866705,0.0
3.967012405395508,1.9140114896352278,-0.935876768913169,-5.1082245756399,2.364492263573337,-2.2101040840025057,-1.5200802912948117,0.0,50.0,20.0,1.0,0.0,0.0,0.0,-340.0000155708158,70.0,149.94419531458075,0.7073040530260634,0.0,0.7069094542958835,0.0
4.000313758850098,2.640723580886176,-1.0256313684848846,-5.077396394595391,2.4906013793299837,-2.334521624737739,-1.7157449372782356,0.0,50.0,20.0,1.0,0.0,0.0,0.0,-340.00046106371326,70.0,149.6963348388971,0.7081795858435306,0.0,0.706032346422234,0.0
4.033921003341675,2.4544952430853133,-1.6182900875082074,-4.27910491712678,2.5,-2.3168228425237762,-1.8070562428040722,0.0,50.0,20.0,1.0,0.0,0.0,0.0,-340.00125884545355,70.0,149.49823560707023,0.7088785664446688,0.0,0.7053305452306395,0.0
4.067009210586548,2.0849217167115666,-1.371591863413223,-4.155188452356528,2.478994793848431,-2.249636985444205,-1.908434056824764,0.0,50.0,20.0,1.0,0.0,0.0,0.0,-340.00280617447595,70.0,149.25084913363236,0.7097504873769642,0.0,0.7044531536363237,0.0
4.088990211486816,2.5861350741261067,-0.7812036022009836,-3.3941561373983773,2.5,-2.253586943451507,-1.9587395673185268,0.0,50.0,20.0,1.0,0.0,0.0,0.0,-340.00546722005777,70.0,148.95433556001035,0.7107941489629387,0.0,0.7034000837361705,0.0
4.133848667144775,2.2698568077490164,-0.945053101496693,-3.0158762237684575,2.5,-2.192402311636752,-2.0414730286687575,0.0,50.0,20.0,1.0,0.0,0.0,0.0,-340.0159370818936,70.0,148.2147374456013,0.7133907153671076,0.0,0.7007664997900559,0.0
4.150873422622681,1.6814450511232046,-1.6534750795105129,-2.2840031506492453,2.5,-2.1755067846508296,-2.1110772138391276,0.0,50.0,20.0,1.0,0.0,0.0,0.0,-340.0248197507248,70.0,147.7721458474709,0.714940046970825,0.0,0.699185761609427,0.0
4.183861494064331,1.8131829091861644,-0.9288248155176186,-1.875586318288529,2.5,-2.1410869775930914,-2.2583068249622915,0.0,50.0,20.0,1.0,0.0,0.0,0.0,-340.03696034543464,70.0,147.28141525425548,0.7166539776829001,0.0,0.697428904097957,0.0
4.217053651809692,1.0264054495078652,-0.18546668058932037,-1.6250768301335747,2.5,-2.1263622534626294,-2.321964623018052,0.0,50.0,20.0,1.0,0.0,0.0,0.0,-340.05305806303176,70.0,146.7428851036086,0.7185301486242294,0.0,0.6954958127250249,0.0
4.24109148979187,0.4586705654817823,0.15687475712660004,-0.9051211325176793,2.5,-2.0990284787845512,-2.3934934763860785,0.0,50.0,20.0,1.0,0.0,0.0,0.0,-340.07387305261295,70.0,146.15693438844906,0.7205659775882808,0.0,0.6933863799803435,0.0
4.283745050430298,0.796709435651067,-0.6042398470891973,-0.7639343169247443,2.5,-2.032494832982954,-2.450756346262801,0.0,50.0,20.0,1.0,0.0,0.0,0.0,-340.13298464743457,70.0,144.84449376196136,0.7251051862938185,0.0,0.6886381261662811,0.0
4.317054510116577,0.36216978506436653,-0.668778504510391,0.0033762660053537896,2.490357007128947,-1.9791334368417162,-2.355636927172481,0.0,50.0,20.0,1.0,0.0,0.0,0.0,-340.1730821836576,70.0,144.11897293925435,0.7276023194738512,0.0,0.6859991725186494,0.0
4.333773136138916,0.9630490749643892,-0.391169580234351,-0.4936291019945959,2.5,-1.7814034378707277,-2.1967208747934266,0.0,50.0,20.0,1.0,0.0,0.0,0.0,-340.2214926196265,70.0,143.34797286951218,0.7302466265943576,0.0,0.6831836241798839,0.0
4.367018699645996,1.2540044045720964,0.021430554921464062,-0.9447546923088903,2.5,-1.9721680578092395,-2.1582761465714446,0.0,50.0,20.0,1.0,0.0,0.0,0.0,-340.2792380417949,70.0,142.5320930325167,0.7330344704291991,0.0,0.6801914915393926,0.0
4.392971992492676,0.7849895642421507,0.3940670719052827,-1.4999586594430372,2.5,-2.04846518132063,-2.224321779879142,0.0,50.0,20.0,1.0,0.0,0.0,0.0,-340.3473828149831,70.0,141.67198173774355,0.7359620175737891,0.0,0.6770228273025347,0.0
4.424509763717651,1.439464587049967,1.0317782655664387,-0.909386945674548,2.5,-2.085579903659041,-2.4231889296106495,0.0,50.0,20.0,1.0,0.0,0.0,0.0,-340.51931588017766,70.0,139.82191142443128,0.7422199423875941,0.0,0.6701563676651565,0.0
4.454345941543579,2.1658786394848484,0.266480236025355,-0.8274335964309204,2.5,-2.2244083505630803,-2.4704563260311065,0.0,50.0,20.0,1.0,0.0,0.0,0.0,-340.6254085233559,70.0,138.83350686875727,0.7455417263012271,0.0,0.6664589517320525,0.0
4.484956741333008,2.079839564263319,0.01827413255921362,-1.5394906851986163,2.392879273006751,-2.1089530055137855,-2.451950096394927,0.0,50.0,20.0,1.0,0.0,0.0,0.0,-340.746500523715,70.0,137.80398254711423,0.7489860394322639,0.0,0.6625857776435977,0.0
4.517082214355469,1.9872028447041226,-0.46100721778920095,-0.8968889556591637,2.1961921038347954,-1.9608611619721652,-2.293673221326875,0.0,50.0,20.0,1.0,0.0,0.0,0.0,-340.8838057981644,70.0,136.73425286898578,0.752548161684733,0.0,0.6585372156111823,0.0
4.550433397293091,2.1965818783692104,-0.6357175959567087,-1.0121454298041987,2.32805773894216,-1.8736269058952075,-2.487684335587103,0.0,50.0,20.0,1.0,0.0,0.0,0.0,-341.21198824521275,70.0,134.4781208117051,0.7600061815153049,0.0,0.6499158438278956,0.0
4.583773374557495,2.1562092124889434,-0.8338391826937894,-0.46784693069576755,2.5,-1.8078624172841544,-2.498187606629804,0.0,50.0,20.0,1.0,0.0,0.0,0.0,-341.40535475432586,70.0,133.29383560239918,0.7638918915579639,0.0,0.6453442321831008,0.0
4.617139101028442,2.6973096038466626,-1.6274766351884444,0.057969460766741365,2.5,-1.8771044625068878,-2.5,0.0,50.0,20.0,1.0,0.0,0.0,0.0,-341.61990297395363,70.0,132.07358069368826,0.7678750526821135,0.0,0.6405996436686812,0.0
4.6370227336883545,2.3454895299755494,-2.2870025121521467,0.3248856984793993,2.382957515618058,-2.0203429323855313,-2.404630927415371,0.0,50.0,20.0,1.0,0.0,0.0,0.0,-341.8568776459322,70.0,130.81856275993704,0.7719502485266229,0.0,0.6356829506913687,0.0
4.667076349258423,3.0975953324750405,-2.5663165897689373,0.42368621803766304,2.450425150130845,-1.8652678467541384,-2.4613541927700906,0.0,50.0,20.0,1.0,0.0,0.0,0.0,-342.1175139713227,70.0,129.53004814744816,0.7761119502125703,0.0,0.6305951480444809,0.0
4.700438022613525,2.7430888685507195,-2.16326981281325,-0.35948001556266607,2.3050321940158787,-1.7099303769508092,-2.5,0.0,50.0,20.0,1.0,0.0,0.0,0.0,-342.71463204788336,70.0,126.8578915735562,0.7846722514096054,0.0,0.6199108467092515,0.0
4.733808279037476,2.775438599666444,-2.391856351610756,0.09088299129928434,2.5,-1.7916311363734203,-2.5,0.0,50.0,20.0,1.0,0.0,0.0,0.0,-343.05348740871835,70.0,125.4770781433275,0.7890593192424524,0.0,0.6143170115800453,0.0
4.767061233520508,3.4278611811297504,-2.238144838962646,-0.2928170227471716,2.3493852089515213,-1.7160118711402768,-2.5,0.0,50.0,20.0,1.0,0.0,0.0,0.0,-343.4207406410751,70.0,124.06842346324619,0.7935098504012216,0.0,0.6085574067548853,0.0
4.789004325866699,2.736737382177214,-2.7028578643729726,-0.9471780147183619,2.393978248798499,-1.7730525594706754,-2.3165707991750812,0.0,50.0,20.0,1.0,0.0,0.0,0.0,-343.8174971963484,70.0,122.63348479572966,0.7980179045744222,0.0,0.6026337394957639,0.0
4.833862781524658,2.0617324302306,-3.158439379656966,-0.5420092531794845,2.244451388235003,-1.6056989627206646,-2.2615166782532277,0.0,50.0,20.0,1.0,0.0,0.0,0.0,-344.7037249292782,70.0,119.69125608598515,0.8071825813098759,0.0,0.5903018553502315,0.0
4.850712776184082,1.4554784467080264,-3.2489931995128205,-0.6753024042197932,2.0954531943890613,-1.5324190228085182,-2.0994552319126365,0.0,50.0,20.0,1.0,0.0,0.0,0.0,-345.1951738834395,70.0,118.18734614954722,0.8118271178349882,0.0,0.583897876985125,0.0
4.88374137878418,1.9578111563425797,-2.9549133014117572,-0.7239482705472734,2.191652700063915,-1.66841924460511,-2.0058870219284475,0.0,50.0,20.0,1.0,0.0,0.0,0.0,-345.72007132041335,70.0,116.66390772492883,0.8165050283833871,0.0,0.577338322497861,0.0
4.917081356048584,1.6561831063802908,-3.3027719168152005,-0.7499850549665562,1.993138256611502,-1.6251581291592736,-2.1887470145362435,0.0,50.0,20.0,1.0,0.0,0.0,0.0,-346.2792584386809,70.0,115.12274951782409,0.82121023642602,0.0,0.5706257508990639,0.0
4.940986156463623,1.432479064361087,-4.071335385528293,-1.3354958352954514,1.8750524684857315,-1.74155621553645,-2.2486412046224067,0.0,50.0,20.0,1.0,0.0,0.0,0.0,-346.87350853948186,70.0,113.5657223448297,0.8259366732842486,0.0,0.5637629038205232,0.0
4.983829736709595,2.1318918828469045,-4.439477369108592,-1.8614772837810132,1.916675540881374,-1.5740587871108918,-2.0597013546404765,0.0,50.0,20.0,1.0,0.0,0.0,0.0,-348.1699240335107,70.0,110.41165388667008,0.8354290697400047,0.0,0.5495982800494834,0.0
5.0170300006866455,1.460184155990079,-5.17567980134246,-2.101746099675856,1.8158947670987193,-1.5940969959555134,-1.876712020938072,0.0,50.0,20.0,1.0,0.0,0.0,0.0,-348.873256312986,70.0,108.81849219611738,0.8401830389977015,0.0,0.5423029236327118,0.0
5.033883333206177,1.6897304641062072,-5.304609203292246,-2.3769731841349917,1.6576082099954943,-1.7465506760284502,-1.7641843221809927,0.0,50.0,20.0,1.0,0.0,0.0,0.0,-349.6139773974744,70.0,107.2172123617952,0.8449342803976082,0.0,0.5348701354618484,0.0
5.067018270492554,1.1417766917728462,-5.663865139892238,-3.038631934890042,1.822515742217531,-1.5642181343197854,-1.8091700896493526,0.0,50.0,20.0,1.0,0.0,0.0,0.0,-350.3924570700125,70.0,105.60981808946433,0.8496769442280274,0.0,0.5273036036737485,0.0
5.0930938720703125,1.7327349251545183,-5.074966505405625,-3.120667060280132,1.7876369126975034,-1.6082462941181876,-1.8023324974872732,0.0,50.0,20.0,1.0,0.0,0.0,0.0,-351.2089735582018,70.0,103.99833021061201,0.8544052603694221,0.0,0.5196072084306184,0.0
5.1250855922698975,1.688926189672805,-5.4048666805833445,-3.0787446078492766,1.7042707645219428,-1.5885757937347793,-1.73507881851256,0.0,50.0,20.0,1.0,0.0,0.0,0.0,-352.9567553272732,70.0,100.77121211279098,0.8637962372203558,0.0,0.5038413049403104,0.0
5.154438495635986,0.9012087310100263,-4.984723257375894,-3.832532501129812,1.806824913843301,-1.4816665038451324,-1.7452005600698122,0.0,50.0,20.0,1.0,0.0,0.0,0.0,-353.8880954026328,70.0,99.1596627999584,0.8684478602657778,0.0,0.4957805099031143,0.0
5.185002565383911,1.6739015706614042,-4.5945196740323215,-3.347911156049576,1.8570158698087127,-1.619203122747278,-1.6290264867628286,0.0,50.0,20.0,1.0,0.0,0.0,0.0,-354.85761806108974,70.0,97.5521707048926,0.8730630827583634,0.0,0.48760727386336544,0.0
5.217059373855591,1.908957675608493,-4.851922853067159,-3.3693686904217337,1.7159042451923605,-1.49319082345899,-1.5829851090390836,0.0,50.0,20.0,1.0,0.0,0.0,0.0,-355.8651084332713,70.0,95.9507629928525,0.8776367044715812,0.0,0.4793264179703248,0.0
5.250298738479614,1.7386044389598956,-5.587836458493472,-3.9615273288578563,1.8301537604240878,-1.4609557193490714,-1.3836667149201378,0.0,50.0,20.0,1.0,0.0,0.0,0.0,-357.99261785751617,70.0,92.77422543873593,0.8866390882463508,0.0,0.462462027839778,0.0
5.283735752105713,2.2713340778550126,-5.132330153748866,-3.648247775151238,1.8111988532316754,-1.2840719842536,-1.5015679277324647,0.0,50.0,20.0,1.0,0.0,0.0,0.0,-359.111691279017,70.0,91.20304844416717,0.8910582235629523,0.0,0.45388901971829615,0.0
5.317028045654297,2.1597884971874266,-4.740679225232498,-4.245797042428431,1.6772891982078029,-1.0914709052680567,-1.5079189456977626,0.0,50.0,20.0,1.0,0.0,0.0,0.0,-360.2668415672746,70.0,89.64584980018435,0.8954165237469534,0.0,0.4452294341133813,0.0
5.337010622024536,1.8762388263680383,-4.593991771994537,-3.696614830353316,1.8341289110773558,-0.9185631544579064,-1.4784267498750068,0.0,50.0,20.0,1.0,0.0,0.0,0.0,-361.4573392064001,70.0,88.10452007245196,0.8997096196205419,0.0,0.43648894643766156,0.0
5.367081165313721,1.5778837492200364,-4.7611320708602545,-3.1907189475939455,1.8269571831943239,-1.0233214703146176,-1.454552852164334,0.0,50.0,20.0,1.0,0.0,0.0,0.0,-362.6823539051223,70.0,86.58090506521526,0.9039333353040608,0.0,0.4276733862728382,0.0
5.400434255599976,1.963610118063566,-4.476846091911115,-2.9146292250641928,1.707549498097036,-0.9590179353220387,-1.3662362683829712,0.0,50.0,20.0,1.0,0.0,0.0,0.0,-365.23212024549093,70.0,83.59394487687683,0.9121569358480018,0.0,0.4098410965049554,0.0
5.433819055557251,1.7457165208033103,-5.060007677166729,-3.3372008284492907,1.845785099369629,-0.8815057635020402,-1.352606790215351,0.0,50.0,20.0,1.0,0.0,0.0,0.0,-366.5547251012543,70.0,82.13401739422267,0.9161495036449492,0.0,0.4008367335600785,0.0
5.467033624649048,1.0242833340452329,-4.561609544345196,-3.2844998473645646,1.9090901900020851,-0.8761183446481283,-1.1734868506414047,0.0,50.0,20.0,1.0,0.0,0.0,0.0,-367.90755896658516,70.0,80.6986295529186,0.9200580700343903,0.0,0.3917820156216885,0.0
5.48902153968811,1.5392800833629916,-4.1972972052248645,-3.053488101431857,1.917996002398008,-1.0356850210955628,-0.9906696763153373,0.0,50.0,20.0,1.0,0.0,0.0,0.0,-369.28932188141795,70.0,79.28932188127256,0.9238795325114835,0.0,0.3826834323646149,0.0
5.533794641494751,0.9695561437702274,-3.6073304214170507,-3.568816953814438,1.9406260949574323,-1.1377725973570232,-1.1159393472346688,0.0,50.0,20.0,1.0,0.0,0.0,0.0,-372.13401739437387,70.0,76.55472510111456,0.9312498990574052,0.0,0.36438115415807765,0.0
5.5507824420928955,0.442855131703924,-2.8140639665183977,-3.056892133962087,2.0103359830972765,-1.191078489151493,-1.2651085610557224,0.0,50.0,20.0,1.0,0.0,0.0,0.0,-373.59394487703054,70.0,75.23212024535441,0.9347937733924141,0.0,0.3551909362959196,0.0
5.583709478378296,0.25480601225632693,-3.128877624066113,-3.808934950796698,2.1213431460669625,-0.9942103867364429,-1.3055001036416078,0.0,50.0,20.0,1.0,0.0,0.0,0.0,-375.07680017427754,70.0,73.94095632740762,0.9382404906861364,0.0,0.3459837881130244,0.0
5.6169939041137695,-0.28647518842843456,-2.6945105621128103,-4.30649772299431,2.3202096101521335,-1.171988002082087,-1.3383196068628593,0.0,50.0,20.0,1.0,0.0,0.0,0.0,-376.580905065373,70.0,72.68235390499292,0.9415881427009557,0.0,0.3367666395665767,0.0
5.640836954116821,-0.8886245873683145,-3.2487453043689514,-4.935715922461685,2.290984022160535,-1.0488618360454909,-1.5326811179466562,0.0,50.0,20.0,1.0,0.0,0.0,0.0,-378.10452007261205,70.0,71.45733920627393,0.9448350670718305,0.0,0.32754647919244934,0.0
5.683779954910278,-0.7881244260372322,-2.584441956431112,-5.187254597429296,2.4810888644774582,-1.1920714517970938,-1.4727968134437919,0.0,50.0,20.0,1.0,0.0,0.0,0.0,-381.2030484443301,70.0,69.11169127889862,0.9510213160626354,0.0,0.30912530856352255,0.0
5.716967344284058,-0.6922110382460818,-2.6318201224601285,-5.226879783340153,2.5,-1.083481340366713,-1.4941234618054788,0.0,50.0,20.0,1.0,0.0,0.0,0.0,-382.77422543890026,70.0,67.99261785740148,0.9539585476911419,0.0,0.2999384758363078,0.0
5.734148025512695,-1.4210670670118284,-3.117240007342337,-5.745025606698549,2.5,-1.087595652708187,-1.3168009886493264,0.0,50.0,20.0,1.0,0.0,0.0,0.0,-384.35745120890414,70.0,66.91024874251629,0.9567908634008889,0.0,0.2907769655811503,0.0
5.7670958042144775,-1.7888860865715275,-2.7088134818837117,-6.5198890512919885,2.4919308864399925,-1.145768859791324,-1.319493916711327,0.0,50.0,20.0,1.0,0.0,0.0,0.0,-385.9507629930194,70.0,65.86510843316408,0.9595178256990224,0.0,0.28164790460044337,0.0
5.792951583862305,-2.4670079032158982,-2.5269890413427034,-7.080039059738216,2.394650965389669,-1.0433630672661383,-1.2792271441232734,0.0,50.0,20.0,1.0,0.0,0.0,0.0,-387.55217070506023,70.0,64.85761806098648,0.9621392361270107,0.0,0.27255841631645206,0.0
5.82461404800415,-2.707363183591234,-3.2325526045140704,-7.280710073383455,2.3641496238048614,-1.2171613640777088,-1.3815184660527045,0.0,50.0,20.0,1.0,0.0,0.0,0.0,-390.771212112959,70.0,62.956755327178186,0.9670657802673555,0.0,0.2545265735358313,0.0
5.854336977005005,-2.811714302409115,-2.7880867899407717,-6.618691623632703,2.2948633426469347,-1.3217903158360809,-1.3393458388536907,0.0,50.0,20.0,1.0,0.0,0.0,0.0,-392.3847816366389,70.0,62.06371067523125,0.9693716762026028,0.0,0.24559835784499098,0.0
5.885086536407471,-3.0489544362525467,-3.509330498329513,-6.564106125092177,2.491674493997105,-1.2542654799721693,-1.2889683464216555,0.0,50.0,20.0,1.0,0.0,0.0,0.0,-393.99833021078047,70.0,61.20897355811452,0.9715735341236027,0.0,0.23673797285305243,0.0
5.917185544967651,-2.2742099139710854,-3.8206434108537297,-5.7653645352242835,2.5,-1.2481660921672875,-1.097440884686612,0.0,50.0,20.0,1.0,0.0,0.0,0.0,-395.609818089632,70.0,60.39245706992945,0.9736722829835266,0.0,0.22795237517877992,0.0
5.9504406452178955,-2.3721903621735665,-4.5392338121139355,-6.258556715676632,2.486017391307604,-1.1369582366048177,-1.1253941505269707,0.0,50.0,20.0,1.0,0.0,0.0,0.0,-398.81849219628424,70.0,58.873256312910556,0.97756519907137,0.0,0.2106330495543203,0.0
5.983652591705322,-2.4805230178825703,-5.303138095920082,-6.138621920647198,2.4298336506045897,-1.0328138781622058,-1.1493362450940008,0.0,50.0,20.0,1.0,0.0,0.0,0.0,-400.411653886836,70.0,58.16992403343917,0.979362231165162,0.0,0.20211288966118882,0.0
6.017017602920532,-2.7541552739520085,-5.5445528193232105,-6.236888033883206,2.5,-1.1318744040171411,-0.9770375284546248,0.0,50.0,20.0,1.0,0.0,0.0,0.0,-401.9947156777479,70.0,57.503522426068685,0.9810618675036027,0.0,0.1936946362973003,0.0
6.036923408508301,-2.661463245794956,-6.259275619295975,-5.857098229243878,2.3178869497953105,-1.3287768428482776,-0.8141861698960909,0.0,50.0,20.0,1.0,0.0,0.0,0.0,-403.56572234499265,70.0,56.87350853941811,0.9826659947830236,0.0,0.18538485023617907,0.0
6.0670294761657715,-3.41056808079316,-6.460291992008033,-5.4531025440414025,2.329586374271323,-1.4875980964656197,-0.9603811806559691,0.0,50.0,20.0,1.0,0.0,0.0,0.0,-405.1227495179855,70.0,56.27925843862087,0.9841766649371929,0.0,0.1771899889754056,0.0
6.1003570556640625,-3.9754461770540486,-5.691550029515301,-5.022476502932455,2.341696927921432,-1.5896427757668068,-0.9359510702835907,0.0,50.0,20.0,1.0,0.0,0.0,0.0,-408.1873461497053,70.0,55.195173883386445,0.9869266085089954,0.0,0.16117031183481717,0.0
6.133876800537109,-3.510067408159263,-4.899875038246831,-4.844522722073947,2.1575997287630466,-1.459932606935407,-1.120025670160164,0.0,50.0,20.0,1.0,0.0,0.0,0.0,-409.6912560861407,70.0,54.70372492922874,0.9881707217651494,0.0,0.15335783203391912,0.0
6.167154788970947,-2.980062301223698,-4.9656051476214005,-4.655158416708196,2.179405919949886,-1.470743230433912,-1.083988258187151,0.0,50.0,20.0,1.0,0.0,0.0,0.0,-411.17387408693736,70.0,54.244820167030866,0.9893310361880121,0.0,0.1456849368848898,0.0
6.189039945602417,-2.5757671797785013,-5.350905157144009,-4.515427623631274,2.1196936486355966,-1.5962162000724385,-1.210986191628753,0.0,50.0,20.0,1.0,0.0,0.0,0.0,-412.63348479588086,70.0,53.817497196305425,0.9904102756022238,0.0,0.13815746806281276,0.0
6.233754396438599,-2.6325427096103278,-5.260204300876361,-4.947005969121899,2.25325094184931,-1.5532072090468232,-1.1422061069005833,0.0,50.0,20.0,1.0,0.0,0.0,0.0,-415.4770781434728,70.0,53.05348740868159,0.9923369200813764,0.0,0.12356147070753049,0.0
6.250735282897949,-2.5711658110632856,-4.992401090262782,-4.805643463726818,2.2294065926645494,-1.7296467276915506,-1.260255719264558,0.0,50.0,20.0,1.0,0.0,0.0,0.0,-416.85789157369857,70.0,52.71463204784952,0.9931902334199387,0.0,0.11650390654071485,0.0
6.283653497695923,-1.9803828623453514,-4.405944080302401,-5.5683703776717675,2.0526991062667044,-1.641948094522907,-1.3659154928904418,0.0,50.0,20.0,1.0,0.0,0.0,0.0,-418.2093627421966,70.0,52.40303217876678,0.9939742648107979,0.0,0.10961368935417656,0.0
6.317039728164673,-2.6369259172795587,-5.1376058826167865,-5.280876950107186,2.1381823340260815,-1.4759412270200438,-1.3336982161795836,0.0,50.0,20.0,1.0,0.0,0.0,0.0,-419.5300481475844,70.0,52.11751397129419,0.9946921283208835,0.0,0.10289591758894497,0.0
6.340897560119629,-3.3852546028837023,-5.232648091341559,-6.0174198680556215,2.055006924288488,-1.5553121223627493,-1.4192927892116753,0.0,50.0,20.0,1.0,0.0,0.0,0.0,-420.8185627600699,70.0,51.85687764590622,0.9953469805904215,0.0,0.0963555303526014,0.0
6.383741617202759,-2.770025786795361,-5.638571179959553,-6.2449322852038085,2.006681565759874,-1.3618390817153436,-1.224826698406362,0.0,50.0,20.0,1.0,0.0,0.0,0.0,-423.29383560252444,70.0,51.40535475430464,0.9964804193904047,0.0,0.08382585383712576,0.0
6.416930913925171,-3.383621784173405,-5.350154520951777,-6.827885842925706,2.1363587406620947,-1.2115018426359598,-1.408785122401816,0.0,50.0,20.0,1.0,0.0,0.0,0.0,-424.4781208118269,70.0,51.21198824519365,0.9969654250644963,0.0,0.07784562432126955,0.0
6.434233903884888,-3.9158010271428054,-5.159286963470456,-6.441538736949077,2.0763449697310667,-1.0116386240651822,-1.580937973287193,0.0,50.0,20.0,1.0,0.0,0.0,0.0,-425.62528920366566,70.0,51.03855452994965,0.9974002342842374,0.0,0.07206089542705005,0.0
6.4670960903167725,-3.683333665268602,-4.649747127300238,-6.675472648649991,2.2578002867916642,-0.8884433407269665,-1.5932828684639035,0.0,50.0,20.0,1.0,0.0,0.0,0.0,-426.73425286909924,70.0,50.88380579814921,0.9977880391191578,0.0,0.06647577747379939,0.0
6.493018627166748,-3.318205813172159,-4.762707069335405,-6.5707055657629745,2.280694862504235,-1.0374318841588164,-1.7584624272647145,0.0,50.0,20.0,1.0,0.0,0.0,0.0,-427.80398254722354,70.0,50.74650052370157,0.9981320039861923,0.0,0.06109421100650907,0.0
6.524182319641113,-2.791355640363368,-4.0186673780349835,-5.866316659413627,2.1797860182310758,-0.894941888701593,-1.6274090614480017,0.0,50.0,20.0,1.0,0.0,0.0,0.0,-429.82191142453235,70.0,50.5193158801673,0.9987008664255597,0.0,0.05095664236227182,0.0
6.554484128952026,-3.563109366123165,-4.101444793144821,-6.354044362231882,2.070671310738803,-1.0660106366138424,-1.6184037955274113,0.0,50.0,20.0,1.0,0.0,0.0,0.0,-430.7683376768231,70.0,50.42702971814673,0.9989318552380169,0.0,0.04620766809452326,0.0
6.585168123245239,-3.5467557052426266,-3.4820568201675925,-6.380309962063039,2.2475390982599572,-1.1296041381800164,-1.7994054950268727,0.0,50.0,20.0,1.0,0.0,0.0,0.0,-431.67198173783544,70.0,50.34738281497543,0.9991311655258898,0.0,0.04167630111798757,0.0
6.6169610023498535,-3.2682087997610365,-4.039639748225632,-5.965005284976864,2.2185079908031065,-1.0720122516482782,-1.9403543919512152,0.0,50.0,20.0,1.0,0.0,0.0,0.0,-432.532093032604,70.0,50.27923804178832,0.9993016610568894,0.0,0.03736562871064236,0.0
6.650920391082764,-3.0771152434723956,-4.31004692471422,-6.558425361394714,2.311276128784563,-1.1129563740234167,-2.104515571800266,0.0,50.0,20.0,1.0,0.0,0.0,0.0,-434.1189729393325,70.0,50.17308218365301,0.9995672008833297,0.0,0.029417867330332387,0.0
6.683696031570435,-3.5240142864389434,-3.794700264175643,-6.6167997270154935,2.287852349411878,-1.2014433875629682,-2.2956998954334895,0.0,50.0,20.0,1.0,0.0,0.0,0.0,-434.8444937620346,70.0,50.13298464743076,0.999667483097678,0.0,0.025786105505752957,0.0
6.717028379440308,-3.794038091228314,-3.818220697384303,-7.355545063397404,2.1789051897443965,-1.181909276386251,-2.396796083157783,0.0,50.0,20.0,1.0,0.0,0.0,0.0,-435.52398310481306,70.0,50.100223860340904,0.9997494089512109,0.0,0.02238569413050478,0.0
6.736972093582153,-4.374321001845691,-3.1571787309360078,-7.556379311983609,2.2112979642894666,-1.0706047012215658,-2.5,0.0,50.0,20.0,1.0,0.0,0.0,0.0,-436.1569343885127,70.0,50.073873052610494,0.9998153003114864,0.0,0.01921887777817573,0.0
6.767060995101929,-3.9834193393401343,-2.6588221150656115,-7.744952707065509,2.3952463822914067,-1.2461994063844066,-2.5,0.0,50.0,20.0,1.0,0.0,0.0,0.0,-436.74288510366733,70.0,50.05305806302982,0.9998673460438894,0.0,0.01628773511416237,0.0
6.800439357757568,-3.7306426715723524,-1.9406316207049332,-7.8543085700767525,2.2500072705678047,-1.4267870494238593,-2.5,0.0,50.0,20.0,1.0,0.0,0.0,0.0,-437.77214584751954,70.0,50.02481975072375,0.9999379486980086,0.0,0.011139962011549239,0.0
6.833856105804443,-4.081302847499041,-1.840814250510583,-7.718657681752187,2.2328589030275694,-1.433392601629421,-2.5,0.0,50.0,20.0,1.0,0.0,0.0,0.0,-438.21473744564486,70.0,50.015937081892815,0.9999601565015158,0.0,0.008926668441476151,0.0
6.866977691650391,-4.418749072630183,-2.4412533465913553,-7.131012525113382,2.1090832994713984,-1.4675646508841962,-2.469530309151413,0.0,50.0,20.0,1.0,0.0,0.0,0.0,-438.6088887970397,70.0,50.00967642006053,0.9999758086572381,0.0,0.006955724283111724,0.0
6.90037989616394,-5.084145749325645,-3.189866331422261,-7.735552137180196,2.0872579314369704,-1.334288735848542,-2.4773308713132978,0.0,50.0,20.0,1.0,0.0,0.0,0.0,-438.95433556004383,70.0,50.005467220057426,0.9999863318564474,0.0,0.005228393662215892,0.0
6.933732271194458,-5.848586616203156,-3.8751437734800303,-7.18094263456335,1.8951519897554305,-1.33952874627645,-2.5,0.0,50.0,20.0,1.0,0.0,0.0,0.0,-439.4982356070934,70.0,50.00125884545341,0.9999968528814143,0.0,0.0025088298601178517,0.0
6.950716972351074,-6.055098672484816,-4.157742048195595,-7.289191214423162,2.0336120439547125,-1.3224485298504371,-2.4212670279397206,0.0,50.0,20.0,1.0,0.0,0.0,0.0,-439.6963348389152,70.0,50.00046106371319,0.9999988473400527,0.0,0.0015183275555392113,0.0
6.983847379684448,-6.2657222364113565,-4.655513940478393,-7.820093763501995,2.2168747631322425,-1.3210508370769687,-2.4446983540641165,0.0,50.0,20.0,1.0,0.0,0.0,0.0,-439.8450196752167,70.0,50.000120094577454,0.9999996997635112,0.0,0.0007749018565704845,0.0
7.017011404037476,-6.012101656683077,-5.406144425600054,-7.9141269296482335,2.2799324011064135,-1.1447023672185828,-2.5,0.0,50.0,20.0,1.0,0.0,0.0,0.0,-439.9441953145885,70.0,50.000015570815776,0.9999999610729597,0.0,0.000279023437918987,0.0
7.040946960449219,-5.251587855308356,-6.007352269684241,-7.3353739624813405,2.4597740552606204,-1.083770806058404,-2.5,0.0,50.0,20.0,1.0,0.0,0.0,0.0,-439.99379882627426,70.0,50.00000019227278,0.9999999995193181,0.0,3.100586864356325e-05,0.0
7.083726167678833,-5.773930673831439,-5.394408685038513,-7.35938183169661,2.5,-1.1255041384878988,-2.3935986444049777,0.0,50.0,20.0,1.0,0.0,0.0,0.0,-439.9441953145793,70.0,50.00001557081579,0.9999999610729597,0.0,0.00027902343796507045,0.0
7.116975545883179,-5.883266126278252,-6.065503370153065,-7.075900514373778,2.5,-1.194210656162881,-2.5,0.0,50.0,20.0,1.0,0.0,0.0,0.0,-439.84501967520134,70.0,50.00012009457748,0.9999996997635112,0.0,0.0007749018566472176,0.0
7.134194850921631,-5.98677781290272,-5.739339481451044,-6.376110302596176,2.306103486683705,-1.3474567953031413,-2.5,0.0,50.0,20.0,1.0,0.0,0.0,0.0,-439.6963348388938,70.0,50.000461063713246,0.9999988473400526,0.0,0.0015183275556465503,0.0
7.167283296585083,-5.774684036318465,-5.693627581404052,-6.039390010409058,2.3599730028881725,-1.3776526312146742,-2.369121876787611,0.0,50.0,20.0,1.0,0.0,0.0,0.0,-439.49823560706585,70.0,50.00125884545355,0.9999968528814139,0.0,0.0025088298602557093,0.0
7.1931679248809814,-5.753266037158702,-5.2888095152513825,-5.6206191053291406,2.3649025602777467,-1.5333635923455242,-2.5,0.0,50.0,20.0,1.0,0.0,0.0,0.0,-439.250849133627,70.0,50.00280617447601,0.9999929845392016,0.0,0.0037457806102419882,0.0
7.224973440170288,-6.220737070903548,-5.548725210077193,-5.669042701730233,2.349909878185849,-1.621129468912871,-2.49111184708237,0.0,50.0,20.0,1.0,0.0,0.0,0.0,-438.60888879699394,70.0,50.00967642006117,0.9999758086572366,0.0,0.006955724283340654,0.0
7.254490613937378,-6.659038829553134,-5.809467111906087,-5.374022334463991,2.3113226855928803,-1.435338427453288,-2.5,0.0,50.0,20.0,1.0,0.0,0.0,0.0,-438.2147374455931,70.0,50.01593708189374,0.9999601565015135,0.0,0.008926668441735203,0.0
7.284947872161865,-7.4074577607647765,-5.180282767009822,-5.814117769807783,2.4847445945508286,-1.3092255485438389,-2.432267402497989,0.0,50.0,20.0,1.0,0.0,0.0,0.0,-437.7721458474618,70.0,50.02481975072503,0.9999379486980053,0.0,0.011139962011838192,0.0
7.316926956176758,-7.386217736455753,-5.107106924393574,-6.55066388100146,2.5,-1.1662978179030143,-2.2661655714196196,0.0,50.0,20.0,1.0,0.0,0.0,0.0,-437.28141525424536,70.0,50.03696034543492,0.9999075948670584,0.0,0.013594179900774129,0.0
7.350696086883545,-7.2977125167958175,-5.178483853828248,-6.150349992968133,2.5,-1.1299376489098698,-2.1889289562908365,0.0,50.0,20.0,1.0,0.0,0.0,0.0,-436.15693438843726,70.0,50.07387305261339,0.999815300311479,0.0,0.019218877778553224,0.0
7.383749961853027,-6.792683665557275,-4.590759779094877,-5.379658198592707,2.5,-1.32973297606405,-2.3508725763640497,0.0,50.0,20.0,1.0,0.0,0.0,0.0,-435.52398310473177,70.0,50.10022386034454,0.9997494089512018,0.0,0.022385694130911366,0.0
7.416747808456421,-6.147260383836395,-4.805472897308289,-5.281750012311347,2.375350345509302,-1.5223330103966302,-2.4871288017526076,0.0,50.0,20.0,1.0,0.0,0.0,0.0,-434.84449376194755,70.0,50.13298464743525,0.9996674830976667,0.0,0.025786105506188314,0.0
7.450535297393799,0.22239856296504712,-3.648193671868082,-11.550422312934,1.727319323033858,-1.6642666538866635,-0.21858879999923309,0.0,50.0,20.0,1.0,0.0,0.0,0.0,-434.11897293923965,70.0,50.17308218365848,0.9995672008833161,0.0,0.029417867330797296,0.0
7.4670188426971436,0.009063463643226632,-3.085285995992601,-10.949245332058869,1.7843111068653246,-1.781164386790117,-0.2940457595958209,0.0,50.0,20.0,1.0,0.0,0.0,0.0,-433.3479728694968,70.0,50.2214926196275,0.999446115056666,0.0,0.03327856815035011,0.0
7.500290155410767,-0.5428096442052575,-2.3369923984071566,-11.344321534077094,1.8275891338296195,-1.6357335750881898,-0.18850904231929927,0.0,50.0,20.0,1.0,0.0,0.0,0.0,-431.67198173772624,70.0,50.34738281498457,0.9991311655258669,0.0,0.04167630111853495,0.0
7.533794403076172,-0.7169275856343849,-2.6375403651270757,-11.567672288388064,1.818009259209194,-1.8312813229809866,0.0028592712773020112,0.0,50.0,20.0,1.0,0.0,0.0,0.0,-430.76833767670854,70.0,50.42702971815734,0.9989318552379903,0.0,0.04620766809509775,0.0
7.5671703815460205,-0.601361986990201,-3.324025983896492,-11.952578448652988,1.7887678245943954,-1.9177731280166492,-0.06638979094975117,0.0,50.0,20.0,1.0,0.0,0.0,0.0,-429.8219114244126,70.0,50.51931588017955,0.9987008664255289,0.0,0.05095664236287309,0.0
7.58907413482666,-1.21803301993581,-3.240689464277738,-12.168068485479628,1.7821910951416702,-2.073536493311398,-0.12868946490654223,0.0,50.0,20.0,1.0,0.0,0.0,0.0,-428.8335068687377,70.0,50.62540852335809,0.9984352544773294,0.0,0.05591996617300855,0.0
7.6338605880737305,-0.985682742946461,-3.5325406588118518,-12.28506376920254,1.6127265503638224,-2.1312369021611026,0.02125683982558743,0.0,50.0,20.0,1.0,0.0,0.0,0.0,-426.73425286896435,70.0,50.88380579816727,0.9977880391191125,0.0,0.06647577747447833,0.0
7.650724411010742,-0.7271316608398037,-3.7592281454432532,-12.790106459382256,1.6757174847344878,-2.279857504947793,-0.032914310147607345,0.0,50.0,20.0,1.0,0.0,0.0,0.0,-425.625289203526,70.0,51.03855452996994,0.9974002342841866,0.0,0.07206089542775393,0.0
7.683788061141968,-0.24832840321372185,-4.065140440073968,-13.0,1.738359821939007,-2.112279282352131,-0.13052454808245878,0.0,50.0,20.0,1.0,0.0,0.0,0.0,-424.4781208116826,70.0,51.21198824521632,0.9969654250644394,0.0,0.07784562432199786,0.0
7.717026710510254,-0.06023289868079207,-3.456241924781777,-12.286930879066391,1.6593636066684214,-2.2377257013306453,-0.15291007942081136,0.0,50.0,20.0,1.0,0.0,0.0,0.0,-423.29383560237557,70.0,51.40535475432986,0.9964804193903414,0.0,0.08382585383787805,0.0
7.7409162521362305,0.6490236629226265,-4.227839784291675,-12.23472271953937,1.5587450555635631,-2.3929165448900753,-0.12821444452249184,0.0,50.0,20.0,1.0,0.0,0.0,0.0,-422.0735806936639,70.0,51.61990297395808,0.9959420089192993,0.0,0.08999730479181253,0.0
7.783860445022583,1.044222405225258,-4.837632074382119,-11.935940854797504,1.3778104679767038,-2.3270515045907514,-0.16208562573865606,0.0,50.0,20.0,1.0,0.0,0.0,0.0,-419.53004814742286,70.0,52.11751397132798,0.9946921283207987,0.0,0.10289591758976575,0.0
7.816996335983276,0.7897804923534278,-4.117040041348965,-11.141324889937861,1.3506722546917702,-2.3944933741644485,-0.25944101559681004,0.0,50.0,20.0,1.0,0.0,0.0,0.0,-418.2093627420312,70.0,52.40303217880373,0.9939742648107049,0.0,0.109613689355019,0.0
7.833802938461304,1.0532585317414802,-4.599794450042339,-10.474170976012214,1.2830798854220251,-2.3929925870797017,-0.36348405769410264,0.0,50.0,20.0,1.0,0.0,0.0,0.0,-416.8578915735294,70.0,52.714632047889765,0.9931902334198375,0.0,0.11650390654157831,0.0
7.8670501708984375,0.3760425236260899,-4.760321009279951,-11.14029494486497,1.3199030942454455,-2.5,-0.18322929669512383,0.0,50.0,20.0,1.0,0.0,0.0,0.0,-415.4770781433001,70.0,53.05348740872526,0.9923369200812664,0.0,0.12356147070841435,0.0
7.892933130264282,0.20743974671839216,-4.075875114200626,-11.593168439717713,1.328647441365217,-2.5,-0.26424199107815005,0.0,50.0,20.0,1.0,0.0,0.0,0.0,-414.06842346321866,70.0,53.4207406410825,0.9914112652146875,0.0,0.13078112709948844,0.0
7.924293041229248,0.33628285112108114,-4.019587257317825,-11.500313835507818,1.3029559784833689,-2.5,-0.06950280717396867,0.0,50.0,20.0,1.0,0.0,0.0,0.0,-411.1738740867552,70.0,54.244820167085706,0.9893310361878735,0.0,0.14568493688583087,0.0
7.9543657302856445,0.2984558523932238,-3.6693196791188147,-11.964487701745403,1.2869678975615058,-2.381956378562777,-0.207330557722396,0.0,50.0,20.0,1.0,0.0,0.0,0.0,-409.6912560859558,70.0,54.70372492928756,0.9881707217650005,0.0,0.15335783203487782,0.0
7.985032796859741,0.8960646969097891,-3.4676125880411255,-11.164818661574337,1.2132811942751396,-2.5,-0.18871937034252934,0.0,50.0,20.0,1.0,0.0,0.0,0.0,-408.18734614951745,70.0,55.195173883449485,0.9869266085088357,0.0,0.16117031183579497,0.0
8.017011165618896,0.5323290144439417,-3.883471299100224,-11.13849848201085,1.3638589636408516,-2.5,-0.29666756672492006,0.0,50.0,20.0,1.0,0.0,0.0,0.0,-406.66390772489916,70.0,55.72007132042387,0.9855960853198843,0.0,0.16911639956585917,0.0
8.050448656082153,0.8930875175068593,-3.946260165430188,-11.795572318071445,1.4150327632995365,-2.4331737641874533,-0.4270453484572728,0.0,50.0,20.0,1.0,0.0,0.0,0.0,-403.565722344799,70.0,56.87350853949388,0.9826659947828309,0.0,0.18538485023720086,0.0
8.083876848220825,0.6830656928631642,-3.6455945381585977,-11.881443810461601,1.2516280316437491,-2.454318256385066,-0.4280803606441842,0.0,50.0,20.0,1.0,0.0,0.0,0.0,-401.9947156775526,70.0,57.50352242614892,0.9810618675033983,0.0,0.19369463629833586,0.0
8.116984128952026,1.172041861707896,-3.0432908391456124,-11.758452110351564,1.4157362641983084,-2.2683496731084904,-0.259214968135484,0.0,50.0,20.0,1.0,0.0,0.0,0.0,-400.41165388663933,70.0,58.169924033523955,0.9793622311649456,0.0,0.20211288966223745,0.0
8.15048336982727,0.4390282672861816,-2.9132548613003273,-11.649566916315862,1.5325870960353232,-2.2957283692590607,-0.3320689741514896,0.0,50.0,20.0,1.0,0.0,0.0,0.0,-398.8184921960865,70.0,58.87325631299993,0.9775651990711415,0.0,0.21063304955538112,0.0
