# Timestamp, Fx, Fy, Fz, Tx, Ty, Tz, FemurPosX, FemurPosY, FemurPosZ, FemurQuatW, FemurQuatX, FemurQuatY, FemurQuatZ, TibiaPosX, TibiaPosY, TibiaPosZ, TibiaQuatW, TibiaQuatX, TibiaQuatY, TibiaQuatZ
0.018345117568969727,-1.7043144361618876,7.893524454533511,8.084217090949672,-0.17649792874742232,2.3328560311998205,-1.1213644878751694,0.0,50.0,20.0,1.0,0.0,0.0,0.0,-340.0530580630304,70.0,146.7428851036499,0.7185301486240856,0.0,0.6954958127251735,0.0
0.035036563873291016,-1.078836165512545,7.329860876930559,8.059375512593242,-0.3724054372964231,2.3569904777919035,-1.082702074055474,0.0,50.0,20.0,1.0,0.0,0.0,0.0,-340.0738730526112,70.0,146.156934388494,0.7205659775881248,0.0,0.6933863799805056,0.0
0.06686592102050781,-0.9617522192202751,6.603245892526726,8.10250945561514,-0.42842985019868796,2.3288258584897803,-1.1915436362936576,0.0,50.0,20.0,1.0,0.0,0.0,0.0,-340.1002238603418,70.0,145.52398310479293,0.7227586626779615,0.0,0.6911005104353234,0.0
0.10024905204772949,-1.480526127436868,6.7883434049946345,8.11049291331347,-0.30935577783774576,2.3225096381485466,-1.280757788902427,0.0,50.0,20.0,1.0,0.0,0.0,0.0,-340.13298464743184,70.0,144.8444937620132,0.7251051862936397,0.0,0.6886381261664692,0.0
0.11904621124267578,-1.2988291400512872,7.395483737128521,8.793101902133387,-0.5029488511668823,2.424102471042704,-1.1235490582927057,0.0,50.0,20.0,1.0,0.0,0.0,0.0,-340.17308218365434,70.0,144.11897293930974,0.7276023194736608,0.0,0.6859991725188513,0.0
0.15073251724243164,-1.8917850302250219,6.754823379757162,8.111499259143882,-0.3164604278837104,2.4694632377734704,-1.1285565440864165,0.0,50.0,20.0,1.0,0.0,0.0,0.0,-340.27923804179017,70.0,142.532093032579,0.7330344704289867,0.0,0.6801914915396216,0.0
0.18368291854858398,-2.209059311498655,6.4276089170992625,8.876310215188502,-0.28639043032319506,2.5,-1.1557735687539963,0.0,50.0,20.0,1.0,0.0,0.0,0.0,-340.3473828149776,70.0,141.67198173780938,0.7359620175735655,0.0,0.6770228273027777,0.0
0.21694517135620117,-2.588567299484691,6.914744756374158,9.020988037050484,-0.1862549078656624,2.440952122760385,-1.1894109048929358,0.0,50.0,20.0,1.0,0.0,0.0,0.0,-340.42702971814924,70.0,140.768337676796,0.7390252442346067,0.0,0.6736777333295053,0.0
0.2502176761627197,-3.379736381161851,7.213204725940605,9.22724357392055,-0.3518283148496038,2.5,-1.36337877627024,0.0,50.0,20.0,1.0,0.0,0.0,0.0,-340.5193158801702,70.0,139.82191142450375,0.7422199423873501,0.0,0.6701563676654269,0.0
0.283646821975708,-3.0833720347409117,6.745902561349978,9.791184179663338,-0.20963691584519528,2.44917379088324,-1.4693841552988345,0.0,50.0,20.0,1.0,0.0,0.0,0.0,-340.7465005237053,70.0,137.80398254719313,0.7489860394320006,0.0,0.6625857776438955,0.0
0.3169686794281006,-2.3339340425178134,7.185658729531006,9.400888078842149,-0.3253869832426556,2.327824583114215,-1.6379582224901492,0.0,50.0,20.0,1.0,0.0,0.0,0.0,-340.8838057981534,70.0,136.73425286906797,0.7525481616844599,0.0,0.6585372156114945,0.0
0.33403849601745605,-2.709263172548985,6.904581879160695,8.645672099780887,-0.3854177478821338,2.420018503163433,-1.5228144918358624,0.0,50.0,20.0,1.0,0.0,0.0,0.0,-341.03855452995435,70.0,135.6252892036333,0.7562232170343843,0.0,0.6543137214044701,0.0
0.36691975593566895,-3.4531183944584494,6.388153263351798,8.796210202196377,-0.3141939280500421,2.330782734370779,-1.5069104473983095,0.0,50.0,20.0,1.0,0.0,0.0,0.0,-341.2119882451989,70.0,134.47812081179376,0.7600061815150132,0.0,0.6499158438282366,0.0
0.4003009796142578,-3.3457979831543483,6.417957984778516,8.916048282608793,-0.28894280703443614,2.4726948164746445,-1.652047037077542,0.0,50.0,20.0,1.0,0.0,0.0,0.0,-341.40535475431034,70.0,133.29383560249062,0.7638918915576647,0.0,0.6453442321834549,0.0
0.433807373046875,-2.7221775402421704,6.154342460676547,8.582677175843846,-0.39379721292314884,2.339742605889389,-1.832409884918968,0.0,50.0,20.0,1.0,0.0,0.0,0.0,-341.8568776459132,70.0,130.81856276003413,0.7719502485263084,0.0,0.6356829506917506,0.0
0.4668872356414795,-3.018976216605567,6.390727281005718,9.26411944466662,-0.2125527182572014,2.143487143723319,-1.86747537591697,0.0,50.0,20.0,1.0,0.0,0.0,0.0,-342.1175139713018,70.0,129.53004814754806,0.7761119502122484,0.0,0.630595148044877,0.0
0.5001869201660156,-3.1008115916991983,5.833460606098301,9.63947390040061,-0.1336871484886586,2.0418964566412505,-2.0614271365908112,0.0,50.0,20.0,1.0,0.0,0.0,0.0,-342.403032178775,70.0,128.20936274215978,0.7803545260259602,0.0,0.625337359919267,0.0
0.5168130397796631,-2.4843535293698844,6.205826145032228,10.227165552860747,0.019701189490319515,1.9009465090182176,-1.8685982356697495,0.0,50.0,20.0,1.0,0.0,0.0,0.0,-342.7146320478584,70.0,126.85789157366126,0.7846722514092707,0.0,0.6199108467096751,0.0
0.5503158569335938,-1.7564126792815282,5.475900910920749,10.680893716958032,0.08052867221557514,2.059507943547497,-2.0199717709766882,0.0,50.0,20.0,1.0,0.0,0.0,0.0,-343.0534874086911,70.0,125.47707814343514,0.7890593192421115,0.0,0.6143170115804832,0.0
0.5836834907531738,-2.3959117580834226,5.074986611379932,9.940607604478686,0.26591200226695855,1.9415604818931307,-1.9102122663525187,0.0,50.0,20.0,1.0,0.0,0.0,0.0,-343.81749719631654,70.0,122.63348479584174,0.7980179045740712,0.0,0.6026337394962289,0.0
0.6169018745422363,-3.0443313902560214,4.686472109552096,10.139573155753894,0.07980428087853986,2.012928243509967,-1.8033554878461835,0.0,50.0,20.0,1.0,0.0,0.0,0.0,-344.2448201670427,70.0,121.17387408689805,0.8025774913150192,0.0,0.5965478777386525,0.0
0.6503720283508301,-2.488636732882214,4.364339275305399,9.36135051148006,-0.052491585915341143,1.9828124468003059,-1.658204135521646,0.0,50.0,20.0,1.0,0.0,0.0,0.0,-344.7037249292413,70.0,119.69125608610123,0.8071825813095163,0.0,0.5903018553507232,0.0
0.6669707298278809,-1.8776603095319033,3.824977513467558,8.707970986716322,-0.24505450082238905,1.916408302775983,-1.5278684747426492,0.0,50.0,20.0,1.0,0.0,0.0,0.0,-345.1951738833999,70.0,118.1873461496653,0.8118271178346246,0.0,0.5838978769856306,0.0
0.7007019519805908,-1.7960241025307517,3.2371263957811283,9.329868250170435,-0.34745752951893005,1.9019813086072748,-1.4946737081396453,0.0,50.0,20.0,1.0,0.0,0.0,0.0,-346.27925843863596,70.0,115.12274951794495,0.8212102364256519,0.0,0.5706257508995933,0.0
0.7336347103118896,-1.3199482679070118,2.509712273856916,8.99589796493025,-0.2433381839798418,1.8436026767275515,-1.4217742547879157,0.0,50.0,20.0,1.0,0.0,0.0,0.0,-346.8735085394341,70.0,113.56572234495175,0.8259366732838791,0.0,0.5637629038210644,0.0
0.7668948173522949,-1.7388776777459494,2.8160921984335943,8.952547737616568,-0.1573669310917672,1.6545068749112455,-1.4863517285528751,0.0,50.0,20.0,1.0,0.0,0.0,0.0,-347.5035224260856,70.0,111.99471567770665,0.8306782900807428,0.0,0.5567527084698675,0.0
0.8003284931182861,-2.1130677315661948,2.463144227947821,9.63744294253099,-0.0792577825194749,1.5752058100352286,-1.4051797582814027,0.0,50.0,20.0,1.0,0.0,0.0,0.0,-348.16992403345705,70.0,110.41165388679445,0.8354290697396325,0.0,0.5495982800500492,0.0
0.818779706954956,-2.62337810559609,2.0094023556385867,9.942364469066153,-0.273493313361837,1.4498676096137775,-1.3059639063788109,0.0,50.0,20.0,1.0,0.0,0.0,0.0,-348.8732563129294,70.0,108.81849219624247,0.8401830389973293,0.0,0.5423029236332886,0.0
0.8507099151611328,-3.2380745966433113,2.7941981196737817,10.359003916249229,-0.120798337129569,1.5385612797613581,-1.4882346769618544,0.0,50.0,20.0,1.0,0.0,0.0,0.0,-350.3924570699503,70.0,105.6098180895899,0.8496769442276579,0.0,0.5273036036743438,0.0
0.8836309909820557,-2.452060823368365,2.9609125769450286,10.646349795045143,-0.2743392000339884,1.541943971969784,-1.466036298441679,0.0,50.0,20.0,1.0,0.0,0.0,0.0,-351.20897355813634,70.0,103.99833021073829,0.8544052603690526,0.0,0.519607208431226,0.0
0.9172022342681885,-2.896204090633863,3.420775321134639,10.807054590602142,-0.0920033253364601,1.4579436137446002,-1.420237798965152,0.0,50.0,20.0,1.0,0.0,0.0,0.0,-352.06371067525413,70.0,102.38478163659667,0.8591135500136269,0.0,0.5117850214523509,0.0
0.9503288269042969,-2.2745614614436596,3.048735804761302,10.697204054697663,-0.00988937971857129,1.3026835018152898,-1.5086790501192964,0.0,50.0,20.0,1.0,0.0,0.0,0.0,-352.956755327202,70.0,100.7712121129168,0.8637962372199917,0.0,0.5038413049409347,0.0
0.9835371971130371,-2.2958144424602573,2.2720422788586667,10.535761823662636,0.1048072840682176,1.403432096718406,-1.6141235191081578,0.0,50.0,20.0,1.0,0.0,0.0,0.0,-354.8576180610123,70.0,97.55217070501826,0.8730630827580036,0.0,0.4876072738640096,0.0
1.0170037746429443,-2.143309115649153,1.6592385711685576,10.071832499222905,-0.07109322810298785,1.5760755150682377,-1.6313851490273072,0.0,50.0,20.0,1.0,0.0,0.0,0.0,-355.8651084331909,70.0,95.95076299297762,0.8776367044712248,0.0,0.4793264179709773,0.0
1.0340802669525146,-1.6354946143202496,1.9637698876253307,9.700235027304654,0.03741704591165207,1.6999186141566618,-1.6151495167789518,0.0,50.0,20.0,1.0,0.0,0.0,0.0,-356.9102487425441,70.0,94.35745120886259,0.8821636718634966,0.0,0.470942943512601,0.0
1.0668845176696777,-1.647808037425489,1.4319050781932527,9.819774902574624,0.1692581779059954,1.6024658204051743,-1.5518930861392597,0.0,50.0,20.0,1.0,0.0,0.0,0.0,-357.9926178574303,70.0,92.77422543885899,0.8866390882460039,0.0,0.4624620278404433,0.0
1.1003139019012451,-1.2858679229805965,1.5262680248331848,10.39061654304278,0.2471283559540935,1.6151571227783335,-1.534272503008469,0.0,50.0,20.0,1.0,0.0,0.0,0.0,-359.11169127892833,70.0,91.2030484442892,0.8910582235626099,0.0,0.4538890197189683,0.0
1.1336231231689453,-0.9865015174765603,1.0825896352763078,11.159018840809273,0.3312125893351399,1.6417600484706543,-1.36906562612601,0.0,50.0,20.0,1.0,0.0,0.0,0.0,-361.4573392063055,70.0,88.10452007257197,0.8997096196202085,0.0,0.4364889464383489,0.0
1.1668915748596191,-1.4912712177238054,1.1703828849933346,11.87922474708915,0.3932474379347069,1.4444975747583988,-1.2500372956062906,0.0,50.0,20.0,1.0,0.0,0.0,0.0,-362.68235390502537,70.0,86.58090506533337,0.9039333353037342,0.0,0.42767338627352863,0.0
1.2001757621765137,-1.7915267390163967,1.3767512439857261,11.350605935871219,0.5843276234100887,1.4769220199363442,-1.2576026901019177,0.0,50.0,20.0,1.0,0.0,0.0,0.0,-363.940956327441,70.0,85.07680017423851,0.9080836961033975,0.0,0.4187887305923985,0.0
1.2169723510742188,-2.378148612938615,0.9806580008810366,11.066405461006426,0.7539542635817965,1.4759443136559307,-1.385107625884137,0.0,50.0,20.0,1.0,0.0,0.0,0.0,-365.2321202453886,70.0,83.59394487699207,0.9121569358476861,0.0,0.4098410965056583,0.0
1.2501935958862305,-2.0391738791590917,0.2709056284039102,10.474669306318768,0.8694507107261369,1.5262641174744964,-1.207259949783802,0.0,50.0,20.0,1.0,0.0,0.0,0.0,-366.55472510114953,70.0,82.13401739433603,0.9161495036446399,0.0,0.4008367335607854,0.0
1.2836389541625977,-1.7472094055597367,-0.25882997220888626,10.153263403821592,0.8187988793380098,1.5207907252018051,-1.1557525914705762,0.0,50.0,20.0,1.0,0.0,0.0,0.0,-369.2893218813091,70.0,79.28932188138144,0.9238795325111888,0.0,0.3826834323653262,0.0
1.3169195652008057,-2.0407520808283324,-0.9926251850741749,10.728344717037192,0.6838483618613331,1.424850129191091,-1.247225539574482,0.0,50.0,20.0,1.0,0.0,0.0,0.0,-370.6986295529558,70.0,77.90755896654942,0.9276110203998511,0.0,0.37354758041345565,0.0
1.3501982688903809,-1.8234029032473202,-0.8676241614867938,10.874655634455536,0.7058758441366103,1.408827170701256,-1.0888814214324354,0.0,50.0,20.0,1.0,0.0,0.0,0.0,-372.1340173942605,70.0,76.5547251012193,0.931249899057124,0.0,0.3643811541587963,0.0
1.3668456077575684,-1.3088152839879938,-1.050128343151946,11.421152724782043,0.7972429474973735,1.2484320054573348,-1.2881475968100744,0.0,50.0,20.0,1.0,0.0,0.0,0.0,-373.5939448769153,70.0,75.23212024545674,0.9347937733921404,0.0,0.3551909362966399,0.0
1.4006223678588867,-1.239037631308754,-1.3218843470495933,11.582159868023725,0.6299464330491396,1.2439711755080096,-1.2952591127908317,0.0,50.0,20.0,1.0,0.0,0.0,0.0,-376.58090506525485,70.0,72.6823539050898,0.9415881427006985,0.0,0.33676663956729597,0.0
1.4337120056152344,-1.8703282846017728,-1.5909488002301062,12.196397811006696,0.8018188505600856,1.4281266524783816,-1.2002091203008804,0.0,50.0,20.0,1.0,0.0,0.0,0.0,-378.10452007249205,70.0,71.4573392063685,0.9448350670715803,0.0,0.32754647919317115,0.0
1.466881275177002,-1.4710198616294248,-2.2985617960886358,12.135212164066848,0.8867132906331916,1.2492345636372437,-1.1784349928187139,0.0,50.0,20.0,1.0,0.0,0.0,0.0,-379.6458498002248,70.0,70.26684156724392,0.9479798479734579,0.0,0.3183303438822941,0.0
1.5003018379211426,-2.0854358576516328,-2.4408349571576795,11.733406215182157,0.8422837152883007,1.244573724304095,-1.0995966597110935,0.0,50.0,20.0,1.0,0.0,0.0,0.0,-381.2030484442081,70.0,69.11169127898731,0.9510213160624021,0.0,0.30912530856424,0.0
1.5190868377685547,-1.7798677134312,-3.223196203647522,11.549553887040746,0.9435585698455746,1.0490021686143935,-1.2901555426980327,0.0,50.0,20.0,1.0,0.0,0.0,0.0,-382.7742254387772,70.0,67.99261785748735,0.9539585476909168,0.0,0.29993847583702354,0.0
1.550732135772705,-1.5458459200892847,-2.5694783168860296,11.640345224976903,0.9252937978488591,0.9877501806384114,-1.166106561511895,0.0,50.0,20.0,1.0,0.0,0.0,0.0,-385.9507629928943,70.0,65.86510843324446,0.959517825698813,0.0,0.2816479046011567,0.0
1.5836377143859863,-1.7669598523947943,-3.081283244954868,11.2834443779231,0.9706848558211343,0.9448643779520656,-1.05490767248891,0.0,50.0,20.0,1.0,0.0,0.0,0.0,-387.55217070493455,70.0,64.85761806106387,0.9621392361268096,0.0,0.27255841631716193,0.0
1.6170127391815186,-1.0865361358836727,-3.5484852888561216,10.93829658884147,1.1187880985459098,0.9017596010314113,-1.0674319983455183,0.0,50.0,20.0,1.0,0.0,0.0,0.0,-389.1596628000005,70.0,63.88809540260797,0.9646551316335595,0.0,0.2635156105680267,0.0
1.6503441333770752,-0.72769378077236,-3.2254420591156148,10.333131055214166,1.094776232246874,1.0002976152014167,-1.0262739615911414,0.0,50.0,20.0,1.0,0.0,0.0,0.0,-390.77121211283315,70.0,62.956755327249354,0.9670657802671715,0.0,0.2545265735365303,0.0
1.6836087703704834,-1.4870085770314434,-2.6094126399577204,9.547350075022496,1.0686852106362947,1.0193073027927233,-0.9863331046157899,0.0,50.0,20.0,1.0,0.0,0.0,0.0,-393.9983302106542,70.0,61.208973558179935,0.9715735341234344,0.0,0.23673797285374332,0.0
1.7169544696807861,-0.7726052181244205,-2.472251227874905,9.241446327747234,0.9125456242115724,1.0967191964903127,-0.8338367087286904,0.0,50.0,20.0,1.0,0.0,0.0,0.0,-395.6098180895064,70.0,60.39245706999165,0.9736722829833669,0.0,0.22795237517946215,0.0
1.7339487075805664,-0.33651391774399375,-3.0832834118647625,9.796833844295898,0.7924451986990881,1.0873258775512527,-0.7149456413796439,0.0,50.0,20.0,1.0,0.0,0.0,0.0,-397.21721236183714,70.0,59.61397739745453,0.9756690591654157,0.0,0.21924845948665783,0.0
1.7669708728790283,0.4324786071694242,-3.2559000190665026,9.886830429345364,0.8710695261793869,1.1306769075530192,-0.678588218886723,0.0,50.0,20.0,1.0,0.0,0.0,0.0,-398.8184921961591,70.0,58.87325631296707,0.9775651990712254,0.0,0.21063304955499118,0.0
1.8003056049346924,1.0893048014921798,-2.5549538795324818,10.39933248986238,1.043891249894668,0.9904339465498443,-0.841055044127646,0.0,50.0,20.0,1.0,0.0,0.0,0.0,-400.41165388671163,70.0,58.16992403349279,0.9793622311650251,0.0,0.202112889661852,0.0
1.83363938331604,1.0950799093984944,-2.414346783619123,9.702974349219463,1.0757000512518005,1.1358553704447414,-0.8837363903889053,0.0,50.0,20.0,1.0,0.0,0.0,0.0,-403.5657223448706,70.0,56.87350853946586,0.9826659947829022,0.0,0.18538485023682294,0.0
1.8668675422668457,0.9672799998642834,-2.8074168038849585,9.513951036892996,1.1283702762105463,1.0740564843144458,-1.073637779682878,0.0,50.0,20.0,1.0,0.0,0.0,0.0,-405.1227495178646,70.0,56.27925843866585,0.9841766649370787,0.0,0.1771899889760402,0.0
1.9001736640930176,1.697703748572366,-2.713216489201373,9.232783986630743,1.1802740797688136,1.0437581412287853,-0.9210071215416495,0.0,50.0,20.0,1.0,0.0,0.0,0.0,-406.6639077249689,70.0,55.7200713203992,0.9855960853199469,0.0,0.16911639956549454,0.0
1.91693115234375,2.4010366092879503,-1.9610484035111793,8.725960769841542,1.1112989779986926,1.0803204929443364,-0.9516665965248955,0.0,50.0,20.0,1.0,0.0,0.0,0.0,-408.1873461495868,70.0,55.19517388342622,0.9869266085088946,0.0,0.1611703118354341,0.0
1.9501621723175049,3.033575302296234,-1.6548596657624908,9.298516276270357,1.1786235316920721,1.1799945441921866,-0.7847074545284318,0.0,50.0,20.0,1.0,0.0,0.0,0.0,-409.6912560860242,70.0,54.7037249292658,0.9881707217650556,0.0,0.1533578320345232,0.0
1.9837260246276855,2.7394447105145407,-1.6441960094262575,9.291869070048685,1.2456561483557405,1.0288195707001013,-0.9512658334843238,0.0,50.0,20.0,1.0,0.0,0.0,0.0,-412.6334847957675,70.0,53.81749719633767,0.9904102756021423,0.0,0.13815746806339627,0.0
2.016972541809082,3.038773399568167,-1.1188556133437995,9.664435753460143,1.1946898503930945,1.022348550724758,-0.8693008680569189,0.0,50.0,20.0,1.0,0.0,0.0,0.0,-414.06842346328335,70.0,53.42074064106514,0.9914112652147313,0.0,0.13078112709915632,0.0
2.050609827041626,2.3330977776639603,-0.46341206681369695,10.292621729065095,1.3750315890099511,0.9138039951115291,-0.819610516963429,0.0,50.0,20.0,1.0,0.0,0.0,0.0,-415.477078143364,70.0,53.05348740870912,0.9923369200813071,0.0,0.12356147070808744,0.0
2.066859006881714,2.6055334830989296,-1.0397323073544718,9.784221869178369,1.3559655522736116,0.9230720040305413,-0.8664106317126818,0.0,50.0,20.0,1.0,0.0,0.0,0.0,-415.477078143364,70.0,53.05348740870912,0.9923369200813071,0.0,0.12356147070808744,0.0
2.100287914276123,2.165943415042132,-1.5474917411957176,9.027903501272382,1.2172824139193161,0.9854715263074911,-0.6769322842278527,0.0,50.0,20.0,1.0,0.0,0.0,0.0,-416.8578915735919,70.0,52.71463204787487,0.9931902334198749,0.0,0.11650390654125897,0.0
2.133667469024658,1.9915702412502458,-1.5191641126682636,8.441136064063857,1.0352561350380203,1.0726392497935873,-0.6549071834460235,0.0,50.0,20.0,1.0,0.0,0.0,0.0,-419.53004814748226,70.0,52.11751397131556,0.9946921283208299,0.0,0.10289591758946404,0.0
2.1669628620147705,1.3358641749589997,-1.776235317479855,8.156564923449888,1.233313959346893,1.0452991102679354,-0.5546981641970463,0.0,50.0,20.0,1.0,0.0,0.0,0.0,-420.8185627599703,70.0,51.85687764592568,0.9953469805903726,0.0,0.0963555303531064,0.0
2.2001752853393555,1.166965116718793,-2.484871572667898,7.906714249068989,1.059287110628005,0.9992437879302208,-0.38115387950117613,0.0,50.0,20.0,1.0,0.0,0.0,0.0,-422.0735806937206,70.0,51.619902973947745,0.9959420089193252,0.0,0.08999730479152566,0.0
2.219027042388916,0.8723660640155921,-2.377448543562061,8.461206341739107,1.2296698661032988,0.9668997248218325,-0.329124368732623,0.0,50.0,20.0,1.0,0.0,0.0,0.0,-423.29383560243065,70.0,51.40535475432053,0.9964804193903648,0.0,0.08382585383759979,0.0
2.2506263256073,1.3314795922126539,-2.767354281314752,8.477800350833245,1.3358089311093262,0.8827039200671398,-0.395253032135558,0.0,50.0,20.0,1.0,0.0,0.0,0.0,-425.6252892035773,70.0,51.03855452996248,0.9974002342842053,0.0,0.0720608954274952,0.0
2.283693313598633,0.9669958249766402,-2.2873910295176003,8.722327776450076,1.330698080466919,1.0237310749771804,-0.5781665176311865,0.0,50.0,20.0,1.0,0.0,0.0,0.0,-426.73425286901426,70.0,50.883805798160594,0.9977880391191293,0.0,0.06647577747422719,0.0
2.3169186115264893,1.1699202809742144,-2.64415918988192,9.369358923072586,1.2272202910051124,1.1917644401728453,-0.4886100838545184,0.0,50.0,20.0,1.0,0.0,0.0,0.0,-427.8039825471417,70.0,50.74650052371163,0.9981320039861671,0.0,0.06109421100692083,0.0
2.3503341674804688,1.8993046135853935,-2.071695197836327,9.20330479270009,1.220470244755149,1.3083305682971882,-0.36256378408721496,0.0,50.0,20.0,1.0,0.0,0.0,0.0,-428.8335068687836,70.0,50.62540852335292,0.9984352544773424,0.0,0.055919966172777856,0.0
2.3836517333984375,1.3026574155460908,-2.748881448554868,9.784958246401242,1.1639645472609499,1.1430243376138527,-0.2849391959732476,0.0,50.0,20.0,1.0,0.0,0.0,0.0,-430.7683376767509,70.0,50.42702971815342,0.9989318552380002,0.0,0.04620766809488526,0.0
2.4169812202453613,0.6023016652570561,-3.000659568097518,10.251447381647324,1.1684980835765202,1.1188531408308209,-0.30642305906890777,0.0,50.0,20.0,1.0,0.0,0.0,0.0,-431.6719817377666,70.0,50.34738281498119,0.9991311655258753,0.0,0.04167630111833249,0.0
2.4340407848358154,1.3619503535589228,-3.1477640498521278,9.475971597822612,1.3042639324271053,0.935930333544118,-0.32791813410313364,0.0,50.0,20.0,1.0,0.0,0.0,0.0,-432.5320930325386,70.0,50.27923804179322,0.9993016610568772,0.0,0.037365628710969954,0.0
2.4668681621551514,1.5551265072412002,-2.670814665209604,8.689278392505484,1.2616099583061502,0.7811312695234394,-0.144941010378705,0.0,50.0,20.0,1.0,0.0,0.0,0.0,-433.3479728695329,70.0,50.221492619625096,0.999446115056672,0.0,0.03327856815016928,0.0
2.500288248062134,0.8573410259513615,-2.4870527115274417,8.094812282042245,1.0821082409356193,0.9139750393450752,-0.007516762825165835,0.0,50.0,20.0,1.0,0.0,0.0,0.0,-434.11897293927393,70.0,50.17308218365646,0.9995672008833212,0.0,0.02941786733062572,0.0
2.5336008071899414,1.4938823670687529,-2.9898147077355666,8.2529763704452,1.10629436598273,0.7864602950242445,-0.08198208329672757,0.0,50.0,20.0,1.0,0.0,0.0,0.0,-435.52398310476184,70.0,50.10022386034319,0.9997494089512051,0.0,0.022385694130760983,0.0
2.5669689178466797,1.5904950274259055,-2.7703597536109053,7.626528580984972,1.1592327632396113,0.6696015528998729,0.06963852347006838,0.0,50.0,20.0,1.0,0.0,0.0,0.0,-436.15693438846495,70.0,50.07387305261233,0.9998153003114817,0.0,0.01921887777841447,0.0
2.6001434326171875,2.3090386934159,-2.8676786928944296,7.643207119366558,1.1945877210913625,0.7151071019555201,0.07646005522477844,0.0,50.0,20.0,1.0,0.0,0.0,0.0,-436.7428851036233,70.0,50.05305806303126,0.9998673460438858,0.0,0.01628773511438256,0.0
2.6169755458831787,2.1451016152220497,-2.2139249614034355,7.728450349046077,1.3874256281691963,0.8787887650413155,0.23318450249641354,0.0,50.0,20.0,1.0,0.0,0.0,0.0,-437.28141525426895,70.0,50.03696034543428,0.99990759486706,0.0,0.013594179900656294,0.0
2.6503100395202637,2.1930774458491906,-2.4572483944812413,8.490154088803827,1.463776033563228,0.8006522808110953,0.24208388656783775,0.0,50.0,20.0,1.0,0.0,0.0,0.0,-437.7721458474831,70.0,50.02481975072456,0.9999379486980066,0.0,0.01113996201173134,0.0
2.683626890182495,-6.499127458548429,9.627704984814475,10.282459796528606,0.5146767373784926,2.2268781433393645,-2.2384524180819136,0.0,50.0,20.0,1.0,0.0,0.0,0.0,-438.60888879701076,70.0,50.00967642006093,0.9999758086572371,0.0,0.006955724283256511,0.0
2.7169013023376465,-7.014979968438101,9.757052613261797,10.147511783943985,0.6906837653636804,2.2406510213861295,-2.1279845054924245,0.0,50.0,20.0,1.0,0.0,0.0,0.0,-438.9543355600187,70.0,50.00546722005768,0.9999863318564467,0.0,0.005228393662341541,0.0
2.7503812313079834,-6.699028285037457,10.492547068158759,10.315764210647531,0.8690987609151186,2.219161043721292,-2.0322405055940758,0.0,50.0,20.0,1.0,0.0,0.0,0.0,-439.25084913363946,70.0,50.00280617447592,0.9999929845392018,0.0,0.0037457806101796865,0.0
2.766900062561035,-7.356375964820466,11.229904013374167,10.612310006117102,0.7171524271673773,2.2150073261246375,-1.9608865592670868,0.0,50.0,20.0,1.0,0.0,0.0,0.0,-439.4982356070761,70.0,50.00125884545349,0.999996852881414,0.0,0.0025088298602047427,0.0
2.8006751537323,-7.2800049221074365,10.7926080467753,10.824668179733688,0.5821528341920368,2.132128598114557,-1.8083344258355851,0.0,50.0,20.0,1.0,0.0,0.0,0.0,-439.84501967520697,70.0,50.00012009457748,0.9999996997635112,0.0,0.0007749018566190095,0.0
2.833559513092041,-6.676391836987474,10.413951674098556,11.08822524603187,0.44206004356596007,2.1128385099636304,-1.9763471675990567,0.0,50.0,20.0,1.0,0.0,0.0,0.0,-439.9441953145827,70.0,50.000015570815776,0.9999999610729597,0.0,0.0002790234379480235,0.0
2.8669445514678955,-6.96225013110499,11.17134606058535,10.617626004111193,0.3614280393013371,1.95307224912806,-2.1376092966195164,0.0,50.0,20.0,1.0,0.0,0.0,0.0,-439.9937988262723,70.0,50.00000019227278,0.9999999995193181,0.0,3.100586865324209e-05,0.0
2.900144577026367,-7.732078225415317,11.07103812510556,10.220175276151663,0.4283369132905062,1.8815554826315548,-2.3326249391301572,0.0,50.0,20.0,1.0,0.0,0.0,0.0,-439.9937988262731,70.0,50.00000019227278,0.9999999995193181,0.0,3.100586864923104e-05,0.0
2.9189908504486084,-8.17479056305853,10.756852450765484,10.477046799914891,0.6258430199734617,2.0563719298418013,-2.2794762791240357,0.0,50.0,20.0,1.0,0.0,0.0,0.0,-439.9441953145851,70.0,50.000015570815776,0.9999999610729597,0.0,0.0002790234379359467,0.0
2.950737953186035,-7.762804659705278,11.114049377984205,11.012557467242706,0.8032378811676262,1.974728081931509,-2.444919863047615,0.0,50.0,20.0,1.0,0.0,0.0,0.0,-439.69633483890726,70.0,50.0004610637132,0.9999988473400526,0.0,0.0015183275555789293,0.0
2.983812093734741,-7.804669424462867,11.679536330264584,10.68722063804331,0.754373429501898,1.880181508342855,-2.5,0.0,50.0,20.0,1.0,0.0,0.0,0.0,-439.49823560708325,70.0,50.00125884545345,0.9999968528814142,0.0,0.002508829860168818,0.0
3.017000436782837,-7.720541849591193,11.120356314219032,11.066477431407245,0.7823823267942497,1.8069004474068926,-2.4390867669643828,0.0,50.0,20.0,1.0,0.0,0.0,0.0,-439.25084913364833,70.0,50.00280617447585,0.999992984539202,0.0,0.003745780610135478,0.0
3.0503273010253906,-8.315530844162252,10.705260220356909,10.813958913599796,0.621057760696185,1.9890500481546551,-2.5,0.0,50.0,20.0,1.0,0.0,0.0,0.0,-438.95433556002916,70.0,50.00546722005758,0.999986331856447,0.0,0.005228393662289397,0.0
3.0836172103881836,-8.656649728983284,11.369706455329789,11.204714811011659,0.6124496360753378,1.932437438891164,-2.5,0.0,50.0,20.0,1.0,0.0,0.0,0.0,-438.2147374456257,70.0,50.01593708189314,0.9999601565015149,0.0,0.008926668441571977,0.0
3.116940975189209,-8.97120824684562,11.68517399768287,10.920148544805555,0.4464152384413031,1.9626672217183931,-2.5,0.0,50.0,20.0,1.0,0.0,0.0,0.0,-437.7721458474983,70.0,50.02481975072422,0.9999379486980075,0.0,0.011139962011655482,0.0
3.1341629028320312,-9.435984981224095,12.434582042368522,11.237846534858908,0.348702135399957,1.8175864793829803,-2.3249611303475017,0.0,50.0,20.0,1.0,0.0,0.0,0.0,-437.28141525428566,70.0,50.036960345433826,0.9999075948670612,0.0,0.013594179900572592,0.0
3.1668827533721924,-9.85782554862421,12.473122060756587,11.670735674776209,0.495122948893455,1.9164504480142233,-2.407307680141498,0.0,50.0,20.0,1.0,0.0,0.0,0.0,-436.7428851036416,70.0,50.05305806303066,0.9998673460438873,0.0,0.016287735114291147,0.0
3.200082540512085,-9.26430630675463,12.939790553784876,11.776457856509662,0.4777997478677213,1.7863167215616513,-2.5,0.0,50.0,20.0,1.0,0.0,0.0,0.0,-436.1569343884848,70.0,50.07387305261156,0.9998153003114836,0.0,0.01921887777831535,0.0
3.233607769012451,-8.465531814160189,12.862112187297488,11.076816019094442,0.5234459656414632,1.7758935949350738,-2.4126979163632734,0.0,50.0,20.0,1.0,0.0,0.0,0.0,-434.84449376200257,70.0,50.13298464743241,0.9996674830976738,0.0,0.025786105505912992,0.0
3.266885280609131,-8.722882517704125,12.441615590251558,11.00296686913669,0.4293460170480495,1.7703487393978374,-2.431672272048687,0.0,50.0,20.0,1.0,0.0,0.0,0.0,-434.1189729392982,70.0,50.173082183655026,0.9995672008833247,0.0,0.02941786733050396,0.0
3.300297260284424,-8.727127643741435,12.70446660987664,10.48217633873489,0.26814608431594456,1.7167702724225757,-2.341601439273978,0.0,50.0,20.0,1.0,0.0,0.0,0.0,-433.3479728695587,70.0,50.221492619623376,0.9994461150566764,0.0,0.03327856815004008,0.0
3.3168299198150635,-8.259213514006865,12.184966077397691,10.098476024075994,0.29402961312791515,1.7650445866254727,-2.2918046912729766,0.0,50.0,20.0,1.0,0.0,0.0,0.0,-432.5320930325656,70.0,50.27923804179119,0.9993016610568823,0.0,0.037365628710834674,0.0
3.350249767303467,-8.154854224604811,12.673475054799122,9.478832688575647,0.25600846567634805,1.750207608032653,-2.2746725212254226,0.0,50.0,20.0,1.0,0.0,0.0,0.0,-431.6719817377953,70.0,50.347382814978786,0.9991311655258813,0.0,0.04167630111818878,0.0
3.3836207389831543,-8.387526922583683,12.312008834280988,9.729515189414576,0.3312298882397576,1.7759579909714445,-2.218756167135348,0.0,50.0,20.0,1.0,0.0,0.0,0.0,-429.82191142448806,70.0,50.51931588017183,0.9987008664255483,0.0,0.05095664236249423,0.0
3.4168448448181152,-8.331799102627977,11.520692194480418,10.290492647139839,0.21095003040769067,1.7946484805843952,-2.250194982327854,0.0,50.0,20.0,1.0,0.0,0.0,0.0,-428.8335068688164,70.0,50.625408523349236,0.9984352544773516,0.0,0.05591996617261309,0.0
3.4503121376037598,-8.465605964794017,11.222587847813742,9.937112441260503,0.3673842097948161,1.6100728322496867,-2.0883304378631027,0.0,50.0,20.0,1.0,0.0,0.0,0.0,-427.8039825471758,70.0,50.74650052370744,0.9981320039861775,0.0,0.06109421100674928,0.0
3.4669368267059326,-8.213337017858635,10.869144949713478,10.545348355057554,0.50603537486553,1.7668697225911911,-2.1011647983694433,0.0,50.0,20.0,1.0,0.0,0.0,0.0,-426.73425286904967,70.0,50.88380579815586,0.9977880391191412,0.0,0.06647577747404897,0.0
3.5005545616149902,-8.364523929081615,11.387755830603028,10.371835034155167,0.5893428665519361,1.668526955974048,-2.2128734552958025,0.0,50.0,20.0,1.0,0.0,0.0,0.0,-424.4781208117735,70.0,51.211988245202036,0.9969654250644753,0.0,0.07784562432153891,0.0
3.533643960952759,-8.177094832876731,11.924320883915419,10.441861693364554,0.4656812384514444,1.631661427816909,-2.083212774210604,0.0,50.0,20.0,1.0,0.0,0.0,0.0,-423.29383560246936,70.0,51.405354754313976,0.9964804193903812,0.0,0.08382585383740403,0.0
3.5669655799865723,-8.945823869719002,12.216911862660062,10.390722870710352,0.580957773719065,1.6465429038984971,-1.945885817326261,0.0,50.0,20.0,1.0,0.0,0.0,0.0,-422.07358069376085,70.0,51.61990297394043,0.9959420089193436,0.0,0.089997304791322,0.0
3.6002936363220215,-8.545326350617184,12.489045716472926,10.968463554869874,0.5927658552859238,1.5183245709020492,-1.8381929772169987,0.0,50.0,20.0,1.0,0.0,0.0,0.0,-420.8185627600117,70.0,51.85687764591759,0.995346980590393,0.0,0.09635553035289675,0.0
3.619168281555176,-9.288281064155731,11.755308444591472,11.001219540253068,0.6010519900476412,1.5035389281200364,-1.7908162631037834,0.0,50.0,20.0,1.0,0.0,0.0,0.0,-419.53004814752467,70.0,52.11751397130668,0.9946921283208522,0.0,0.10289591758924856,0.0
3.650712490081787,-9.037903776161812,12.088106653981194,11.27137357046192,0.41717489468440283,1.4557758070091713,-1.631366485740011,0.0,50.0,20.0,1.0,0.0,0.0,0.0,-416.8578915736364,70.0,52.71463204786431,0.9931902334199015,0.0,0.11650390654103224,0.0
3.683628797531128,-8.47627756932677,12.239015272006096,11.627327180283292,0.560923203625006,1.6460249261625424,-1.7370603663707165,0.0,50.0,20.0,1.0,0.0,0.0,0.0,-415.4770781434093,70.0,53.053487408697634,0.992336920081336,0.0,0.12356147070785536,0.0
3.716895580291748,-9.027758310227131,12.7321679464172,10.87068022770337,0.6771316967466608,1.4664851013650648,-1.9267145402503187,0.0,50.0,20.0,1.0,0.0,0.0,0.0,-414.06842346332957,70.0,53.42074064105272,0.9914112652147626,0.0,0.13078112709891906,0.0
3.7503671646118164,-8.35687887910655,12.33920770132605,10.27267873967885,0.8222593668727755,1.4498434085576488,-1.9675988618810194,0.0,50.0,20.0,1.0,0.0,0.0,0.0,-412.6334847958145,70.0,53.81749719632428,0.9904102756021762,0.0,0.13815746806315402,0.0
3.783588171005249,-7.601489020780241,11.896806462652794,10.876809899784206,0.7146884249688376,1.6343311106420482,-1.8750951920615786,0.0,50.0,20.0,1.0,0.0,0.0,0.0,-409.69125608607277,70.0,54.70372492925037,0.9881707217650947,0.0,0.15335783203427147,0.0
3.8169314861297607,-7.445734836019331,12.57700494511719,11.326615701633166,0.7523985152899308,1.5188159871872546,-1.9980525922788535,0.0,50.0,20.0,1.0,0.0,0.0,0.0,-408.187346149636,70.0,55.19517388340971,0.9869266085089364,0.0,0.161170311835178,0.0
3.833996534347534,-7.840733207273072,12.516674983959003,11.605650930991427,0.7098300927619036,1.6447061208309686,-1.894586223905772,0.0,50.0,20.0,1.0,0.0,0.0,0.0,-406.6639077250187,70.0,55.72007132038159,0.9855960853199915,0.0,0.16911639956523425,0.0
3.8669445514678955,-8.023748271827001,12.314685255060208,10.85513882292939,0.862247440473991,1.6569405304690463,-1.809644513052502,0.0,50.0,20.0,1.0,0.0,0.0,0.0,-405.1227495179145,70.0,56.279258438647275,0.9841766649371259,0.0,0.17718998897577815,0.0
3.9003241062164307,-8.199918677962536,12.96641635240915,11.334079352894747,0.6843508958983626,1.6759621920938246,-1.97060786030176,0.0,50.0,20.0,1.0,0.0,0.0,0.0,-403.5657223449215,70.0,56.873508539445965,0.9826659947829528,0.0,0.18538485023655468,0.0
3.933633327484131,-8.98429981391781,12.898192050200784,11.475108864409492,0.7120844908587758,1.645627975598888,-2.063368958953701,0.0,50.0,20.0,1.0,0.0,0.0,0.0,-400.41165388676325,70.0,58.16992403347054,0.9793622311650819,0.0,0.2021128896615767,0.0
3.9668612480163574,-9.120827910150012,12.307178252462094,11.804460747740732,0.552467605661851,1.6584191553401522,-2.032516791982256,0.0,50.0,20.0,1.0,0.0,0.0,0.0,-398.8184921962111,70.0,58.87325631294361,0.9775651990712855,0.0,0.21063304955471265,0.0
4.000150203704834,-8.623190046255624,12.389619435852099,11.98414234554928,0.4913681732520364,1.7236624037498287,-2.0007228948498454,0.0,50.0,20.0,1.0,0.0,0.0,0.0,-397.2172123618893,70.0,59.613977397429835,0.975669059165479,0.0,0.2192484594863763,0.0
4.0169837474823,-8.6322488981751,11.63424589437131,11.764362361598684,0.623863289071025,1.8685753015106936,-2.157407036816588,0.0,50.0,20.0,1.0,0.0,0.0,0.0,-395.60981808955876,70.0,60.39245706996573,0.9736722829834334,0.0,0.22795237517917785,0.0
4.050342082977295,-8.064567224943431,11.603324742050335,12.244748954306324,0.7263691926959885,1.7378719486488257,-2.348641085655245,0.0,50.0,20.0,1.0,0.0,0.0,0.0,-393.9983302107066,70.0,61.20897355815278,0.9715735341235042,0.0,0.23673797285345646,0.0
4.0836217403411865,-8.20956713038162,12.19739635421331,12.8179408289286,0.6126083500135371,1.7898941575122926,-2.44263979732121,0.0,50.0,20.0,1.0,0.0,0.0,0.0,-390.7712121128851,70.0,62.956755327219966,0.9670657802672474,0.0,0.2545265735362416,0.0
4.1169188022613525,-7.822940134842227,11.88194610782039,12.111696067159338,0.6102449001766953,1.9208148970983545,-2.5,0.0,50.0,20.0,1.0,0.0,0.0,0.0,-389.1596628000528,70.0,63.88809540257709,0.9646551316336396,0.0,0.26351561056773365,0.0
4.150191307067871,-7.245991426727891,11.31212872504174,12.84418732218465,0.6402100567428426,2.005706122739819,-2.5,0.0,50.0,20.0,1.0,0.0,0.0,0.0,-387.55217070498674,70.0,64.85761806103174,0.9621392361268931,0.0,0.2725584163168672,0.0
4.1668806076049805,-6.819750553139508,10.773271315921615,13.0,0.6482224892053323,1.9118019235104267,-2.4094329677598285,0.0,50.0,20.0,1.0,0.0,0.0,0.0,-385.95076299294624,70.0,65.86510843321108,0.9595178256989,0.0,0.2816479046008605,0.0
4.200615167617798,-7.377600843168788,10.950986373428357,12.492004814313537,0.4540574805032018,1.8292135188539276,-2.5,0.0,50.0,20.0,1.0,0.0,0.0,0.0,-382.77422543882847,70.0,67.99261785745158,0.9539585476910106,0.0,0.29993847583672534,0.0
4.233628511428833,-6.728645872426664,11.623041575376448,11.756421881699268,0.5635023954319558,1.8714517621779105,-2.5,0.0,50.0,20.0,1.0,0.0,0.0,0.0,-381.2030484442589,70.0,69.11169127895035,0.9510213160624993,0.0,0.30912530856394105,0.0
4.266870975494385,-6.960799124516798,12.206082788700057,11.390221521512627,0.5696920709723597,1.9960243132233757,-2.5,0.0,50.0,20.0,1.0,0.0,0.0,0.0,-379.64584980027524,70.0,70.2668415672058,0.9479798479735585,0.0,0.31833034388199466,0.0
4.3002777099609375,-7.470689683780266,11.704645646816521,12.068025965091211,0.5339498709223465,2.137468239807529,-2.5,0.0,50.0,20.0,1.0,0.0,0.0,0.0,-378.10452007254185,70.0,71.45733920632924,0.9448350670716841,0.0,0.3275464791928715,0.0
4.318919897079468,-6.867804795799463,11.022448130907492,12.377069343089476,0.6910417214160387,2.04282108751709,-2.5,0.0,50.0,20.0,1.0,0.0,0.0,0.0,-376.5809050653036,70.0,72.6823539050498,0.9415881427008047,0.0,0.3367666395669989,0.0
4.350662469863892,-6.418560458146655,10.671810776405524,12.310613684179954,0.6388860149525769,1.9209757553523694,-2.5,0.0,50.0,20.0,1.0,0.0,0.0,0.0,-373.5939448769632,70.0,75.23212024541425,0.934793773392254,0.0,0.3551909362963409,0.0
4.383578062057495,-6.373755855084544,9.994771920568555,11.868618830703111,0.6927330150663952,2.0519112670058406,-2.5,0.0,50.0,20.0,1.0,0.0,0.0,0.0,-372.1340173943076,70.0,76.5547251011758,0.9312498990572406,0.0,0.3643811541584979,0.0
4.416944742202759,-6.3615080459728,9.355687080102157,11.649766368914586,0.661284118044708,2.1578438552334274,-2.5,0.0,50.0,20.0,1.0,0.0,0.0,0.0,-370.69862955300164,70.0,77.90755896650538,0.9276110203999698,0.0,0.37354758041316083,0.0
4.450314521789551,-6.347518458589525,9.71301223777042,10.984977780081376,0.579985189740947,2.2270841941246866,-2.320685156944103,0.0,50.0,20.0,1.0,0.0,0.0,0.0,-369.28932188135445,70.0,79.28932188133608,0.9238795325113116,0.0,0.38268343236502983,0.0
4.48358941078186,-5.885240560673196,9.032619182419403,11.535502009358611,0.658163580451526,2.182524439299422,-2.2069349985036175,0.0,50.0,20.0,1.0,0.0,0.0,0.0,-366.554725101193,70.0,82.13401739428897,0.9161495036447682,0.0,0.400836733560492,0.0
4.516958236694336,-5.15362371782814,9.096520752962928,11.457971439106245,0.6495365405327013,2.2271223016756565,-2.1630375846237464,0.0,50.0,20.0,1.0,0.0,0.0,0.0,-365.2321202454311,70.0,83.59394487694424,0.9121569358478171,0.0,0.4098410965053666,0.0
4.534028768539429,-5.076655246521509,9.082330888526148,11.932212002394177,0.7477073379343238,2.124416361047382,-2.256418419259418,0.0,50.0,20.0,1.0,0.0,0.0,0.0,-363.9409563274824,70.0,85.07680017418996,0.9080836961035311,0.0,0.4187887305921087,0.0
4.566807746887207,-5.683207259136086,9.096429101422196,12.316642215815842,0.8463851002757561,2.105453182567086,-2.134216153066388,0.0,50.0,20.0,1.0,0.0,0.0,0.0,-362.6823539050658,70.0,86.58090506528416,0.9039333353038703,0.0,0.427673386273241,0.0
4.60032057762146,-5.388746661863291,8.538621731435557,12.450140782602688,0.6476889584989342,2.2898584867608434,-2.0794309554325046,0.0,50.0,20.0,1.0,0.0,0.0,0.0,-361.4573392063448,70.0,88.10452007252215,0.8997096196203469,0.0,0.4364889464380636,0.0
4.634117126464844,-5.819064802689474,8.755065817058242,11.856039561573208,0.4634883409442154,2.1127967342774916,-2.1418422241930704,0.0,50.0,20.0,1.0,0.0,0.0,0.0,-359.111691278965,70.0,91.20304844423879,0.8910582235627512,0.0,0.45388901971869067,0.0
4.666977882385254,-5.469018945507013,8.949459794606039,12.161217138985755,0.4284481974008155,2.088389535833347,-2.048904722551935,0.0,50.0,20.0,1.0,0.0,0.0,0.0,-357.99261785746603,70.0,92.77422543880772,0.8866390882461485,0.0,0.4624620278401661,0.0
4.700342178344727,-4.746125524176855,9.274680301820837,12.219240974145151,0.23133664365925957,2.2330266012624915,-2.0875179900939105,0.0,50.0,20.0,1.0,0.0,0.0,0.0,-356.9102487425787,70.0,94.35745120881096,0.882163671863643,0.0,0.470942943512327,0.0
4.716893434524536,-5.099473146046733,8.476128504050502,12.061912681691348,0.3281003416446644,2.119467899760872,-1.9280550239748906,0.0,50.0,20.0,1.0,0.0,0.0,0.0,-355.8651084332243,70.0,95.95076299292566,0.8776367044713728,0.0,0.4793264179707064,0.0
4.750141382217407,-4.723676271886525,8.675638267790827,11.726690077964227,0.30839827183758534,2.3022768838053196,-1.8755646540165265,0.0,50.0,20.0,1.0,0.0,0.0,0.0,-354.85761806104443,70.0,97.55217070496609,0.873063082758153,0.0,0.4876072738637422,0.0
4.783524751663208,-4.724969587012344,9.335879488641467,12.273400126777315,0.36570222212526177,2.2982988101515107,-1.757516558810144,0.0,50.0,20.0,1.0,0.0,0.0,0.0,-352.9567553272317,70.0,100.77121211286436,0.8637962372201433,0.0,0.5038413049406746,0.0
4.816856145858765,-4.226682557777297,8.66558905692362,12.437097561251555,0.40582938026473353,2.4102102123572946,-1.8006373299935146,0.0,50.0,20.0,1.0,0.0,0.0,0.0,-352.0637106752825,70.0,102.38478163654423,0.8591135500137795,0.0,0.5117850214520948,0.0
4.850332498550415,-4.243360249062395,8.797379378320514,12.755873905700481,0.3040123863325868,2.301104357052818,-1.9888026597140487,0.0,50.0,20.0,1.0,0.0,0.0,0.0,-351.2089735581635,70.0,103.99833021068588,0.8544052603692059,0.0,0.5196072084309737,0.0
4.866892337799072,-4.415342500990513,9.314384982282789,13.0,0.4798208248848356,2.438459040093789,-1.831364136505615,0.0,50.0,20.0,1.0,0.0,0.0,0.0,-350.392457069976,70.0,105.60981808953804,0.8496769442278105,0.0,0.527303603674098,0.0
4.900721311569214,-4.25517478485793,9.345650014247152,13.0,0.4735559063945096,2.3428615087571534,-1.7876126592568877,0.0,50.0,20.0,1.0,0.0,0.0,0.0,-348.8732563129529,70.0,108.81849219619053,0.8401830389974838,0.0,0.5423029236330491,0.0
4.933626174926758,-5.028085497007508,9.497279060394613,13.0,0.5006575795217777,2.5,-1.7530272062409817,0.0,50.0,20.0,1.0,0.0,0.0,0.0,-348.16992403347933,70.0,110.41165388674283,0.835429069739787,0.0,0.5495982800498144,0.0
4.966943025588989,-4.92794129319468,10.143081857103438,12.651774269726893,0.460469778663001,2.494600810221716,-1.6174954448500474,0.0,50.0,20.0,1.0,0.0,0.0,0.0,-347.50352242610654,70.0,111.99471567765582,0.8306782900808958,0.0,0.5567527084696392,0.0
5.000354290008545,-5.002444955726023,9.818365531553507,12.134848623202018,0.4055578244865614,2.5,-1.5795607622933918,0.0,50.0,20.0,1.0,0.0,0.0,0.0,-346.873508539454,70.0,113.5657223449009,0.825936673284033,0.0,0.563762903820839,0.0
5.019428253173828,-5.085064179257078,9.426567137839246,11.867333196292746,0.5818431413684515,2.3009748846077334,-1.7310255993918482,0.0,50.0,20.0,1.0,0.0,0.0,0.0,-346.27925843865467,70.0,115.12274951789459,0.8212102364258053,0.0,0.5706257508993727,0.0
5.050637245178223,-5.198239373819839,9.814155521346539,11.346323375054922,0.5248997914229729,2.369004312001053,-1.718035369560137,0.0,50.0,20.0,1.0,0.0,0.0,0.0,-345.19517388341626,70.0,118.18734614961653,0.8118271178347748,0.0,0.5838978769854217,0.0
5.083609580993652,-4.856073155052953,9.357168882604274,11.55495591013328,0.5397208421272692,2.4331838871194282,-1.7016185554187568,0.0,50.0,20.0,1.0,0.0,0.0,0.0,-344.7037249292566,70.0,119.69125608605313,0.8071825813096652,0.0,0.5903018553505195,0.0
