# Timestamp, Fx, Fy, Fz, Tx, Ty, Tz, FemurPosX, FemurPosY, FemurPosZ, FemurQuatW, FemurQuatX, FemurQuatY, FemurQuatZ, TibiaPosX, TibiaPosY, TibiaPosZ, TibiaQuatW, TibiaQuatX, TibiaQuatY, TibiaQuatZ
0.027954578399658203,-3.78446,-5.58178,2.33995,-2.26727,-3.56171,3.64246,0.73058,-0.227008,0.700719,-0.186532,0.0464836,0.981136,0.0204042,-0.0693365,-0.00149193,0.556571,0.252443,0.117083,0.956188,-0.0909307
0.05783987045288086,-3.78446,-5.58178,2.33995,-2.26727,-3.56171,3.64246,0.73058,-0.227008,0.700719,-0.186532,0.0464836,0.981136,0.0204042,-0.0693365,-0.00149193,0.556571,0.252443,0.117083,0.956188,-0.0909307
0.08968019485473633,-3.78446,-5.58178,2.33995,-2.26727,-3.56171,3.64246,0.73058,-0.227008,0.700719,-0.186532,0.0464836,0.981136,0.0204042,-0.0693365,-0.00149193,0.556571,0.252443,0.117083,0.956188,-0.0909307
0.1197209358215332,-3.78446,-5.58178,2.33995,-2.26727,-3.56171,3.64246,0.73058,-0.227008,0.700719,-0.186532,0.0464836,0.981136,0.0204042,-0.0693365,-0.00149193,0.556571,0.252443,0.117083,0.956188,-0.0909307
0.14872050285339355,-3.78446,-5.58178,2.33995,-2.26727,-3.56171,3.64246,0.73058,-0.227008,0.700719,-0.186532,0.0464836,0.981136,0.0204042,-0.0693365,-0.00149193,0.556571,0.252443,0.117083,0.956188,-0.0909307
0.17876935005187988,-3.78446,-5.58178,2.33995,-2.26727,-3.56171,3.64246,0.73058,-0.227008,0.700719,-0.186532,0.0464836,0.981136,0.0204042,-0.0693365,-0.00149193,0.556571,0.252443,0.117083,0.956188,-0.0909307
0.20906901359558105,-3.78446,-5.58178,2.33995,-2.26727,-3.56171,3.64246,0.73058,-0.227008,0.700719,-0.186532,0.0464836,0.981136,0.0204042,-0.0693365,-0.00149193,0.556571,0.252443,0.117083,0.956188,-0.0909307
0.24088096618652344,-3.78446,-5.58178,2.33995,-2.26727,-3.56171,3.64246,0.73058,-0.227008,0.700719,-0.186532,0.0464836,0.981136,0.0204042,-0.0693365,-0.00149193,0.556571,0.252443,0.117083,0.956188,-0.0909307
0.2711150646209717,-3.78446,-5.58178,2.33995,-2.26727,-3.56171,3.64246,0.73058,-0.227008,0.700719,-0.186532,0.0464836,0.981136,0.0204042,-0.0693365,-0.00149193,0.556571,0.252443,0.117083,0.956188,-0.0909307
0.3012046813964844,-3.78446,-5.58178,2.33995,-2.26727,-3.56171,3.64246,0.73058,-0.227008,0.700719,-0.186532,0.0464836,0.981136,0.0204042,-0.0693365,-0.00149193,0.556571,0.252443,0.117083,0.956188,-0.0909307
0.3311281204223633,-3.78446,-5.58178,2.33995,-2.26727,-3.56171,3.64246,0.73058,-0.227008,0.700719,-0.186532,0.0464836,0.981136,0.0204042,-0.0693365,-0.00149193,0.556571,0.252443,0.117083,0.956188,-0.0909307
0.3611760139465332,-3.78446,-5.58178,2.33995,-2.26727,-3.56171,3.64246,0.73058,-0.227008,0.700719,-0.186532,0.0464836,0.981136,0.0204042,-0.0693365,-0.00149193,0.556571,0.252443,0.117083,0.956188,-0.0909307
0.3929142951965332,-3.78446,-5.58178,2.33995,-2.26727,-3.56171,3.64246,0.73058,-0.227008,0.700719,-0.186532,0.0464836,0.981136,0.0204042,-0.0693365,-0.00149193,0.556571,0.252443,0.117083,0.956188,-0.0909307
0.4227890968322754,-3.78446,-5.58178,2.33995,-2.26727,-3.56171,3.64246,0.73058,-0.227008,0.700719,-0.186532,0.0464836,0.981136,0.0204042,-0.0693365,-0.00149193,0.556571,0.252443,0.117083,0.956188,-0.0909307
0.4534575939178467,-3.78446,-5.58178,2.33995,-2.26727,-3.56171,3.64246,0.73058,-0.227008,0.700719,-0.186532,0.0464836,0.981136,0.0204042,-0.0693365,-0.00149193,0.556571,0.252443,0.117083,0.956188,-0.0909307
0.4849095344543457,-3.78446,-5.58178,2.33995,-2.26727,-3.56171,3.64246,0.73058,-0.227008,0.700719,-0.186532,0.0464836,0.981136,0.0204042,-0.0693365,-0.00149193,0.556571,0.252443,0.117083,0.956188,-0.0909307
0.5157520771026611,-3.78446,-5.58178,2.33995,-2.26727,-3.56171,3.64246,0.73058,-0.227008,0.700719,-0.186532,0.0464836,0.981136,0.0204042,-0.0693365,-0.00149193,0.556571,0.252443,0.117083,0.956188,-0.0909307
0.5449936389923096,-3.78446,-5.58178,2.33995,-2.26727,-3.56171,3.64246,0.73058,-0.227008,0.700719,-0.186532,0.0464836,0.981136,0.0204042,-0.0693365,-0.00149193,0.556571,0.252443,0.117083,0.956188,-0.0909307
0.5748660564422607,-3.78446,-5.58178,2.33995,-2.26727,-3.56171,3.64246,0.73058,-0.227008,0.700719,-0.186532,0.0464836,0.981136,0.0204042,-0.0693365,-0.00149193,0.556571,0.252443,0.117083,0.956188,-0.0909307
0.6046748161315918,-3.78446,-5.58178,2.33995,-2.26727,-3.56171,3.64246,0.73058,-0.227008,0.700719,-0.186532,0.0464836,0.981136,0.0204042,-0.0693365,-0.00149193,0.556571,0.252443,0.117083,0.956188,-0.0909307
0.6367335319519043,-3.78446,-5.58178,2.33995,-2.26727,-3.56171,3.64246,0.73058,-0.227008,0.700719,-0.186532,0.0464836,0.981136,0.0204042,-0.0693365,-0.00149193,0.556571,0.252443,0.117083,0.956188,-0.0909307
0.6671268939971924,-3.78446,-5.58178,2.33995,-2.26727,-3.56171,3.64246,0.73058,-0.227008,0.700719,-0.186532,0.0464836,0.981136,0.0204042,-0.0693365,-0.00149193,0.556571,0.252443,0.117083,0.956188,-0.0909307
0.696861743927002,-3.78446,-5.58178,2.33995,-2.26727,-3.56171,3.64246,0.73058,-0.227008,0.700719,-0.186532,0.0464836,0.981136,0.0204042,-0.0693365,-0.00149193,0.556571,0.252443,0.117083,0.956188,-0.0909307
0.7269163131713867,-3.78446,-5.58178,2.33995,-2.26727,-3.56171,3.64246,0.73058,-0.227008,0.700719,-0.186532,0.0464836,0.981136,0.0204042,-0.0693365,-0.00149193,0.556571,0.252443,0.117083,0.956188,-0.0909307
0.7568655014038086,-3.78446,-5.58178,2.33995,-2.26727,-3.56171,3.64246,0.73058,-0.227008,0.700719,-0.186532,0.0464836,0.981136,0.0204042,-0.0693365,-0.00149193,0.556571,0.252443,0.117083,0.956188,-0.0909307
0.7898001670837402,-3.78446,-5.58178,2.33995,-2.26727,-3.56171,3.64246,0.73058,-0.227008,0.700719,-0.186532,0.0464836,0.981136,0.0204042,-0.0693365,-0.00149193,0.556571,0.252443,0.117083,0.956188,-0.0909307
0.8189589977264404,-3.78446,-5.58178,2.33995,-2.26727,-3.56171,3.64246,0.73058,-0.227008,0.700719,-0.186532,0.0464836,0.981136,0.0204042,-0.0693365,-0.00149193,0.556571,0.252443,0.117083,0.956188,-0.0909307
0.8489096164703369,-3.78446,-5.58178,2.33995,-2.26727,-3.56171,3.64246,0.73058,-0.227008,0.700719,-0.186532,0.0464836,0.981136,0.0204042,-0.0693365,-0.00149193,0.556571,0.252443,0.117083,0.956188,-0.0909307
0.8789434432983398,-3.78446,-5.58178,2.33995,-2.26727,-3.56171,3.64246,0.73058,-0.227008,0.700719,-0.186532,0.0464836,0.981136,0.0204042,-0.0693365,-0.00149193,0.556571,0.252443,0.117083,0.956188,-0.0909307
0.9090700149536133,-3.78446,-5.58178,2.33995,-2.26727,-3.56171,3.64246,0.73058,-0.227008,0.700719,-0.186532,0.0464836,0.981136,0.0204042,-0.0693365,-0.00149193,0.556571,0.252443,0.117083,0.956188,-0.0909307
0.9417359828948975,-3.78446,-5.58178,2.33995,-2.26727,-3.56171,3.64246,0.73058,-0.227008,0.700719,-0.186532,0.0464836,0.981136,0.0204042,-0.0693365,-0.00149193,0.556571,0.252443,0.117083,0.956188,-0.0909307
0.9716701507568359,-3.78446,-5.58178,2.33995,-2.26727,-3.56171,3.64246,0.73058,-0.227008,0.700719,-0.186532,0.0464836,0.981136,0.0204042,-0.0693365,-0.00149193,0.556571,0.252443,0.117083,0.956188,-0.0909307
1.0012125968933105,-3.78446,-5.58178,2.33995,-2.26727,-3.56171,3.64246,0.73058,-0.227008,0.700719,-0.186532,0.0464836,0.981136,0.0204042,-0.0693365,-0.00149193,0.556571,0.252443,0.117083,0.956188,-0.0909307
1.0310707092285156,-3.78446,-5.58178,2.33995,-2.26727,-3.56171,3.64246,0.73058,-0.227008,0.700719,-0.186532,0.0464836,0.981136,0.0204042,-0.0693365,-0.00149193,0.556571,0.252443,0.117083,0.956188,-0.0909307
1.0615708827972412,-3.78446,-5.58178,2.33995,-2.26727,-3.56171,3.64246,0.73058,-0.227008,0.700719,-0.186532,0.0464836,0.981136,0.0204042,-0.0693365,-0.00149193,0.556571,0.252443,0.117083,0.956188,-0.0909307
1.0935983657836914,-3.78446,-5.58178,2.33995,-2.26727,-3.56171,3.64246,0.73058,-0.227008,0.700719,-0.186532,0.0464836,0.981136,0.0204042,-0.0693365,-0.00149193,0.556571,0.252443,0.117083,0.956188,-0.0909307
1.123539924621582,-3.78446,-5.58178,2.33995,-2.26727,-3.56171,3.64246,0.73058,-0.227008,0.700719,-0.186532,0.0464836,0.981136,0.0204042,-0.0693365,-0.00149193,0.556571,0.252443,0.117083,0.956188,-0.0909307
1.1532835960388184,-3.78446,-5.58178,2.33995,-2.26727,-3.56171,3.64246,0.73058,-0.227008,0.700719,-0.186532,0.0464836,0.981136,0.0204042,-0.0693365,-0.00149193,0.556571,0.252443,0.117083,0.956188,-0.0909307
1.1852691173553467,-3.78446,-5.58178,2.33995,-2.26727,-3.56171,3.64246,0.73058,-0.227008,0.700719,-0.186532,0.0464836,0.981136,0.0204042,-0.0693365,-0.00149193,0.556571,0.252443,0.117083,0.956188,-0.0909307
1.2151868343353271,-3.78446,-5.58178,2.33995,-2.26727,-3.56171,3.64246,0.73058,-0.227008,0.700719,-0.186532,0.0464836,0.981136,0.0204042,-0.0693365,-0.00149193,0.556571,0.252443,0.117083,0.956188,-0.0909307
1.2461657524108887,-3.78446,-5.58178,2.33995,-2.26727,-3.56171,3.64246,0.73058,-0.227008,0.700719,-0.186532,0.0464836,0.981136,0.0204042,-0.0693365,-0.00149193,0.556571,0.252443,0.117083,0.956188,-0.0909307
1.2753844261169434,-3.78446,-5.58178,2.33995,-2.26727,-3.56171,3.64246,0.73058,-0.227008,0.700719,-0.186532,0.0464836,0.981136,0.0204042,-0.0693365,-0.00149193,0.556571,0.252443,0.117083,0.956188,-0.0909307
1.3055684566497803,-3.78446,-5.58178,2.33995,-2.26727,-3.56171,3.64246,0.73058,-0.227008,0.700719,-0.186532,0.0464836,0.981136,0.0204042,-0.0693365,-0.00149193,0.556571,0.252443,0.117083,0.956188,-0.0909307
1.337557315826416,-3.78446,-5.58178,2.33995,-2.26727,-3.56171,3.64246,0.73058,-0.227008,0.700719,-0.186532,0.0464836,0.981136,0.0204042,-0.0693365,-0.00149193,0.556571,0.252443,0.117083,0.956188,-0.0909307
1.3674709796905518,-3.78446,-5.58178,2.33995,-2.26727,-3.56171,3.64246,0.73058,-0.227008,0.700719,-0.186532,0.0464836,0.981136,0.0204042,-0.0693365,-0.00149193,0.556571,0.252443,0.117083,0.956188,-0.0909307
1.3971621990203857,-3.78446,-5.58178,2.33995,-2.26727,-3.56171,3.64246,0.73058,-0.227008,0.700719,-0.186532,0.0464836,0.981136,0.0204042,-0.0693365,-0.00149193,0.556571,0.252443,0.117083,0.956188,-0.0909307
1.427001714706421,-3.78446,-5.58178,2.33995,-2.26727,-3.56171,3.64246,0.73058,-0.227008,0.700719,-0.186532,0.0464836,0.981136,0.0204042,-0.0693365,-0.00149193,0.556571,0.252443,0.117083,0.956188,-0.0909307
1.4576902389526367,-3.78446,-5.58178,2.33995,-2.26727,-3.56171,3.64246,0.73058,-0.227008,0.700719,-0.186532,0.0464836,0.981136,0.0204042,-0.0693365,-0.00149193,0.556571,0.252443,0.117083,0.956188,-0.0909307
1.4894132614135742,-3.78446,-5.58178,2.33995,-2.26727,-3.56171,3.64246,0.73058,-0.227008,0.700719,-0.186532,0.0464836,0.981136,0.0204042,-0.0693365,-0.00149193,0.556571,0.252443,0.117083,0.956188,-0.0909307
1.5193028450012207,-3.78446,-5.58178,2.33995,-2.26727,-3.56171,3.64246,0.73058,-0.227008,0.700719,-0.186532,0.0464836,0.981136,0.0204042,-0.0693365,-0.00149193,0.556571,0.252443,0.117083,0.956188,-0.0909307
1.5486984252929688,-3.78446,-5.58178,2.33995,-2.26727,-3.56171,3.64246,0.73058,-0.227008,0.700719,-0.186532,0.0464836,0.981136,0.0204042,-0.0693365,-0.00149193,0.556571,0.252443,0.117083,0.956188,-0.0909307
1.5787677764892578,-3.78446,-5.58178,2.33995,-2.26727,-3.56171,3.64246,0.73058,-0.227008,0.700719,-0.186532,0.0464836,0.981136,0.0204042,-0.0693365,-0.00149193,0.556571,0.252443,0.117083,0.956188,-0.0909307
1.6090443134307861,-3.78446,-5.58178,2.33995,-2.26727,-3.56171,3.64246,0.73058,-0.227008,0.700719,-0.186532,0.0464836,0.981136,0.0204042,-0.0693365,-0.00149193,0.556571,0.252443,0.117083,0.956188,-0.0909307
1.6408956050872803,-3.78446,-5.58178,2.33995,-2.26727,-3.56171,3.64246,0.73058,-0.227008,0.700719,-0.186532,0.0464836,0.981136,0.0204042,-0.0693365,-0.00149193,0.556571,0.252443,0.117083,0.956188,-0.0909307
1.6708064079284668,-3.78446,-5.58178,2.33995,-2.26727,-3.56171,3.64246,0.73058,-0.227008,0.700719,-0.186532,0.0464836,0.981136,0.0204042,-0.0693365,-0.00149193,0.556571,0.252443,0.117083,0.956188,-0.0909307
1.7006802558898926,-3.78446,-5.58178,2.33995,-2.26727,-3.56171,3.64246,0.73058,-0.227008,0.700719,-0.186532,0.0464836,0.981136,0.0204042,-0.0693365,-0.00149193,0.556571,0.252443,0.117083,0.956188,-0.0909307
1.7307274341583252,-3.78446,-5.58178,2.33995,-2.26727,-3.56171,3.64246,0.73058,-0.227008,0.700719,-0.186532,0.0464836,0.981136,0.0204042,-0.0693365,-0.00149193,0.556571,0.252443,0.117083,0.956188,-0.0909307
1.7612833976745605,-3.78446,-5.58178,2.33995,-2.26727,-3.56171,3.64246,0.73058,-0.227008,0.700719,-0.186532,0.0464836,0.981136,0.0204042,-0.0693365,-0.00149193,0.556571,0.252443,0.117083,0.956188,-0.0909307
1.7933542728424072,-3.78446,-5.58178,2.33995,-2.26727,-3.56171,3.64246,0.73058,-0.227008,0.700719,-0.186532,0.0464836,0.981136,0.0204042,-0.0693365,-0.00149193,0.556571,0.252443,0.117083,0.956188,-0.0909307
1.8236732482910156,-3.78446,-5.58178,2.33995,-2.26727,-3.56171,3.64246,0.73058,-0.227008,0.700719,-0.186532,0.0464836,0.981136,0.0204042,-0.0693365,-0.00149193,0.556571,0.252443,0.117083,0.956188,-0.0909307
1.853677749633789,-3.78446,-5.58178,2.33995,-2.26727,-3.56171,3.64246,0.73058,-0.227008,0.700719,-0.186532,0.0464836,0.981136,0.0204042,-0.0693365,-0.00149193,0.556571,0.252443,0.117083,0.956188,-0.0909307
1.8859717845916748,-3.78446,-5.58178,2.33995,-2.26727,-3.56171,3.64246,0.73058,-0.227008,0.700719,-0.186532,0.0464836,0.981136,0.0204042,-0.0693365,-0.00149193,0.556571,0.252443,0.117083,0.956188,-0.0909307
1.91510009765625,-3.78446,-5.58178,2.33995,-2.26727,-3.56171,3.64246,0.73058,-0.227008,0.700719,-0.186532,0.0464836,0.981136,0.0204042,-0.0693365,-0.00149193,0.556571,0.252443,0.117083,0.956188,-0.0909307
1.9450924396514893,-3.78446,-5.58178,2.33995,-2.26727,-3.56171,3.64246,0.73058,-0.227008,0.700719,-0.186532,0.0464836,0.981136,0.0204042,-0.0693365,-0.00149193,0.556571,0.252443,0.117083,0.956188,-0.0909307
1.9751152992248535,-3.78446,-5.58178,2.33995,-2.26727,-3.56171,3.64246,0.73058,-0.227008,0.700719,-0.186532,0.0464836,0.981136,0.0204042,-0.0693365,-0.00149193,0.556571,0.252443,0.117083,0.956188,-0.0909307
2.005017042160034,-3.78446,-5.58178,2.33995,-2.26727,-3.56171,3.64246,0.73058,-0.227008,0.700719,-0.186532,0.0464836,0.981136,0.0204042,-0.0693365,-0.00149193,0.556571,0.252443,0.117083,0.956188,-0.0909307
2.0371460914611816,-3.78446,-5.58178,2.33995,-2.26727,-3.56171,3.64246,0.73058,-0.227008,0.700719,-0.186532,0.0464836,0.981136,0.0204042,-0.0693365,-0.00149193,0.556571,0.252443,0.117083,0.956188,-0.0909307
2.067256450653076,-3.78446,-5.58178,2.33995,-2.26727,-3.56171,3.64246,0.73058,-0.227008,0.700719,-0.186532,0.0464836,0.981136,0.0204042,-0.0693365,-0.00149193,0.556571,0.252443,0.117083,0.956188,-0.0909307
2.0970818996429443,-3.78446,-5.58178,2.33995,-2.26727,-3.56171,3.64246,0.73058,-0.227008,0.700719,-0.186532,0.0464836,0.981136,0.0204042,-0.0693365,-0.00149193,0.556571,0.252443,0.117083,0.956188,-0.0909307
2.1274468898773193,-3.78446,-5.58178,2.33995,-2.26727,-3.56171,3.64246,0.73058,-0.227008,0.700719,-0.186532,0.0464836,0.981136,0.0204042,-0.0693365,-0.00149193,0.556571,0.252443,0.117083,0.956188,-0.0909307
2.1572861671447754,-3.78446,-5.58178,2.33995,-2.26727,-3.56171,3.64246,0.73058,-0.227008,0.700719,-0.186532,0.0464836,0.981136,0.0204042,-0.0693365,-0.00149193,0.556571,0.252443,0.117083,0.956188,-0.0909307
2.1891062259674072,-3.78446,-5.58178,2.33995,-2.26727,-3.56171,3.64246,0.73058,-0.227008,0.700719,-0.186532,0.0464836,0.981136,0.0204042,-0.0693365,-0.00149193,0.556571,0.252443,0.117083,0.956188,-0.0909307
2.2188987731933594,-3.78446,-5.58178,2.33995,-2.26727,-3.56171,3.64246,0.73058,-0.227008,0.700719,-0.186532,0.0464836,0.981136,0.0204042,-0.0693365,-0.00149193,0.556571,0.252443,0.117083,0.956188,-0.0909307
2.2494864463806152,-3.78446,-5.58178,2.33995,-2.26727,-3.56171,3.64246,0.73058,-0.227008,0.700719,-0.186532,0.0464836,0.981136,0.0204042,-0.0693365,-0.00149193,0.556571,0.252443,0.117083,0.956188,-0.0909307
2.27931809425354,-3.78446,-5.58178,2.33995,-2.26727,-3.56171,3.64246,0.73058,-0.227008,0.700719,-0.186532,0.0464836,0.981136,0.0204042,-0.0693365,-0.00149193,0.556571,0.252443,0.117083,0.956188,-0.0909307
2.309291124343872,-3.78446,-5.58178,2.33995,-2.26727,-3.56171,3.64246,0.73058,-0.227008,0.700719,-0.186532,0.0464836,0.981136,0.0204042,-0.0693365,-0.00149193,0.556571,0.252443,0.117083,0.956188,-0.0909307
2.341026782989502,-3.78446,-5.58178,2.33995,-2.26727,-3.56171,3.64246,0.73058,-0.227008,0.700719,-0.186532,0.0464836,0.981136,0.0204042,-0.0693365,-0.00149193,0.556571,0.252443,0.117083,0.956188,-0.0909307
2.370897054672241,-3.78446,-5.58178,2.33995,-2.26727,-3.56171,3.64246,0.73058,-0.227008,0.700719,-0.186532,0.0464836,0.981136,0.0204042,-0.0693365,-0.00149193,0.556571,0.252443,0.117083,0.956188,-0.0909307
2.4017629623413086,-3.78446,-5.58178,2.33995,-2.26727,-3.56171,3.64246,0.73058,-0.227008,0.700719,-0.186532,0.0464836,0.981136,0.0204042,-0.0693365,-0.00149193,0.556571,0.252443,0.117083,0.956188,-0.0909307
2.4317493438720703,-3.78446,-5.58178,2.33995,-2.26727,-3.56171,3.64246,0.73058,-0.227008,0.700719,-0.186532,0.0464836,0.981136,0.0204042,-0.0693365,-0.00149193,0.556571,0.252443,0.117083,0.956188,-0.0909307
2.4616477489471436,-3.78446,-5.58178,2.33995,-2.26727,-3.56171,3.64246,0.73058,-0.227008,0.700719,-0.186532,0.0464836,0.981136,0.0204042,-0.0693365,-0.00149193,0.556571,0.252443,0.117083,0.956188,-0.0909307
2.4933743476867676,-3.78446,-5.58178,2.33995,-2.26727,-3.56171,3.64246,0.73058,-0.227008,0.700719,-0.186532,0.0464836,0.981136,0.0204042,-0.0693365,-0.00149193,0.556571,0.252443,0.117083,0.956188,-0.0909307
2.523081064224243,-3.78446,-5.58178,2.33995,-2.26727,-3.56171,3.64246,0.73058,-0.227008,0.700719,-0.186532,0.0464836,0.981136,0.0204042,-0.0693365,-0.00149193,0.556571,0.252443,0.117083,0.956188,-0.0909307
2.55375075340271,-3.78446,-5.58178,2.33995,-2.26727,-3.56171,3.64246,0.73058,-0.227008,0.700719,-0.186532,0.0464836,0.981136,0.0204042,-0.0693365,-0.00149193,0.556571,0.252443,0.117083,0.956188,-0.0909307
2.585754156112671,-3.78446,-5.58178,2.33995,-2.26727,-3.56171,3.64246,0.73058,-0.227008,0.700719,-0.186532,0.0464836,0.981136,0.0204042,-0.0693365,-0.00149193,0.556571,0.252443,0.117083,0.956188,-0.0909307
2.6157546043395996,-3.78446,-5.58178,2.33995,-2.26727,-3.56171,3.64246,0.73058,-0.227008,0.700719,-0.186532,0.0464836,0.981136,0.0204042,-0.0693365,-0.00149193,0.556571,0.252443,0.117083,0.956188,-0.0909307
2.645507574081421,-3.78446,-5.58178,2.33995,-2.26727,-3.56171,3.64246,0.73058,-0.227008,0.700719,-0.186532,0.0464836,0.981136,0.0204042,-0.0693365,-0.00149193,0.556571,0.252443,0.117083,0.956188,-0.0909307
2.675642728805542,-3.78446,-5.58178,2.33995,-2.26727,-3.56171,3.64246,0.73058,-0.227008,0.700719,-0.186532,0.0464836,0.981136,0.0204042,-0.0693365,-0.00149193,0.556571,0.252443,0.117083,0.956188,-0.0909307
2.7054214477539062,-3.78446,-5.58178,2.33995,-2.26727,-3.56171,3.64246,0.73058,-0.227008,0.700719,-0.186532,0.0464836,0.981136,0.0204042,-0.0693365,-0.00149193,0.556571,0.252443,0.117083,0.956188,-0.0909307
2.7372260093688965,-3.78446,-5.58178,2.33995,-2.26727,-3.56171,3.64246,0.73058,-0.227008,0.700719,-0.186532,0.0464836,0.981136,0.0204042,-0.0693365,-0.00149193,0.556571,0.252443,0.117083,0.956188,-0.0909307
2.767141342163086,-3.78446,-5.58178,2.33995,-2.26727,-3.56171,3.64246,0.73058,-0.227008,0.700719,-0.186532,0.0464836,0.981136,0.0204042,-0.0693365,-0.00149193,0.556571,0.252443,0.117083,0.956188,-0.0909307
2.7978549003601074,-3.78446,-5.58178,2.33995,-2.26727,-3.56171,3.64246,0.73058,-0.227008,0.700719,-0.186532,0.0464836,0.981136,0.0204042,-0.0693365,-0.00149193,0.556571,0.252443,0.117083,0.956188,-0.0909307
2.8278229236602783,-3.78446,-5.58178,2.33995,-2.26727,-3.56171,3.64246,0.73058,-0.227008,0.700719,-0.186532,0.0464836,0.981136,0.0204042,-0.0693365,-0.00149193,0.556571,0.252443,0.117083,0.956188,-0.0909307
2.8575949668884277,-3.78446,-5.58178,2.33995,-2.26727,-3.56171,3.64246,0.73058,-0.227008,0.700719,-0.186532,0.0464836,0.981136,0.0204042,-0.0693365,-0.00149193,0.556571,0.252443,0.117083,0.956188,-0.0909307
2.8893067836761475,-3.78446,-5.58178,2.33995,-2.26727,-3.56171,3.64246,0.73058,-0.227008,0.700719,-0.186532,0.0464836,0.981136,0.0204042,-0.0693365,-0.00149193,0.556571,0.252443,0.117083,0.956188,-0.0909307
2.9189584255218506,-3.78446,-5.58178,2.33995,-2.26727,-3.56171,3.64246,0.73058,-0.227008,0.700719,-0.186532,0.0464836,0.981136,0.0204042,-0.0693365,-0.00149193,0.556571,0.252443,0.117083,0.956188,-0.0909307
2.949688196182251,-3.78446,-5.58178,2.33995,-2.26727,-3.56171,3.64246,0.73058,-0.227008,0.700719,-0.186532,0.0464836,0.981136,0.0204042,-0.0693365,-0.00149193,0.556571,0.252443,0.117083,0.956188,-0.0909307
2.9796459674835205,-3.78446,-5.58178,2.33995,-2.26727,-3.56171,3.64246,0.73058,-0.227008,0.700719,-0.186532,0.0464836,0.981136,0.0204042,-0.0693365,-0.00149193,0.556571,0.252443,0.117083,0.956188,-0.0909307
3.009728193283081,-3.78446,-5.58178,2.33995,-2.26727,-3.56171,3.64246,0.73058,-0.227008,0.700719,-0.186532,0.0464836,0.981136,0.0204042,-0.0693365,-0.00149193,0.556571,0.252443,0.117083,0.956188,-0.0909307
3.0415995121002197,-3.78446,-5.58178,2.33995,-2.26727,-3.56171,3.64246,0.73058,-0.227008,0.700719,-0.186532,0.0464836,0.981136,0.0204042,-0.0693365,-0.00149193,0.556571,0.252443,0.117083,0.956188,-0.0909307
3.0714776515960693,-3.78446,-5.58178,2.33995,-2.26727,-3.56171,3.64246,0.73058,-0.227008,0.700719,-0.186532,0.0464836,0.981136,0.0204042,-0.0693365,-0.00149193,0.556571,0.252443,0.117083,0.956188,-0.0909307
3.101123571395874,-3.78446,-5.58178,2.33995,-2.26727,-3.56171,3.64246,0.73058,-0.227008,0.700719,-0.186532,0.0464836,0.981136,0.0204042,-0.0693365,-0.00149193,0.556571,0.252443,0.117083,0.956188,-0.0909307
3.130857467651367,-3.78446,-5.58178,2.33995,-2.26727,-3.56171,3.64246,0.73058,-0.227008,0.700719,-0.186532,0.0464836,0.981136,0.0204042,-0.0693365,-0.00149193,0.556571,0.252443,0.117083,0.956188,-0.0909307
3.160871744155884,-3.78446,-5.58178,2.33995,-2.26727,-3.56171,3.64246,0.73058,-0.227008,0.700719,-0.186532,0.0464836,0.981136,0.0204042,-0.0693365,-0.00149193,0.556571,0.252443,0.117083,0.956188,-0.0909307
3.193748950958252,-3.78446,-5.58178,2.33995,-2.26727,-3.56171,3.64246,0.73058,-0.227008,0.700719,-0.186532,0.0464836,0.981136,0.0204042,-0.0693365,-0.00149193,0.556571,0.252443,0.117083,0.956188,-0.0909307
3.2236759662628174,-3.78446,-5.58178,2.33995,-2.26727,-3.56171,3.64246,0.73058,-0.227008,0.700719,-0.186532,0.0464836,0.981136,0.0204042,-0.0693365,-0.00149193,0.556571,0.252443,0.117083,0.956188,-0.0909307
3.2534401416778564,-3.78446,-5.58178,2.33995,-2.26727,-3.56171,3.64246,0.73058,-0.227008,0.700719,-0.186532,0.0464836,0.981136,0.0204042,-0.0693365,-0.00149193,0.556571,0.252443,0.117083,0.956188,-0.0909307
3.2854197025299072,-3.78446,-5.58178,2.33995,-2.26727,-3.56171,3.64246,0.73058,-0.227008,0.700719,-0.186532,0.0464836,0.981136,0.0204042,-0.0693365,-0.00149193,0.556571,0.252443,0.117083,0.956188,-0.0909307
3.3152146339416504,-3.78446,-5.58178,2.33995,-2.26727,-3.56171,3.64246,0.73058,-0.227008,0.700719,-0.186532,0.0464836,0.981136,0.0204042,-0.0693365,-0.00149193,0.556571,0.252443,0.117083,0.956188,-0.0909307
3.3453469276428223,-3.78446,-5.58178,2.33995,-2.26727,-3.56171,3.64246,0.73058,-0.227008,0.700719,-0.186532,0.0464836,0.981136,0.0204042,-0.0693365,-0.00149193,0.556571,0.252443,0.117083,0.956188,-0.0909307
3.375473976135254,-3.78446,-5.58178,2.33995,-2.26727,-3.56171,3.64246,0.73058,-0.227008,0.700719,-0.186532,0.0464836,0.981136,0.0204042,-0.0693365,-0.00149193,0.556571,0.252443,0.117083,0.956188,-0.0909307
3.4052419662475586,-3.78446,-5.58178,2.33995,-2.26727,-3.56171,3.64246,0.73058,-0.227008,0.700719,-0.186532,0.0464836,0.981136,0.0204042,-0.0693365,-0.00149193,0.556571,0.252443,0.117083,0.956188,-0.0909307
3.4371612071990967,-3.78446,-5.58178,2.33995,-2.26727,-3.56171,3.64246,0.73058,-0.227008,0.700719,-0.186532,0.0464836,0.981136,0.0204042,-0.0693365,-0.00149193,0.556571,0.252443,0.117083,0.956188,-0.0909307
3.466841459274292,-3.78446,-5.58178,2.33995,-2.26727,-3.56171,3.64246,0.73058,-0.227008,0.700719,-0.186532,0.0464836,0.981136,0.0204042,-0.0693365,-0.00149193,0.556571,0.252443,0.117083,0.956188,-0.0909307
3.497302293777466,-3.78446,-5.58178,2.33995,-2.26727,-3.56171,3.64246,0.73058,-0.227008,0.700719,-0.186532,0.0464836,0.981136,0.0204042,-0.0693365,-0.00149193,0.556571,0.252443,0.117083,0.956188,-0.0909307
3.5272610187530518,-3.78446,-5.58178,2.33995,-2.26727,-3.56171,3.64246,0.73058,-0.227008,0.700719,-0.186532,0.0464836,0.981136,0.0204042,-0.0693365,-0.00149193,0.556571,0.252443,0.117083,0.956188,-0.0909307
3.5572714805603027,-3.78446,-5.58178,2.33995,-2.26727,-3.56171,3.64246,0.73058,-0.227008,0.700719,-0.186532,0.0464836,0.981136,0.0204042,-0.0693365,-0.00149193,0.556571,0.252443,0.117083,0.956188,-0.0909307
3.589202404022217,-3.78446,-5.58178,2.33995,-2.26727,-3.56171,3.64246,0.73058,-0.227008,0.700719,-0.186532,0.0464836,0.981136,0.0204042,-0.0693365,-0.00149193,0.556571,0.252443,0.117083,0.956188,-0.0909307
3.6189770698547363,-3.78446,-5.58178,2.33995,-2.26727,-3.56171,3.64246,0.73058,-0.227008,0.700719,-0.186532,0.0464836,0.981136,0.0204042,-0.0693365,-0.00149193,0.556571,0.252443,0.117083,0.956188,-0.0909307
3.6499087810516357,-3.78446,-5.58178,2.33995,-2.26727,-3.56171,3.64246,0.73058,-0.227008,0.700719,-0.186532,0.0464836,0.981136,0.0204042,-0.0693365,-0.00149193,0.556571,0.252443,0.117083,0.956188,-0.0909307
3.678839683532715,-3.78446,-5.58178,2.33995,-2.26727,-3.56171,3.64246,0.73058,-0.227008,0.700719,-0.186532,0.0464836,0.981136,0.0204042,-0.0693365,-0.00149193,0.556571,0.252443,0.117083,0.956188,-0.0909307
3.709031105041504,-3.78446,-5.58178,2.33995,-2.26727,-3.56171,3.64246,0.73058,-0.227008,0.700719,-0.186532,0.0464836,0.981136,0.0204042,-0.0693365,-0.00149193,0.556571,0.252443,0.117083,0.956188,-0.0909307
3.7419164180755615,-3.78446,-5.58178,2.33995,-2.26727,-3.56171,3.64246,0.73058,-0.227008,0.700719,-0.186532,0.0464836,0.981136,0.0204042,-0.0693365,-0.00149193,0.556571,0.252443,0.117083,0.956188,-0.0909307
3.770840644836426,-3.78446,-5.58178,2.33995,-2.26727,-3.56171,3.64246,0.73058,-0.227008,0.700719,-0.186532,0.0464836,0.981136,0.0204042,-0.0693365,-0.00149193,0.556571,0.252443,0.117083,0.956188,-0.0909307
3.8015964031219482,-3.78446,-5.58178,2.33995,-2.26727,-3.56171,3.64246,0.73058,-0.227008,0.700719,-0.186532,0.0464836,0.981136,0.0204042,-0.0693365,-0.00149193,0.556571,0.252443,0.117083,0.956188,-0.0909307
3.831545829772949,-3.78446,-5.58178,2.33995,-2.26727,-3.56171,3.64246,0.73058,-0.227008,0.700719,-0.186532,0.0464836,0.981136,0.0204042,-0.0693365,-0.00149193,0.556571,0.252443,0.117083,0.956188,-0.0909307
3.8614718914031982,-3.78446,-5.58178,2.33995,-2.26727,-3.56171,3.64246,0.73058,-0.227008,0.700719,-0.186532,0.0464836,0.981136,0.0204042,-0.0693365,-0.00149193,0.556571,0.252443,0.117083,0.956188,-0.0909307
3.893174171447754,-3.78446,-5.58178,2.33995,-2.26727,-3.56171,3.64246,0.73058,-0.227008,0.700719,-0.186532,0.0464836,0.981136,0.0204042,-0.0693365,-0.00149193,0.556571,0.252443,0.117083,0.956188,-0.0909307
3.9231011867523193,-3.78446,-5.58178,2.33995,-2.26727,-3.56171,3.64246,0.73058,-0.227008,0.700719,-0.186532,0.0464836,0.981136,0.0204042,-0.0693365,-0.00149193,0.556571,0.252443,0.117083,0.956188,-0.0909307
3.953850746154785,-3.78446,-5.58178,2.33995,-2.26727,-3.56171,3.64246,0.73058,-0.227008,0.700719,-0.186532,0.0464836,0.981136,0.0204042,-0.0693365,-0.00149193,0.556571,0.252443,0.117083,0.956188,-0.0909307
3.985995292663574,-3.78446,-5.58178,2.33995,-2.26727,-3.56171,3.64246,0.73058,-0.227008,0.700719,-0.186532,0.0464836,0.981136,0.0204042,-0.0693365,-0.00149193,0.556571,0.252443,0.117083,0.956188,-0.0909307
4.014997243881226,-3.78446,-5.58178,2.33995,-2.26727,-3.56171,3.64246,0.73058,-0.227008,0.700719,-0.186532,0.0464836,0.981136,0.0204042,-0.0693365,-0.00149193,0.556571,0.252443,0.117083,0.956188,-0.0909307
4.0457541942596436,-3.78446,-5.58178,2.33995,-2.26727,-3.56171,3.64246,0.73058,-0.227008,0.700719,-0.186532,0.0464836,0.981136,0.0204042,-0.0693365,-0.00149193,0.556571,0.252443,0.117083,0.956188,-0.0909307
4.075757265090942,-3.78446,-5.58178,2.33995,-2.26727,-3.56171,3.64246,0.73058,-0.227008,0.700719,-0.186532,0.0464836,0.981136,0.0204042,-0.0693365,-0.00149193,0.556571,0.252443,0.117083,0.956188,-0.0909307
4.105486154556274,-3.78446,-5.58178,2.33995,-2.26727,-3.56171,3.64246,0.73058,-0.227008,0.700719,-0.186532,0.0464836,0.981136,0.0204042,-0.0693365,-0.00149193,0.556571,0.252443,0.117083,0.956188,-0.0909307
4.137274265289307,-3.78446,-5.58178,2.33995,-2.26727,-3.56171,3.64246,0.73058,-0.227008,0.700719,-0.186532,0.0464836,0.981136,0.0204042,-0.0693365,-0.00149193,0.556571,0.252443,0.117083,0.956188,-0.0909307
4.167052745819092,-3.78446,-5.58178,2.33995,-2.26727,-3.56171,3.64246,0.73058,-0.227008,0.700719,-0.186532,0.0464836,0.981136,0.0204042,-0.0693365,-0.00149193,0.556571,0.252443,0.117083,0.956188,-0.0909307
4.197695255279541,-3.78446,-5.58178,2.33995,-2.26727,-3.56171,3.64246,0.73058,-0.227008,0.700719,-0.186532,0.0464836,0.981136,0.0204042,-0.0693365,-0.00149193,0.556571,0.252443,0.117083,0.956188,-0.0909307
4.227527141571045,-3.78446,-5.58178,2.33995,-2.26727,-3.56171,3.64246,0.73058,-0.227008,0.700719,-0.186532,0.0464836,0.981136,0.0204042,-0.0693365,-0.00149193,0.556571,0.252443,0.117083,0.956188,-0.0909307
4.257367849349976,-3.78446,-5.58178,2.33995,-2.26727,-3.56171,3.64246,0.73058,-0.227008,0.700719,-0.186532,0.0464836,0.981136,0.0204042,-0.0693365,-0.00149193,0.556571,0.252443,0.117083,0.956188,-0.0909307
4.2891106605529785,-3.78446,-5.58178,2.33995,-2.26727,-3.56171,3.64246,0.73058,-0.227008,0.700719,-0.186532,0.0464836,0.981136,0.0204042,-0.0693365,-0.00149193,0.556571,0.252443,0.117083,0.956188,-0.0909307
4.318912982940674,-3.78446,-5.58178,2.33995,-2.26727,-3.56171,3.64246,0.73058,-0.227008,0.700719,-0.186532,0.0464836,0.981136,0.0204042,-0.0693365,-0.00149193,0.556571,0.252443,0.117083,0.956188,-0.0909307
4.3498499393463135,-3.78446,-5.58178,2.33995,-2.26727,-3.56171,3.64246,0.73058,-0.227008,0.700719,-0.186532,0.0464836,0.981136,0.0204042,-0.0693365,-0.00149193,0.556571,0.252443,0.117083,0.956188,-0.0909307
4.380135536193848,-3.78446,-5.58178,2.33995,-2.26727,-3.56171,3.64246,0.73058,-0.227008,0.700719,-0.186532,0.0464836,0.981136,0.0204042,-0.0693365,-0.00149193,0.556571,0.252443,0.117083,0.956188,-0.0909307
4.4089086055755615,-3.78446,-5.58178,2.33995,-2.26727,-3.56171,3.64246,0.73058,-0.227008,0.700719,-0.186532,0.0464836,0.981136,0.0204042,-0.0693365,-0.00149193,0.556571,0.252443,0.117083,0.956188,-0.0909307
4.441658973693848,-3.78446,-5.58178,2.33995,-2.26727,-3.56171,3.64246,0.73058,-0.227008,0.700719,-0.186532,0.0464836,0.981136,0.0204042,-0.0693365,-0.00149193,0.556571,0.252443,0.117083,0.956188,-0.0909307
4.471630334854126,-3.78446,-5.58178,2.33995,-2.26727,-3.56171,3.64246,0.73058,-0.227008,0.700719,-0.186532,0.0464836,0.981136,0.0204042,-0.0693365,-0.00149193,0.556571,0.252443,0.117083,0.956188,-0.0909307
4.50136399269104,-3.78446,-5.58178,2.33995,-2.26727,-3.56171,3.64246,0.73058,-0.227008,0.700719,-0.186532,0.0464836,0.981136,0.0204042,-0.0693365,-0.00149193,0.556571,0.252443,0.117083,0.956188,-0.0909307
4.531191110610962,-3.78446,-5.58178,2.33995,-2.26727,-3.56171,3.64246,0.73058,-0.227008,0.700719,-0.186532,0.0464836,0.981136,0.0204042,-0.0693365,-0.00149193,0.556571,0.252443,0.117083,0.956188,-0.0909307
4.561161756515503,-3.78446,-5.58178,2.33995,-2.26727,-3.56171,3.64246,0.73058,-0.227008,0.700719,-0.186532,0.0464836,0.981136,0.0204042,-0.0693365,-0.00149193,0.556571,0.252443,0.117083,0.956188,-0.0909307
4.59396767616272,-3.78446,-5.58178,2.33995,-2.26727,-3.56171,3.64246,0.73058,-0.227008,0.700719,-0.186532,0.0464836,0.981136,0.0204042,-0.0693365,-0.00149193,0.556571,0.252443,0.117083,0.956188,-0.0909307
4.622861623764038,-3.78446,-5.58178,2.33995,-2.26727,-3.56171,3.64246,0.73058,-0.227008,0.700719,-0.186532,0.0464836,0.981136,0.0204042,-0.0693365,-0.00149193,0.556571,0.252443,0.117083,0.956188,-0.0909307
4.65375280380249,-3.78446,-5.58178,2.33995,-2.26727,-3.56171,3.64246,0.73058,-0.227008,0.700719,-0.186532,0.0464836,0.981136,0.0204042,-0.0693365,-0.00149193,0.556571,0.252443,0.117083,0.956188,-0.0909307
4.685369491577148,-3.78446,-5.58178,2.33995,-2.26727,-3.56171,3.64246,0.73058,-0.227008,0.700719,-0.186532,0.0464836,0.981136,0.0204042,-0.0693365,-0.00149193,0.556571,0.252443,0.117083,0.956188,-0.0909307
4.715533971786499,-3.78446,-5.58178,2.33995,-2.26727,-3.56171,3.64246,0.73058,-0.227008,0.700719,-0.186532,0.0464836,0.981136,0.0204042,-0.0693365,-0.00149193,0.556571,0.252443,0.117083,0.956188,-0.0909307
4.745247840881348,-3.78446,-5.58178,2.33995,-2.26727,-3.56171,3.64246,0.73058,-0.227008,0.700719,-0.186532,0.0464836,0.981136,0.0204042,-0.0693365,-0.00149193,0.556571,0.252443,0.117083,0.956188,-0.0909307
4.774995803833008,-3.78446,-5.58178,2.33995,-2.26727,-3.56171,3.64246,0.73058,-0.227008,0.700719,-0.186532,0.0464836,0.981136,0.0204042,-0.0693365,-0.00149193,0.556571,0.252443,0.117083,0.956188,-0.0909307
4.805706977844238,-3.78446,-5.58178,2.33995,-2.26727,-3.56171,3.64246,0.73058,-0.227008,0.700719,-0.186532,0.0464836,0.981136,0.0204042,-0.0693365,-0.00149193,0.556571,0.252443,0.117083,0.956188,-0.0909307
4.837482690811157,-3.78446,-5.58178,2.33995,-2.26727,-3.56171,3.64246,0.73058,-0.227008,0.700719,-0.186532,0.0464836,0.981136,0.0204042,-0.0693365,-0.00149193,0.556571,0.252443,0.117083,0.956188,-0.0909307
4.86735987663269,-3.78446,-5.58178,2.33995,-2.26727,-3.56171,3.64246,0.73058,-0.227008,0.700719,-0.186532,0.0464836,0.981136,0.0204042,-0.0693365,-0.00149193,0.556571,0.252443,0.117083,0.956188,-0.0909307
4.896997690200806,-3.78446,-5.58178,2.33995,-2.26727,-3.56171,3.64246,0.73058,-0.227008,0.700719,-0.186532,0.0464836,0.981136,0.0204042,-0.0693365,-0.00149193,0.556571,0.252443,0.117083,0.956188,-0.0909307
4.92774224281311,-3.78446,-5.58178,2.33995,-2.26727,-3.56171,3.64246,0.73058,-0.227008,0.700719,-0.186532,0.0464836,0.981136,0.0204042,-0.0693365,-0.00149193,0.556571,0.252443,0.117083,0.956188,-0.0909307
4.957465171813965,-3.78446,-5.58178,2.33995,-2.26727,-3.56171,3.64246,0.73058,-0.227008,0.700719,-0.186532,0.0464836,0.981136,0.0204042,-0.0693365,-0.00149193,0.556571,0.252443,0.117083,0.956188,-0.0909307
4.989172458648682,-3.78446,-5.58178,2.33995,-2.26727,-3.56171,3.64246,0.73058,-0.227008,0.700719,-0.186532,0.0464836,0.981136,0.0204042,-0.0693365,-0.00149193,0.556571,0.252443,0.117083,0.956188,-0.0909307
5.018960952758789,-3.78446,-5.58178,2.33995,-2.26727,-3.56171,3.64246,0.73058,-0.227008,0.700719,-0.186532,0.0464836,0.981136,0.0204042,-0.0693365,-0.00149193,0.556571,0.252443,0.117083,0.956188,-0.0909307
5.049544334411621,-3.78446,-5.58178,2.33995,-2.26727,-3.56171,3.64246,0.73058,-0.227008,0.700719,-0.186532,0.0464836,0.981136,0.0204042,-0.0693365,-0.00149193,0.556571,0.252443,0.117083,0.956188,-0.0909307
5.07950496673584,-3.78446,-5.58178,2.33995,-2.26727,-3.56171,3.64246,0.73058,-0.227008,0.700719,-0.186532,0.0464836,0.981136,0.0204042,-0.0693365,-0.00149193,0.556571,0.252443,0.117083,0.956188,-0.0909307
5.109378337860107,-3.78446,-5.58178,2.33995,-2.26727,-3.56171,3.64246,0.73058,-0.227008,0.700719,-0.186532,0.0464836,0.981136,0.0204042,-0.0693365,-0.00149193,0.556571,0.252443,0.117083,0.956188,-0.0909307
5.141080141067505,-3.78446,-5.58178,2.33995,-2.26727,-3.56171,3.64246,0.73058,-0.227008,0.700719,-0.186532,0.0464836,0.981136,0.0204042,-0.0693365,-0.00149193,0.556571,0.252443,0.117083,0.956188,-0.0909307
5.171223402023315,-3.78446,-5.58178,2.33995,-2.26727,-3.56171,3.64246,0.73058,-0.227008,0.700719,-0.186532,0.0464836,0.981136,0.0204042,-0.0693365,-0.00149193,0.556571,0.252443,0.117083,0.956188,-0.0909307
5.201133966445923,-3.78446,-5.58178,2.33995,-2.26727,-3.56171,3.64246,0.73058,-0.227008,0.700719,-0.186532,0.0464836,0.981136,0.0204042,-0.0693365,-0.00149193,0.556571,0.252443,0.117083,0.956188,-0.0909307
