# Timestamp, Fx, Fy, Fz, Tx, Ty, Tz, FemurPosX, FemurPosY, FemurPosZ, FemurQuatW, FemurQuatX, FemurQuatY, FemurQuatZ, TibiaPosX, TibiaPosY, TibiaPosZ, TibiaQuatW, TibiaQuatX, TibiaQuatY, TibiaQuatZ
0.017864704132080078,-1.8742601723602683,-2.2205474439648967,7.869323507788209,1.396968431244436,1.1348204334179388,-1.261373014885472,0.0,50.0,20.0,1.0,0.0,0.0,0.0,-340.42702971815174,70.0,140.76833767676877,0.7390252442346987,0.0,0.6736777333294042,0.0
0.03447675704956055,-2.176429264756974,-1.736974430241097,7.453290800725699,1.4239965646497825,0.9731121104802605,-1.2159338583371475,0.0,50.0,20.0,1.0,0.0,0.0,0.0,-340.34738281497977,70.0,141.67198173778345,0.7359620175736535,0.0,0.677022827302682,0.0
0.06686830520629883,-1.4799415376772882,-1.753206313017794,7.067147451077332,1.347678822541559,0.8414192492478093,-1.2802888598131201,0.0,50.0,20.0,1.0,0.0,0.0,0.0,-340.2214926196241,70.0,143.34797286954796,0.730246626594235,0.0,0.6831836241800149,0.0
0.08406662940979004,-1.6062729108858673,-1.8681815413168632,7.255433272822861,1.1517288601625524,0.8106472313783077,-1.1958807932503461,0.0,50.0,20.0,1.0,0.0,0.0,0.0,-340.17308218365565,70.0,144.11897293928791,0.7276023194737359,0.0,0.6859991725187717,0.0
0.1169579029083252,-0.9974124804105964,-1.8619955067640797,6.9891442977840414,1.1275448933100312,0.7306499264621256,-1.2436390460744533,0.0,50.0,20.0,1.0,0.0,0.0,0.0,-340.1329846474329,70.0,144.8444937619927,0.7251051862937103,0.0,0.6886381261663949,0.0
0.15033721923828125,-1.3947715563922172,-2.140832595590187,6.520879096747409,0.9488955246876101,0.9066297340342897,-1.25412465064418,0.0,50.0,20.0,1.0,0.0,0.0,0.0,-340.1002238603427,70.0,145.52398310477383,0.7227586626780276,0.0,0.6911005104352544,0.0
0.18367981910705566,-0.6548742345182195,-2.498284284533977,7.28724572658935,0.9345908443415596,0.8887270114872119,-1.0543944375066712,0.0,50.0,20.0,1.0,0.0,0.0,0.0,-340.0530580630309,70.0,146.74288510363345,0.7185301486241428,0.0,0.6954958127251143,0.0
0.21700167655944824,-0.28925669084630057,-2.256757794947656,7.660169610477851,0.8825932657466218,0.8079759688707175,-1.123603228284176,0.0,50.0,20.0,1.0,0.0,0.0,0.0,-340.03696034543407,70.0,147.28141525427813,0.716653977682821,0.0,0.6974289040980383,0.0
0.23413944244384766,-0.1519097138557014,-1.7081376220875086,8.199188096184066,0.9445506580860283,0.6320767248549558,-0.9460107174982797,0.0,50.0,20.0,1.0,0.0,0.0,0.0,-340.02481975072436,70.0,147.7721458474914,0.7149400469707533,0.0,0.6991857616095003,0.0
0.26700687408447266,0.39920762456715864,-2.2313468417317077,7.439380355032712,1.087125583726762,0.819421136684114,-1.0122587070174678,0.0,50.0,20.0,1.0,0.0,0.0,0.0,-340.01593708189324,70.0,148.2147374456195,0.7133907153670438,0.0,0.700766499790121,0.0
0.30044031143188477,0.5171735370838728,-2.6695132795946317,8.16740685819926,1.0601026232395716,0.6502900827572035,-0.8528658067826813,0.0,50.0,20.0,1.0,0.0,0.0,0.0,-340.0096764200608,70.0,148.60888879701722,0.7120081151327657,0.0,0.7021712355153023,0.0
0.3337070941925049,0.12423586647562912,-3.252468173264109,7.918826801305497,1.215997607999887,0.6974920013432278,-1.0243531801026595,0.0,50.0,20.0,1.0,0.0,0.0,0.0,-340.0028061744759,70.0,149.25084913364412,0.7097504873769228,0.0,0.7044531536363654,0.0
0.36739158630371094,0.053617009969103346,-3.3626259996603456,8.120849019096829,1.046331612184445,0.6655724965603389,-0.9235184824472575,0.0,50.0,20.0,1.0,0.0,0.0,0.0,-340.00125884545344,70.0,149.4982356070798,0.7088785664446351,0.0,0.7053305452306734,0.0
0.4009256362915039,-0.025732452033149444,-3.4798751262556373,8.635838074020015,1.1308625431025174,0.7873473918396383,-0.9656158301806375,0.0,50.0,20.0,1.0,0.0,0.0,0.0,-340.0004610637132,70.0,149.6963348389046,0.7081795858435042,0.0,0.7060323464222605,0.0
0.4172191619873047,-0.7415388601936553,-2.908875594397877,8.333924034357867,1.0800886260018274,0.9661718053959107,-1.0713331207439938,0.0,50.0,20.0,1.0,0.0,0.0,0.0,-340.0001200945775,70.0,149.84501967520902,0.7076545072448525,0.0,0.7065586305297283,0.0
0.4514751434326172,-0.9588472030351505,-3.306348940370593,9.006539068006047,0.9719836319835548,0.851082080668084,-0.9934369615331712,0.0,50.0,20.0,1.0,0.0,0.0,0.0,-340.00000019227275,70.0,149.99379882627275,0.7071287053066339,0.0,0.7070848563866742,0.0
0.4840967655181885,-0.3953072732447813,-3.9257271362675956,9.545472170702018,0.9268593054953402,0.8683872773162351,-1.0698351041729814,0.0,50.0,20.0,1.0,0.0,0.0,0.0,-340.00000019227275,70.0,149.99379882627275,0.7071287053066339,0.0,0.7070848563866742,0.0
0.5176870822906494,-9.946241916281558,-2.723484891476641,5.955975270136644,-1.174613296971399,-0.4633214182690273,-0.5243066358539932,0.0,50.0,20.0,1.0,0.0,0.0,0.0,-340.0000155708158,70.0,149.94419531458394,0.7073040530260521,0.0,0.7069094542958947,0.0
0.5508816242218018,-9.482154454975019,-2.8063975584447913,5.829588612282713,-1.0332913616500514,-0.2685711361890875,-0.6042020508730146,0.0,50.0,20.0,1.0,0.0,0.0,0.0,-340.0001200945775,70.0,149.84501967520902,0.7076545072448525,0.0,0.7065586305297283,0.0
0.5677430629730225,-9.096780220890565,-3.3866307018655637,6.034277824246072,-0.8855132460540691,-0.19267880887487832,-0.6688928190476073,0.0,50.0,20.0,1.0,0.0,0.0,0.0,-340.0004610637132,70.0,149.69633483890456,0.7081795858435043,0.0,0.7060323464222604,0.0
0.6013615131378174,-9.768772174214115,-3.8903698445228745,6.459308690546885,-1.0007780323900783,-0.022963868108771657,-0.4964868756270596,0.0,50.0,20.0,1.0,0.0,0.0,0.0,-340.0028061744759,70.0,149.25084913364407,0.7097504873769229,0.0,0.7044531536363652,0.0
0.6341748237609863,-9.024686212059299,-3.610187037890606,6.999771908840659,-1.0474113227898305,0.05020442029095068,-0.43915253377404573,0.0,50.0,20.0,1.0,0.0,0.0,0.0,-340.00546722005765,70.0,148.95433556002425,0.7107941489628898,0.0,0.7034000837362199,0.0
0.6675424575805664,-8.741624248683406,-3.1456579062904257,6.675773383742559,-1.1006390014445906,0.09926827949340475,-0.48165833022284016,0.0,50.0,20.0,1.0,0.0,0.0,0.0,-340.0096764200608,70.0,148.60888879701722,0.7120081151327659,0.0,0.7021712355153023,0.0
0.7010014057159424,-9.524091373456901,-2.934112246285842,7.040771007062845,-1.2975060755688865,0.1532972023153972,-0.4584037227304829,0.0,50.0,20.0,1.0,0.0,0.0,0.0,-340.01593708189324,70.0,148.21473744561948,0.7133907153670439,0.0,0.7007664997901208,0.0
0.7197496891021729,-9.752486844718794,-2.3394866553845985,6.916580678206513,-1.1208663980231228,0.19972412956191485,-0.611248191142391,0.0,50.0,20.0,1.0,0.0,0.0,0.0,-340.02481975072436,70.0,147.77214584749132,0.7149400469707536,0.0,0.6991857616095001,0.0
0.752105712890625,-9.418579826154517,-1.6399807796840038,6.723655186728655,-0.9597966037508268,0.1874524652102895,-0.45753358039068726,0.0,50.0,20.0,1.0,0.0,0.0,0.0,-340.0530580630309,70.0,146.74288510363343,0.7185301486241429,0.0,0.6954958127251143,0.0
0.7842919826507568,-9.353724271879843,-1.213988903223284,7.15704909841121,-1.0950867691356225,0.2643152004706356,-0.3760022093534855,0.0,50.0,20.0,1.0,0.0,0.0,0.0,-340.07387305261193,70.0,146.15693438847612,0.7205659775881869,0.0,0.6933863799804411,0.0
0.8176517486572266,-9.858901576158658,-0.9377025679073652,7.530914297820648,-1.2054238754580415,0.4339570596642992,-0.19297802627425614,0.0,50.0,20.0,1.0,0.0,0.0,0.0,-340.1002238603427,70.0,145.5239831047738,0.7227586626780277,0.0,0.6911005104352542,0.0
0.8508772850036621,-10.398165580940635,-1.7351557025547126,7.951906008515577,-1.3492107298995568,0.5132715702424084,-0.18381435860297216,0.0,50.0,20.0,1.0,0.0,0.0,0.0,-340.1329846474329,70.0,144.8444937619927,0.7251051862937105,0.0,0.6886381261663949,0.0
0.8843004703521729,-9.800822436291169,-1.327843873374614,7.733835936376509,-1.2279431534347507,0.6376444749650894,-0.33074672956508,0.0,50.0,20.0,1.0,0.0,0.0,0.0,-340.2214926196241,70.0,143.34797286954787,0.7302466265942353,0.0,0.6831836241800145,0.0
0.9176785945892334,-10.111368210568436,-1.441721167274144,6.996442250149077,-1.1092822079134756,0.7549473121516492,-0.45680832220991024,0.0,50.0,20.0,1.0,0.0,0.0,0.0,-340.27923804179204,70.0,142.5320930325544,0.7330344704290706,0.0,0.6801914915395311,0.0
0.934638261795044,-10.146772171094174,-1.4036832685094476,6.198736297791341,-1.2235290956397649,0.6269637795448362,-0.45021653008862106,0.0,50.0,20.0,1.0,0.0,0.0,0.0,-340.3473828149798,70.0,141.67198173778337,0.7359620175736539,0.0,0.6770228273026817,0.0
0.9673259258270264,-10.14839982659947,-1.0922060125645636,6.218591537603801,-1.175792636893591,0.5986090579785273,-0.3253832054119422,0.0,50.0,20.0,1.0,0.0,0.0,0.0,-340.42702971815174,70.0,140.76833767676868,0.7390252442346991,0.0,0.6736777333294038,0.0
1.0009963512420654,-9.713508525150736,-1.5988425047253858,5.45293694517878,-1.064003816243196,0.5886341004428559,-0.5202091864291214,0.0,50.0,20.0,1.0,0.0,0.0,0.0,-340.5193158801731,70.0,139.82191142447542,0.7422199423874456,0.0,0.670156367665321,0.0
1.0342864990234375,-8.914337471923304,-1.0293670163681221,4.855337249670867,-0.9400406759541664,0.4697002960927409,-0.5892216311173679,0.0,50.0,20.0,1.0,0.0,0.0,0.0,-340.7465005237091,70.0,137.80398254716224,0.7489860394321037,0.0,0.6625857776437789,0.0
1.0676991939544678,-9.699387654221285,-0.6066865319443984,4.568726892017455,-0.9845843789637552,0.5623493323021547,-0.7801414480807474,0.0,50.0,20.0,1.0,0.0,0.0,0.0,-340.8838057981577,70.0,136.73425286903583,0.7525481616845667,0.0,0.6585372156113724,0.0
1.1006176471710205,-9.232368686753539,-0.22993403535993995,4.5939657832393666,-0.9720227835509655,0.6272757116983193,-0.8426620880857664,0.0,50.0,20.0,1.0,0.0,0.0,0.0,-341.0385545299592,70.0,135.62528920359995,0.7562232170344946,0.0,0.6543137214043427,0.0
1.1174530982971191,-9.52030385921018,-0.5947395417896791,4.9926277373470445,-1.1419304010920655,0.8020695787034959,-0.7545910089036132,0.0,50.0,20.0,1.0,0.0,0.0,0.0,-341.2119882452043,70.0,134.47812081175923,0.7600061815151268,0.0,0.6499158438281037,0.0
1.1514348983764648,-9.099741609180539,-0.09500925457212805,4.302335689997514,-1.2552706354069225,0.8933270257598483,-0.6812844170958211,0.0,50.0,20.0,1.0,0.0,0.0,0.0,-341.6199029739431,70.0,132.0735806937459,0.7678750526819259,0.0,0.6405996436689061,0.0
1.1842763423919678,-9.867736113321035,-0.7408429440535128,4.4795628508235925,-1.1582872345478235,1.032129008768557,-0.8190938458194854,0.0,50.0,20.0,1.0,0.0,0.0,0.0,-341.8568776459206,70.0,130.81856275999655,0.7719502485264301,0.0,0.6356829506916029,0.0
1.217688798904419,-10.051328324898488,-1.3834733565511494,4.41959165000956,-1.1376684704274131,1.1468009834897313,-0.9553228862826726,0.0,50.0,20.0,1.0,0.0,0.0,0.0,-342.1175139713099,70.0,129.53004814750946,0.7761119502123728,0.0,0.6305951480447239,0.0
1.2508766651153564,-9.817862593364794,-2.1348349789147063,4.840367782446823,-1.2374494354363175,1.2305961498389193,-1.0210333695398652,0.0,50.0,20.0,1.0,0.0,0.0,0.0,-342.40303217878386,70.0,128.2093627421202,0.7803545260260871,0.0,0.6253373599191088,0.0
1.2677032947540283,-10.126715531552906,-1.9888092809121451,5.201618136151062,-1.2672482666180858,1.106709079701635,-0.8338342936920509,0.0,50.0,20.0,1.0,0.0,0.0,0.0,-342.71463204786807,70.0,126.85789157362066,0.7846722514094,0.0,0.6199108467095114,0.0
1.301494836807251,-10.441912856843468,-2.3038969237660583,4.518435243666272,-1.1562584888811844,0.9734268623646649,-1.0092917636628023,0.0,50.0,20.0,1.0,0.0,0.0,0.0,-343.4207406410569,70.0,124.0684234633139,0.7935098504010082,0.0,0.6085574067551636,0.0
1.3343017101287842,-10.845653036556579,-1.773653757549473,4.007138367819402,-1.0595087566925376,0.822961158621405,-1.1121416002058113,0.0,50.0,20.0,1.0,0.0,0.0,0.0,-343.81749719632876,70.0,122.63348479579886,0.7980179045742054,0.0,0.602633739496051,0.0
1.3676574230194092,-11.157886064781295,-2.033670347635335,4.622552071988027,-1.1534689612141211,0.8676869131726972,-0.9741512619703625,0.0,50.0,20.0,1.0,0.0,0.0,0.0,-344.2448201670559,70.0,121.17387408685435,0.8025774913151553,0.0,0.5965478777384694,0.0
1.4008886814117432,-11.055782436071162,-1.7744809415098184,5.398823567725728,-1.3284436923871301,0.9658383822127299,-0.83843864565163,0.0,50.0,20.0,1.0,0.0,0.0,0.0,-344.70372492925543,70.0,119.6912560860568,0.8071825813096539,0.0,0.590301855350535,0.0
1.419907569885254,-11.299374528656873,-2.256325545792203,5.162887285904465,-1.3108186558775952,1.0039573707499894,-1.0081754596562866,0.0,50.0,20.0,1.0,0.0,0.0,0.0,-345.195173883415,70.0,118.1873461496202,0.8118271178347636,0.0,0.5838978769854374,0.0
1.4520623683929443,-11.211956530332477,-2.464867425973056,4.711347971045239,-1.4224151966041017,1.0855718163027752,-0.9986857386393407,0.0,50.0,20.0,1.0,0.0,0.0,0.0,-346.279258438653,70.0,115.12274951789902,0.8212102364257918,0.0,0.5706257508993922,0.0
1.4843287467956543,-10.798707958540659,-2.674648304293452,5.410633377431604,-1.3359557916450906,1.0120055258367995,-0.9901729287104983,0.0,50.0,20.0,1.0,0.0,0.0,0.0,-346.87350853945213,70.0,113.56572234490571,0.8259366732840184,0.0,0.5637629038208603,0.0
1.5176489353179932,-10.19002910522036,-2.764967718790011,4.700298758828249,-1.1507764025036595,1.0688460078595996,-0.9439520623722216,0.0,50.0,20.0,1.0,0.0,0.0,0.0,-347.50352242610455,70.0,111.99471567766057,0.8306782900808816,0.0,0.5567527084696605,0.0
1.5510101318359375,-10.653831651213261,-2.303775075475842,4.795148470847624,-1.0863872571942712,0.9478720296853489,-0.9268295261247717,0.0,50.0,20.0,1.0,0.0,0.0,0.0,-348.1699240334772,70.0,110.41165388674793,0.8354290697397717,0.0,0.5495982800498375,0.0
1.584282636642456,-10.768364359202018,-1.9687444411165957,5.357912873363598,-0.9035781331493553,0.8217972943114383,-1.0618321593025144,0.0,50.0,20.0,1.0,0.0,0.0,0.0,-349.61397739743705,70.0,107.21721236187412,0.8449342803973747,0.0,0.5348701354622172,0.0
1.6177160739898682,-11.07039223953011,-1.926139107747836,4.646725536144797,-0.8915411270747571,0.7018244067562729,-1.1294827017130433,0.0,50.0,20.0,1.0,0.0,0.0,0.0,-350.39245706997315,70.0,105.60981808954386,0.8496769442277934,0.0,0.5273036036741255,0.0
1.6346707344055176,-11.838767859130487,-1.3210215862596053,5.020507461590702,-0.895465576567445,0.8226738875436764,-1.2326917360017298,0.0,50.0,20.0,1.0,0.0,0.0,0.0,-351.2089735581603,70.0,103.99833021069202,0.854405260369188,0.0,0.5196072084310033,0.0
1.6673715114593506,-12.135360040043224,-0.5474106581051632,4.784943309933081,-0.8519542051353554,0.9802883460667184,-1.2177578464437675,0.0,50.0,20.0,1.0,0.0,0.0,0.0,-352.06371067527897,70.0,102.38478163655077,0.8591135500137606,0.0,0.5117850214521268,0.0
1.7010715007781982,-12.412283051631194,-1.0424041333403673,4.362618464116648,-0.854515078548914,1.1550453615377136,-1.0747978427876568,0.0,50.0,20.0,1.0,0.0,0.0,0.0,-352.9567553272278,70.0,100.77121211287124,0.8637962372201234,0.0,0.5038413049407087,0.0
1.73427152633667,-12.851336303910335,-0.43551043245660637,5.048234231753032,-1.0475895258986574,1.251296101189359,-1.0389323840553921,0.0,50.0,20.0,1.0,0.0,0.0,0.0,-354.85761806104006,70.0,97.55217070497318,0.8730630827581327,0.0,0.48760727386377856,0.0
1.7676799297332764,-13.0,-0.8713864197600623,4.386961021798443,-0.8906407587613997,1.3636333785373314,-0.9373125069684182,0.0,50.0,20.0,1.0,0.0,0.0,0.0,-355.8651084332195,70.0,95.95076299293308,0.8776367044713517,0.0,0.47932641797074504,0.0
1.800870656967163,-13.0,-0.5871750407939693,4.1783973715992815,-0.7297650361081458,1.3911121907698154,-0.8918988540177342,0.0,50.0,20.0,1.0,0.0,0.0,0.0,-356.9102487425735,70.0,94.35745120881867,0.8821636718636211,0.0,0.47094294351236793,0.0
1.8176429271697998,-13.0,-0.33517294856420565,4.18617697938207,-0.8474576414234989,1.4159823878629836,-0.8059768343348559,0.0,50.0,20.0,1.0,0.0,0.0,0.0,-357.99261785746046,70.0,92.77422543881572,0.8866390882461259,0.0,0.4624620278402094,0.0
1.851280927658081,-13.0,0.0485333718951122,4.858584217742323,-0.8684581022222058,1.4251167012496064,-0.8288327507814713,0.0,50.0,20.0,1.0,0.0,0.0,0.0,-360.2668415672147,70.0,89.64584980026342,0.8954165237467326,0.0,0.44522943411382526,0.0
1.8842787742614746,-13.0,0.486083349502092,4.098505893515193,-1.0465410688115173,1.3233131298213032,-0.7238979826462746,0.0,50.0,20.0,1.0,0.0,0.0,0.0,-361.4573392063382,70.0,88.10452007253048,0.8997096196203237,0.0,0.4364889464381113,0.0
1.917642593383789,-13.0,0.8922585083715509,4.057939229944883,-0.9448039112646717,1.4684592320591938,-0.7677292019963535,0.0,50.0,20.0,1.0,0.0,0.0,0.0,-362.68235390505873,70.0,86.58090506529274,0.9039333353038466,0.0,0.4276733862732912,0.0
1.950989007949829,-12.753250507354036,1.4828537543573126,3.615796947830893,-0.814712664992818,1.5,-0.7804771632564184,0.0,50.0,20.0,1.0,0.0,0.0,0.0,-363.9409563274749,70.0,85.07680017419875,0.9080836961035069,0.0,0.4187887305921612,0.0
1.9676551818847656,-12.732619922074322,1.101409666941792,3.4103531690082685,-0.7281881661836898,1.3896357484465103,-0.6873826641753007,0.0,50.0,20.0,1.0,0.0,0.0,0.0,-365.23212024542346,70.0,83.59394487695282,0.9121569358477937,0.0,0.4098410965054189,0.0
2.0013067722320557,-12.906633020343019,0.8198088402463836,2.973983980134044,-0.8471199056532591,1.5,-0.4903378564011583,0.0,50.0,20.0,1.0,0.0,0.0,0.0,-367.9075589665144,70.0,80.69862955299226,0.9200580700341902,0.0,0.39178201562215853,0.0
2.0341053009033203,-13.0,1.328379362160827,2.827800400899842,-0.6767259302643152,1.3321879643275085,-0.5262644083541628,0.0,50.0,20.0,1.0,0.0,0.0,0.0,-369.28932188134536,70.0,79.28932188134513,0.9238795325112871,0.0,0.38268343236508906,0.0
2.0677056312561035,-12.535994918288008,0.9909368695094283,2.262771839094599,-0.5123406701113128,1.29641526176202,-0.5102078423452796,0.0,50.0,20.0,1.0,0.0,0.0,0.0,-370.6986295529925,70.0,77.90755896651415,0.9276110203999461,0.0,0.37354758041321956,0.0
2.101001739501953,-12.132813981749498,1.1532652872666178,2.1602855806845955,-0.650203497569294,1.1560556174162882,-0.7064907528927306,0.0,50.0,20.0,1.0,0.0,0.0,0.0,-372.134017394298,70.0,76.5547251011847,0.9312498990572168,0.0,0.364381154158559,0.0
2.1197969913482666,-12.192947420634498,1.002215308502082,2.507872702663147,-0.49185314274875663,1.294304986656628,-0.5773690818969164,0.0,50.0,20.0,1.0,0.0,0.0,0.0,-373.59394487695306,70.0,75.23212024542322,0.93479377339223,0.0,0.35519093629640397,0.0
2.152116060256958,-11.696246003006689,0.4909808033111639,2.2000110791797773,-0.3383926541833934,1.1846000203309823,-0.6071082789287324,0.0,50.0,20.0,1.0,0.0,0.0,0.0,-376.580905065293,70.0,72.68235390505852,0.9415881427007816,0.0,0.33676663956706365,0.0
2.1843271255493164,-11.24908465835146,-0.010436797261935138,2.7521148048509527,-0.3545528993577178,1.1607888948908014,-0.7123400942639125,0.0,50.0,20.0,1.0,0.0,0.0,0.0,-378.10452007253076,70.0,71.45733920633799,0.944835067071661,0.0,0.3275464791929383,0.0
2.2173521518707275,-11.49828786234168,-0.42659642596697966,3.1936575636918487,-0.23683453453263215,1.250687237660935,-0.7291218303326747,0.0,50.0,20.0,1.0,0.0,0.0,0.0,-379.64584980026365,70.0,70.26684156721454,0.9479798479735354,0.0,0.3183303438820634,0.0
2.251002788543701,-11.516306241285069,-0.8346870039604961,3.3919798651034543,-0.34740016381663097,1.0598322387241468,-0.7986100382788134,0.0,50.0,20.0,1.0,0.0,0.0,0.0,-381.2030484442469,70.0,69.11169127895907,0.9510213160624764,0.0,0.3091253085640116,0.0
2.284346580505371,-11.54950050294832,-0.4151022675316627,3.8594255265558584,-0.4173302078423022,1.2351565851710389,-0.6310747505621105,0.0,50.0,20.0,1.0,0.0,0.0,0.0,-384.35745120881893,70.0,66.91024874257333,0.9567908634007399,0.0,0.29077696558164073,0.0
2.317667245864868,-11.076918016981388,-0.40390251484281436,4.301535949498924,-0.2303501043705113,1.3580926267213909,-0.7905694876443804,0.0,50.0,20.0,1.0,0.0,0.0,0.0,-385.95076299293333,70.0,65.86510843321936,0.9595178256988784,0.0,0.281647904600934,0.0
2.3346786499023438,-11.360164999209104,-0.8243530925403215,4.715789210531629,-0.04302532106770446,1.1847056823491484,-0.8865355111714763,0.0,50.0,20.0,1.0,0.0,0.0,0.0,-387.5521707049735,70.0,64.85761806103991,0.9621392361268718,0.0,0.2725584163169422,0.0
2.3677022457122803,-11.259532781525508,-1.3269218487024843,4.354598722804222,-0.028381887354669094,1.01597474028585,-0.8811407103865709,0.0,50.0,20.0,1.0,0.0,0.0,0.0,-389.1596628000391,70.0,63.888095402585165,0.9646551316336187,0.0,0.26351561056781025,0.0
2.4009296894073486,-11.25681197767961,-1.7560347110175454,4.047669328209326,0.09736897774725004,1.1570500179020449,-0.7900240625312052,0.0,50.0,20.0,1.0,0.0,0.0,0.0,-390.7712121128715,70.0,62.956755327227654,0.9670657802672276,0.0,0.25452657353631714,0.0
2.434295415878296,-11.150688700393124,-1.3562732444215504,4.763957806010941,-0.018818297859543615,1.1460384016031866,-0.9183944096203118,0.0,50.0,20.0,1.0,0.0,0.0,0.0,-393.9983302106923,70.0,61.208973558160196,0.9715735341234851,0.0,0.23673797285353482,0.0
2.4676733016967773,-10.503131020894664,-0.7271761281413356,5.125548924799575,-0.12733042701478559,1.0829416878599656,-0.8468167621233914,0.0,50.0,20.0,1.0,0.0,0.0,0.0,-395.6098180895441,70.0,60.39245706997298,0.9736722829834149,0.0,0.22795237517925734,0.0
2.501018524169922,-9.896893952685078,-0.6254840932610439,4.78225191867449,-0.291423887404608,1.1983270106522828,-0.7594038823980511,0.0,50.0,20.0,1.0,0.0,0.0,0.0,-397.2172123618744,70.0,59.61397739743691,0.9756690591654608,0.0,0.21924845948645696,0.0
2.517676830291748,-9.339712383880482,-1.3090789232234763,4.210610152168633,-0.27059769684539764,1.0086251669289616,-0.7605290357576509,0.0,50.0,20.0,1.0,0.0,0.0,0.0,-398.8184921961963,70.0,58.87325631295029,0.9775651990712684,0.0,0.2106330495547919,0.0
2.5514097213745117,-8.898026308147148,-1.8941622717004056,3.648128505399373,-0.13181572733525831,1.1178021608130801,-0.6448346571930867,0.0,50.0,20.0,1.0,0.0,0.0,0.0,-401.99471567766085,70.0,57.50352242610445,0.9810618675035115,0.0,0.193694636297762,0.0
2.584260940551758,-8.260715786632183,-2.461247213151276,3.0211807232246923,-0.1386864547832517,1.2801380807129816,-0.6669802934733323,0.0,50.0,20.0,1.0,0.0,0.0,0.0,-403.56572234490596,70.0,56.87350853945202,0.9826659947829374,0.0,0.18538485023663637,0.0
2.6176657676696777,-8.264511504738516,-2.1301131884114235,3.4642591137859213,-0.23955570971028897,1.127658429599991,-0.690159214103852,0.0,50.0,20.0,1.0,0.0,0.0,0.0,-405.12274951789925,70.0,56.279258438652946,0.9841766649371114,0.0,0.1771899889758582,0.0
2.650826930999756,-8.515373192503457,-2.421020411112105,3.973812677583389,-0.05148235721267633,1.3012367865895074,-0.6576016117550927,0.0,50.0,20.0,1.0,0.0,0.0,0.0,-406.6639077250033,70.0,55.72007132038705,0.9855960853199777,0.0,0.1691163995653148,0.0
2.6676483154296875,-9.078336982305094,-1.669044050110915,3.5641651581379596,-0.01834578976307047,1.2323826164048113,-0.5802740515029394,0.0,50.0,20.0,1.0,0.0,0.0,0.0,-408.18734614962045,70.0,55.195173883414924,0.9869266085089232,0.0,0.16117031183525907,0.0
2.701277017593384,-9.781610394658323,-1.2036507864237407,3.066827336953586,-0.0014621650022783594,1.3147374865970796,-0.6969182792961057,0.0,50.0,20.0,1.0,0.0,0.0,0.0,-411.1738740868546,70.0,54.24482016705578,0.9893310361879492,0.0,0.14568493688531725,0.0
2.734229326248169,-9.290728586366503,-1.9057660469233908,3.078002495733304,-0.18706935344775275,1.3352184951663224,-0.8695236802042052,0.0,50.0,20.0,1.0,0.0,0.0,0.0,-412.6334847957991,70.0,53.817497196328674,0.9904102756021651,0.0,0.1381574680632335,0.0
2.767651319503784,-8.843238494931919,-1.725187326408505,2.9489536329996877,-0.24744663695024374,1.15710014020072,-0.7747704259593928,0.0,50.0,20.0,1.0,0.0,0.0,0.0,-414.06842346331416,70.0,53.42074064105688,0.9914112652147521,0.0,0.13078112709899842,0.0
2.8008298873901367,-9.50621576710446,-1.5275647293983703,2.2969532049072123,-0.15551784960155926,0.9779414230797301,-0.9361340363959847,0.0,50.0,20.0,1.0,0.0,0.0,0.0,-415.47707814339384,70.0,53.05348740870156,0.9923369200813261,0.0,0.12356147070793463,0.0
2.819794178009033,-9.647203507101597,-0.7657193946492009,2.099826071316314,-0.14974859696561757,1.0108068132654875,-0.8031425651542741,0.0,50.0,20.0,1.0,0.0,0.0,0.0,-416.8578915736209,70.0,52.714632047867994,0.9931902334198922,0.0,0.11650390654111115,0.0
2.851985454559326,-9.613378328040813,-0.4602469553012236,2.812750985151532,-0.0961587024958662,0.8128192276961606,-0.7811035944067972,0.0,50.0,20.0,1.0,0.0,0.0,0.0,-419.5300481475097,70.0,52.11751397130982,0.9946921283208443,0.0,0.1028959175893246,0.0
2.8842368125915527,-8.820021178124724,-0.8799917065816798,3.508769166818303,-0.2080573773116396,0.7477376489672787,-0.6240088805175652,0.0,50.0,20.0,1.0,0.0,0.0,0.0,-420.8185627599968,70.0,51.856877645920505,0.9953469805903856,0.0,0.09635553035297223,0.0
2.9177091121673584,-8.133543687557127,-1.2529516538519019,4.081911961763375,-0.38150811511777993,0.6915588214030496,-0.5661733829424126,0.0,50.0,20.0,1.0,0.0,0.0,0.0,-422.0735806937461,70.0,51.61990297394311,0.9959420089193368,0.0,0.08999730479139664,0.0
2.9509806632995605,-7.798963620596153,-1.7209975866949798,4.791867827178262,-0.24958607474485173,0.5705038118278807,-0.5135356902798729,0.0,50.0,20.0,1.0,0.0,0.0,0.0,-423.29383560245515,70.0,51.40535475431638,0.9964804193903752,0.0,0.08382585383747597,0.0
2.984236240386963,-7.854110718117231,-2.202022610010292,4.842489612119777,-0.07880782383469342,0.4896073467081742,-0.4721377145017899,0.0,50.0,20.0,1.0,0.0,0.0,0.0,-425.6252892036001,70.0,51.03855452995917,0.9974002342842135,0.0,0.07206089542738031,0.0
3.0176992416381836,-8.256064858911039,-1.6301396053152393,4.321110393110171,0.041739138282170796,0.6476565705100303,-0.3420016123606514,0.0,50.0,20.0,1.0,0.0,0.0,0.0,-426.734252869036,70.0,50.88380579815768,0.9977880391191366,0.0,0.06647577747411756,0.0
3.0346648693084717,-7.831154300565644,-2.1391082534604138,4.2756980917939655,0.12574757638144984,0.764093427941815,-0.45485676754452614,0.0,50.0,20.0,1.0,0.0,0.0,0.0,-427.80398254716243,70.0,50.74650052370909,0.9981320039861734,0.0,0.06109421100681643,0.0
3.067657947540283,-8.591618047425102,-1.70107479215244,4.801688153825705,0.050744389751027366,0.7211097864082533,-0.5511744723894713,0.0,50.0,20.0,1.0,0.0,0.0,0.0,-428.8335068688037,70.0,50.62540852335067,0.9984352544773479,0.0,0.05591996617267721,0.0
3.1008076667785645,-8.193001458152677,-1.094287113053206,4.669232030155415,-0.08543974845185333,0.779485471452932,-0.4995502961333381,0.0,50.0,20.0,1.0,0.0,0.0,0.0,-429.82191142447556,70.0,50.51931588017311,0.9987008664255451,0.0,0.05095664236255689,0.0
3.1341617107391357,-7.456261881732356,-0.3675410684517024,4.359976393035538,-0.0757605033920747,0.8618480703119761,-0.3866882579488168,0.0,50.0,20.0,1.0,0.0,0.0,0.0,-431.67198173778354,70.0,50.34738281497977,0.9991311655258789,0.0,0.041676301118247716,0.0
3.167668581008911,-7.871984992441313,-0.73867993719152,3.8307197296451765,-0.10998299811035613,0.8637041053903785,-0.5450664676527812,0.0,50.0,20.0,1.0,0.0,0.0,0.0,-432.53209303255454,70.0,50.27923804179201,0.9993016610568802,0.0,0.0373656287108903,0.0
3.200979709625244,-7.8737926836398895,-1.354452712795673,3.120192946977252,-0.22428037514318,0.94284083241104,-0.6394307205820706,0.0,50.0,20.0,1.0,0.0,0.0,0.0,-433.347972869548,70.0,50.22149261962409,0.9994461150566746,0.0,0.03327856815009359,0.0
3.217691421508789,-8.533841198115184,-1.240185926396477,3.629888537166876,-0.07136772168563055,0.7631152509045334,-0.7570533078389479,0.0,50.0,20.0,1.0,0.0,0.0,0.0,-434.11897293928797,70.0,50.17308218365562,0.9995672008833232,0.0,0.029417867330555344,0.0
3.25121808052063,-8.0602459835427,-1.9583345890262123,2.986963067561817,-0.11705893190877242,0.5703528194270316,-0.651984415801985,0.0,50.0,20.0,1.0,0.0,0.0,0.0,-435.5239831047739,70.0,50.10022386034265,0.9997494089512065,0.0,0.022385694130700663,0.0
3.2843141555786133,-8.696158499205142,-1.16006366143827,3.4589224796610942,-0.14258094429727242,0.44492817698537995,-0.6730384315378858,0.0,50.0,20.0,1.0,0.0,0.0,0.0,-436.1569343884762,70.0,50.0738730526119,0.9998153003114828,0.0,0.01921887777835824,0.0
3.317659854888916,-7.995620528660453,-1.934058131994958,3.0719040793210532,-0.04193426049680932,0.5221390612212142,-0.6182438297726478,0.0,50.0,20.0,1.0,0.0,0.0,0.0,-436.74288510363357,70.0,50.05305806303092,0.9998673460438866,0.0,0.016287735114331296,0.0
3.3508572578430176,-8.410442489003362,-1.1410360141746416,3.5142985311346244,0.13401557541310277,0.33059980594968325,-0.5726054222790734,0.0,50.0,20.0,1.0,0.0,0.0,0.0,-437.28141525427816,70.0,50.03696034543404,0.9999075948670606,0.0,0.013594179900609998,0.0
3.3675763607025146,-8.710587740261198,-1.759291858610274,4.217788502570223,0.2243744903617063,0.14952531800605182,-0.7108665202759983,0.0,50.0,20.0,1.0,0.0,0.0,0.0,-437.7721458474914,70.0,50.024819750724376,0.999937948698007,0.0,0.011139962011689878,0.0
3.4020392894744873,-9.23007158508586,-2.257151036510554,4.264926856097729,0.04491367507986968,0.26236263713415386,-0.6087724664890137,0.0,50.0,20.0,1.0,0.0,0.0,0.0,-438.6088887970173,70.0,50.00967642006084,0.9999758086572373,0.0,0.0069557242832239,0.0
3.4342494010925293,-9.00058292437006,-1.9612505955960282,4.47567628408677,-0.015526443712137017,0.4283090106715085,-0.6118133641311515,0.0,50.0,20.0,1.0,0.0,0.0,0.0,-438.9543355600243,70.0,50.005467220057625,0.9999863318564469,0.0,0.005228393662313638,0.0
3.46767258644104,-9.121003509159978,-1.9311129924492367,4.481222907783682,-0.017968223950988405,0.464956727917869,-0.7195044299870825,0.0,50.0,20.0,1.0,0.0,0.0,0.0,-439.2508491336441,70.0,50.00280617447589,0.9999929845392019,0.0,0.0037457806101563614,0.0
3.501009702682495,-9.888200377095929,-2.3306927234451464,3.6884002298591314,0.06861888920963743,0.352087015144745,-0.8903660392274344,0.0,50.0,20.0,1.0,0.0,0.0,0.0,-439.49823560707983,70.0,50.001258845453464,0.9999968528814142,0.0,0.002508829860185865,0.0
3.5198776721954346,-9.6633561065836,-3.0981271835604076,4.319164274102248,0.25382009910265696,0.3892688509720944,-0.9245152811265778,0.0,50.0,20.0,1.0,0.0,0.0,0.0,-439.6963348389046,70.0,50.00046106371322,0.9999988473400526,0.0,0.0015183275555923576,0.0
3.552116632461548,-9.095122962138468,-2.76383082315452,3.692087933804406,0.349838016813193,0.5846100410950998,-0.9553902988033699,0.0,50.0,20.0,1.0,0.0,0.0,0.0,-439.9441953145839,70.0,50.000015570815776,0.9999999610729597,0.0,0.0002790234379418761,0.0
3.5842649936676025,-8.859272429645609,-3.192367257145599,3.1028830744537856,0.4342629941486796,0.44562742855098114,-0.9068169378163564,0.0,50.0,20.0,1.0,0.0,0.0,0.0,-439.9937988262727,70.0,50.00000019227278,0.9999999995193181,0.0,3.1005868651236565e-05,0.0
3.6172547340393066,-8.425291900779706,-2.949134850472662,3.718168771080042,0.2438976826723614,0.49967594769433277,-1.0540158084000604,0.0,50.0,20.0,1.0,0.0,0.0,0.0,-439.9937988262727,70.0,50.00000019227278,0.9999999995193181,0.0,3.1005868651236565e-05,0.0
3.650979995727539,-8.876908092842744,-3.4795907435751676,3.236836794951184,0.3638282167260252,0.6137462582910372,-1.0735170726203493,0.0,50.0,20.0,1.0,0.0,0.0,0.0,-439.9441953145839,70.0,50.000015570815776,0.9999999610729597,0.0,0.0002790234379419633,0.0
3.6843278408050537,-9.445994084687044,-4.218295254640832,3.351381140393354,0.4461585691807472,0.7666704060365896,-1.257846089934173,0.0,50.0,20.0,1.0,0.0,0.0,0.0,-439.69633483890453,70.0,50.00046106371322,0.9999988473400526,0.0,0.0015183275555925757,0.0
3.717679500579834,-8.79566746198543,-3.6390815301839687,3.402104483747067,0.4254832425066859,0.8773586041420964,-1.2337516993496846,0.0,50.0,20.0,1.0,0.0,0.0,0.0,-439.4982356070798,70.0,50.001258845453464,0.9999968528814142,0.0,0.0025088298601861265,0.0
3.734813928604126,-8.00107559150441,-3.490358516881156,4.119556816133217,0.5145548445034659,0.7304175346758639,-1.388598167529514,0.0,50.0,20.0,1.0,0.0,0.0,0.0,-439.25084913364407,70.0,50.00280617447589,0.9999929845392019,0.0,0.00374578061015671,0.0
3.767700672149658,-7.325591847331317,-2.865937830125095,4.288916682813566,0.3790699578514012,0.7163916450275241,-1.5,0.0,50.0,20.0,1.0,0.0,0.0,0.0,-438.9543355600242,70.0,50.005467220057625,0.9999863318564468,0.0,0.005228393662314075,0.0
3.8009960651397705,-7.52587100156488,-3.5671591655408297,3.745536893882266,0.2193822331642923,0.8955961952563234,-1.4463371622457677,0.0,50.0,20.0,1.0,0.0,0.0,0.0,-438.6088887970172,70.0,50.00967642006084,0.9999758086572373,0.0,0.006955724283224423,0.0
3.8343117237091064,-7.821019354087435,-3.498519563802623,3.6124627945234002,0.09803998194523611,0.9669744021961809,-1.5,0.0,50.0,20.0,1.0,0.0,0.0,0.0,-437.7721458474913,70.0,50.024819750724376,0.999937948698007,0.0,0.011139962011690489,0.0
3.867650270462036,-7.941117233224006,-3.360945977410037,3.515537822467162,0.08748990269346374,0.999555274910582,-1.5,0.0,50.0,20.0,1.0,0.0,0.0,0.0,-437.28141525427804,70.0,50.03696034543404,0.9999075948670606,0.0,0.013594179900610695,0.0
3.9010281562805176,-7.377703921941879,-3.403696858737353,3.736404143213585,0.21150046978299597,0.859673395904313,-1.4305564352402802,0.0,50.0,20.0,1.0,0.0,0.0,0.0,-436.7428851036334,70.0,50.05305806303093,0.9998673460438866,0.0,0.016287735114332166,0.0
3.917698860168457,-8.158569939382733,-2.6846193048219327,3.4671738220951633,0.053117757309602276,0.8926072659297214,-1.5,0.0,50.0,20.0,1.0,0.0,0.0,0.0,-436.15693438847603,70.0,50.0738730526119,0.9998153003114828,0.0,0.019218877778359067,0.0
3.951425552368164,-8.675472632986857,-3.1354213299967477,3.690749802748634,0.23655932257674744,0.8919915518181547,-1.5,0.0,50.0,20.0,1.0,0.0,0.0,0.0,-434.8444937619927,70.0,50.132984647432934,0.9996674830976725,0.0,0.02578610550596264,0.0
3.9842355251312256,-8.86621447662269,-2.6918912698676567,3.8640980276489594,0.07186366589331661,0.9978746641179956,-1.5,0.0,50.0,20.0,1.0,0.0,0.0,0.0,-434.11897293928786,70.0,50.17308218365564,0.9995672008833232,0.0,0.029417867330555954,0.0
4.017647981643677,-8.860254014520681,-2.0086849738325956,3.5972284354232116,0.002627504285457022,0.9665348789696494,-1.5,0.0,50.0,20.0,1.0,0.0,0.0,0.0,-433.3479728695479,70.0,50.2214926196241,0.9994461150566746,0.0,0.033278568150094244,0.0
4.051409006118774,-8.840041778344235,-1.604861505086615,3.5363641670264094,0.10216431330533757,0.9660562912931812,-1.4628960488762217,0.0,50.0,20.0,1.0,0.0,0.0,0.0,-432.53209303255437,70.0,50.27923804179203,0.9993016610568802,0.0,0.037365628710891004,0.0
4.068597316741943,-8.200364883032053,-1.612511066873211,3.1806386737237284,0.23050006566054762,1.1360314622889847,-1.3110645091867328,0.0,50.0,20.0,1.0,0.0,0.0,0.0,-431.6719817377834,70.0,50.34738281497978,0.9991311655258789,0.0,0.04167630111824828,0.0
4.1013243198394775,-8.96224722660955,-1.8080406695064273,3.671664991946529,0.04794757432550434,1.0790216175786096,-1.214273309380328,0.0,50.0,20.0,1.0,0.0,0.0,0.0,-429.8219114244755,70.0,50.51931588017311,0.9987008664255451,0.0,0.050956642362557154,0.0
4.134196758270264,-9.025667104900592,-2.401321862551481,4.1443785482171585,0.11917918899263635,1.1685759914036637,-1.3973398521187783,0.0,50.0,20.0,1.0,0.0,0.0,0.0,-428.8335068688036,70.0,50.625408523350686,0.9984352544773479,0.0,0.05591996617267751,0.0
4.167663097381592,-8.553240797068328,-2.095056780122137,4.635435883012449,0.1634485820714279,1.2123304336869938,-1.3113965945553048,0.0,50.0,20.0,1.0,0.0,0.0,0.0,-427.80398254716243,70.0,50.74650052370909,0.9981320039861734,0.0,0.061094211006816564,0.0
4.201005935668945,-7.8799363651306065,-1.8780344214686662,4.904566872029155,0.29034642992226234,1.037664638712598,-1.3206166414959282,0.0,50.0,20.0,1.0,0.0,0.0,0.0,-426.734252869036,70.0,50.88380579815768,0.9977880391191366,0.0,0.06647577747411748,0.0
4.219789028167725,-8.11701121935308,-2.187329257531966,5.504000528393801,0.1514437933955438,0.9844219538645069,-1.3544568520880271,0.0,50.0,20.0,1.0,0.0,0.0,0.0,-425.6252892036002,70.0,51.03855452995917,0.9974002342842136,0.0,0.07206089542738021,0.0
4.252095699310303,-7.586220614454311,-2.591679531935739,6.130675780532528,0.2483593432573854,0.9401843620637347,-1.262291825082471,0.0,50.0,20.0,1.0,0.0,0.0,0.0,-423.2938356024552,70.0,51.40535475431636,0.9964804193903752,0.0,0.08382585383747568,0.0
4.284233331680298,-6.810628357349185,-2.3269483477676793,6.486892726200157,0.2268845502037143,0.7429127045188277,-1.2236119480416945,0.0,50.0,20.0,1.0,0.0,0.0,0.0,-422.07358069374624,70.0,51.619902973943084,0.9959420089193369,0.0,0.08999730479139609,0.0
4.317670106887817,-6.477927429942298,-1.6520531331308301,6.463977526320712,0.38404509226140215,0.7735876358070652,-1.1321927312556386,0.0,50.0,20.0,1.0,0.0,0.0,0.0,-420.8185627599969,70.0,51.85687764592049,0.9953469805903856,0.0,0.09635553035297144,0.0
4.350794792175293,-6.057724718348552,-0.9760238489847701,6.729061676163312,0.3448006638886169,0.7571449125282569,-1.2843041975108316,0.0,50.0,20.0,1.0,0.0,0.0,0.0,-419.5300481475099,70.0,52.117513971309776,0.9946921283208444,0.0,0.1028959175893237,0.0
4.384332180023193,-6.136243258673985,-1.6360042262497867,6.318855882152274,0.38759955571475946,0.7767736280135211,-1.4051865619222426,0.0,50.0,20.0,1.0,0.0,0.0,0.0,-416.8578915736211,70.0,52.71463204786794,0.9931902334198923,0.0,0.11650390654111008,0.0
4.4174582958221436,-5.559930113305482,-1.0688667415460211,6.7474534537592294,0.29574841284424286,0.6246114430876071,-1.2650483670588746,0.0,50.0,20.0,1.0,0.0,0.0,0.0,-415.4770781433941,70.0,53.0534874087015,0.9923369200813262,0.0,0.12356147070793325,0.0
4.434686660766602,-6.063873676621429,-1.5665719833292826,6.051355217997405,0.47866939430209965,0.6433900736359992,-1.2604146378349717,0.0,50.0,20.0,1.0,0.0,0.0,0.0,-414.06842346331445,70.0,53.420740641056796,0.9914112652147523,0.0,0.1307811270989969,0.0
4.467658996582031,-6.315543898523482,-1.9176455292190635,6.085369410783622,0.3967304745856716,0.7423772205740661,-1.2038891138248597,0.0,50.0,20.0,1.0,0.0,0.0,0.0,-412.63348479579946,70.0,53.817497196328574,0.9904102756021653,0.0,0.13815746806323162,0.0
4.5008864402771,-6.750918810047517,-1.1287997666973757,6.3099243687679,0.5056743917904082,0.8134588732801202,-1.0593537622106124,0.0,50.0,20.0,1.0,0.0,0.0,0.0,-411.17387408685505,70.0,54.24482016705565,0.9893310361879495,0.0,0.14568493688531514,0.0
4.534161806106567,-7.036094706637835,-0.62008072872949,5.773720728792317,0.3191436317981985,0.8227437710386643,-1.2558720066475824,0.0,50.0,20.0,1.0,0.0,0.0,0.0,-408.1873461496209,70.0,55.19517388341477,0.9869266085089236,0.0,0.1611703118352567,0.0
4.567648887634277,-6.951277977401369,-0.8035348191595374,5.954964474495999,0.33820535420805653,0.722239164797122,-1.2337285350328757,0.0,50.0,20.0,1.0,0.0,0.0,0.0,-406.6639077250038,70.0,55.720071320386864,0.9855960853199781,0.0,0.16911639956531224,0.0
4.600758075714111,-6.869968177449826,-1.1971769606513931,5.167261679445696,0.41914372202869227,0.7345364268305781,-1.0680397808558353,0.0,50.0,20.0,1.0,0.0,0.0,0.0,-405.1227495178998,70.0,56.27925843865275,0.9841766649371119,0.0,0.17718998897585536,0.0
4.617382287979126,-6.523626303810914,-0.4555880783832058,4.66073951997804,0.3263304006216748,0.8022610141588526,-0.9332223675827973,0.0,50.0,20.0,1.0,0.0,0.0,0.0,-403.56572234490653,70.0,56.87350853945179,0.9826659947829379,0.0,0.18538485023663331,0.0
4.651434421539307,-6.479838816307018,-0.3431865453533146,5.163440016515258,0.45394902619353095,0.9588330917652363,-1.0943500621429154,0.0,50.0,20.0,1.0,0.0,0.0,0.0,-400.4116538867489,70.0,58.16992403347673,0.9793622311650662,0.0,0.20211288966165322,0.0
4.684308290481567,-5.751679633379823,-0.665096914633356,4.944421933299009,0.5589788039817356,0.9278039296599901,-1.1422848725313106,0.0,50.0,20.0,1.0,0.0,0.0,0.0,-398.818492196197,70.0,58.87325631294998,0.9775651990712692,0.0,0.21063304955478826,0.0
4.717688322067261,-5.171511263508424,-0.2636131014127868,4.811192868597362,0.5992866744705938,1.099193850113311,-1.3230804307103423,0.0,50.0,20.0,1.0,0.0,0.0,0.0,-397.2172123618751,70.0,59.61397739743657,0.9756690591654616,0.0,0.21924845948645305,0.0
4.750889778137207,-5.021364153718126,-0.5665147185876191,4.034302384930369,0.7287250390972586,0.981148480366376,-1.4971443608359594,0.0,50.0,20.0,1.0,0.0,0.0,0.0,-395.6098180895449,70.0,60.39245706997261,0.9736722829834158,0.0,0.22795237517925318,0.0
4.767659425735474,-5.808036672740843,0.024924304558362254,4.2874322278085915,0.6648256245514237,0.990990786863901,-1.3300788205380536,0.0,50.0,20.0,1.0,0.0,0.0,0.0,-393.9983302106931,70.0,61.20897355815977,0.9715735341234862,0.0,0.23673797285353027,0.0
4.801416635513306,-5.583467338979277,-0.4925053912322357,4.851182486035009,0.8190284543733358,0.9150324239952603,-1.1561246391059947,0.0,50.0,20.0,1.0,0.0,0.0,0.0,-390.77121211287243,70.0,62.95675532722713,0.9670657802672289,0.0,0.2545265735363121,0.0
4.834377765655518,-5.277064361796333,0.03657044244027974,5.0851668331774675,0.7177403731293341,1.0011176565214022,-1.2458358199381456,0.0,50.0,20.0,1.0,0.0,0.0,0.0,-389.15966280004,70.0,63.88809540258464,0.96465513163362,0.0,0.26351561056780526,0.0
4.867691993713379,-4.498622480278878,0.3874996132296733,5.797476321888304,0.5587233089524042,1.0355872020817176,-1.4399741052498694,0.0,50.0,20.0,1.0,0.0,0.0,0.0,-387.5521707049744,70.0,64.85761806103935,0.9621392361268732,0.0,0.272558416316937,0.0
4.901029825210571,-4.259810498624844,-0.36316552360608956,5.350269559980872,0.5118765184158559,1.1590916588856994,-1.4296504554832588,0.0,50.0,20.0,1.0,0.0,0.0,0.0,-385.9507629929343,70.0,65.86510843321874,0.95951782569888,0.0,0.2816479046009284,0.0
4.919795751571655,-4.626811026525511,-0.09167830467876326,5.196075036035696,0.5485448711254217,1.3097624017240836,-1.3057166380595997,0.0,50.0,20.0,1.0,0.0,0.0,0.0,-384.35745120881995,70.0,66.91024874257266,0.9567908634007417,0.0,0.29077696558163496,0.0
4.95212459564209,-5.3558676624812565,-0.7214034961634899,4.7008322538651415,0.5469641698299521,1.2697613628525724,-1.3132580135005238,0.0,50.0,20.0,1.0,0.0,0.0,0.0,-381.203048444248,70.0,69.1116912789583,0.9510213160624784,0.0,0.3091253085640053,0.0
4.984336853027344,-5.119534826510413,-0.1422497315652098,4.565913841379243,0.3751526780141268,1.154908646646207,-1.1163415409012782,0.0,50.0,20.0,1.0,0.0,0.0,0.0,-379.6458498002647,70.0,70.26684156721373,0.9479798479735375,0.0,0.318330343882057,0.0
5.017700910568237,-5.079329482627635,-0.925912510902315,4.525107881422261,0.5124138213106069,1.0491502077845005,-1.3004354639582774,0.0,50.0,20.0,1.0,0.0,0.0,0.0,-378.10452007253184,70.0,71.45733920633712,0.9448350670716632,0.0,0.3275464791929316,0.0
5.050990581512451,-5.150230672414946,-1.6609543328425969,3.9218917613086175,0.4792360966666339,0.873526284284015,-1.167113699518883,0.0,50.0,20.0,1.0,0.0,0.0,0.0,-376.58090506529413,70.0,72.6823539050576,0.9415881427007841,0.0,0.3367666395670568,0.0
5.084388256072998,-5.09419533502541,-1.2899913531380445,4.129091533993137,0.5525245755601134,1.0647306614238086,-0.9731613540876112,0.0,50.0,20.0,1.0,0.0,0.0,0.0,-373.5939448769542,70.0,75.23212024542218,0.9347937733922328,0.0,0.3551909362963967,0.0
5.117431640625,-5.186325914057543,-1.8569918708387423,4.409973806659655,0.5180284339051207,1.071717840496713,-0.8409160055569571,0.0,50.0,20.0,1.0,0.0,0.0,0.0,-372.1340173942991,70.0,76.5547251011836,0.9312498990572198,0.0,0.36438115415855143,0.0
5.134525775909424,-4.8235884312127855,-1.7416045466113095,4.308555153889526,0.5278433172856721,1.1805453908731756,-0.9549167047636459,0.0,50.0,20.0,1.0,0.0,0.0,0.0,-370.6986295529937,70.0,77.907558966513,0.9276110203999492,0.0,0.3735475804132118,0.0
5.167652130126953,-4.195981936233274,-1.1928329256737404,4.4338371576881075,0.5098022183196319,1.3530872462859194,-1.0504450409048323,0.0,50.0,20.0,1.0,0.0,0.0,0.0,-369.28932188134655,70.0,79.28932188134395,0.9238795325112903,0.0,0.3826834323650813,0.0
