# Timestamp, Fx, Fy, Fz, Tx, Ty, Tz, FemurPosX, FemurPosY, FemurPosZ, FemurQuatW, FemurQuatX, FemurQuatY, FemurQuatZ, TibiaPosX, TibiaPosY, TibiaPosZ, TibiaQuatW, TibiaQuatX, TibiaQuatY, TibiaQuatZ
0.027893543243408203,-4.07556,-5.46762,2.32099,-2.24399,-3.43853,3.45295,0.731696,-0.224812,0.69837,-0.165359,0.0844203,0.982175,0.0293542,-0.0693347,-0.00149413,0.556575,0.252417,0.117059,0.956207,-0.0908366
0.05839729309082031,-4.07556,-5.46762,2.32099,-2.24399,-3.43853,3.45295,0.731696,-0.224812,0.69837,-0.165359,0.0844203,0.982175,0.0293542,-0.0693347,-0.00149413,0.556575,0.252417,0.117059,0.956207,-0.0908366
0.08770871162414551,-4.07556,-5.46762,2.32099,-2.24399,-3.43853,3.45295,0.731696,-0.224812,0.69837,-0.165359,0.0844203,0.982175,0.0293542,-0.0693347,-0.00149413,0.556575,0.252417,0.117059,0.956207,-0.0908366
0.11949849128723145,-4.07556,-5.46762,2.32099,-2.24399,-3.43853,3.45295,0.731696,-0.224812,0.69837,-0.165359,0.0844203,0.982175,0.0293542,-0.0693347,-0.00149413,0.556575,0.252417,0.117059,0.956207,-0.0908366
0.149491548538208,-4.07556,-5.46762,2.32099,-2.24399,-3.43853,3.45295,0.731696,-0.224812,0.69837,-0.165359,0.0844203,0.982175,0.0293542,-0.0693347,-0.00149413,0.556575,0.252417,0.117059,0.956207,-0.0908366
0.17957544326782227,-4.07556,-5.46762,2.32099,-2.24399,-3.43853,3.45295,0.731696,-0.224812,0.69837,-0.165359,0.0844203,0.982175,0.0293542,-0.0693347,-0.00149413,0.556575,0.252417,0.117059,0.956207,-0.0908366
0.2117908000946045,-4.07556,-5.46762,2.32099,-2.24399,-3.43853,3.45295,0.731696,-0.224812,0.69837,-0.165359,0.0844203,0.982175,0.0293542,-0.0693347,-0.00149413,0.556575,0.252417,0.117059,0.956207,-0.0908366
0.24185562133789062,-4.07556,-5.46762,2.32099,-2.24399,-3.43853,3.45295,0.731696,-0.224812,0.69837,-0.165359,0.0844203,0.982175,0.0293542,-0.0693347,-0.00149413,0.556575,0.252417,0.117059,0.956207,-0.0908366
0.27280712127685547,-4.07556,-5.46762,2.32099,-2.24399,-3.43853,3.45295,0.731696,-0.224812,0.69837,-0.165359,0.0844203,0.982175,0.0293542,-0.0693347,-0.00149413,0.556575,0.252417,0.117059,0.956207,-0.0908366
0.3016939163208008,-4.07556,-5.46762,2.32099,-2.24399,-3.43853,3.45295,0.731696,-0.224812,0.69837,-0.165359,0.0844203,0.982175,0.0293542,-0.0693347,-0.00149413,0.556575,0.252417,0.117059,0.956207,-0.0908366
0.3351771831512451,-4.07556,-5.46762,2.32099,-2.24399,-3.43853,3.45295,0.731696,-0.224812,0.69837,-0.165359,0.0844203,0.982175,0.0293542,-0.0693347,-0.00149413,0.556575,0.252417,0.117059,0.956207,-0.0908366
0.36346006393432617,-4.07556,-5.46762,2.32099,-2.24399,-3.43853,3.45295,0.731696,-0.224812,0.69837,-0.165359,0.0844203,0.982175,0.0293542,-0.0693347,-0.00149413,0.556575,0.252417,0.117059,0.956207,-0.0908366
0.3939511775970459,-4.07556,-5.46762,2.32099,-2.24399,-3.43853,3.45295,0.731696,-0.224812,0.69837,-0.165359,0.0844203,0.982175,0.0293542,-0.0693347,-0.00149413,0.556575,0.252417,0.117059,0.956207,-0.0908366
0.42415332794189453,-4.07556,-5.46762,2.32099,-2.24399,-3.43853,3.45295,0.731696,-0.224812,0.69837,-0.165359,0.0844203,0.982175,0.0293542,-0.0693347,-0.00149413,0.556575,0.252417,0.117059,0.956207,-0.0908366
0.4534878730773926,-4.07556,-5.46762,2.32099,-2.24399,-3.43853,3.45295,0.731696,-0.224812,0.69837,-0.165359,0.0844203,0.982175,0.0293542,-0.0693347,-0.00149413,0.556575,0.252417,0.117059,0.956207,-0.0908366
0.4838142395019531,-4.07556,-5.46762,2.32099,-2.24399,-3.43853,3.45295,0.731696,-0.224812,0.69837,-0.165359,0.0844203,0.982175,0.0293542,-0.0693347,-0.00149413,0.556575,0.252417,0.117059,0.956207,-0.0908366
0.516185998916626,-4.07556,-5.46762,2.32099,-2.24399,-3.43853,3.45295,0.731696,-0.224812,0.69837,-0.165359,0.0844203,0.982175,0.0293542,-0.0693347,-0.00149413,0.556575,0.252417,0.117059,0.956207,-0.0908366
0.5454103946685791,-4.07556,-5.46762,2.32099,-2.24399,-3.43853,3.45295,0.731696,-0.224812,0.69837,-0.165359,0.0844203,0.982175,0.0293542,-0.0693347,-0.00149413,0.556575,0.252417,0.117059,0.956207,-0.0908366
0.5759553909301758,-4.07556,-5.46762,2.32099,-2.24399,-3.43853,3.45295,0.731696,-0.224812,0.69837,-0.165359,0.0844203,0.982175,0.0293542,-0.0693347,-0.00149413,0.556575,0.252417,0.117059,0.956207,-0.0908366
0.6061370372772217,-4.07556,-5.46762,2.32099,-2.24399,-3.43853,3.45295,0.731696,-0.224812,0.69837,-0.165359,0.0844203,0.982175,0.0293542,-0.0693347,-0.00149413,0.556575,0.252417,0.117059,0.956207,-0.0908366
0.6354734897613525,-4.07556,-5.46762,2.32099,-2.24399,-3.43853,3.45295,0.731696,-0.224812,0.69837,-0.165359,0.0844203,0.982175,0.0293542,-0.0693347,-0.00149413,0.556575,0.252417,0.117059,0.956207,-0.0908366
0.6680209636688232,-4.07556,-5.46762,2.32099,-2.24399,-3.43853,3.45295,0.731696,-0.224812,0.69837,-0.165359,0.0844203,0.982175,0.0293542,-0.0693347,-0.00149413,0.556575,0.252417,0.117059,0.956207,-0.0908366
0.697537899017334,-4.07556,-5.46762,2.32099,-2.24399,-3.43853,3.45295,0.731696,-0.224812,0.69837,-0.165359,0.0844203,0.982175,0.0293542,-0.0693347,-0.00149413,0.556575,0.252417,0.117059,0.956207,-0.0908366
0.7279036045074463,-4.07556,-5.46762,2.32099,-2.24399,-3.43853,3.45295,0.731696,-0.224812,0.69837,-0.165359,0.0844203,0.982175,0.0293542,-0.0693347,-0.00149413,0.556575,0.252417,0.117059,0.956207,-0.0908366
0.7584209442138672,-4.07556,-5.46762,2.32099,-2.24399,-3.43853,3.45295,0.731696,-0.224812,0.69837,-0.165359,0.0844203,0.982175,0.0293542,-0.0693347,-0.00149413,0.556575,0.252417,0.117059,0.956207,-0.0908366
0.7880399227142334,-4.07556,-5.46762,2.32099,-2.24399,-3.43853,3.45295,0.731696,-0.224812,0.69837,-0.165359,0.0844203,0.982175,0.0293542,-0.0693347,-0.00149413,0.556575,0.252417,0.117059,0.956207,-0.0908366
0.8221497535705566,-4.07556,-5.46762,2.32099,-2.24399,-3.43853,3.45295,0.731696,-0.224812,0.69837,-0.165359,0.0844203,0.982175,0.0293542,-0.0693347,-0.00149413,0.556575,0.252417,0.117059,0.956207,-0.0908366
0.850689172744751,-4.07556,-5.46762,2.32099,-2.24399,-3.43853,3.45295,0.731696,-0.224812,0.69837,-0.165359,0.0844203,0.982175,0.0293542,-0.0693347,-0.00149413,0.556575,0.252417,0.117059,0.956207,-0.0908366
0.8803791999816895,-4.07556,-5.46762,2.32099,-2.24399,-3.43853,3.45295,0.731696,-0.224812,0.69837,-0.165359,0.0844203,0.982175,0.0293542,-0.0693347,-0.00149413,0.556575,0.252417,0.117059,0.956207,-0.0908366
0.9116849899291992,-4.07556,-5.46762,2.32099,-2.24399,-3.43853,3.45295,0.731696,-0.224812,0.69837,-0.165359,0.0844203,0.982175,0.0293542,-0.0693347,-0.00149413,0.556575,0.252417,0.117059,0.956207,-0.0908366
0.9420642852783203,-4.07556,-5.46762,2.32099,-2.24399,-3.43853,3.45295,0.731696,-0.224812,0.69837,-0.165359,0.0844203,0.982175,0.0293542,-0.0693347,-0.00149413,0.556575,0.252417,0.117059,0.956207,-0.0908366
0.9723708629608154,-4.07556,-5.46762,2.32099,-2.24399,-3.43853,3.45295,0.731696,-0.224812,0.69837,-0.165359,0.0844203,0.982175,0.0293542,-0.0693347,-0.00149413,0.556575,0.252417,0.117059,0.956207,-0.0908366
1.001786470413208,-4.07556,-5.46762,2.32099,-2.24399,-3.43853,3.45295,0.731696,-0.224812,0.69837,-0.165359,0.0844203,0.982175,0.0293542,-0.0693347,-0.00149413,0.556575,0.252417,0.117059,0.956207,-0.0908366
1.0325467586517334,-4.07556,-5.46762,2.32099,-2.24399,-3.43853,3.45295,0.731696,-0.224812,0.69837,-0.165359,0.0844203,0.982175,0.0293542,-0.0693347,-0.00149413,0.556575,0.252417,0.117059,0.956207,-0.0908366
1.0637843608856201,-4.07556,-5.46762,2.32099,-2.24399,-3.43853,3.45295,0.731696,-0.224812,0.69837,-0.165359,0.0844203,0.982175,0.0293542,-0.0693347,-0.00149413,0.556575,0.252417,0.117059,0.956207,-0.0908366
1.0934045314788818,-4.07556,-5.46762,2.32099,-2.24399,-3.43853,3.45295,0.731696,-0.224812,0.69837,-0.165359,0.0844203,0.982175,0.0293542,-0.0693347,-0.00149413,0.556575,0.252417,0.117059,0.956207,-0.0908366
1.1237468719482422,-4.07556,-5.46762,2.32099,-2.24399,-3.43853,3.45295,0.731696,-0.224812,0.69837,-0.165359,0.0844203,0.982175,0.0293542,-0.0693347,-0.00149413,0.556575,0.252417,0.117059,0.956207,-0.0908366
1.1538772583007812,-4.07556,-5.46762,2.32099,-2.24399,-3.43853,3.45295,0.731696,-0.224812,0.69837,-0.165359,0.0844203,0.982175,0.0293542,-0.0693347,-0.00149413,0.556575,0.252417,0.117059,0.956207,-0.0908366
1.1841695308685303,-4.07556,-5.46762,2.32099,-2.24399,-3.43853,3.45295,0.731696,-0.224812,0.69837,-0.165359,0.0844203,0.982175,0.0293542,-0.0693347,-0.00149413,0.556575,0.252417,0.117059,0.956207,-0.0908366
1.215130090713501,-4.07556,-5.46762,2.32099,-2.24399,-3.43853,3.45295,0.731696,-0.224812,0.69837,-0.165359,0.0844203,0.982175,0.0293542,-0.0693347,-0.00149413,0.556575,0.252417,0.117059,0.956207,-0.0908366
1.245187520980835,-4.07556,-5.46762,2.32099,-2.24399,-3.43853,3.45295,0.731696,-0.224812,0.69837,-0.165359,0.0844203,0.982175,0.0293542,-0.0693347,-0.00149413,0.556575,0.252417,0.117059,0.956207,-0.0908366
1.2765212059020996,-4.07556,-5.46762,2.32099,-2.24399,-3.43853,3.45295,0.731696,-0.224812,0.69837,-0.165359,0.0844203,0.982175,0.0293542,-0.0693347,-0.00149413,0.556575,0.252417,0.117059,0.956207,-0.0908366
1.3091425895690918,-4.07556,-5.46762,2.32099,-2.24399,-3.43853,3.45295,0.731696,-0.224812,0.69837,-0.165359,0.0844203,0.982175,0.0293542,-0.0693347,-0.00149413,0.556575,0.252417,0.117059,0.956207,-0.0908366
1.3362267017364502,-4.07556,-5.46762,2.32099,-2.24399,-3.43853,3.45295,0.731696,-0.224812,0.69837,-0.165359,0.0844203,0.982175,0.0293542,-0.0693347,-0.00149413,0.556575,0.252417,0.117059,0.956207,-0.0908366
1.367833137512207,-4.07556,-5.46762,2.32099,-2.24399,-3.43853,3.45295,0.731696,-0.224812,0.69837,-0.165359,0.0844203,0.982175,0.0293542,-0.0693347,-0.00149413,0.556575,0.252417,0.117059,0.956207,-0.0908366
1.3974897861480713,-4.07556,-5.46762,2.32099,-2.24399,-3.43853,3.45295,0.731696,-0.224812,0.69837,-0.165359,0.0844203,0.982175,0.0293542,-0.0693347,-0.00149413,0.556575,0.252417,0.117059,0.956207,-0.0908366
1.4277725219726562,-4.07556,-5.46762,2.32099,-2.24399,-3.43853,3.45295,0.731696,-0.224812,0.69837,-0.165359,0.0844203,0.982175,0.0293542,-0.0693347,-0.00149413,0.556575,0.252417,0.117059,0.956207,-0.0908366
1.4577369689941406,-4.07556,-5.46762,2.32099,-2.24399,-3.43853,3.45295,0.731696,-0.224812,0.69837,-0.165359,0.0844203,0.982175,0.0293542,-0.0693347,-0.00149413,0.556575,0.252417,0.117059,0.956207,-0.0908366
1.4879040718078613,-4.07556,-5.46762,2.32099,-2.24399,-3.43853,3.45295,0.731696,-0.224812,0.69837,-0.165359,0.0844203,0.982175,0.0293542,-0.0693347,-0.00149413,0.556575,0.252417,0.117059,0.956207,-0.0908366
1.5198142528533936,-4.07556,-5.46762,2.32099,-2.24399,-3.43853,3.45295,0.731696,-0.224812,0.69837,-0.165359,0.0844203,0.982175,0.0293542,-0.0693347,-0.00149413,0.556575,0.252417,0.117059,0.956207,-0.0908366
1.5510499477386475,-4.07556,-5.46762,2.32099,-2.24399,-3.43853,3.45295,0.731696,-0.224812,0.69837,-0.165359,0.0844203,0.982175,0.0293542,-0.0693347,-0.00149413,0.556575,0.252417,0.117059,0.956207,-0.0908366
1.5799148082733154,-4.07556,-5.46762,2.32099,-2.24399,-3.43853,3.45295,0.731696,-0.224812,0.69837,-0.165359,0.0844203,0.982175,0.0293542,-0.0693347,-0.00149413,0.556575,0.252417,0.117059,0.956207,-0.0908366
1.6122863292694092,-4.07556,-5.46762,2.32099,-2.24399,-3.43853,3.45295,0.731696,-0.224812,0.69837,-0.165359,0.0844203,0.982175,0.0293542,-0.0693347,-0.00149413,0.556575,0.252417,0.117059,0.956207,-0.0908366
1.6419596672058105,-4.07556,-5.46762,2.32099,-2.24399,-3.43853,3.45295,0.731696,-0.224812,0.69837,-0.165359,0.0844203,0.982175,0.0293542,-0.0693347,-0.00149413,0.556575,0.252417,0.117059,0.956207,-0.0908366
1.6724436283111572,-4.07556,-5.46762,2.32099,-2.24399,-3.43853,3.45295,0.731696,-0.224812,0.69837,-0.165359,0.0844203,0.982175,0.0293542,-0.0693347,-0.00149413,0.556575,0.252417,0.117059,0.956207,-0.0908366
1.7017877101898193,-4.07556,-5.46762,2.32099,-2.24399,-3.43853,3.45295,0.731696,-0.224812,0.69837,-0.165359,0.0844203,0.982175,0.0293542,-0.0693347,-0.00149413,0.556575,0.252417,0.117059,0.956207,-0.0908366
1.7319927215576172,-4.07556,-5.46762,2.32099,-2.24399,-3.43853,3.45295,0.731696,-0.224812,0.69837,-0.165359,0.0844203,0.982175,0.0293542,-0.0693347,-0.00149413,0.556575,0.252417,0.117059,0.956207,-0.0908366
1.7642779350280762,-4.07556,-5.46762,2.32099,-2.24399,-3.43853,3.45295,0.731696,-0.224812,0.69837,-0.165359,0.0844203,0.982175,0.0293542,-0.0693347,-0.00149413,0.556575,0.252417,0.117059,0.956207,-0.0908366
1.793365240097046,-4.07556,-5.46762,2.32099,-2.24399,-3.43853,3.45295,0.731696,-0.224812,0.69837,-0.165359,0.0844203,0.982175,0.0293542,-0.0693347,-0.00149413,0.556575,0.252417,0.117059,0.956207,-0.0908366
1.8237454891204834,-4.07556,-5.46762,2.32099,-2.24399,-3.43853,3.45295,0.731696,-0.224812,0.69837,-0.165359,0.0844203,0.982175,0.0293542,-0.0693347,-0.00149413,0.556575,0.252417,0.117059,0.956207,-0.0908366
1.8541955947875977,-4.07556,-5.46762,2.32099,-2.24399,-3.43853,3.45295,0.731696,-0.224812,0.69837,-0.165359,0.0844203,0.982175,0.0293542,-0.0693347,-0.00149413,0.556575,0.252417,0.117059,0.956207,-0.0908366
1.8833105564117432,-4.07556,-5.46762,2.32099,-2.24399,-3.43853,3.45295,0.731696,-0.224812,0.69837,-0.165359,0.0844203,0.982175,0.0293542,-0.0693347,-0.00149413,0.556575,0.252417,0.117059,0.956207,-0.0908366
1.915388584136963,-4.07556,-5.46762,2.32099,-2.24399,-3.43853,3.45295,0.731696,-0.224812,0.69837,-0.165359,0.0844203,0.982175,0.0293542,-0.0693347,-0.00149413,0.556575,0.252417,0.117059,0.956207,-0.0908366
1.945594072341919,-4.07556,-5.46762,2.32099,-2.24399,-3.43853,3.45295,0.731696,-0.224812,0.69837,-0.165359,0.0844203,0.982175,0.0293542,-0.0693347,-0.00149413,0.556575,0.252417,0.117059,0.956207,-0.0908366
1.9755175113677979,-4.07556,-5.46762,2.32099,-2.24399,-3.43853,3.45295,0.731696,-0.224812,0.69837,-0.165359,0.0844203,0.982175,0.0293542,-0.0693347,-0.00149413,0.556575,0.252417,0.117059,0.956207,-0.0908366
2.005331516265869,-4.07556,-5.46762,2.32099,-2.24399,-3.43853,3.45295,0.731696,-0.224812,0.69837,-0.165359,0.0844203,0.982175,0.0293542,-0.0693347,-0.00149413,0.556575,0.252417,0.117059,0.956207,-0.0908366
2.036191940307617,-4.07556,-5.46762,2.32099,-2.24399,-3.43853,3.45295,0.731696,-0.224812,0.69837,-0.165359,0.0844203,0.982175,0.0293542,-0.0693347,-0.00149413,0.556575,0.252417,0.117059,0.956207,-0.0908366
2.0679564476013184,-4.07556,-5.46762,2.32099,-2.24399,-3.43853,3.45295,0.731696,-0.224812,0.69837,-0.165359,0.0844203,0.982175,0.0293542,-0.0693347,-0.00149413,0.556575,0.252417,0.117059,0.956207,-0.0908366
2.0991079807281494,-4.07556,-5.46762,2.32099,-2.24399,-3.43853,3.45295,0.731696,-0.224812,0.69837,-0.165359,0.0844203,0.982175,0.0293542,-0.0693347,-0.00149413,0.556575,0.252417,0.117059,0.956207,-0.0908366
2.127546548843384,-4.07556,-5.46762,2.32099,-2.24399,-3.43853,3.45295,0.731696,-0.224812,0.69837,-0.165359,0.0844203,0.982175,0.0293542,-0.0693347,-0.00149413,0.556575,0.252417,0.117059,0.956207,-0.0908366
2.158007860183716,-4.07556,-5.46762,2.32099,-2.24399,-3.43853,3.45295,0.731696,-0.224812,0.69837,-0.165359,0.0844203,0.982175,0.0293542,-0.0693347,-0.00149413,0.556575,0.252417,0.117059,0.956207,-0.0908366
2.187649965286255,-4.07556,-5.46762,2.32099,-2.24399,-3.43853,3.45295,0.731696,-0.224812,0.69837,-0.165359,0.0844203,0.982175,0.0293542,-0.0693347,-0.00149413,0.556575,0.252417,0.117059,0.956207,-0.0908366
2.219905138015747,-4.07556,-5.46762,2.32099,-2.24399,-3.43853,3.45295,0.731696,-0.224812,0.69837,-0.165359,0.0844203,0.982175,0.0293542,-0.0693347,-0.00149413,0.556575,0.252417,0.117059,0.956207,-0.0908366
2.249136447906494,-4.07556,-5.46762,2.32099,-2.24399,-3.43853,3.45295,0.731696,-0.224812,0.69837,-0.165359,0.0844203,0.982175,0.0293542,-0.0693347,-0.00149413,0.556575,0.252417,0.117059,0.956207,-0.0908366
2.28019642829895,-4.07556,-5.46762,2.32099,-2.24399,-3.43853,3.45295,0.731696,-0.224812,0.69837,-0.165359,0.0844203,0.982175,0.0293542,-0.0693347,-0.00149413,0.556575,0.252417,0.117059,0.956207,-0.0908366
2.311880111694336,-4.07556,-5.46762,2.32099,-2.24399,-3.43853,3.45295,0.731696,-0.224812,0.69837,-0.165359,0.0844203,0.982175,0.0293542,-0.0693347,-0.00149413,0.556575,0.252417,0.117059,0.956207,-0.0908366
2.3412153720855713,-4.07556,-5.46762,2.32099,-2.24399,-3.43853,3.45295,0.731696,-0.224812,0.69837,-0.165359,0.0844203,0.982175,0.0293542,-0.0693347,-0.00149413,0.556575,0.252417,0.117059,0.956207,-0.0908366
2.3711442947387695,-4.07556,-5.46762,2.32099,-2.24399,-3.43853,3.45295,0.731696,-0.224812,0.69837,-0.165359,0.0844203,0.982175,0.0293542,-0.0693347,-0.00149413,0.556575,0.252417,0.117059,0.956207,-0.0908366
2.4011335372924805,-4.07556,-5.46762,2.32099,-2.24399,-3.43853,3.45295,0.731696,-0.224812,0.69837,-0.165359,0.0844203,0.982175,0.0293542,-0.0693347,-0.00149413,0.556575,0.252417,0.117059,0.956207,-0.0908366
2.4321305751800537,-4.07556,-5.46762,2.32099,-2.24399,-3.43853,3.45295,0.731696,-0.224812,0.69837,-0.165359,0.0844203,0.982175,0.0293542,-0.0693347,-0.00149413,0.556575,0.252417,0.117059,0.956207,-0.0908366
2.4644010066986084,-4.07556,-5.46762,2.32099,-2.24399,-3.43853,3.45295,0.731696,-0.224812,0.69837,-0.165359,0.0844203,0.982175,0.0293542,-0.0693347,-0.00149413,0.556575,0.252417,0.117059,0.956207,-0.0908366
2.493845224380493,-4.07556,-5.46762,2.32099,-2.24399,-3.43853,3.45295,0.731696,-0.224812,0.69837,-0.165359,0.0844203,0.982175,0.0293542,-0.0693347,-0.00149413,0.556575,0.252417,0.117059,0.956207,-0.0908366
2.5242507457733154,-4.07556,-5.46762,2.32099,-2.24399,-3.43853,3.45295,0.731696,-0.224812,0.69837,-0.165359,0.0844203,0.982175,0.0293542,-0.0693347,-0.00149413,0.556575,0.252417,0.117059,0.956207,-0.0908366
2.5536293983459473,-4.07556,-5.46762,2.32099,-2.24399,-3.43853,3.45295,0.731696,-0.224812,0.69837,-0.165359,0.0844203,0.982175,0.0293542,-0.0693347,-0.00149413,0.556575,0.252417,0.117059,0.956207,-0.0908366
2.5838894844055176,-4.07556,-5.46762,2.32099,-2.24399,-3.43853,3.45295,0.731696,-0.224812,0.69837,-0.165359,0.0844203,0.982175,0.0293542,-0.0693347,-0.00149413,0.556575,0.252417,0.117059,0.956207,-0.0908366
2.6157631874084473,-4.07556,-5.46762,2.32099,-2.24399,-3.43853,3.45295,0.731696,-0.224812,0.69837,-0.165359,0.0844203,0.982175,0.0293542,-0.0693347,-0.00149413,0.556575,0.252417,0.117059,0.956207,-0.0908366
2.646162509918213,-4.07556,-5.46762,2.32099,-2.24399,-3.43853,3.45295,0.731696,-0.224812,0.69837,-0.165359,0.0844203,0.982175,0.0293542,-0.0693347,-0.00149413,0.556575,0.252417,0.117059,0.956207,-0.0908366
2.6753010749816895,-4.07556,-5.46762,2.32099,-2.24399,-3.43853,3.45295,0.731696,-0.224812,0.69837,-0.165359,0.0844203,0.982175,0.0293542,-0.0693347,-0.00149413,0.556575,0.252417,0.117059,0.956207,-0.0908366
2.7059545516967773,-4.07556,-5.46762,2.32099,-2.24399,-3.43853,3.45295,0.731696,-0.224812,0.69837,-0.165359,0.0844203,0.982175,0.0293542,-0.0693347,-0.00149413,0.556575,0.252417,0.117059,0.956207,-0.0908366
2.7361443042755127,-4.07556,-5.46762,2.32099,-2.24399,-3.43853,3.45295,0.731696,-0.224812,0.69837,-0.165359,0.0844203,0.982175,0.0293542,-0.0693347,-0.00149413,0.556575,0.252417,0.117059,0.956207,-0.0908366
2.7672104835510254,-4.07556,-5.46762,2.32099,-2.24399,-3.43853,3.45295,0.731696,-0.224812,0.69837,-0.165359,0.0844203,0.982175,0.0293542,-0.0693347,-0.00149413,0.556575,0.252417,0.117059,0.956207,-0.0908366
2.797532081604004,-4.07556,-5.46762,2.32099,-2.24399,-3.43853,3.45295,0.731696,-0.224812,0.69837,-0.165359,0.0844203,0.982175,0.0293542,-0.0693347,-0.00149413,0.556575,0.252417,0.117059,0.956207,-0.0908366
2.827798366546631,-4.07556,-5.46762,2.32099,-2.24399,-3.43853,3.45295,0.731696,-0.224812,0.69837,-0.165359,0.0844203,0.982175,0.0293542,-0.0693347,-0.00149413,0.556575,0.252417,0.117059,0.956207,-0.0908366
2.8577640056610107,-4.07556,-5.46762,2.32099,-2.24399,-3.43853,3.45295,0.731696,-0.224812,0.69837,-0.165359,0.0844203,0.982175,0.0293542,-0.0693347,-0.00149413,0.556575,0.252417,0.117059,0.956207,-0.0908366
2.8888437747955322,-4.07556,-5.46762,2.32099,-2.24399,-3.43853,3.45295,0.731696,-0.224812,0.69837,-0.165359,0.0844203,0.982175,0.0293542,-0.0693347,-0.00149413,0.556575,0.252417,0.117059,0.956207,-0.0908366
2.9194703102111816,-4.07556,-5.46762,2.32099,-2.24399,-3.43853,3.45295,0.731696,-0.224812,0.69837,-0.165359,0.0844203,0.982175,0.0293542,-0.0693347,-0.00149413,0.556575,0.252417,0.117059,0.956207,-0.0908366
2.93390154838562,-3.80993,-5.59112,2.42426,-2.29726,-3.55494,3.6924,0.730539,-0.226983,0.700649,-0.185795,0.046868,0.981255,0.0205606,-0.0693576,-0.00175568,0.55703,0.250776,0.116519,0.957265,-0.084727
2.950536012649536,-3.80993,-5.59112,2.42426,-2.29726,-3.55494,3.6924,0.730539,-0.226983,0.700649,-0.185795,0.046868,0.981255,0.0205606,-0.0693576,-0.00175568,0.55703,0.250776,0.116519,0.957265,-0.084727
2.9799227714538574,-3.80993,-5.59112,2.42426,-2.29726,-3.55494,3.6924,0.730539,-0.226983,0.700649,-0.185795,0.046868,0.981255,0.0205606,-0.0693576,-0.00175568,0.55703,0.250776,0.116519,0.957265,-0.084727
3.0124411582946777,-3.80993,-5.59112,2.42426,-2.29726,-3.55494,3.6924,0.730539,-0.226983,0.700649,-0.185795,0.046868,0.981255,0.0205606,-0.0693576,-0.00175568,0.55703,0.250776,0.116519,0.957265,-0.084727
3.0416831970214844,-3.80993,-5.59112,2.42426,-2.29726,-3.55494,3.6924,0.730539,-0.226983,0.700649,-0.185795,0.046868,0.981255,0.0205606,-0.0693576,-0.00175568,0.55703,0.250776,0.116519,0.957265,-0.084727
3.071500539779663,-3.80993,-5.59112,2.42426,-2.29726,-3.55494,3.6924,0.730539,-0.226983,0.700649,-0.185795,0.046868,0.981255,0.0205606,-0.0693576,-0.00175568,0.55703,0.250776,0.116519,0.957265,-0.084727
3.1019747257232666,-3.80993,-5.59112,2.42426,-2.29726,-3.55494,3.6924,0.730539,-0.226983,0.700649,-0.185795,0.046868,0.981255,0.0205606,-0.0693576,-0.00175568,0.55703,0.250776,0.116519,0.957265,-0.084727
3.133883476257324,-3.80993,-5.59112,2.42426,-2.29726,-3.55494,3.6924,0.730539,-0.226983,0.700649,-0.185795,0.046868,0.981255,0.0205606,-0.0693576,-0.00175568,0.55703,0.250776,0.116519,0.957265,-0.084727
3.164533853530884,-3.80993,-5.59112,2.42426,-2.29726,-3.55494,3.6924,0.730539,-0.226983,0.700649,-0.185795,0.046868,0.981255,0.0205606,-0.0693576,-0.00175568,0.55703,0.250776,0.116519,0.957265,-0.084727
3.1941232681274414,-3.80993,-5.59112,2.42426,-2.29726,-3.55494,3.6924,0.730539,-0.226983,0.700649,-0.185795,0.046868,0.981255,0.0205606,-0.0693576,-0.00175568,0.55703,0.250776,0.116519,0.957265,-0.084727
3.223667860031128,-3.80993,-5.59112,2.42426,-2.29726,-3.55494,3.6924,0.730539,-0.226983,0.700649,-0.185795,0.046868,0.981255,0.0205606,-0.0693576,-0.00175568,0.55703,0.250776,0.116519,0.957265,-0.084727
3.254091262817383,-3.80993,-5.59112,2.42426,-2.29726,-3.55494,3.6924,0.730539,-0.226983,0.700649,-0.185795,0.046868,0.981255,0.0205606,-0.0693576,-0.00175568,0.55703,0.250776,0.116519,0.957265,-0.084727
3.283590316772461,-3.80993,-5.59112,2.42426,-2.29726,-3.55494,3.6924,0.730539,-0.226983,0.700649,-0.185795,0.046868,0.981255,0.0205606,-0.0693576,-0.00175568,0.55703,0.250776,0.116519,0.957265,-0.084727
3.316150665283203,-3.80993,-5.59112,2.42426,-2.29726,-3.55494,3.6924,0.730539,-0.226983,0.700649,-0.185795,0.046868,0.981255,0.0205606,-0.0693576,-0.00175568,0.55703,0.250776,0.116519,0.957265,-0.084727
3.346144437789917,-3.80993,-5.59112,2.42426,-2.29726,-3.55494,3.6924,0.730539,-0.226983,0.700649,-0.185795,0.046868,0.981255,0.0205606,-0.0693576,-0.00175568,0.55703,0.250776,0.116519,0.957265,-0.084727
3.375523328781128,-3.80993,-5.59112,2.42426,-2.29726,-3.55494,3.6924,0.730539,-0.226983,0.700649,-0.185795,0.046868,0.981255,0.0205606,-0.0693576,-0.00175568,0.55703,0.250776,0.116519,0.957265,-0.084727
3.405808687210083,-3.80993,-5.59112,2.42426,-2.29726,-3.55494,3.6924,0.730539,-0.226983,0.700649,-0.185795,0.046868,0.981255,0.0205606,-0.0693576,-0.00175568,0.55703,0.250776,0.116519,0.957265,-0.084727
3.4364824295043945,-3.80993,-5.59112,2.42426,-2.29726,-3.55494,3.6924,0.730539,-0.226983,0.700649,-0.185795,0.046868,0.981255,0.0205606,-0.0693576,-0.00175568,0.55703,0.250776,0.116519,0.957265,-0.084727
3.4679317474365234,-3.80993,-5.59112,2.42426,-2.29726,-3.55494,3.6924,0.730539,-0.226983,0.700649,-0.185795,0.046868,0.981255,0.0205606,-0.0693576,-0.00175568,0.55703,0.250776,0.116519,0.957265,-0.084727
3.497373104095459,-3.80993,-5.59112,2.42426,-2.29726,-3.55494,3.6924,0.730539,-0.226983,0.700649,-0.185795,0.046868,0.981255,0.0205606,-0.0693576,-0.00175568,0.55703,0.250776,0.116519,0.957265,-0.084727
3.527761220932007,-3.80993,-5.59112,2.42426,-2.29726,-3.55494,3.6924,0.730539,-0.226983,0.700649,-0.185795,0.046868,0.981255,0.0205606,-0.0693576,-0.00175568,0.55703,0.250776,0.116519,0.957265,-0.084727
3.5583693981170654,-3.80993,-5.59112,2.42426,-2.29726,-3.55494,3.6924,0.730539,-0.226983,0.700649,-0.185795,0.046868,0.981255,0.0205606,-0.0693576,-0.00175568,0.55703,0.250776,0.116519,0.957265,-0.084727
3.587932586669922,-3.80993,-5.59112,2.42426,-2.29726,-3.55494,3.6924,0.730539,-0.226983,0.700649,-0.185795,0.046868,0.981255,0.0205606,-0.0693576,-0.00175568,0.55703,0.250776,0.116519,0.957265,-0.084727
3.62015700340271,-3.80993,-5.59112,2.42426,-2.29726,-3.55494,3.6924,0.730539,-0.226983,0.700649,-0.185795,0.046868,0.981255,0.0205606,-0.0693576,-0.00175568,0.55703,0.250776,0.116519,0.957265,-0.084727
3.649815559387207,-3.80993,-5.59112,2.42426,-2.29726,-3.55494,3.6924,0.730539,-0.226983,0.700649,-0.185795,0.046868,0.981255,0.0205606,-0.0693576,-0.00175568,0.55703,0.250776,0.116519,0.957265,-0.084727
3.6800730228424072,-3.80993,-5.59112,2.42426,-2.29726,-3.55494,3.6924,0.730539,-0.226983,0.700649,-0.185795,0.046868,0.981255,0.0205606,-0.0693576,-0.00175568,0.55703,0.250776,0.116519,0.957265,-0.084727
3.7113547325134277,-3.80993,-5.59112,2.42426,-2.29726,-3.55494,3.6924,0.730539,-0.226983,0.700649,-0.185795,0.046868,0.981255,0.0205606,-0.0693576,-0.00175568,0.55703,0.250776,0.116519,0.957265,-0.084727
3.7417476177215576,-3.80993,-5.59112,2.42426,-2.29726,-3.55494,3.6924,0.730539,-0.226983,0.700649,-0.185795,0.046868,0.981255,0.0205606,-0.0693576,-0.00175568,0.55703,0.250776,0.116519,0.957265,-0.084727
3.7720766067504883,-3.80993,-5.59112,2.42426,-2.29726,-3.55494,3.6924,0.730539,-0.226983,0.700649,-0.185795,0.046868,0.981255,0.0205606,-0.0693576,-0.00175568,0.55703,0.250776,0.116519,0.957265,-0.084727
3.801335096359253,-3.80993,-5.59112,2.42426,-2.29726,-3.55494,3.6924,0.730539,-0.226983,0.700649,-0.185795,0.046868,0.981255,0.0205606,-0.0693576,-0.00175568,0.55703,0.250776,0.116519,0.957265,-0.084727
3.831613779067993,-3.80993,-5.59112,2.42426,-2.29726,-3.55494,3.6924,0.730539,-0.226983,0.700649,-0.185795,0.046868,0.981255,0.0205606,-0.0693576,-0.00175568,0.55703,0.250776,0.116519,0.957265,-0.084727
3.8639097213745117,-3.80993,-5.59112,2.42426,-2.29726,-3.55494,3.6924,0.730539,-0.226983,0.700649,-0.185795,0.046868,0.981255,0.0205606,-0.0693576,-0.00175568,0.55703,0.250776,0.116519,0.957265,-0.084727
3.8931190967559814,-3.80993,-5.59112,2.42426,-2.29726,-3.55494,3.6924,0.730539,-0.226983,0.700649,-0.185795,0.046868,0.981255,0.0205606,-0.0693576,-0.00175568,0.55703,0.250776,0.116519,0.957265,-0.084727
3.923448324203491,-3.80993,-5.59112,2.42426,-2.29726,-3.55494,3.6924,0.730539,-0.226983,0.700649,-0.185795,0.046868,0.981255,0.0205606,-0.0693576,-0.00175568,0.55703,0.250776,0.116519,0.957265,-0.084727
3.954484701156616,-3.80993,-5.59112,2.42426,-2.29726,-3.55494,3.6924,0.730539,-0.226983,0.700649,-0.185795,0.046868,0.981255,0.0205606,-0.0693576,-0.00175568,0.55703,0.250776,0.116519,0.957265,-0.084727
3.9865076541900635,-3.80993,-5.59112,2.42426,-2.29726,-3.55494,3.6924,0.730539,-0.226983,0.700649,-0.185795,0.046868,0.981255,0.0205606,-0.0693576,-0.00175568,0.55703,0.250776,0.116519,0.957265,-0.084727
4.01646089553833,-3.80993,-5.59112,2.42426,-2.29726,-3.55494,3.6924,0.730539,-0.226983,0.700649,-0.185795,0.046868,0.981255,0.0205606,-0.0693576,-0.00175568,0.55703,0.250776,0.116519,0.957265,-0.084727
4.045704364776611,-3.80993,-5.59112,2.42426,-2.29726,-3.55494,3.6924,0.730539,-0.226983,0.700649,-0.185795,0.046868,0.981255,0.0205606,-0.0693576,-0.00175568,0.55703,0.250776,0.116519,0.957265,-0.084727
4.076924800872803,-3.80993,-5.59112,2.42426,-2.29726,-3.55494,3.6924,0.730539,-0.226983,0.700649,-0.185795,0.046868,0.981255,0.0205606,-0.0693576,-0.00175568,0.55703,0.250776,0.116519,0.957265,-0.084727
4.105633020401001,-3.80993,-5.59112,2.42426,-2.29726,-3.55494,3.6924,0.730539,-0.226983,0.700649,-0.185795,0.046868,0.981255,0.0205606,-0.0693576,-0.00175568,0.55703,0.250776,0.116519,0.957265,-0.084727
4.1373291015625,-3.80993,-5.59112,2.42426,-2.29726,-3.55494,3.6924,0.730539,-0.226983,0.700649,-0.185795,0.046868,0.981255,0.0205606,-0.0693576,-0.00175568,0.55703,0.250776,0.116519,0.957265,-0.084727
4.168298244476318,-3.80993,-5.59112,2.42426,-2.29726,-3.55494,3.6924,0.730539,-0.226983,0.700649,-0.185795,0.046868,0.981255,0.0205606,-0.0693576,-0.00175568,0.55703,0.250776,0.116519,0.957265,-0.084727
4.198317766189575,-3.80993,-5.59112,2.42426,-2.29726,-3.55494,3.6924,0.730539,-0.226983,0.700649,-0.185795,0.046868,0.981255,0.0205606,-0.0693576,-0.00175568,0.55703,0.250776,0.116519,0.957265,-0.084727
4.227636337280273,-3.80993,-5.59112,2.42426,-2.29726,-3.55494,3.6924,0.730539,-0.226983,0.700649,-0.185795,0.046868,0.981255,0.0205606,-0.0693576,-0.00175568,0.55703,0.250776,0.116519,0.957265,-0.084727
4.258274555206299,-3.80993,-5.59112,2.42426,-2.29726,-3.55494,3.6924,0.730539,-0.226983,0.700649,-0.185795,0.046868,0.981255,0.0205606,-0.0693576,-0.00175568,0.55703,0.250776,0.116519,0.957265,-0.084727
4.288220405578613,-3.80993,-5.59112,2.42426,-2.29726,-3.55494,3.6924,0.730539,-0.226983,0.700649,-0.185795,0.046868,0.981255,0.0205606,-0.0693576,-0.00175568,0.55703,0.250776,0.116519,0.957265,-0.084727
4.319594383239746,-3.80993,-5.59112,2.42426,-2.29726,-3.55494,3.6924,0.730539,-0.226983,0.700649,-0.185795,0.046868,0.981255,0.0205606,-0.0693576,-0.00175568,0.55703,0.250776,0.116519,0.957265,-0.084727
4.350351333618164,-3.80993,-5.59112,2.42426,-2.29726,-3.55494,3.6924,0.730539,-0.226983,0.700649,-0.185795,0.046868,0.981255,0.0205606,-0.0693576,-0.00175568,0.55703,0.250776,0.116519,0.957265,-0.084727
4.379836320877075,-3.80993,-5.59112,2.42426,-2.29726,-3.55494,3.6924,0.730539,-0.226983,0.700649,-0.185795,0.046868,0.981255,0.0205606,-0.0693576,-0.00175568,0.55703,0.250776,0.116519,0.957265,-0.084727
4.412299871444702,-3.80993,-5.59112,2.42426,-2.29726,-3.55494,3.6924,0.730539,-0.226983,0.700649,-0.185795,0.046868,0.981255,0.0205606,-0.0693576,-0.00175568,0.55703,0.250776,0.116519,0.957265,-0.084727
4.441724061965942,-3.80993,-5.59112,2.42426,-2.29726,-3.55494,3.6924,0.730539,-0.226983,0.700649,-0.185795,0.046868,0.981255,0.0205606,-0.0693576,-0.00175568,0.55703,0.250776,0.116519,0.957265,-0.084727
4.473130702972412,-3.80993,-5.59112,2.42426,-2.29726,-3.55494,3.6924,0.730539,-0.226983,0.700649,-0.185795,0.046868,0.981255,0.0205606,-0.0693576,-0.00175568,0.55703,0.250776,0.116519,0.957265,-0.084727
4.504608154296875,-3.80993,-5.59112,2.42426,-2.29726,-3.55494,3.6924,0.730539,-0.226983,0.700649,-0.185795,0.046868,0.981255,0.0205606,-0.0693576,-0.00175568,0.55703,0.250776,0.116519,0.957265,-0.084727
4.53251314163208,-3.80993,-5.59112,2.42426,-2.29726,-3.55494,3.6924,0.730539,-0.226983,0.700649,-0.185795,0.046868,0.981255,0.0205606,-0.0693576,-0.00175568,0.55703,0.250776,0.116519,0.957265,-0.084727
4.563971042633057,-3.80993,-5.59112,2.42426,-2.29726,-3.55494,3.6924,0.730539,-0.226983,0.700649,-0.185795,0.046868,0.981255,0.0205606,-0.0693576,-0.00175568,0.55703,0.250776,0.116519,0.957265,-0.084727
4.593584060668945,-3.80993,-5.59112,2.42426,-2.29726,-3.55494,3.6924,0.730539,-0.226983,0.700649,-0.185795,0.046868,0.981255,0.0205606,-0.0693576,-0.00175568,0.55703,0.250776,0.116519,0.957265,-0.084727
4.62422776222229,-3.80993,-5.59112,2.42426,-2.29726,-3.55494,3.6924,0.730539,-0.226983,0.700649,-0.185795,0.046868,0.981255,0.0205606,-0.0693576,-0.00175568,0.55703,0.250776,0.116519,0.957265,-0.084727
4.6532275676727295,-3.80993,-5.59112,2.42426,-2.29726,-3.55494,3.6924,0.730539,-0.226983,0.700649,-0.185795,0.046868,0.981255,0.0205606,-0.0693576,-0.00175568,0.55703,0.250776,0.116519,0.957265,-0.084727
4.6834094524383545,-3.80993,-5.59112,2.42426,-2.29726,-3.55494,3.6924,0.730539,-0.226983,0.700649,-0.185795,0.046868,0.981255,0.0205606,-0.0693576,-0.00175568,0.55703,0.250776,0.116519,0.957265,-0.084727
4.715780019760132,-3.80993,-5.59112,2.42426,-2.29726,-3.55494,3.6924,0.730539,-0.226983,0.700649,-0.185795,0.046868,0.981255,0.0205606,-0.0693576,-0.00175568,0.55703,0.250776,0.116519,0.957265,-0.084727
4.746212959289551,-3.80993,-5.59112,2.42426,-2.29726,-3.55494,3.6924,0.730539,-0.226983,0.700649,-0.185795,0.046868,0.981255,0.0205606,-0.0693576,-0.00175568,0.55703,0.250776,0.116519,0.957265,-0.084727
4.7754504680633545,-3.80993,-5.59112,2.42426,-2.29726,-3.55494,3.6924,0.730539,-0.226983,0.700649,-0.185795,0.046868,0.981255,0.0205606,-0.0693576,-0.00175568,0.55703,0.250776,0.116519,0.957265,-0.084727
4.805783033370972,-3.80993,-5.59112,2.42426,-2.29726,-3.55494,3.6924,0.730539,-0.226983,0.700649,-0.185795,0.046868,0.981255,0.0205606,-0.0693576,-0.00175568,0.55703,0.250776,0.116519,0.957265,-0.084727
4.8355872631073,-3.80993,-5.59112,2.42426,-2.29726,-3.55494,3.6924,0.730539,-0.226983,0.700649,-0.185795,0.046868,0.981255,0.0205606,-0.0693576,-0.00175568,0.55703,0.250776,0.116519,0.957265,-0.084727
4.867610692977905,-3.80993,-5.59112,2.42426,-2.29726,-3.55494,3.6924,0.730539,-0.226983,0.700649,-0.185795,0.046868,0.981255,0.0205606,-0.0693576,-0.00175568,0.55703,0.250776,0.116519,0.957265,-0.084727
4.89789080619812,-3.80993,-5.59112,2.42426,-2.29726,-3.55494,3.6924,0.730539,-0.226983,0.700649,-0.185795,0.046868,0.981255,0.0205606,-0.0693576,-0.00175568,0.55703,0.250776,0.116519,0.957265,-0.084727
4.928153991699219,-3.80993,-5.59112,2.42426,-2.29726,-3.55494,3.6924,0.730539,-0.226983,0.700649,-0.185795,0.046868,0.981255,0.0205606,-0.0693576,-0.00175568,0.55703,0.250776,0.116519,0.957265,-0.084727
4.956866979598999,-3.80993,-5.59112,2.42426,-2.29726,-3.55494,3.6924,0.730539,-0.226983,0.700649,-0.185795,0.046868,0.981255,0.0205606,-0.0693576,-0.00175568,0.55703,0.250776,0.116519,0.957265,-0.084727
4.988231420516968,-3.80993,-5.59112,2.42426,-2.29726,-3.55494,3.6924,0.730539,-0.226983,0.700649,-0.185795,0.046868,0.981255,0.0205606,-0.0693576,-0.00175568,0.55703,0.250776,0.116519,0.957265,-0.084727
5.019723415374756,-3.80993,-5.59112,2.42426,-2.29726,-3.55494,3.6924,0.730539,-0.226983,0.700649,-0.185795,0.046868,0.981255,0.0205606,-0.0693576,-0.00175568,0.55703,0.250776,0.116519,0.957265,-0.084727
5.050945281982422,-3.80993,-5.59112,2.42426,-2.29726,-3.55494,3.6924,0.730539,-0.226983,0.700649,-0.185795,0.046868,0.981255,0.0205606,-0.0693576,-0.00175568,0.55703,0.250776,0.116519,0.957265,-0.084727
5.080298662185669,-3.80993,-5.59112,2.42426,-2.29726,-3.55494,3.6924,0.730539,-0.226983,0.700649,-0.185795,0.046868,0.981255,0.0205606,-0.0693576,-0.00175568,0.55703,0.250776,0.116519,0.957265,-0.084727
5.11263108253479,-3.80993,-5.59112,2.42426,-2.29726,-3.55494,3.6924,0.730539,-0.226983,0.700649,-0.185795,0.046868,0.981255,0.0205606,-0.0693576,-0.00175568,0.55703,0.250776,0.116519,0.957265,-0.084727
5.141991138458252,-3.80993,-5.59112,2.42426,-2.29726,-3.55494,3.6924,0.730539,-0.226983,0.700649,-0.185795,0.046868,0.981255,0.0205606,-0.0693576,-0.00175568,0.55703,0.250776,0.116519,0.957265,-0.084727
5.171689033508301,-3.80993,-5.59112,2.42426,-2.29726,-3.55494,3.6924,0.730539,-0.226983,0.700649,-0.185795,0.046868,0.981255,0.0205606,-0.0693576,-0.00175568,0.55703,0.250776,0.116519,0.957265,-0.084727
5.201908826828003,-3.80993,-5.59112,2.42426,-2.29726,-3.55494,3.6924,0.730539,-0.226983,0.700649,-0.185795,0.046868,0.981255,0.0205606,-0.0693576,-0.00175568,0.55703,0.250776,0.116519,0.957265,-0.084727
5.2321577072143555,-3.80993,-5.59112,2.42426,-2.29726,-3.55494,3.6924,0.730539,-0.226983,0.700649,-0.185795,0.046868,0.981255,0.0205606,-0.0693576,-0.00175568,0.55703,0.250776,0.116519,0.957265,-0.084727
5.26437520980835,-3.80993,-5.59112,2.42426,-2.29726,-3.55494,3.6924,0.730539,-0.226983,0.700649,-0.185795,0.046868,0.981255,0.0205606,-0.0693576,-0.00175568,0.55703,0.250776,0.116519,0.957265,-0.084727
5.294095993041992,-3.80993,-5.59112,2.42426,-2.29726,-3.55494,3.6924,0.730539,-0.226983,0.700649,-0.185795,0.046868,0.981255,0.0205606,-0.0693576,-0.00175568,0.55703,0.250776,0.116519,0.957265,-0.084727
5.323772430419922,-3.80993,-5.59112,2.42426,-2.29726,-3.55494,3.6924,0.730539,-0.226983,0.700649,-0.185795,0.046868,0.981255,0.0205606,-0.0693576,-0.00175568,0.55703,0.250776,0.116519,0.957265,-0.084727
5.354256868362427,-3.80993,-5.59112,2.42426,-2.29726,-3.55494,3.6924,0.730539,-0.226983,0.700649,-0.185795,0.046868,0.981255,0.0205606,-0.0693576,-0.00175568,0.55703,0.250776,0.116519,0.957265,-0.084727
5.383444309234619,-3.80993,-5.59112,2.42426,-2.29726,-3.55494,3.6924,0.730539,-0.226983,0.700649,-0.185795,0.046868,0.981255,0.0205606,-0.0693576,-0.00175568,0.55703,0.250776,0.116519,0.957265,-0.084727
5.415949821472168,-3.80993,-5.59112,2.42426,-2.29726,-3.55494,3.6924,0.730539,-0.226983,0.700649,-0.185795,0.046868,0.981255,0.0205606,-0.0693576,-0.00175568,0.55703,0.250776,0.116519,0.957265,-0.084727
5.44506049156189,-3.80993,-5.59112,2.42426,-2.29726,-3.55494,3.6924,0.730539,-0.226983,0.700649,-0.185795,0.046868,0.981255,0.0205606,-0.0693576,-0.00175568,0.55703,0.250776,0.116519,0.957265,-0.084727
5.476043224334717,-3.80993,-5.59112,2.42426,-2.29726,-3.55494,3.6924,0.730539,-0.226983,0.700649,-0.185795,0.046868,0.981255,0.0205606,-0.0693576,-0.00175568,0.55703,0.250776,0.116519,0.957265,-0.084727
5.5059285163879395,-3.80993,-5.59112,2.42426,-2.29726,-3.55494,3.6924,0.730539,-0.226983,0.700649,-0.185795,0.046868,0.981255,0.0205606,-0.0693576,-0.00175568,0.55703,0.250776,0.116519,0.957265,-0.084727
5.535659313201904,-3.80993,-5.59112,2.42426,-2.29726,-3.55494,3.6924,0.730539,-0.226983,0.700649,-0.185795,0.046868,0.981255,0.0205606,-0.0693576,-0.00175568,0.55703,0.250776,0.116519,0.957265,-0.084727
5.568084239959717,-3.80993,-5.59112,2.42426,-2.29726,-3.55494,3.6924,0.730539,-0.226983,0.700649,-0.185795,0.046868,0.981255,0.0205606,-0.0693576,-0.00175568,0.55703,0.250776,0.116519,0.957265,-0.084727
5.597373008728027,-3.80993,-5.59112,2.42426,-2.29726,-3.55494,3.6924,0.730539,-0.226983,0.700649,-0.185795,0.046868,0.981255,0.0205606,-0.0693576,-0.00175568,0.55703,0.250776,0.116519,0.957265,-0.084727
5.627907752990723,-3.80993,-5.59112,2.42426,-2.29726,-3.55494,3.6924,0.730539,-0.226983,0.700649,-0.185795,0.046868,0.981255,0.0205606,-0.0693576,-0.00175568,0.55703,0.250776,0.116519,0.957265,-0.084727
5.657642126083374,-3.80993,-5.59112,2.42426,-2.29726,-3.55494,3.6924,0.730539,-0.226983,0.700649,-0.185795,0.046868,0.981255,0.0205606,-0.0693576,-0.00175568,0.55703,0.250776,0.116519,0.957265,-0.084727
5.688464403152466,-3.80993,-5.59112,2.42426,-2.29726,-3.55494,3.6924,0.730539,-0.226983,0.700649,-0.185795,0.046868,0.981255,0.0205606,-0.0693576,-0.00175568,0.55703,0.250776,0.116519,0.957265,-0.084727
5.720301389694214,-3.80993,-5.59112,2.42426,-2.29726,-3.55494,3.6924,0.730539,-0.226983,0.700649,-0.185795,0.046868,0.981255,0.0205606,-0.0693576,-0.00175568,0.55703,0.250776,0.116519,0.957265,-0.084727
5.750969648361206,-3.80993,-5.59112,2.42426,-2.29726,-3.55494,3.6924,0.730539,-0.226983,0.700649,-0.185795,0.046868,0.981255,0.0205606,-0.0693576,-0.00175568,0.55703,0.250776,0.116519,0.957265,-0.084727
5.780207872390747,-3.80993,-5.59112,2.42426,-2.29726,-3.55494,3.6924,0.730539,-0.226983,0.700649,-0.185795,0.046868,0.981255,0.0205606,-0.0693576,-0.00175568,0.55703,0.250776,0.116519,0.957265,-0.084727
5.811671018600464,-3.80993,-5.59112,2.42426,-2.29726,-3.55494,3.6924,0.730539,-0.226983,0.700649,-0.185795,0.046868,0.981255,0.0205606,-0.0693576,-0.00175568,0.55703,0.250776,0.116519,0.957265,-0.084727
5.8413403034210205,-3.80993,-5.59112,2.42426,-2.29726,-3.55494,3.6924,0.730539,-0.226983,0.700649,-0.185795,0.046868,0.981255,0.0205606,-0.0693576,-0.00175568,0.55703,0.250776,0.116519,0.957265,-0.084727
5.871596813201904,-3.80993,-5.59112,2.42426,-2.29726,-3.55494,3.6924,0.730539,-0.226983,0.700649,-0.185795,0.046868,0.981255,0.0205606,-0.0693576,-0.00175568,0.55703,0.250776,0.116519,0.957265,-0.084727
5.902167797088623,-3.80993,-5.59112,2.42426,-2.29726,-3.55494,3.6924,0.730539,-0.226983,0.700649,-0.185795,0.046868,0.981255,0.0205606,-0.0693576,-0.00175568,0.55703,0.250776,0.116519,0.957265,-0.084727
5.931502342224121,-3.80993,-5.59112,2.42426,-2.29726,-3.55494,3.6924,0.730539,-0.226983,0.700649,-0.185795,0.046868,0.981255,0.0205606,-0.0693576,-0.00175568,0.55703,0.250776,0.116519,0.957265,-0.084727
5.963845729827881,-3.80993,-5.59112,2.42426,-2.29726,-3.55494,3.6924,0.730539,-0.226983,0.700649,-0.185795,0.046868,0.981255,0.0205606,-0.0693576,-0.00175568,0.55703,0.250776,0.116519,0.957265,-0.084727
5.99331521987915,-3.80993,-5.59112,2.42426,-2.29726,-3.55494,3.6924,0.730539,-0.226983,0.700649,-0.185795,0.046868,0.981255,0.0205606,-0.0693576,-0.00175568,0.55703,0.250776,0.116519,0.957265,-0.084727
6.023634433746338,-3.80993,-5.59112,2.42426,-2.29726,-3.55494,3.6924,0.730539,-0.226983,0.700649,-0.185795,0.046868,0.981255,0.0205606,-0.0693576,-0.00175568,0.55703,0.250776,0.116519,0.957265,-0.084727
6.054913759231567,-3.80993,-5.59112,2.42426,-2.29726,-3.55494,3.6924,0.730539,-0.226983,0.700649,-0.185795,0.046868,0.981255,0.0205606,-0.0693576,-0.00175568,0.55703,0.250776,0.116519,0.957265,-0.084727
6.084232330322266,-3.80993,-5.59112,2.42426,-2.29726,-3.55494,3.6924,0.730539,-0.226983,0.700649,-0.185795,0.046868,0.981255,0.0205606,-0.0693576,-0.00175568,0.55703,0.250776,0.116519,0.957265,-0.084727
6.115978479385376,-3.80993,-5.59112,2.42426,-2.29726,-3.55494,3.6924,0.730539,-0.226983,0.700649,-0.185795,0.046868,0.981255,0.0205606,-0.0693576,-0.00175568,0.55703,0.250776,0.116519,0.957265,-0.084727
6.145582914352417,-3.80993,-5.59112,2.42426,-2.29726,-3.55494,3.6924,0.730539,-0.226983,0.700649,-0.185795,0.046868,0.981255,0.0205606,-0.0693576,-0.00175568,0.55703,0.250776,0.116519,0.957265,-0.084727
6.176745891571045,-3.80993,-5.59112,2.42426,-2.29726,-3.55494,3.6924,0.730539,-0.226983,0.700649,-0.185795,0.046868,0.981255,0.0205606,-0.0693576,-0.00175568,0.55703,0.250776,0.116519,0.957265,-0.084727
6.2065088748931885,-3.80993,-5.59112,2.42426,-2.29726,-3.55494,3.6924,0.730539,-0.226983,0.700649,-0.185795,0.046868,0.981255,0.0205606,-0.0693576,-0.00175568,0.55703,0.250776,0.116519,0.957265,-0.084727
6.236032485961914,-3.80993,-5.59112,2.42426,-2.29726,-3.55494,3.6924,0.730539,-0.226983,0.700649,-0.185795,0.046868,0.981255,0.0205606,-0.0693576,-0.00175568,0.55703,0.250776,0.116519,0.957265,-0.084727
6.268388271331787,-3.80993,-5.59112,2.42426,-2.29726,-3.55494,3.6924,0.730539,-0.226983,0.700649,-0.185795,0.046868,0.981255,0.0205606,-0.0693576,-0.00175568,0.55703,0.250776,0.116519,0.957265,-0.084727
6.297907829284668,-3.80993,-5.59112,2.42426,-2.29726,-3.55494,3.6924,0.730539,-0.226983,0.700649,-0.185795,0.046868,0.981255,0.0205606,-0.0693576,-0.00175568,0.55703,0.250776,0.116519,0.957265,-0.084727
6.32841420173645,-3.80993,-5.59112,2.42426,-2.29726,-3.55494,3.6924,0.730539,-0.226983,0.700649,-0.185795,0.046868,0.981255,0.0205606,-0.0693576,-0.00175568,0.55703,0.250776,0.116519,0.957265,-0.084727
6.357683897018433,-3.80993,-5.59112,2.42426,-2.29726,-3.55494,3.6924,0.730539,-0.226983,0.700649,-0.185795,0.046868,0.981255,0.0205606,-0.0693576,-0.00175568,0.55703,0.250776,0.116519,0.957265,-0.084727
6.3882129192352295,-3.80993,-5.59112,2.42426,-2.29726,-3.55494,3.6924,0.730539,-0.226983,0.700649,-0.185795,0.046868,0.981255,0.0205606,-0.0693576,-0.00175568,0.55703,0.250776,0.116519,0.957265,-0.084727
6.419444561004639,-3.80993,-5.59112,2.42426,-2.29726,-3.55494,3.6924,0.730539,-0.226983,0.700649,-0.185795,0.046868,0.981255,0.0205606,-0.0693576,-0.00175568,0.55703,0.250776,0.116519,0.957265,-0.084727
6.449829816818237,-3.80993,-5.59112,2.42426,-2.29726,-3.55494,3.6924,0.730539,-0.226983,0.700649,-0.185795,0.046868,0.981255,0.0205606,-0.0693576,-0.00175568,0.55703,0.250776,0.116519,0.957265,-0.084727
6.479665756225586,-3.80993,-5.59112,2.42426,-2.29726,-3.55494,3.6924,0.730539,-0.226983,0.700649,-0.185795,0.046868,0.981255,0.0205606,-0.0693576,-0.00175568,0.55703,0.250776,0.116519,0.957265,-0.084727
6.51188325881958,-3.80993,-5.59112,2.42426,-2.29726,-3.55494,3.6924,0.730539,-0.226983,0.700649,-0.185795,0.046868,0.981255,0.0205606,-0.0693576,-0.00175568,0.55703,0.250776,0.116519,0.957265,-0.084727
6.5418455600738525,-3.80993,-5.59112,2.42426,-2.29726,-3.55494,3.6924,0.730539,-0.226983,0.700649,-0.185795,0.046868,0.981255,0.0205606,-0.0693576,-0.00175568,0.55703,0.250776,0.116519,0.957265,-0.084727
6.572230100631714,-3.80993,-5.59112,2.42426,-2.29726,-3.55494,3.6924,0.730539,-0.226983,0.700649,-0.185795,0.046868,0.981255,0.0205606,-0.0693576,-0.00175568,0.55703,0.250776,0.116519,0.957265,-0.084727
6.601494789123535,-3.80993,-5.59112,2.42426,-2.29726,-3.55494,3.6924,0.730539,-0.226983,0.700649,-0.185795,0.046868,0.981255,0.0205606,-0.0693576,-0.00175568,0.55703,0.250776,0.116519,0.957265,-0.084727
6.631850957870483,-3.80993,-5.59112,2.42426,-2.29726,-3.55494,3.6924,0.730539,-0.226983,0.700649,-0.185795,0.046868,0.981255,0.0205606,-0.0693576,-0.00175568,0.55703,0.250776,0.116519,0.957265,-0.084727
6.664049386978149,-3.80993,-5.59112,2.42426,-2.29726,-3.55494,3.6924,0.730539,-0.226983,0.700649,-0.185795,0.046868,0.981255,0.0205606,-0.0693576,-0.00175568,0.55703,0.250776,0.116519,0.957265,-0.084727
6.693104267120361,-3.80993,-5.59112,2.42426,-2.29726,-3.55494,3.6924,0.730539,-0.226983,0.700649,-0.185795,0.046868,0.981255,0.0205606,-0.0693576,-0.00175568,0.55703,0.250776,0.116519,0.957265,-0.084727
6.724151849746704,-3.80993,-5.59112,2.42426,-2.29726,-3.55494,3.6924,0.730539,-0.226983,0.700649,-0.185795,0.046868,0.981255,0.0205606,-0.0693576,-0.00175568,0.55703,0.250776,0.116519,0.957265,-0.084727
6.753421068191528,-3.80993,-5.59112,2.42426,-2.29726,-3.55494,3.6924,0.730539,-0.226983,0.700649,-0.185795,0.046868,0.981255,0.0205606,-0.0693576,-0.00175568,0.55703,0.250776,0.116519,0.957265,-0.084727
6.783374309539795,-3.80993,-5.59112,2.42426,-2.29726,-3.55494,3.6924,0.730539,-0.226983,0.700649,-0.185795,0.046868,0.981255,0.0205606,-0.0693576,-0.00175568,0.55703,0.250776,0.116519,0.957265,-0.084727
6.815456390380859,-3.80993,-5.59112,2.42426,-2.29726,-3.55494,3.6924,0.730539,-0.226983,0.700649,-0.185795,0.046868,0.981255,0.0205606,-0.0693576,-0.00175568,0.55703,0.250776,0.116519,0.957265,-0.084727
6.846527814865112,-3.80993,-5.59112,2.42426,-2.29726,-3.55494,3.6924,0.730539,-0.226983,0.700649,-0.185795,0.046868,0.981255,0.0205606,-0.0693576,-0.00175568,0.55703,0.250776,0.116519,0.957265,-0.084727
6.876075267791748,-3.80993,-5.59112,2.42426,-2.29726,-3.55494,3.6924,0.730539,-0.226983,0.700649,-0.185795,0.046868,0.981255,0.0205606,-0.0693576,-0.00175568,0.55703,0.250776,0.116519,0.957265,-0.084727
6.905364751815796,-3.80993,-5.59112,2.42426,-2.29726,-3.55494,3.6924,0.730539,-0.226983,0.700649,-0.185795,0.046868,0.981255,0.0205606,-0.0693576,-0.00175568,0.55703,0.250776,0.116519,0.957265,-0.084727
6.9358742237091064,-3.80993,-5.59112,2.42426,-2.29726,-3.55494,3.6924,0.730539,-0.226983,0.700649,-0.185795,0.046868,0.981255,0.0205606,-0.0693576,-0.00175568,0.55703,0.250776,0.116519,0.957265,-0.084727
6.96795392036438,-3.80993,-5.59112,2.42426,-2.29726,-3.55494,3.6924,0.730539,-0.226983,0.700649,-0.185795,0.046868,0.981255,0.0205606,-0.0693576,-0.00175568,0.55703,0.250776,0.116519,0.957265,-0.084727
6.996863603591919,-3.80993,-5.59112,2.42426,-2.29726,-3.55494,3.6924,0.730539,-0.226983,0.700649,-0.185795,0.046868,0.981255,0.0205606,-0.0693576,-0.00175568,0.55703,0.250776,0.116519,0.957265,-0.084727
7.027734994888306,-3.80993,-5.59112,2.42426,-2.29726,-3.55494,3.6924,0.730539,-0.226983,0.700649,-0.185795,0.046868,0.981255,0.0205606,-0.0693576,-0.00175568,0.55703,0.250776,0.116519,0.957265,-0.084727
7.059842109680176,-3.80993,-5.59112,2.42426,-2.29726,-3.55494,3.6924,0.730539,-0.226983,0.700649,-0.185795,0.046868,0.981255,0.0205606,-0.0693576,-0.00175568,0.55703,0.250776,0.116519,0.957265,-0.084727
7.088112115859985,-3.80993,-5.59112,2.42426,-2.29726,-3.55494,3.6924,0.730539,-0.226983,0.700649,-0.185795,0.046868,0.981255,0.0205606,-0.0693576,-0.00175568,0.55703,0.250776,0.116519,0.957265,-0.084727
7.119971513748169,-3.80993,-5.59112,2.42426,-2.29726,-3.55494,3.6924,0.730539,-0.226983,0.700649,-0.185795,0.046868,0.981255,0.0205606,-0.0693576,-0.00175568,0.55703,0.250776,0.116519,0.957265,-0.084727
7.149184465408325,-3.80993,-5.59112,2.42426,-2.29726,-3.55494,3.6924,0.730539,-0.226983,0.700649,-0.185795,0.046868,0.981255,0.0205606,-0.0693576,-0.00175568,0.55703,0.250776,0.116519,0.957265,-0.084727
7.1794281005859375,-3.80993,-5.59112,2.42426,-2.29726,-3.55494,3.6924,0.730539,-0.226983,0.700649,-0.185795,0.046868,0.981255,0.0205606,-0.0693576,-0.00175568,0.55703,0.250776,0.116519,0.957265,-0.084727
7.2115373611450195,-3.80993,-5.59112,2.42426,-2.29726,-3.55494,3.6924,0.730539,-0.226983,0.700649,-0.185795,0.046868,0.981255,0.0205606,-0.0693576,-0.00175568,0.55703,0.250776,0.116519,0.957265,-0.084727
7.24213981628418,-3.80993,-5.59112,2.42426,-2.29726,-3.55494,3.6924,0.730539,-0.226983,0.700649,-0.185795,0.046868,0.981255,0.0205606,-0.0693576,-0.00175568,0.55703,0.250776,0.116519,0.957265,-0.084727
7.271105766296387,-3.80993,-5.59112,2.42426,-2.29726,-3.55494,3.6924,0.730539,-0.226983,0.700649,-0.185795,0.046868,0.981255,0.0205606,-0.0693576,-0.00175568,0.55703,0.250776,0.116519,0.957265,-0.084727
7.300964593887329,-3.80993,-5.59112,2.42426,-2.29726,-3.55494,3.6924,0.730539,-0.226983,0.700649,-0.185795,0.046868,0.981255,0.0205606,-0.0693576,-0.00175568,0.55703,0.250776,0.116519,0.957265,-0.084727
7.332180976867676,-3.80993,-5.59112,2.42426,-2.29726,-3.55494,3.6924,0.730539,-0.226983,0.700649,-0.185795,0.046868,0.981255,0.0205606,-0.0693576,-0.00175568,0.55703,0.250776,0.116519,0.957265,-0.084727
7.363037109375,-3.80993,-5.59112,2.42426,-2.29726,-3.55494,3.6924,0.730539,-0.226983,0.700649,-0.185795,0.046868,0.981255,0.0205606,-0.0693576,-0.00175568,0.55703,0.250776,0.116519,0.957265,-0.084727
7.392954587936401,-3.80993,-5.59112,2.42426,-2.29726,-3.55494,3.6924,0.730539,-0.226983,0.700649,-0.185795,0.046868,0.981255,0.0205606,-0.0693576,-0.00175568,0.55703,0.250776,0.116519,0.957265,-0.084727
7.423740386962891,-3.80993,-5.59112,2.42426,-2.29726,-3.55494,3.6924,0.730539,-0.226983,0.700649,-0.185795,0.046868,0.981255,0.0205606,-0.0693576,-0.00175568,0.55703,0.250776,0.116519,0.957265,-0.084727
7.45375919342041,-3.80993,-5.59112,2.42426,-2.29726,-3.55494,3.6924,0.730539,-0.226983,0.700649,-0.185795,0.046868,0.981255,0.0205606,-0.0693576,-0.00175568,0.55703,0.250776,0.116519,0.957265,-0.084727
7.483777284622192,-3.80993,-5.59112,2.42426,-2.29726,-3.55494,3.6924,0.730539,-0.226983,0.700649,-0.185795,0.046868,0.981255,0.0205606,-0.0693576,-0.00175568,0.55703,0.250776,0.116519,0.957265,-0.084727
7.515722036361694,-3.80993,-5.59112,2.42426,-2.29726,-3.55494,3.6924,0.730539,-0.226983,0.700649,-0.185795,0.046868,0.981255,0.0205606,-0.0693576,-0.00175568,0.55703,0.250776,0.116519,0.957265,-0.084727
7.545645236968994,-3.80993,-5.59112,2.42426,-2.29726,-3.55494,3.6924,0.730539,-0.226983,0.700649,-0.185795,0.046868,0.981255,0.0205606,-0.0693576,-0.00175568,0.55703,0.250776,0.116519,0.957265,-0.084727
7.57543420791626,-3.80993,-5.59112,2.42426,-2.29726,-3.55494,3.6924,0.730539,-0.226983,0.700649,-0.185795,0.046868,0.981255,0.0205606,-0.0693576,-0.00175568,0.55703,0.250776,0.116519,0.957265,-0.084727
7.605221509933472,-3.80993,-5.59112,2.42426,-2.29726,-3.55494,3.6924,0.730539,-0.226983,0.700649,-0.185795,0.046868,0.981255,0.0205606,-0.0693576,-0.00175568,0.55703,0.250776,0.116519,0.957265,-0.084727
7.635195016860962,-3.80993,-5.59112,2.42426,-2.29726,-3.55494,3.6924,0.730539,-0.226983,0.700649,-0.185795,0.046868,0.981255,0.0205606,-0.0693576,-0.00175568,0.55703,0.250776,0.116519,0.957265,-0.084727
7.667790651321411,-3.80993,-5.59112,2.42426,-2.29726,-3.55494,3.6924,0.730539,-0.226983,0.700649,-0.185795,0.046868,0.981255,0.0205606,-0.0693576,-0.00175568,0.55703,0.250776,0.116519,0.957265,-0.084727
7.697752237319946,-3.80993,-5.59112,2.42426,-2.29726,-3.55494,3.6924,0.730539,-0.226983,0.700649,-0.185795,0.046868,0.981255,0.0205606,-0.0693576,-0.00175568,0.55703,0.250776,0.116519,0.957265,-0.084727
7.727519750595093,-3.80993,-5.59112,2.42426,-2.29726,-3.55494,3.6924,0.730539,-0.226983,0.700649,-0.185795,0.046868,0.981255,0.0205606,-0.0693576,-0.00175568,0.55703,0.250776,0.116519,0.957265,-0.084727
7.7574567794799805,-3.80993,-5.59112,2.42426,-2.29726,-3.55494,3.6924,0.730539,-0.226983,0.700649,-0.185795,0.046868,0.981255,0.0205606,-0.0693576,-0.00175568,0.55703,0.250776,0.116519,0.957265,-0.084727
7.788022994995117,-3.80993,-5.59112,2.42426,-2.29726,-3.55494,3.6924,0.730539,-0.226983,0.700649,-0.185795,0.046868,0.981255,0.0205606,-0.0693576,-0.00175568,0.55703,0.250776,0.116519,0.957265,-0.084727
7.820359945297241,-3.80993,-5.59112,2.42426,-2.29726,-3.55494,3.6924,0.730539,-0.226983,0.700649,-0.185795,0.046868,0.981255,0.0205606,-0.0693576,-0.00175568,0.55703,0.250776,0.116519,0.957265,-0.084727
7.849834680557251,-3.80993,-5.59112,2.42426,-2.29726,-3.55494,3.6924,0.730539,-0.226983,0.700649,-0.185795,0.046868,0.981255,0.0205606,-0.0693576,-0.00175568,0.55703,0.250776,0.116519,0.957265,-0.084727
7.8801820278167725,-3.80993,-5.59112,2.42426,-2.29726,-3.55494,3.6924,0.730539,-0.226983,0.700649,-0.185795,0.046868,0.981255,0.0205606,-0.0693576,-0.00175568,0.55703,0.250776,0.116519,0.957265,-0.084727
7.911733388900757,-3.80993,-5.59112,2.42426,-2.29726,-3.55494,3.6924,0.730539,-0.226983,0.700649,-0.185795,0.046868,0.981255,0.0205606,-0.0693576,-0.00175568,0.55703,0.250776,0.116519,0.957265,-0.084727
7.941314935684204,-3.80993,-5.59112,2.42426,-2.29726,-3.55494,3.6924,0.730539,-0.226983,0.700649,-0.185795,0.046868,0.981255,0.0205606,-0.0693576,-0.00175568,0.55703,0.250776,0.116519,0.957265,-0.084727
7.971919536590576,-3.80993,-5.59112,2.42426,-2.29726,-3.55494,3.6924,0.730539,-0.226983,0.700649,-0.185795,0.046868,0.981255,0.0205606,-0.0693576,-0.00175568,0.55703,0.250776,0.116519,0.957265,-0.084727
8.001293897628784,-3.80993,-5.59112,2.42426,-2.29726,-3.55494,3.6924,0.730539,-0.226983,0.700649,-0.185795,0.046868,0.981255,0.0205606,-0.0693576,-0.00175568,0.55703,0.250776,0.116519,0.957265,-0.084727
8.032036066055298,-3.80993,-5.59112,2.42426,-2.29726,-3.55494,3.6924,0.730539,-0.226983,0.700649,-0.185795,0.046868,0.981255,0.0205606,-0.0693576,-0.00175568,0.55703,0.250776,0.116519,0.957265,-0.084727
