# Timestamp, Fx, Fy, Fz, Tx, Ty, Tz, FemurPosX, FemurPosY, FemurPosZ, FemurQuatW, FemurQuatX, FemurQuatY, FemurQuatZ, TibiaPosX, TibiaPosY, TibiaPosZ, TibiaQuatW, TibiaQuatX, TibiaQuatY, TibiaQuatZ
0.01831650733947754,-10.804184482071086,-9.123307956884338,-9.778402739335517,-1.4149839291342268,0.6404577921075054,0.3869178336069926,0.0,50.0,20.0,1.0,0.0,0.0,0.0,-348.8732563129576,70.0,108.81849219618013,0.8401830389975147,0.0,0.5423029236330011,0.0
0.049880266189575195,-10.516097525521163,-9.79370675404975,-9.368234275433615,-1.5,0.4743643993101691,0.44579161283424457,0.0,50.0,20.0,1.0,0.0,0.0,0.0,-349.6139773974447,70.0,107.2172123618578,0.844934280397423,0.0,0.5348701354621409,0.0
0.08304071426391602,-10.203924495155949,-9.544110015870134,-9.127395112572941,-1.5,0.5271075204289415,0.358151368574504,0.0,50.0,20.0,1.0,0.0,0.0,0.0,-350.3924570699814,70.0,105.60981808952712,0.8496769442278427,0.0,0.5273036036740462,0.0
0.0998680591583252,-10.608854798141982,-8.844966680326117,-9.78708747972708,-1.4658959993598997,0.517968093560206,0.4418675187973318,0.0,50.0,20.0,1.0,0.0,0.0,0.0,-351.2089735581692,70.0,103.99833021067495,0.8544052603692379,0.0,0.5196072084309211,0.0
0.13406801223754883,-10.399102096874113,-9.346103981243642,-9.257308064547322,-1.5,0.6264046746264234,0.4096095366423528,0.0,50.0,20.0,1.0,0.0,0.0,0.0,-352.9567553272376,70.0,100.77121211285389,0.8637962372201737,0.0,0.5038413049406226,0.0
0.16595053672790527,-10.666521751603648,-9.358829370142596,-9.081958681899211,-1.5,0.6753434754146634,0.28830996205914183,0.0,50.0,20.0,1.0,0.0,0.0,0.0,-353.88809540259575,70.0,99.15966280002118,0.8684478602655971,0.0,0.4957805099034309,0.0
0.19971323013305664,-11.101992694034486,-9.66832434432037,-8.658561509847168,-1.5,0.5521305496470443,0.22517455973831932,0.0,50.0,20.0,1.0,0.0,0.0,0.0,-354.85761806105114,70.0,97.55217070495522,0.8730630827581842,0.0,0.48760727386368635,0.0
0.23221087455749512,-10.912829825777205,-10.173334846931336,-8.489254638289001,-1.5,0.40506551114409345,0.20936628931578988,0.0,50.0,20.0,1.0,0.0,0.0,0.0,-355.86510843323094,70.0,95.95076299291527,0.8776367044714023,0.0,0.47932641797065223,0.0
0.2527012825012207,-11.34679820926296,-9.885429819702834,-9.220678138584235,-1.35862701793382,0.33832038339257153,0.04144997643803913,0.0,50.0,20.0,1.0,0.0,0.0,0.0,-356.9102487425856,70.0,94.35745120880063,0.8821636718636723,0.0,0.4709429435122721,0.0
0.28432416915893555,-10.57915888433404,-10.632883588462791,-8.559772769667056,-1.164154030545693,0.24050792156082462,-0.043284449373945474,0.0,50.0,20.0,1.0,0.0,0.0,0.0,-359.11169127897267,70.0,91.20304844422819,0.891058223562781,0.0,0.45388901971863227,0.0
0.31512022018432617,-10.188209133846367,-10.858459517306068,-8.7017798207581,-1.2091361928759221,0.36642925159287815,-0.008538395240850497,0.0,50.0,20.0,1.0,0.0,0.0,0.0,-360.2668415672288,70.0,89.64584980024479,0.8954165237467846,0.0,0.4452294341137207,0.0
0.3493764400482178,-10.820633298720297,-10.392863358224178,-8.42787079149971,-1.2910100172599566,0.45188623910323955,0.07913066220023084,0.0,50.0,20.0,1.0,0.0,0.0,0.0,-361.45733920635263,70.0,88.10452007251217,0.8997096196203745,0.0,0.4364889464380065,0.0
0.38216185569763184,-10.104033914073144,-10.272068883877006,-7.710570764778566,-1.2701818180704996,0.26728430302076306,-0.10672754664194604,0.0,50.0,20.0,1.0,0.0,0.0,0.0,-362.68235390507385,70.0,86.58090506527432,0.9039333353038975,0.0,0.4276733862731834,0.0
0.40470218658447266,-9.81529999298502,-9.591628190782377,-8.129684132904258,-1.2286002887251908,0.23582827011884816,-0.19285050399209613,0.0,50.0,20.0,1.0,0.0,0.0,0.0,-363.9409563274907,70.0,85.07680017418025,0.9080836961035578,0.0,0.41878873059205074,0.0
0.4358038902282715,-10.47633663279566,-9.599383612691938,-7.531824598080905,-1.1645909384074358,0.14383051034684197,-0.04367307878836496,0.0,50.0,20.0,1.0,0.0,0.0,0.0,-366.5547251012017,70.0,82.13401739427954,0.9161495036447939,0.0,0.40083673356043326,0.0
0.46637511253356934,-10.513967638118675,-9.130367124587194,-7.118445108937578,-1.0504702947888966,0.23174541871349713,-0.241996458800627,0.0,50.0,20.0,1.0,0.0,0.0,0.0,-367.90755896653184,70.0,80.69862955297408,0.9200580700342396,0.0,0.3917820156220425,0.0
0.49979496002197266,-11.220151014768078,-9.816421248232258,-7.265827758056089,-1.1161987020563913,0.40936158914289394,-0.4286444707574978,0.0,50.0,20.0,1.0,0.0,0.0,0.0,-369.2893218813635,70.0,79.289321881327,0.9238795325113361,0.0,0.38268343236497054,0.0
0.5337715148925781,-10.742147805300908,-9.759136166081241,-7.194656832924066,-1.1776796904639066,0.25923042852505546,-0.6079485953046633,0.0,50.0,20.0,1.0,0.0,0.0,0.0,-370.6986295530113,70.0,77.90755896649608,0.9276110203999948,0.0,0.3735475804130987,0.0
0.5665555000305176,-10.065455310589599,-9.547319135180617,-7.784825456852939,-1.1196917967698314,0.3461944359526479,-0.531334608979522,0.0,50.0,20.0,1.0,0.0,0.0,0.0,-373.5939448769727,70.0,75.23212024540577,0.9347937733922768,0.0,0.35519093629628107,0.0
0.599776029586792,-10.562843709705302,-9.472475902416484,-8.127996341609904,-1.1518357614377024,0.5239409275991931,-0.43400054568081115,0.0,50.0,20.0,1.0,0.0,0.0,0.0,-375.07680017421933,70.0,73.94095632745736,0.9382404906860038,0.0,0.3459837881133837,0.0
0.6331543922424316,-11.299270730989965,-8.680198194977008,-7.5228192265320395,-1.326963797919567,0.7098746120930206,-0.580020187356138,0.0,50.0,20.0,1.0,0.0,0.0,0.0,-376.5809050653139,70.0,72.68235390504138,0.9415881427008271,0.0,0.33676663956693637,0.0
0.6498568058013916,-11.130923095169697,-8.66937094404202,-8.294142249056698,-1.2158535748157813,0.6644228011310517,-0.6023739468548958,0.0,50.0,20.0,1.0,0.0,0.0,0.0,-378.10452007255225,70.0,71.45733920632105,0.9448350670717058,0.0,0.32754647919280894,0.0
0.6838815212249756,-11.600279868774987,-9.375603719429604,-7.512622262618868,-1.3119426345938392,0.7261776695761154,-0.6932392274954104,0.0,50.0,20.0,1.0,0.0,0.0,0.0,-379.6458498002853,70.0,70.26684156719816,0.9479798479735786,0.0,0.3183303438819347,0.0
0.7166836261749268,-11.218689992659097,-9.552141681149779,-7.299884347621861,-1.4476892987703915,0.812068298618194,-0.7490213011069444,0.0,50.0,20.0,1.0,0.0,0.0,0.0,-382.7742254388387,70.0,67.99261785744442,0.9539585476910294,0.0,0.2999384758366657,0.0
0.749774694442749,-10.459110788477572,-9.403754524616925,-6.9747644318614626,-1.414799550143447,0.8610544403570553,-0.6201704089930565,0.0,50.0,20.0,1.0,0.0,0.0,0.0,-384.3574512088422,70.0,66.91024874255778,0.9567908634007806,0.0,0.29077696558150706,0.0
0.7846016883850098,-10.11446542080952,-8.662188442209423,-6.907921115012972,-1.5,1.020812657071351,-0.6878989789505554,0.0,50.0,20.0,1.0,0.0,0.0,0.0,-385.95076299295664,70.0,65.86510843320441,0.9595178256989173,0.0,0.28164790460080125,0.0
0.7999889850616455,-10.537053251384314,-8.888698942007407,-7.146388208026876,-1.5,0.9515617655800062,-0.7702686955123162,0.0,50.0,20.0,1.0,0.0,0.0,0.0,-387.55217070499714,70.0,64.8576180610253,0.9621392361269098,0.0,0.27255841631680827,0.0
0.8336684703826904,-10.894512909783883,-8.9130270458552,-6.966679276197742,-1.5,0.9531637056369731,-0.6208385003573309,0.0,50.0,20.0,1.0,0.0,0.0,0.0,-390.7712121128961,70.0,62.95675532721377,0.9670657802672635,0.0,0.2545265735361808,0.0
0.867279052734375,-11.055286604799743,-9.38322204763101,-7.243186585295036,-1.441613506804075,1.0787807891728387,-0.4712681290756116,0.0,50.0,20.0,1.0,0.0,0.0,0.0,-392.38478163657595,70.0,62.06371067526534,0.9693716762025149,0.0,0.24559835784533798,0.0
0.9012377262115479,-10.876403194194992,-9.748284829237516,-7.326652136047131,-1.5,1.2626423428091509,-0.615254219071682,0.0,50.0,20.0,1.0,0.0,0.0,0.0,-393.9983302107171,70.0,61.20897355814735,0.9715735341235182,0.0,0.23673797285339912,0.0
0.9331934452056885,-11.318841380471536,-10.441469648738746,-7.6625300268678425,-1.4451028776763652,1.408987536247825,-0.5388614569293635,0.0,50.0,20.0,1.0,0.0,0.0,0.0,-395.6098180895692,70.0,60.39245706996054,0.9736722829834468,0.0,0.22795237517912104,0.0
0.9520542621612549,-11.576771820494034,-9.849949557374785,-8.206506760944116,-1.5,1.3284748444110797,-0.36985537486027403,0.0,50.0,20.0,1.0,0.0,0.0,0.0,-397.2172123618998,70.0,59.613977397424904,0.9756690591654916,0.0,0.21924845948631996,0.0
0.9997575283050537,-11.793808183596353,-9.51412616798616,-7.998564202840376,-1.5,1.1424231353951437,-0.18478097259420873,0.0,50.0,20.0,1.0,0.0,0.0,0.0,-400.4116538867736,70.0,58.169924033466074,0.9793622311650932,0.0,0.20211288966152163,0.0
1.0178205966949463,-11.061024141416388,-9.824199566869323,-7.480205359134944,-1.5,1.148336230796198,-0.29760804903544513,0.0,50.0,20.0,1.0,0.0,0.0,0.0,-401.9947156776864,70.0,57.503522426093966,0.9810618675035383,0.0,0.1936946362976266,0.0
1.049839735031128,-11.791289620379935,-9.363264682225116,-7.375056014476801,-1.4946252845611752,1.3384211338727907,-0.46612014652321654,0.0,50.0,20.0,1.0,0.0,0.0,0.0,-403.5657223449316,70.0,56.873508539441985,0.9826659947829629,0.0,0.185384850236501,0.0
1.0830836296081543,-11.055877825188414,-9.8767888410568,-7.856304497589488,-1.5,1.349765088022418,-0.40036250608364454,0.0,50.0,20.0,1.0,0.0,0.0,0.0,-405.12274951792506,70.0,56.27925843864337,0.9841766649371357,0.0,0.1771899889757229,0.0
1.103942632675171,-11.765714739539881,-9.783007237726586,-7.959419126102043,-1.5,1.5,-0.34595657151306125,0.0,50.0,20.0,1.0,0.0,0.0,0.0,-406.6639077250291,70.0,55.72007132037791,0.9855960853200009,0.0,0.16911639956517985,0.0
1.1361603736877441,-11.175202624817413,-9.233635529917581,-7.17969126151147,-1.5,1.5,-0.37306513563006327,0.0,50.0,20.0,1.0,0.0,0.0,0.0,-409.69125608608243,70.0,54.70372492924727,0.9881707217651025,0.0,0.15335783203422118,0.0
1.1665761470794678,-11.920567358642963,-9.365866425930882,-7.581540910299624,-1.3806222379160769,1.5,-0.5032654439492943,0.0,50.0,20.0,1.0,0.0,0.0,0.0,-411.17387408687995,70.0,54.24482016704815,0.9893310361879685,0.0,0.14568493688518633,0.0
1.1995513439178467,-11.723469811892143,-9.946889606091654,-7.268970402660823,-1.1877508883282017,1.5,-0.49668019485997134,0.0,50.0,20.0,1.0,0.0,0.0,0.0,-412.63348479582436,70.0,53.8174971963215,0.9904102756021832,0.0,0.13815746806310347,0.0
1.2331936359405518,-11.302771131632012,-9.614353889952888,-7.401673199045116,-1.0990039902420197,1.4440966332028384,-0.6209710236991347,0.0,50.0,20.0,1.0,0.0,0.0,0.0,-414.06842346333883,70.0,53.420740641050244,0.9914112652147689,0.0,0.1307811270988716,0.0
1.2663986682891846,-10.816067119124813,-10.204958709756875,-7.157109590974242,-1.251547913313701,1.396495261181323,-0.7705514949944205,0.0,50.0,20.0,1.0,0.0,0.0,0.0,-416.85789157364525,70.0,52.714632047862196,0.9931902334199069,0.0,0.11650390654098691,0.0
1.2994797229766846,-10.273017548129886,-10.312045657236228,-7.64599317825191,-1.3229912782854587,1.5,-0.9063906861570402,0.0,50.0,20.0,1.0,0.0,0.0,0.0,-418.2093627421445,70.0,52.40303217877842,0.9939742648107686,0.0,0.10961368935444195,0.0
1.3331413269042969,-9.818206991369797,-10.798288449814587,-7.070952910819045,-1.2963628901380562,1.43663220828273,-0.7981751956864374,0.0,50.0,20.0,1.0,0.0,0.0,0.0,-419.53004814753353,70.0,52.11751397130483,0.9946921283208567,0.0,0.10289591758920358,0.0
1.3493952751159668,-9.944410506555027,-11.183800078073428,-7.756927989504128,-1.3432729630456604,1.2909167834999224,-0.748975189338793,0.0,50.0,20.0,1.0,0.0,0.0,0.0,-420.8185627600199,70.0,51.856877645915986,0.995346980590397,0.0,0.09635553035285478,0.0
1.3827910423278809,-9.6427464139889,-11.253044885504663,-8.518612515249067,-1.4389192693696309,1.3369831814613382,-0.5902734370341856,0.0,50.0,20.0,1.0,0.0,0.0,0.0,-422.0735806937689,70.0,51.61990297393896,0.9959420089193473,0.0,0.08999730479128128,0.0
1.4160513877868652,-9.577859725680415,-10.630286080942088,-8.33951488444918,-1.5,1.3786700590704422,-0.7901242169496198,0.0,50.0,20.0,1.0,0.0,0.0,0.0,-424.4781208117814,70.0,51.211988245200786,0.9969654250644784,0.0,0.077845624321499,0.0
1.44974946975708,-9.990586403381458,-10.69109376045426,-7.65454941264348,-1.351501466966976,1.264734328611085,-0.8669443098191608,0.0,50.0,20.0,1.0,0.0,0.0,0.0,-425.6252892036213,70.0,51.03855452995609,0.9974002342842213,0.0,0.07206089542727344,0.0
1.4831397533416748,-9.908921048553509,-11.130248396743788,-7.642759754649725,-1.2445481017708044,1.1565121872657058,-0.7622511690634055,0.0,50.0,20.0,1.0,0.0,0.0,0.0,-426.7342528690568,70.0,50.883805798154896,0.9977880391191435,0.0,0.06647577747401329,0.0
1.4995954036712646,-10.624013157777577,-11.683768148796887,-7.413310807256602,-1.2879442793842346,1.009977049677426,-0.6361684362268829,0.0,50.0,20.0,1.0,0.0,0.0,0.0,-427.8039825471826,70.0,50.7465005237066,0.9981320039861796,0.0,0.06109421100671495,0.0
1.5334713459014893,-10.34215098633093,-12.391350902362332,-7.606617265747227,-1.246250394851414,0.9905426989781867,-0.44509408696398706,0.0,50.0,20.0,1.0,0.0,0.0,0.0,-429.8219114244943,70.0,50.51931588017119,0.9987008664255499,0.0,0.05095664236246262,0.0
1.566148281097412,-11.133652689259815,-12.459178249901788,-7.423934815047811,-1.1053416897082151,1.1072251208857122,-0.4658128587202798,0.0,50.0,20.0,1.0,0.0,0.0,0.0,-430.768337676787,70.0,50.42702971815007,0.9989318552380085,0.0,0.04620766809470426,0.0
1.5996370315551758,-11.636778124794393,-12.605502269040759,-6.68394063510857,-1.0073408431640114,0.9666068854533815,-0.3548515229214563,0.0,50.0,20.0,1.0,0.0,0.0,0.0,-431.67198173780105,70.0,50.34738281497832,0.9991311655258825,0.0,0.04167630111816003,0.0
1.633025884628296,-12.21863594033495,-12.975948021061868,-6.448132735430452,-0.9147975426791866,1.1349085109698929,-0.5118767365575646,0.0,50.0,20.0,1.0,0.0,0.0,0.0,-432.5320930325713,70.0,50.27923804179076,0.9993016610568833,0.0,0.037365628710806176,0.0
1.6515424251556396,-11.948674527372555,-13.0,-5.887556041921923,-0.8408135093162104,1.2993143150754025,-0.5697555389586403,0.0,50.0,20.0,1.0,0.0,0.0,0.0,-433.3479728695641,70.0,50.22149261962301,0.9994461150566772,0.0,0.03327856815001311,0.0
1.6994116306304932,-12.447454117550985,-13.0,-5.527151503251618,-0.7404756356063287,1.434243910687845,-0.4294166475788654,0.0,50.0,20.0,1.0,0.0,0.0,0.0,-434.8444937620072,70.0,50.13298464743218,0.9996674830976744,0.0,0.025786105505890115,0.0
1.7169873714447021,-13.0,-12.57384254008811,-4.850998213820326,-0.6476616620517498,1.3421528441365833,-0.5529827808462039,0.0,50.0,20.0,1.0,0.0,0.0,0.0,-435.5239831047875,70.0,50.100223860342055,0.999749408951208,0.0,0.022385694130632884,0.0
1.7494361400604248,-12.64060727513309,-12.150700739370729,-5.17151180947176,-0.743368432086998,1.358232077810624,-0.3840958393199384,0.0,50.0,20.0,1.0,0.0,0.0,0.0,-436.15693438848893,70.0,50.073873052611404,0.999815300311484,0.0,0.019218877778294643,0.0
1.7827651500701904,-11.875496175260208,-11.885701126027673,-5.501983342177876,-0.5984713246577201,1.3394611903071505,-0.36848152390915323,0.0,50.0,20.0,1.0,0.0,0.0,0.0,-436.7428851036452,70.0,50.05305806303055,0.9998673460438876,0.0,0.01628773511427284,0.0
1.804553508758545,-11.29032296618211,-11.208175849421275,-4.951903080108851,-0.4835383009333375,1.4727687405565766,-0.3036897312105939,0.0,50.0,20.0,1.0,0.0,0.0,0.0,-437.281415254289,70.0,50.03696034543374,0.9999075948670614,0.0,0.013594179900555852,0.0
1.8361141681671143,-11.487912475293024,-10.58698704638628,-5.430005037863946,-0.49442663224294353,1.5,-0.44151961270381695,0.0,50.0,20.0,1.0,0.0,0.0,0.0,-438.21473744562854,70.0,50.0159370818931,0.999960156501515,0.0,0.008926668441557765,0.0
1.8662066459655762,-11.779952514339008,-10.158684221329949,-6.06494388676143,-0.4471279317859159,1.5,-0.6412048667697984,0.0,50.0,20.0,1.0,0.0,0.0,0.0,-438.6088887970253,70.0,50.00967642006073,0.9999758086572377,0.0,0.006955724283183834,0.0
1.898477554321289,-10.984684749789313,-9.559169085176023,-6.048408444054536,-0.6097396582902427,1.5,-0.5707569875024174,0.0,50.0,20.0,1.0,0.0,0.0,0.0,-438.9543355600312,70.0,50.005467220057554,0.999986331856447,0.0,0.005228393662278934,0.0
1.9324696063995361,-10.868907410204775,-8.830555257841349,-5.334850616377973,-0.6921050263601224,1.5,-0.5274323511872413,0.0,50.0,20.0,1.0,0.0,0.0,0.0,-439.2508491336501,70.0,50.00280617447585,0.999992984539202,0.0,0.0037457806101266707,0.0
1.9823856353759766,-10.681246952991144,-8.622613958285978,-5.33723299472699,-0.5310624729204461,1.5,-0.4257416025464728,0.0,50.0,20.0,1.0,0.0,0.0,0.0,-439.69633483890846,70.0,50.0004610637132,0.9999988473400527,0.0,0.0015183275555730436,0.0
1.999119520187378,-10.977030741807742,-9.14910532142622,-5.727109103677862,-0.5930007672377945,1.5,-0.30378335447626437,0.0,50.0,20.0,1.0,0.0,0.0,0.0,-439.8450196752118,70.0,50.00012009457747,0.9999996997635112,0.0,0.0007749018565948124,0.0
2.0315535068511963,-11.30376915617075,-8.782174499727729,-5.723960923376868,-0.6673898548576934,1.4977420741411047,-0.4204968935715161,0.0,50.0,20.0,1.0,0.0,0.0,0.0,-439.9441953145856,70.0,50.000015570815776,0.9999999610729597,0.0,0.0002790234379335052,0.0
2.048621654510498,-11.316783444782486,-8.938993435746676,-5.000931546225086,-0.5001202882446701,1.4703342512659532,-0.5247848040100557,0.0,50.0,20.0,1.0,0.0,0.0,0.0,-439.9937988262733,70.0,50.00000019227278,0.9999999995193181,0.0,3.100586864840267e-05,0.0
2.0817782878875732,-11.334266657386415,-8.335686834548515,-4.66019223186211,-0.45358202332954534,1.3943770061662188,-0.6061468907639926,0.0,50.0,20.0,1.0,0.0,0.0,0.0,-439.99379882627215,70.0,50.00000019227278,0.9999999995193181,0.0,3.100586865407046e-05,0.0
2.115055799484253,-12.051579132506953,-8.972967980839153,-3.891667505079994,-0.38837516623661755,1.2195986188201393,-0.7917710702355845,0.0,50.0,20.0,1.0,0.0,0.0,0.0,-439.8450196752062,70.0,50.00012009457748,0.9999996997635112,0.0,0.0007749018566230206,0.0
2.148409843444824,-12.526055142669179,-9.420203603218177,-4.226766151375463,-0.5313275694613175,1.123333068108388,-0.7390320472958671,0.0,50.0,20.0,1.0,0.0,0.0,0.0,-439.69633483890055,70.0,50.00046106371323,0.9999988473400526,0.0,0.001518327555612718,0.0
2.182771921157837,-13.0,-9.438325632142693,-4.810841225450452,-0.3872960595663789,0.9886960868168501,-0.7434140608393007,0.0,50.0,20.0,1.0,0.0,0.0,0.0,-439.49823560707455,70.0,50.001258845453506,0.999996852881414,0.0,0.0025088298602122853,0.0
2.199458599090576,-12.827901346928577,-9.106323422524818,-4.997808440552968,-0.3698437352384673,0.9954386555590033,-0.6395198921752152,0.0,50.0,20.0,1.0,0.0,0.0,0.0,-439.25084913363764,70.0,50.002806174475936,0.9999929845392018,0.0,0.003745780610188929,0.0
2.2336316108703613,-12.399967332358646,-9.594755219752262,-5.669427063439759,-0.5578564433602089,0.9548777199859992,-0.5249506183644552,0.0,50.0,20.0,1.0,0.0,0.0,0.0,-438.6088887970084,70.0,50.00967642006097,0.999975808657237,0.0,0.006955724283268544,0.0
2.2664029598236084,-12.087431366850879,-9.563161926786398,-5.6818998390114555,-0.46317728739541303,0.9800257669744458,-0.42598481625525564,0.0,50.0,20.0,1.0,0.0,0.0,0.0,-438.2147374456094,70.0,50.01593708189344,0.9999601565015142,0.0,0.008926668441653591,0.0
2.2994539737701416,-12.470276080664089,-10.060522634165917,-5.906302749791789,-0.5082694108146417,0.8574595742073794,-0.5467385038193866,0.0,50.0,20.0,1.0,0.0,0.0,0.0,-437.77214584748,70.0,50.02481975072463,0.9999379486980063,0.0,0.011139962011747162,0.0
2.3327980041503906,-12.636516621487257,-9.70010221066424,-6.1188704504043425,-0.4411532029996198,0.860114814966581,-0.3525592534243649,0.0,50.0,20.0,1.0,0.0,0.0,0.0,-437.2814152542656,70.0,50.036960345434366,0.9999075948670598,0.0,0.013594179900673034,0.0
2.352628707885742,-12.33638874375945,-8.975241153527655,-6.514584565894165,-0.6298770866864225,0.8074639553793339,-0.49549586302397397,0.0,50.0,20.0,1.0,0.0,0.0,0.0,-436.74288510361964,70.0,50.05305806303137,0.9998673460438855,0.0,0.01628773511440087,0.0
2.398796796798706,-12.090764407099577,-8.447252681566557,-6.274367972408946,-0.7603360281454854,0.9848665343686709,-0.6381692876077087,0.0,50.0,20.0,1.0,0.0,0.0,0.0,-435.5239831047574,70.0,50.10022386034339,0.9997494089512047,0.0,0.02238569413078326,0.0
2.4163923263549805,-12.589842101022711,-9.191579271257876,-6.382939836881015,-0.9350629504516386,0.9996847950709152,-0.7242158147195681,0.0,50.0,20.0,1.0,0.0,0.0,0.0,-434.84449376197495,70.0,50.132984647433844,0.9996674830976703,0.0,0.025786105506051156,0.0
2.449368715286255,-12.019546024442233,-9.366191733395393,-6.641579493854853,-0.7422297459815768,0.8426945809047743,-0.8275295007218827,0.0,50.0,20.0,1.0,0.0,0.0,0.0,-434.11897293926904,70.0,50.173082183656746,0.9995672008833204,0.0,0.029417867330650084,0.0
2.482085704803467,-12.55676807053361,-9.40381573603269,-7.115597454998755,-0.7569338619959862,0.6469041160337737,-0.818813741604518,0.0,50.0,20.0,1.0,0.0,0.0,0.0,-433.3479728695278,70.0,50.22149261962544,0.9994461150566711,0.0,0.03327856815019512,0.0
2.504107713699341,-13.0,-9.51180174114687,-7.367954883638605,-0.6667291973789305,0.553795775059089,-0.9576089646229049,0.0,50.0,20.0,1.0,0.0,0.0,0.0,-432.53209303253294,70.0,50.27923804179363,0.9993016610568761,0.0,0.03736562871099844,0.0
2.5361666679382324,-12.804441559952354,-9.517562159916286,-7.169883013057841,-0.70282823055984,0.564022438092385,-0.7770140864834052,0.0,50.0,20.0,1.0,0.0,0.0,0.0,-430.76833767674486,70.0,50.427029718153975,0.9989318552379988,0.0,0.046207668094915444,0.0
2.5664541721343994,-13.0,-9.99507558925217,-6.8106460885449875,-0.8595781475237333,0.5451141650971666,-0.8715724190600685,0.0,50.0,20.0,1.0,0.0,0.0,0.0,-429.8219114244503,70.0,50.51931588017568,0.9987008664255387,0.0,0.05095664236268364,0.0
2.599769115447998,-12.989798809611644,-10.677058561869709,-7.33654901734762,-0.8686878070577457,0.4292153802363352,-1.007011140479122,0.0,50.0,20.0,1.0,0.0,0.0,0.0,-428.8335068687771,70.0,50.62540852335367,0.9984352544773405,0.0,0.0559199661728108,0.0
2.633164405822754,-13.0,-10.331686387896674,-7.0196686110344375,-0.7097797934258735,0.4934551374784486,-1.0630142461201715,0.0,50.0,20.0,1.0,0.0,0.0,0.0,-427.8039825471345,70.0,50.74650052371251,0.9981320039861649,0.0,0.061094211006956646,0.0
2.6660878658294678,-12.345727763508151,-10.326825539847126,-7.074901177438371,-0.5384720166857426,0.42032973768403953,-1.2328852328601265,0.0,50.0,20.0,1.0,0.0,0.0,0.0,-425.62528920357,70.0,51.03855452996355,0.9974002342842027,0.0,0.07206089542753216,0.0
2.6994311809539795,-11.748839257050966,-10.944523331744357,-6.821381082834609,-0.40866949797149427,0.32070437821265296,-1.4012473213876016,0.0,50.0,20.0,1.0,0.0,0.0,0.0,-424.478120811728,70.0,51.211988245209184,0.9969654250644573,0.0,0.0778456243217684,0.0
2.732656478881836,-12.042870211475568,-10.951469144708017,-7.157145233752384,-0.4701273125776704,0.2641681097910167,-1.4942071974063464,0.0,50.0,20.0,1.0,0.0,0.0,0.0,-423.29383560242246,70.0,51.405354754321905,0.9964804193903614,0.0,0.08382585383764102,0.0
2.749476432800293,-11.846303384002717,-10.788357772396745,-7.493563970697309,-0.3051843677117483,0.18329271111920828,-1.409119108811585,0.0,50.0,20.0,1.0,0.0,0.0,0.0,-422.07358069371224,70.0,51.61990297394928,0.9959420089193214,0.0,0.08999730479156816,0.0
2.7831311225891113,-11.221624498851988,-10.345380881485116,-8.132766163755047,-0.15412874774323776,0.053020456814018985,-1.5,0.0,50.0,20.0,1.0,0.0,0.0,0.0,-420.81856275996205,70.0,51.8568776459273,0.9953469805903685,0.0,0.09635553035314832,0.0
2.8171424865722656,-10.523141613688056,-10.308683400842845,-7.689872258636485,0.013061740370042874,0.1245001059269297,-1.5,0.0,50.0,20.0,1.0,0.0,0.0,0.0,-418.20936274208333,70.0,52.40303217879209,0.9939742648107343,0.0,0.10961368935475359,0.0
2.849961042404175,-10.921922716302367,-9.710776017001798,-7.057737535471634,-0.1293684362470827,0.19677894427981787,-1.3963140129834783,0.0,50.0,20.0,1.0,0.0,0.0,0.0,-416.85789157358266,70.0,52.71463204787709,0.9931902334198693,0.0,0.11650390654130631,0.0
2.88217830657959,-11.189978326829369,-10.416034098518123,-6.560134284746863,-0.0656785697935173,0.14561693860552508,-1.2167285436750686,0.0,50.0,20.0,1.0,0.0,0.0,0.0,-415.4770781433549,70.0,53.053487408711405,0.9923369200813013,0.0,0.12356147070813386,0.0
2.8997604846954346,-11.123317996397839,-10.167103635313396,-7.229227734474062,0.06675324611426706,0.34166201562026555,-1.2292257174140186,0.0,50.0,20.0,1.0,0.0,0.0,0.0,-414.06842346327414,70.0,53.420740641067624,0.9914112652147251,0.0,0.13078112709920375,0.0
2.933854579925537,-10.325550586198796,-10.947185653406025,-7.256500735786163,-0.10025644800785016,0.3261554774063658,-1.4068841132448224,0.0,50.0,20.0,1.0,0.0,0.0,0.0,-411.1738740868126,70.0,54.244820167068426,0.9893310361879172,0.0,0.14568493688553436,0.0
2.98356294631958,-9.905109441521807,-11.64930812031486,-7.782653022702289,-0.2416679164060691,0.47585332358794763,-1.2577085670914179,0.0,50.0,20.0,1.0,0.0,0.0,0.0,-409.69125608601405,70.0,54.70372492926903,0.9881707217650475,0.0,0.15335783203457573,0.0
2.9993224143981934,-9.743351630189931,-11.26916198701866,-8.438466347956975,-0.18070008560793788,0.5196555582658615,-1.2146816086381071,0.0,50.0,20.0,1.0,0.0,0.0,0.0,-408.18734614957697,70.0,55.19517388342952,0.9869266085088862,0.0,0.16117031183548536,0.0
3.032702684402466,-10.232544501257829,-11.07777809509005,-8.216810688618295,-0.26560474623677155,0.45796108364268373,-1.2679504808933113,0.0,50.0,20.0,1.0,0.0,0.0,0.0,-406.66390772495896,70.0,55.720071320402724,0.9855960853199379,0.0,0.1691163995655467,0.0
3.0523154735565186,-10.781531817001976,-11.213482591605157,-8.698099490843262,-0.211027254052499,0.4671319138532539,-1.4004925587386863,0.0,50.0,20.0,1.0,0.0,0.0,0.0,-405.1227495178541,70.0,56.27925843866977,0.9841766649370687,0.0,0.17718998897609542,0.0
3.0993270874023438,-11.27605346688995,-11.109286343818985,-7.999772869083636,-0.34226410743435143,0.40068293951614503,-1.3683462613029085,0.0,50.0,20.0,1.0,0.0,0.0,0.0,-401.9947156776146,70.0,57.50352242612347,0.9810618675034631,0.0,0.19369463629800723,0.0
3.1170530319213867,-11.390616673079752,-10.727279798897065,-8.275096607805105,-0.2286021425443075,0.41239106718707624,-1.3442882194689516,0.0,50.0,20.0,1.0,0.0,0.0,0.0,-400.4116538867013,70.0,58.16992403349724,0.9793622311650138,0.0,0.2021128896619071,0.0
3.1498219966888428,-11.280310241246434,-10.02479732651469,-7.975166151604144,-0.33010500408195687,0.2772691955332109,-1.19612002139245,0.0,50.0,20.0,1.0,0.0,0.0,0.0,-398.8184921961488,70.0,58.87325631297176,0.9775651990712134,0.0,0.21063304955504686,0.0
3.1826226711273193,-10.747082522683776,-10.401169102527287,-7.751655400829478,-0.1350428099650261,0.3435070708268554,-1.2967668365682763,0.0,50.0,20.0,1.0,0.0,0.0,0.0,-397.2172123618263,70.0,59.61397739745968,0.9756690591654025,0.0,0.21924845948671662,0.0
3.2042112350463867,-11.05663943955724,-9.890102402518073,-7.515623876122186,-0.19189066504738533,0.14354366584918365,-1.423950279852562,0.0,50.0,20.0,1.0,0.0,0.0,0.0,-395.60981808949595,70.0,60.39245706999684,0.9736722829833536,0.0,0.22795237517951902,0.0
3.23614764213562,-11.731746174719165,-9.655865813540004,-8.087815137364872,-0.3820996635307856,0.2730836084075972,-1.4637932415524693,0.0,50.0,20.0,1.0,0.0,0.0,0.0,-392.38478163650205,70.0,62.063710675305344,0.9693716762024117,0.0,0.2455983578457453,0.0
3.2669122219085693,-11.25730437874044,-9.453400265500761,-7.502906851032444,-0.3219192530108863,0.3278088528663889,-1.5,0.0,50.0,20.0,1.0,0.0,0.0,0.0,-390.7712121128222,70.0,62.956755327255536,0.9670657802671555,0.0,0.2545265735365911,0.0
3.300142765045166,-11.115219938797749,-9.326927858584257,-8.172538407286742,-0.15752096540216143,0.2827709270368193,-1.3994100965092664,0.0,50.0,20.0,1.0,0.0,0.0,0.0,-389.1596627999896,70.0,63.888095402614425,0.9646551316335429,0.0,0.26351561056808787,0.0
3.333387613296509,-11.264679760053207,-8.741314835982285,-7.730814240809562,-0.18552989565320166,0.1696131254526903,-1.2926823431090537,0.0,50.0,20.0,1.0,0.0,0.0,0.0,-387.55217070492415,70.0,64.8576180610703,0.9621392361267929,0.0,0.2725584163172209,0.0
3.3664767742156982,-8.32795264151267,-9.422201523822906,-5.203407148768818,-1.429498632064763,-0.3828452914005882,0.0036025963073349487,0.0,50.0,20.0,1.0,0.0,0.0,0.0,-384.3574512087694,70.0,66.9102487426065,0.9567908634006532,0.0,0.29077696558192584,0.0
3.399710178375244,-7.739440713079473,-9.63793382482765,-5.8679865874112425,-1.2696680288601947,-0.24302463600534413,0.13297362768074444,0.0,50.0,20.0,1.0,0.0,0.0,0.0,-382.77422543876645,70.0,67.99261785749482,0.9539585476908973,0.0,0.2999384758370858,0.0
3.433056116104126,-7.849292554617711,-9.988118723569231,-5.3591625853938885,-1.196543154333408,-0.2358107470436532,0.07582351108258678,0.0,50.0,20.0,1.0,0.0,0.0,0.0,-381.20304844419786,70.0,69.11169127899471,0.9510213160623827,0.0,0.3091253085642998,0.0
3.4503462314605713,-8.398808198469698,-9.647320926280297,-4.637348240661852,-1.0931098028437076,-0.23613267464758705,-0.03599898594049,0.0,50.0,20.0,1.0,0.0,0.0,0.0,-379.64584980021476,70.0,70.26684156725155,0.9479798479734378,0.0,0.318330343882354,0.0
3.4830434322357178,-8.22945203259454,-9.105045428098258,-4.523004005483049,-1.1114411662123764,-0.30253613019320946,0.08862759726750036,0.0,50.0,20.0,1.0,0.0,0.0,0.0,-378.10452007248205,70.0,71.45733920637635,0.9448350670715595,0.0,0.32754647919323104,0.0
3.516324043273926,-8.661290109448275,-9.025031804028075,-3.7750628144582463,-1.1900348590838292,-0.3294554875469973,-0.053636550521925674,0.0,50.0,20.0,1.0,0.0,0.0,0.0,-375.0768001741509,70.0,73.94095632751574,0.9382404906858482,0.0,0.3459837881138056,0.0
3.5484797954559326,-9.336463572977305,-9.360562597720234,-3.912484732635071,-1.0460885186657352,-0.15882895280461007,-0.038732731545092824,0.0,50.0,20.0,1.0,0.0,0.0,0.0,-373.59394487690577,70.0,75.23212024546524,0.9347937733921177,0.0,0.35519093629669973,0.0
3.5846309661865234,-9.790986120641984,-9.208723877917642,-3.3950070178200478,-1.2365637632585709,-0.10892171695520414,0.08677414801231714,0.0,50.0,20.0,1.0,0.0,0.0,0.0,-372.1340173942511,70.0,76.55472510122799,0.9312498990571005,0.0,0.364381154158856,0.0
3.601933479309082,-10.078032396970341,-8.925591631620124,-2.9144246399222293,-1.4348365599937243,0.07415406297556565,-0.040295128464540364,0.0,50.0,20.0,1.0,0.0,0.0,0.0,-370.69862955294616,70.0,77.90755896655871,0.927611020399826,0.0,0.37354758041351777,0.0
3.6364259719848633,-10.737786413490236,-8.945001757581528,-3.1364743336261274,-1.324316299501421,0.05224687289448693,0.054571866385682566,0.0,50.0,20.0,1.0,0.0,0.0,0.0,-367.9075589664696,70.0,80.69862955303883,0.9200580700340636,0.0,0.39178201562245574,0.0
3.6676037311553955,-10.236814270485391,-8.374956034380515,-2.9061363077192115,-1.4254684018205257,-0.06438070367960967,-0.0384265551640956,0.0,50.0,20.0,1.0,0.0,0.0,0.0,-366.55472510114083,70.0,82.13401739434543,0.9161495036446141,0.0,0.40083673356084415,0.0
3.6996750831604004,-10.566929995029179,-8.454584368152133,-2.2988541410938073,-1.5,0.06705786813969634,0.14277086899985236,0.0,50.0,20.0,1.0,0.0,0.0,0.0,-365.2321202453801,70.0,83.59394487700163,0.9121569358476599,0.0,0.4098410965057167,0.0
3.7320995330810547,-10.293254255470117,-8.235802458105251,-2.6939638809174973,-1.5,0.17984439146233278,0.324905401131714,0.0,50.0,20.0,1.0,0.0,0.0,0.0,-363.94095632743233,70.0,85.07680017424865,0.9080836961033696,0.0,0.41878873059245897,0.0
3.7519001960754395,-9.75543101370124,-8.473653045057642,-3.456536452742359,-1.5,0.2633895033378138,0.21722011284556952,0.0,50.0,20.0,1.0,0.0,0.0,0.0,-362.6823539050173,70.0,86.5809050653432,0.903933335303707,0.0,0.42767338627358614,0.0
3.785796880722046,-9.40552883862372,-7.8997315065582345,-3.468583790434172,-1.3165060924830243,0.306432500325471,0.17130141631362403,0.0,50.0,20.0,1.0,0.0,0.0,0.0,-360.2668415671751,70.0,89.64584980031574,0.8954165237465865,0.0,0.4452294341141191,0.0
3.816627025604248,-9.529676776637352,-7.863690472715715,-4.22467983464743,-1.1297833269350892,0.36401035944948773,0.21384596836135672,0.0,50.0,20.0,1.0,0.0,0.0,0.0,-359.1116912789206,70.0,91.20304844429981,0.89105822356258,0.0,0.4538890197190268,0.0
3.84965443611145,-9.570392747116529,-7.0910343932103785,-4.182912465172356,-1.105764067027693,0.41089398846889075,0.24193214502893814,0.0,50.0,20.0,1.0,0.0,0.0,0.0,-357.9926178574228,70.0,92.77422543886969,0.8866390882459737,0.0,0.46246202784050117,0.0
3.882974147796631,-9.638732619689431,-7.151614188141421,-4.387200086240388,-1.036392583771881,0.4183774921532526,0.25689584617721584,0.0,50.0,20.0,1.0,0.0,0.0,0.0,-356.9102487425372,70.0,94.3574512088729,0.8821636718634674,0.0,0.47094294351265586,0.0
3.9038941860198975,-9.711359295948316,-6.398479558996971,-4.181487949398202,-1.0242073619094427,0.5443082992767997,0.21460787683286198,0.0,50.0,20.0,1.0,0.0,0.0,0.0,-355.8651084331843,70.0,95.95076299298799,0.8776367044711952,0.0,0.4793264179710314,0.0
3.9355499744415283,-9.64793490487034,-6.006287315868864,-4.497812011788923,-0.8791166813328966,0.5583097254109417,0.1121242846077895,0.0,50.0,20.0,1.0,0.0,0.0,0.0,-353.88809540255227,70.0,99.15966280009489,0.8684478602653849,0.0,0.49578050990380257,0.0
3.966315984725952,-9.60712128129781,-6.504500688182462,-4.832323586751851,-0.8184675412119199,0.7333182682345762,0.09113716093851584,0.0,50.0,20.0,1.0,0.0,0.0,0.0,-352.9567553271961,70.0,100.77121211292729,0.8637962372199612,0.0,0.5038413049409868,0.0
3.9998364448547363,-9.710626790465202,-6.946813073115942,-4.699467634903432,-1.0033404677438933,0.8278824703226445,0.21198666233957655,0.0,50.0,20.0,1.0,0.0,0.0,0.0,-352.06371067524844,70.0,102.38478163660716,0.8591135500135965,0.0,0.5117850214524022,0.0
4.03347373008728,-9.66772455838894,-6.753234841159797,-4.705446618594397,-0.884026973762361,0.8005156024515196,0.24424435401762612,0.0,50.0,20.0,1.0,0.0,0.0,0.0,-351.20897355813094,70.0,103.99833021074878,0.8544052603690219,0.0,0.5196072084312764,0.0
4.06629204750061,-9.60736152198543,-6.841090348192227,-5.014815173716044,-0.8558031448455247,0.8233608562163025,0.07596173255684213,0.0,50.0,20.0,1.0,0.0,0.0,0.0,-349.61397739741,70.0,107.21721236193127,0.8449342803972055,0.0,0.5348701354624844,0.0
4.0983850955963135,-9.900384775452826,-7.423264834265498,-5.016302002270422,-0.7638243147823187,1.0147330753216104,0.17970840295916252,0.0,50.0,20.0,1.0,0.0,0.0,0.0,-348.8732563129247,70.0,108.81849219625286,0.8401830389972983,0.0,0.5423029236333364,0.0
4.133080959320068,-10.2503704658799,-8.03356129350174,-4.809465944210936,-0.8604909217134418,1.0955635384677647,0.07784168486818786,0.0,50.0,20.0,1.0,0.0,0.0,0.0,-348.1699240334526,70.0,110.41165388680477,0.8354290697396016,0.0,0.5495982800500961,0.0
4.1497414112091064,-9.964246837527519,-8.710280827949607,-4.928153135617189,-0.7121925657293917,1.110434740903899,0.06553359682321185,0.0,50.0,20.0,1.0,0.0,0.0,0.0,-347.50352242608125,70.0,111.99471567771735,0.8306782900807106,0.0,0.5567527084699155,0.0
4.182609558105469,-10.29840552681484,-9.40645861308991,-4.90735417987078,-0.8426263243963044,1.239106393463838,-0.02641002243966578,0.0,50.0,20.0,1.0,0.0,0.0,0.0,-346.87350853942996,70.0,113.56572234496235,0.825936673283847,0.0,0.5637629038211114,0.0
4.216820955276489,-10.20643206269523,-8.704912180332075,-5.1779300195451015,-0.6495545202844896,1.172353493600906,-0.08439914065445372,0.0,50.0,20.0,1.0,0.0,0.0,0.0,-345.7200713203674,70.0,116.66390772505879,0.8165050283829892,0.0,0.5773383224984238,0.0
4.249196290969849,-9.549578497341892,-8.270670243967361,-4.775841727575094,-0.6802652722088449,1.1284573949650694,-0.1512038193590703,0.0,50.0,20.0,1.0,0.0,0.0,0.0,-345.1951738833964,70.0,118.18734614967559,0.8118271178345929,0.0,0.5838978769856746,0.0
4.282607316970825,-9.43576191042129,-8.607002359570801,-4.4508856971038915,-0.6687359712650638,1.235792407079279,-0.09725427182673502,0.0,50.0,20.0,1.0,0.0,0.0,0.0,-344.703724929238,70.0,119.69125608611178,0.8071825813094836,0.0,0.5903018553507678,0.0
4.3001484870910645,-9.432753732707726,-8.413714689285484,-4.122810720381326,-0.7046903994576754,1.0918301891122326,-0.11149225600191584,0.0,50.0,20.0,1.0,0.0,0.0,0.0,-344.24482016703956,70.0,121.17387408690847,0.8025774913149868,0.0,0.5965478777386961,0.0
4.334114074707031,-9.929174926540567,-8.128641745288562,-4.289078359057643,-0.6541246647820935,0.9185056642473014,-0.30858477049659694,0.0,50.0,20.0,1.0,0.0,0.0,0.0,-343.42074064104276,70.0,124.06842346336677,0.7935098504008417,0.0,0.6085574067553807,0.0
4.366917610168457,-9.352031588040036,-7.626037898475159,-4.306575769024102,-0.7319297114324785,0.7555308881555125,-0.18979395908171248,0.0,50.0,20.0,1.0,0.0,0.0,0.0,-343.0534874086884,70.0,125.47707814344578,0.7890593192420777,0.0,0.6143170115805267,0.0
4.3988025188446045,-8.929768678037789,-7.956163418307896,-4.636434378233052,-0.7911726734373091,0.5632694381246519,-0.05417749546951528,0.0,50.0,20.0,1.0,0.0,0.0,0.0,-342.71463204785584,70.0,126.85789157367208,0.7846722514092362,0.0,0.6199108467097187,0.0
4.432152032852173,-8.964399581655446,-7.161640883076678,-4.603274451112091,-0.6252639520258139,0.5636793369492666,0.004583056903372018,0.0,50.0,20.0,1.0,0.0,0.0,0.0,-342.40303217877266,70.0,128.2093627421704,0.7803545260259263,0.0,0.6253373599193095,0.0
4.452328681945801,-8.932219108657282,-6.928625786617642,-4.508283028075375,-0.7251345397279086,0.4454498828469402,-0.004210367545464999,0.0,50.0,20.0,1.0,0.0,0.0,0.0,-342.11751397129956,70.0,129.53004814755877,0.7761119502122139,0.0,0.6305951480449195,0.0
4.499658584594727,-8.439047020825585,-6.468224166679446,-4.173202826054095,-0.8916988192843973,0.3907540130484872,0.07891362987190542,0.0,50.0,20.0,1.0,0.0,0.0,0.0,-341.61990297393453,70.0,132.07358069379322,0.7678750526817718,0.0,0.6405996436690908,0.0
4.5169806480407715,-8.894289340364955,-6.2771295470529225,-3.514684606331112,-1.0904072442230235,0.32244652902012505,0.0705733211436973,0.0,50.0,20.0,1.0,0.0,0.0,0.0,-341.40535475430863,70.0,133.29383560250082,0.7638918915576313,0.0,0.6453442321834946,0.0
4.549912691116333,-9.031056050724903,-5.779994717698054,-3.8838461368568176,-1.154691912610094,0.3121665378832344,0.19464764925506023,0.0,50.0,20.0,1.0,0.0,0.0,0.0,-341.21198824519723,70.0,134.478120811804,0.7600061815149796,0.0,0.6499158438282759,0.0
4.583278179168701,-9.326569687671189,-5.836272709837842,-4.193554553133442,-1.2941861238397747,0.36052649209936594,0.12471099441755726,0.0,50.0,20.0,1.0,0.0,0.0,0.0,-341.0385545299529,70.0,135.62528920364352,0.7562232170343506,0.0,0.654313721404509,0.0
4.604366779327393,-9.67851860500015,-5.713666568332841,-3.581207427339419,-1.2650641002194263,0.3435017584466984,0.3235274675276386,0.0,50.0,20.0,1.0,0.0,0.0,0.0,-340.883805798152,70.0,136.73425286907815,0.7525481616844262,0.0,0.6585372156115331,0.0
4.635613679885864,-9.339093913179866,-6.456694925230621,-4.116341880459034,-1.3299264146831717,0.32269956294530183,0.3413498276457785,0.0,50.0,20.0,1.0,0.0,0.0,0.0,-340.62540852334627,70.0,138.83350686884282,0.7455417263009402,0.0,0.6664589517323735,0.0
4.6658711433410645,-8.915783248407084,-6.473703123149033,-4.8730123007735235,-1.5,0.45277850227683436,0.33344875050127876,0.0,50.0,20.0,1.0,0.0,0.0,0.0,-340.51931588016924,70.0,139.82191142451333,0.7422199423873178,0.0,0.6701563676654626,0.0
4.699799299240112,-9.62229276694328,-6.782280247722518,-5.611416084452047,-1.3502355894085174,0.26102510037419624,0.19388331395523953,0.0,50.0,20.0,1.0,0.0,0.0,0.0,-340.4270297181484,70.0,140.76833767680515,0.7390252442345757,0.0,0.6736777333295392,0.0
4.732138395309448,-9.142457117826005,-6.895019726168105,-6.404120148515163,-1.3107802104275201,0.40061182698498216,0.021139443045279233,0.0,50.0,20.0,1.0,0.0,0.0,0.0,-340.34738281497687,70.0,141.67198173781836,0.7359620175735351,0.0,0.6770228273028109,0.0
4.766750335693359,-8.970012092585613,-7.527806774975362,-5.944218324867069,-1.497736410621816,0.3700753702374471,-0.11132274850037652,0.0,50.0,20.0,1.0,0.0,0.0,0.0,-340.221492619622,70.0,143.34797286957948,0.7302466265941272,0.0,0.6831836241801302,0.0
4.798810958862305,-9.599118787371225,-7.224024515499768,-6.424524651669673,-1.3545739636120673,0.4124203110852195,-0.11627068180832309,0.0,50.0,20.0,1.0,0.0,0.0,0.0,-340.1730821836539,70.0,144.11897293931779,0.7276023194736333,0.0,0.6859991725188805,0.0
4.8321568965911865,-9.886150044754121,-6.644792239715918,-6.112582640716834,-1.3549608328843288,0.284722551315751,-0.05944193469881462,0.0,50.0,20.0,1.0,0.0,0.0,0.0,-340.1329846474315,70.0,144.84449376202096,0.725105186293613,0.0,0.6886381261664973,0.0
4.849714994430542,-9.986923116500007,-7.0473881004638965,-6.638009021225484,-1.210865740598341,0.08721186612784998,0.10731645704846834,0.0,50.0,20.0,1.0,0.0,0.0,0.0,-340.1002238603415,70.0,145.52398310480012,0.7227586626779366,0.0,0.6911005104353495,0.0
4.883335828781128,-9.767908425334955,-6.6865758867742855,-6.969469323547748,-1.385177944041952,0.10367735351790958,0.264590304498561,0.0,50.0,20.0,1.0,0.0,0.0,0.0,-340.07387305261096,70.0,146.15693438850073,0.7205659775881015,0.0,0.6933863799805298,0.0
4.916525602340698,-9.48447386216963,-6.038140513976003,-7.251816558561509,-1.452448026164035,0.29211304811350824,0.2409842426796591,0.0,50.0,20.0,1.0,0.0,0.0,0.0,-340.03696034543344,70.0,147.28141525429916,0.7166539776827477,0.0,0.6974289040981136,0.0
4.948407411575317,-9.69529950772452,-6.816918468732009,-6.9505182688021625,-1.3410308851660415,0.3169427446329083,0.3873066322509019,0.0,50.0,20.0,1.0,0.0,0.0,0.0,-340.02481975072396,70.0,147.7721458475105,0.7149400469706866,0.0,0.6991857616095686,0.0
