# Timestamp, Fx, Fy, Fz, Tx, Ty, Tz, FemurPosX, FemurPosY, FemurPosZ, FemurQuatW, FemurQuatX, FemurQuatY, FemurQuatZ, TibiaPosX, TibiaPosY, TibiaPosZ, TibiaQuatW, TibiaQuatX, TibiaQuatY, TibiaQuatZ
0.04503989219665527,8.58169577299893,5.018214635823478,7.254608142745892,1.2614309680319313,0.36399710775351574,0.03622820281599637,0.0,50.0,20.0,1.0,0.0,0.0,0.0,-340.0001200945775,70.0,149.84501967520902,0.7076545072448525,0.0,0.7065586305297283,0.0
0.08871102333068848,8.502637496326418,5.039036348153875,7.7919847473329895,1.367937913646094,0.534845369570474,-0.04863901481323869,0.0,50.0,20.0,1.0,0.0,0.0,0.0,-340.0001200945775,70.0,149.84501967520902,0.7076545072448525,0.0,0.7065586305297283,0.0
0.13120460510253906,7.951513773215934,4.542547028006147,7.36913056975491,1.3569277859731195,0.7084961348818717,-0.07275904827834813,0.0,50.0,20.0,1.0,0.0,0.0,0.0,-340.0001200945775,70.0,149.84501967520902,0.7076545072448525,0.0,0.7065586305297283,0.0
0.17554712295532227,8.416600711627428,4.213728613480259,7.853805685541562,1.2121739911101872,0.798831539185402,-0.1489424985202828,0.0,50.0,20.0,1.0,0.0,0.0,0.0,-340.0001200945775,70.0,149.84501967520902,0.7076545072448525,0.0,0.7065586305297283,0.0
0.21798491477966309,8.834753140472232,4.66821770726297,7.219445560195407,1.3072454122486112,0.9932205424968943,-0.21651195954487573,0.0,50.0,20.0,1.0,0.0,0.0,0.0,-340.0001200945775,70.0,149.84501967520902,0.7076545072448525,0.0,0.7065586305297283,0.0
0.2598726749420166,8.591896165300533,4.323896193964199,7.3252633035604235,1.2875583831646722,1.1346539509369404,-0.23053572630852945,0.0,50.0,20.0,1.0,0.0,0.0,0.0,-340.0001200945775,70.0,149.84501967520902,0.7076545072448525,0.0,0.7065586305297283,0.0
0.3012857437133789,8.351140880033608,4.102939622964898,7.756740449586197,1.1602688221750268,0.9483049305263737,-0.1600395021218494,0.0,50.0,20.0,1.0,0.0,0.0,0.0,-340.0001200945775,70.0,149.84501967520902,0.7076545072448525,0.0,0.7065586305297283,0.0
0.3430771827697754,8.567190691623894,3.9949486043240965,8.274990979302384,1.2785264049797453,1.0356361699466636,-0.2745165136226511,0.0,50.0,20.0,1.0,0.0,0.0,0.0,-340.0001200945775,70.0,149.84501967520902,0.7076545072448525,0.0,0.7065586305297283,0.0
0.38547587394714355,8.5767538336204,4.228485660428886,8.09623571217081,1.1103883412962963,0.9792065723426553,-0.10791273598033391,0.0,50.0,20.0,1.0,0.0,0.0,0.0,-340.0001200945775,70.0,149.84501967520902,0.7076545072448525,0.0,0.7065586305297283,0.0
0.42777371406555176,8.711636931366114,3.9089406690216473,7.563640782252221,1.2109805491250643,0.9489465479061974,-0.06720573509122885,0.0,50.0,20.0,1.0,0.0,0.0,0.0,-340.0001200945775,70.0,149.84501967520902,0.7076545072448525,0.0,0.7065586305297283,0.0
0.47060465812683105,8.736732985476113,4.409205485026293,6.844460851733555,1.139361188757081,0.9802123223719628,-0.04642945280966876,0.0,50.0,20.0,1.0,0.0,0.0,0.0,-340.0001200945775,70.0,149.84501967520902,0.7076545072448525,0.0,0.7065586305297283,0.0
0.5144028663635254,8.120927087654522,5.095096596580074,6.8975979415060635,1.2246033975823223,0.9648766831279599,-0.1425743108769445,0.0,50.0,20.0,1.0,0.0,0.0,0.0,-340.0001200945775,70.0,149.84501967520902,0.7076545072448525,0.0,0.7065586305297283,0.0
0.5561845302581787,8.520362587714068,4.457501997114168,7.506850782509963,1.2406005035105636,0.796773958387677,-0.28749303749402777,0.0,50.0,20.0,1.0,0.0,0.0,0.0,-340.0001200945775,70.0,149.84501967520902,0.7076545072448525,0.0,0.7065586305297283,0.0
0.6052322387695312,8.04891454406641,5.245951093444529,7.937991682209122,1.4081169286416584,0.6981928319348725,-0.12822313823482084,0.0,50.0,20.0,1.0,0.0,0.0,0.0,-340.0001200945775,70.0,149.84501967520902,0.7076545072448525,0.0,0.7065586305297283,0.0
0.6489310264587402,8.705889029287576,4.945524418388485,7.5309222856594715,1.2913743588443856,0.5250896976404297,-0.1609934879432342,0.0,50.0,20.0,1.0,0.0,0.0,0.0,-340.0001200945775,70.0,149.84501967520902,0.7076545072448525,0.0,0.7065586305297283,0.0
0.6915299892425537,8.295980708323935,5.50410318857881,7.873549255578786,1.1134247356667113,0.6336009280335503,0.00023371126667409703,0.0,50.0,20.0,1.0,0.0,0.0,0.0,-340.0001200945775,70.0,149.84501967520902,0.7076545072448525,0.0,0.7065586305297283,0.0
0.7335629463195801,8.67709338752957,5.130982879358541,7.740267426041202,1.1611074208763128,0.7261378807305494,0.05447637001049255,0.0,50.0,20.0,1.0,0.0,0.0,0.0,-340.0001200945775,70.0,149.84501967520902,0.7076545072448525,0.0,0.7065586305297283,0.0
0.7760210037231445,8.965578449364969,4.777931571413489,8.400416296602273,1.1397653671520693,0.6049712973256575,0.11043632833012756,0.0,50.0,20.0,1.0,0.0,0.0,0.0,-340.0001200945775,70.0,149.84501967520902,0.7076545072448525,0.0,0.7065586305297283,0.0
0.8181798458099365,8.891345549394721,4.368565229289031,8.065344354689836,1.0010991693973956,0.7425896239158855,0.24231949944645131,0.0,50.0,20.0,1.0,0.0,0.0,0.0,-340.0001200945775,70.0,149.84501967520902,0.7076545072448525,0.0,0.7065586305297283,0.0
0.8604803085327148,9.004621252257072,4.809763587957722,7.97641146701033,0.9262303946456331,0.5703791607868949,0.21312253542280102,0.0,50.0,20.0,1.0,0.0,0.0,0.0,-340.0001200945775,70.0,149.84501967520902,0.7076545072448525,0.0,0.7065586305297283,0.0
0.9025635719299316,8.733989859797507,4.460729008620072,8.48126468509274,0.9989703820852454,0.5131135951236905,0.020711620894646537,0.0,50.0,20.0,1.0,0.0,0.0,0.0,-340.0001200945775,70.0,149.84501967520902,0.7076545072448525,0.0,0.7065586305297283,0.0
0.9451520442962646,8.241563032189426,4.964119802847024,8.704446319343655,0.8599176086216932,0.36751188782873245,0.02474830587613383,0.0,50.0,20.0,1.0,0.0,0.0,0.0,-340.0001200945775,70.0,149.84501967520902,0.7076545072448525,0.0,0.7065586305297283,0.0
0.9894797801971436,7.808934583696461,5.684618564261723,8.610185135656717,0.682474490170323,0.3668732798850711,0.20600875490656514,0.0,50.0,20.0,1.0,0.0,0.0,0.0,-340.0001200945775,70.0,149.84501967520902,0.7076545072448525,0.0,0.7065586305297283,0.0
1.0331909656524658,7.600786505568268,5.340365054424484,8.65130195243906,0.5798163159906898,0.5539053549846695,0.346971039327576,0.0,50.0,20.0,1.0,0.0,0.0,0.0,-340.0001200945775,70.0,149.84501967520902,0.7076545072448525,0.0,0.7065586305297283,0.0
1.0772695541381836,8.230541249413875,5.0585872217305985,8.888474489138103,0.6586268153541427,0.526374911517172,0.3948456037467862,0.0,50.0,20.0,1.0,0.0,0.0,0.0,-340.0001200945775,70.0,149.84501967520902,0.7076545072448525,0.0,0.7065586305297283,0.0
1.1196701526641846,8.032041997993865,4.334939902780079,9.663480886173039,0.7096678409686961,0.6533461417834527,0.5077514441720868,0.0,50.0,20.0,1.0,0.0,0.0,0.0,-340.0001200945775,70.0,149.84501967520902,0.7076545072448525,0.0,0.7065586305297283,0.0
1.1619889736175537,6.248525744856348,8.24274975325961,12.804952154639242,0.6950271318035566,-0.577395068059562,-0.2178036640107046,0.0,50.0,20.0,1.0,0.0,0.0,0.0,-340.0001200945775,70.0,149.84501967520902,0.7076545072448525,0.0,0.7065586305297283,0.0
1.2040495872497559,6.367451112604391,8.783016419796864,13.0,0.5973069492175818,-0.7324020119308401,-0.1626798068015486,0.0,50.0,20.0,1.0,0.0,0.0,0.0,-340.0001200945775,70.0,149.84501967520902,0.7076545072448525,0.0,0.7065586305297283,0.0
1.2498805522918701,5.914775461169108,8.367642596648713,12.271897046671427,0.5932205919835626,-0.5651964630108066,0.02077182904509317,0.0,50.0,20.0,1.0,0.0,0.0,0.0,-340.0001200945775,70.0,149.84501967520902,0.7076545072448525,0.0,0.7065586305297283,0.0
1.2935712337493896,5.75035993046537,8.957714896816778,11.626113425815173,0.44217900306981195,-0.47405717643679957,-0.043473850878424036,0.0,50.0,20.0,1.0,0.0,0.0,0.0,-340.0001200945775,70.0,149.84501967520902,0.7076545072448525,0.0,0.7065586305297283,0.0
1.3366611003875732,4.996976335901374,9.181863062759447,11.655782976343556,0.47835610721502925,-0.4958762518073713,0.1405743729328689,0.0,50.0,20.0,1.0,0.0,0.0,0.0,-340.0001200945775,70.0,149.84501967520902,0.7076545072448525,0.0,0.7065586305297283,0.0
1.3796024322509766,5.732253796545805,8.650021913979314,12.32939107765299,0.2884574416439279,-0.4511886606030522,0.12916363833645883,0.0,50.0,20.0,1.0,0.0,0.0,0.0,-340.0001200945775,70.0,149.84501967520902,0.7076545072448525,0.0,0.7065586305297283,0.0
1.4224269390106201,6.391727342352455,8.786631149456921,12.16777817581677,0.39609809726284834,-0.5182213997894894,0.2928558354782101,0.0,50.0,20.0,1.0,0.0,0.0,0.0,-340.0001200945775,70.0,149.84501967520902,0.7076545072448525,0.0,0.7065586305297283,0.0
1.464782476425171,6.221776695633104,9.445150532476525,12.754836127365207,0.4510296089537826,-0.343199518592101,0.30627991681059263,0.0,50.0,20.0,1.0,0.0,0.0,0.0,-340.0001200945775,70.0,149.84501967520902,0.7076545072448525,0.0,0.7065586305297283,0.0
1.5072572231292725,6.2277626419635554,8.979556718939612,12.537044150904205,0.49311459213307607,-0.5353857996345437,0.4876276803279527,0.0,50.0,20.0,1.0,0.0,0.0,0.0,-340.0001200945775,70.0,149.84501967520902,0.7076545072448525,0.0,0.7065586305297283,0.0
1.5499520301818848,5.720592945104013,8.743491284067868,12.32850377249564,0.5144505953561656,-0.48318372440431967,0.6838411771131111,0.0,50.0,20.0,1.0,0.0,0.0,0.0,-340.0001200945775,70.0,149.84501967520902,0.7076545072448525,0.0,0.7065586305297283,0.0
1.5929450988769531,6.281229432719676,8.068202087418536,12.583486096820227,0.6476591071557547,-0.32335000817417964,0.48707315271223783,0.0,50.0,20.0,1.0,0.0,0.0,0.0,-340.0001200945775,70.0,149.84501967520902,0.7076545072448525,0.0,0.7065586305297283,0.0
1.635798454284668,5.50326701138786,8.648689473980305,12.833093560948297,0.5487635971317422,-0.2829380898687841,0.6703711742758638,0.0,50.0,20.0,1.0,0.0,0.0,0.0,-340.0001200945775,70.0,149.84501967520902,0.7076545072448525,0.0,0.7065586305297283,0.0
1.6781907081604004,4.989687140554893,9.053526928910257,13.0,0.5356746087723327,-0.4279600074150717,0.8624867665827528,0.0,50.0,20.0,1.0,0.0,0.0,0.0,-340.0001200945775,70.0,149.84501967520902,0.7076545072448525,0.0,0.7065586305297283,0.0
1.7207930088043213,5.7885605655459695,8.474112731558908,13.0,0.6746912355220067,-0.2418854533947693,0.9546076812427737,0.0,50.0,20.0,1.0,0.0,0.0,0.0,-340.0001200945775,70.0,149.84501967520902,0.7076545072448525,0.0,0.7065586305297283,0.0
1.7632396221160889,5.8806483193761725,8.868630034534117,13.0,0.5771744267428092,-0.07683661488334764,0.7694405248883309,0.0,50.0,20.0,1.0,0.0,0.0,0.0,-340.0001200945775,70.0,149.84501967520902,0.7076545072448525,0.0,0.7065586305297283,0.0
1.8055658340454102,6.425456279464878,9.447584885512542,12.459720772966303,0.47865839359647866,0.013201023559522795,0.949185165608386,0.0,50.0,20.0,1.0,0.0,0.0,0.0,-340.0001200945775,70.0,149.84501967520902,0.7076545072448525,0.0,0.7065586305297283,0.0
1.8475921154022217,6.774560218505656,9.168470068656283,11.838876008261996,0.4444432200358769,0.1921977940077429,0.9535470999931055,0.0,50.0,20.0,1.0,0.0,0.0,0.0,-340.0001200945775,70.0,149.84501967520902,0.7076545072448525,0.0,0.7065586305297283,0.0
1.8892645835876465,6.773893123201054,8.482184578353303,11.64947392414559,0.2705422290809201,0.296695053108007,1.1529163875865387,0.0,50.0,20.0,1.0,0.0,0.0,0.0,-340.0001200945775,70.0,149.84501967520902,0.7076545072448525,0.0,0.7065586305297283,0.0
1.9311552047729492,6.750626251387292,9.253474874167864,11.372855526284678,0.07371968302367335,0.16934786931613977,0.988695148078264,0.0,50.0,20.0,1.0,0.0,0.0,0.0,-340.0001200945775,70.0,149.84501967520902,0.7076545072448525,0.0,0.7065586305297283,0.0
1.9762334823608398,6.0651827583374995,9.127706911864125,11.400741317300769,0.12390758620489858,0.1438292609426017,0.874017459326754,0.0,50.0,20.0,1.0,0.0,0.0,0.0,-340.0001200945775,70.0,149.84501967520902,0.7076545072448525,0.0,0.7065586305297283,0.0
2.0191328525543213,6.294032547881992,8.747415996933805,11.06680119890888,0.15809478818343428,0.04088887454037461,1.0462145527800213,0.0,50.0,20.0,1.0,0.0,0.0,0.0,-340.0001200945775,70.0,149.84501967520902,0.7076545072448525,0.0,0.7065586305297283,0.0
2.0633130073547363,6.744997474978757,8.118868919591009,10.279317108569655,0.04971541324624737,0.08133234987186404,0.9452110414423891,0.0,50.0,20.0,1.0,0.0,0.0,0.0,-340.0001200945775,70.0,149.84501967520902,0.7076545072448525,0.0,0.7065586305297283,0.0
2.1057069301605225,7.407629708251365,8.277832251203325,10.098202489676867,-0.14307341084041206,0.11533334317715245,0.939618636491105,0.0,50.0,20.0,1.0,0.0,0.0,0.0,-340.0001200945775,70.0,149.84501967520902,0.7076545072448525,0.0,0.7065586305297283,0.0
2.1484460830688477,7.6852654870268555,8.227435998527215,10.02071772572616,-0.2344015694573236,0.038339681753819854,1.0835115554967143,0.0,50.0,20.0,1.0,0.0,0.0,0.0,-340.0001200945775,70.0,149.84501967520902,0.7076545072448525,0.0,0.7065586305297283,0.0
2.1907413005828857,8.297334623499447,8.990185274114417,10.033862981066644,-0.12304710337549385,0.05835184668557686,1.1763166204973818,0.0,50.0,20.0,1.0,0.0,0.0,0.0,-340.0001200945775,70.0,149.84501967520902,0.7076545072448525,0.0,0.7065586305297283,0.0
2.233006477355957,9.024497910472743,8.453547995614926,9.487146881544202,-0.14477164740296994,0.14838500133417654,1.3242782872436265,0.0,50.0,20.0,1.0,0.0,0.0,0.0,-340.0001200945775,70.0,149.84501967520902,0.7076545072448525,0.0,0.7065586305297283,0.0
2.2752833366394043,8.529708495517434,7.959954125583309,10.210713531272543,-0.02032517861602179,0.09448343828503364,1.423154268197227,0.0,50.0,20.0,1.0,0.0,0.0,0.0,-340.0001200945775,70.0,149.84501967520902,0.7076545072448525,0.0,0.7065586305297283,0.0
2.317539691925049,7.748446501975744,7.435904545222748,10.271368451206287,0.15357007553862762,0.12261499229933093,1.2643378287228604,0.0,50.0,20.0,1.0,0.0,0.0,0.0,-340.0001200945775,70.0,149.84501967520902,0.7076545072448525,0.0,0.7065586305297283,0.0
2.359773874282837,8.207473715880868,7.388768670878884,10.647792452210265,0.304666907483669,0.06769904861803874,1.3090448699330415,0.0,50.0,20.0,1.0,0.0,0.0,0.0,-340.0001200945775,70.0,149.84501967520902,0.7076545072448525,0.0,0.7065586305297283,0.0
2.401726722717285,7.775623051283725,7.007887241313724,10.376792610955352,0.4516665070704441,0.0845460278038899,1.20216196704945,0.0,50.0,20.0,1.0,0.0,0.0,0.0,-340.0001200945775,70.0,149.84501967520902,0.7076545072448525,0.0,0.7065586305297283,0.0
2.4443359375,7.477657692516325,7.322861009481293,11.044590821286189,0.31112648319563024,0.07143204494874611,1.21261972152036,0.0,50.0,20.0,1.0,0.0,0.0,0.0,-340.0001200945775,70.0,149.84501967520902,0.7076545072448525,0.0,0.7065586305297283,0.0
2.4866716861724854,8.156021588921801,7.425968127305267,10.360620816721735,0.13312998424015315,0.1258927586056573,1.1829641373701552,0.0,50.0,20.0,1.0,0.0,0.0,0.0,-340.0001200945775,70.0,149.84501967520902,0.7076545072448525,0.0,0.7065586305297283,0.0
2.528656005859375,7.50481350401773,7.12927984317116,10.651150935815714,-0.012788200107299752,0.23692885219305693,1.3689763909641,0.0,50.0,20.0,1.0,0.0,0.0,0.0,-340.0001200945775,70.0,149.84501967520902,0.7076545072448525,0.0,0.7065586305297283,0.0
2.571202516555786,7.133593251780335,7.8486257403597515,11.433677314412046,-0.20611438050668407,0.12746540729691055,1.1965779751900265,0.0,50.0,20.0,1.0,0.0,0.0,0.0,-340.0001200945775,70.0,149.84501967520902,0.7076545072448525,0.0,0.7065586305297283,0.0
2.6138923168182373,7.599414617609317,8.011712877560404,12.13700790934536,-0.3901883759618442,0.02647091552081006,1.3585342244627494,0.0,50.0,20.0,1.0,0.0,0.0,0.0,-340.0001200945775,70.0,149.84501967520902,0.7076545072448525,0.0,0.7065586305297283,0.0
2.6570448875427246,7.769895529558262,8.169063580317816,12.083722769780097,-0.3126787467554603,-0.018818214954809884,1.2348154494165673,0.0,50.0,20.0,1.0,0.0,0.0,0.0,-340.0001200945775,70.0,149.84501967520902,0.7076545072448525,0.0,0.7065586305297283,0.0
2.69893217086792,7.712176747418071,8.534703845906655,11.461178471267965,-0.11683888063689657,-0.2026857086860902,1.198080386736472,0.0,50.0,20.0,1.0,0.0,0.0,0.0,-340.0001200945775,70.0,149.84501967520902,0.7076545072448525,0.0,0.7065586305297283,0.0
2.7407169342041016,7.641654158982565,9.296389763526452,11.539578847016836,-0.08923058869979614,-0.03755191691108817,1.1289180726409478,0.0,50.0,20.0,1.0,0.0,0.0,0.0,-340.0001200945775,70.0,149.84501967520902,0.7076545072448525,0.0,0.7065586305297283,0.0
2.7826743125915527,8.110465730196132,8.96264663759014,12.260249339615308,0.06572095316893814,-0.1628366675322238,0.9849492207286709,0.0,50.0,20.0,1.0,0.0,0.0,0.0,-340.0001200945775,70.0,149.84501967520902,0.7076545072448525,0.0,0.7065586305297283,0.0
2.824396848678589,8.102697649500335,8.372202267582034,11.678981337709141,0.1179164778661296,-0.19348353308554553,0.8970308104528426,0.0,50.0,20.0,1.0,0.0,0.0,0.0,-340.0001200945775,70.0,149.84501967520902,0.7076545072448525,0.0,0.7065586305297283,0.0
2.866365671157837,8.040896262534348,8.297934543806495,10.898446107018028,-0.01948119935474238,-0.09057155432048083,0.9773235423858427,0.0,50.0,20.0,1.0,0.0,0.0,0.0,-340.0001200945775,70.0,149.84501967520902,0.7076545072448525,0.0,0.7065586305297283,0.0
2.9079203605651855,7.703806879582461,8.206200049667483,11.130526853256347,0.010917281003909818,-0.12170587405125574,1.026261512708514,0.0,50.0,20.0,1.0,0.0,0.0,0.0,-340.0001200945775,70.0,149.84501967520902,0.7076545072448525,0.0,0.7065586305297283,0.0
2.951073408126831,7.959546893540235,8.218745196056055,10.394237133502555,-0.04630652786485512,-0.12185882172683421,0.9738255947757934,0.0,50.0,20.0,1.0,0.0,0.0,0.0,-340.0001200945775,70.0,149.84501967520902,0.7076545072448525,0.0,0.7065586305297283,0.0
2.9952616691589355,7.801219297230946,7.898424703444576,10.892498579308352,-0.1854478379467429,-0.13781794715151727,0.9252404331126991,0.0,50.0,20.0,1.0,0.0,0.0,0.0,-340.0001200945775,70.0,149.84501967520902,0.7076545072448525,0.0,0.7065586305297283,0.0
3.0387632846832275,7.339043408887208,7.756858784344501,10.396443747987815,-0.24812875087502126,-0.15536382896805515,1.1242467340905673,0.0,50.0,20.0,1.0,0.0,0.0,0.0,-340.0001200945775,70.0,149.84501967520902,0.7076545072448525,0.0,0.7065586305297283,0.0
3.0817315578460693,6.819623856919338,7.286279852986896,10.731483836984557,-0.17260781514710408,-0.19041764329149866,1.2400466209660066,0.0,50.0,20.0,1.0,0.0,0.0,0.0,-340.0001200945775,70.0,149.84501967520902,0.7076545072448525,0.0,0.7065586305297283,0.0
3.123826742172241,6.301503892461941,7.305006606045102,9.997156524199053,-0.24712266414735135,-0.3206365654000696,1.4344861940453055,0.0,50.0,20.0,1.0,0.0,0.0,0.0,-340.0001200945775,70.0,149.84501967520902,0.7076545072448525,0.0,0.7065586305297283,0.0
3.1662237644195557,7.01604704110453,7.609309284142574,9.611805876641668,-0.28809106555835523,-0.4795150763008975,1.5,0.0,50.0,20.0,1.0,0.0,0.0,0.0,-340.0001200945775,70.0,149.84501967520902,0.7076545072448525,0.0,0.7065586305297283,0.0
3.2095460891723633,7.183583750719495,7.192262951290865,8.958507986357253,-0.28020064698164243,-0.317511687138546,1.440915730731662,0.0,50.0,20.0,1.0,0.0,0.0,0.0,-340.0001200945775,70.0,149.84501967520902,0.7076545072448525,0.0,0.7065586305297283,0.0
3.252791166305542,7.910011693799963,6.799729236478637,8.624913682606412,-0.26213253217305227,-0.1406913537285141,1.5,0.0,50.0,20.0,1.0,0.0,0.0,0.0,-340.0001200945775,70.0,149.84501967520902,0.7076545072448525,0.0,0.7065586305297283,0.0
3.30039119720459,7.41246358146844,7.336642198691268,8.956556194393308,-0.18210444748262727,-0.17012146999184322,1.3029444027300408,0.0,50.0,20.0,1.0,0.0,0.0,0.0,-340.0001200945775,70.0,149.84501967520902,0.7076545072448525,0.0,0.7065586305297283,0.0
3.345834493637085,6.859211251285282,7.716061347607806,8.416714045619612,-0.2871392757026872,-0.12246342839714697,1.2946582503149204,0.0,50.0,20.0,1.0,0.0,0.0,0.0,-340.0001200945775,70.0,149.84501967520902,0.7076545072448525,0.0,0.7065586305297283,0.0
3.3888461589813232,6.556425178917757,7.387544743009258,7.800945767214005,-0.1978482912087441,0.05240372440819746,1.3165002803146237,0.0,50.0,20.0,1.0,0.0,0.0,0.0,-340.0001200945775,70.0,149.84501967520902,0.7076545072448525,0.0,0.7065586305297283,0.0
3.4317657947540283,6.115135230461572,7.307234444040092,7.960801455578898,-0.24780353601224114,0.10911458189787221,1.4388173721413895,0.0,50.0,20.0,1.0,0.0,0.0,0.0,-340.0001200945775,70.0,149.84501967520902,0.7076545072448525,0.0,0.7065586305297283,0.0
3.4745945930480957,6.003306364274565,6.82097828771618,7.54227212903074,-0.09897647447384894,0.18704006532310768,1.2556075251132115,0.0,50.0,20.0,1.0,0.0,0.0,0.0,-340.0001200945775,70.0,149.84501967520902,0.7076545072448525,0.0,0.7065586305297283,0.0
3.516685962677002,6.595893725407064,7.107427335055753,7.07476302827197,-0.09854035076989354,0.18038068042145344,1.4260898394185408,0.0,50.0,20.0,1.0,0.0,0.0,0.0,-340.0001200945775,70.0,149.84501967520902,0.7076545072448525,0.0,0.7065586305297283,0.0
3.5607922077178955,7.369858025603909,7.895483563405061,7.2202853679546255,0.06005827113341061,0.15857803028392992,1.3310245933659068,0.0,50.0,20.0,1.0,0.0,0.0,0.0,-340.0001200945775,70.0,149.84501967520902,0.7076545072448525,0.0,0.7065586305297283,0.0
3.609429121017456,7.805034387150588,8.226701282637597,7.451800361191758,0.23327866397744246,-0.007798851107241905,1.3366284243994897,0.0,50.0,20.0,1.0,0.0,0.0,0.0,-340.0001200945775,70.0,149.84501967520902,0.7076545072448525,0.0,0.7065586305297283,0.0
3.6517841815948486,7.726796990645619,7.5105095785969676,7.144653883880416,0.04836478488635576,-0.2072990872126586,1.4074673049618645,0.0,50.0,20.0,1.0,0.0,0.0,0.0,-340.0001200945775,70.0,149.84501967520902,0.7076545072448525,0.0,0.7065586305297283,0.0
3.6936585903167725,8.159289766910696,7.108680778425443,7.371532735560992,0.14097089802575008,-0.36200255355969674,1.471519673626414,0.0,50.0,20.0,1.0,0.0,0.0,0.0,-340.0001200945775,70.0,149.84501967520902,0.7076545072448525,0.0,0.7065586305297283,0.0
3.7359015941619873,7.986099339462545,6.7474850116527785,7.886094486780751,0.008157022318663942,-0.48083528747518856,1.5,0.0,50.0,20.0,1.0,0.0,0.0,0.0,-340.0001200945775,70.0,149.84501967520902,0.7076545072448525,0.0,0.7065586305297283,0.0
3.7776148319244385,8.668300002023194,7.400722002967589,8.438872854706114,0.18798686158060307,-0.5455312054537689,1.5,0.0,50.0,20.0,1.0,0.0,0.0,0.0,-340.0001200945775,70.0,149.84501967520902,0.7076545072448525,0.0,0.7065586305297283,0.0
3.8195598125457764,8.649614998689565,6.944592651924866,8.303166216975935,0.33470917714710746,-0.4064825237938196,1.4637145285830548,0.0,50.0,20.0,1.0,0.0,0.0,0.0,-340.0001200945775,70.0,149.84501967520902,0.7076545072448525,0.0,0.7065586305297283,0.0
3.8616793155670166,7.981183758977571,6.5738807571550355,8.661805881039339,0.14791937619414833,-0.21932330202693062,1.2994168505564159,0.0,50.0,20.0,1.0,0.0,0.0,0.0,-340.0001200945775,70.0,149.84501967520902,0.7076545072448525,0.0,0.7065586305297283,0.0
3.9043898582458496,7.258960462501496,6.043347341463207,9.199283469464163,0.2961286976293447,-0.3274240832282283,1.428036228896254,0.0,50.0,20.0,1.0,0.0,0.0,0.0,-340.0001200945775,70.0,149.84501967520902,0.7076545072448525,0.0,0.7065586305297283,0.0
3.951314687728882,7.419147223539111,6.27165215118307,8.632125075876404,0.27675429436735505,-0.39869009596680327,1.49785241410129,0.0,50.0,20.0,1.0,0.0,0.0,0.0,-340.0001200945775,70.0,149.84501967520902,0.7076545072448525,0.0,0.7065586305297283,0.0
3.997328996658325,7.206076684802991,6.42012127993667,9.285858956433916,0.26367358636893845,-0.5546587506452818,1.5,0.0,50.0,20.0,1.0,0.0,0.0,0.0,-340.0001200945775,70.0,149.84501967520902,0.7076545072448525,0.0,0.7065586305297283,0.0
4.040192127227783,6.96018328157873,6.657748342972004,9.026559436705304,0.37183507698387275,-0.36029782114193304,1.5,0.0,50.0,20.0,1.0,0.0,0.0,0.0,-340.0001200945775,70.0,149.84501967520902,0.7076545072448525,0.0,0.7065586305297283,0.0
4.0826575756073,6.760484508007222,6.470112396401711,8.285147701668057,0.45244982774530634,-0.3308985304783886,1.462617932233028,0.0,50.0,20.0,1.0,0.0,0.0,0.0,-340.0001200945775,70.0,149.84501967520902,0.7076545072448525,0.0,0.7065586305297283,0.0
4.123996734619141,6.944987499858932,6.05939265339931,9.03055630066505,0.6475532927400496,-0.2591082386946149,1.3999523143502488,0.0,50.0,20.0,1.0,0.0,0.0,0.0,-340.0001200945775,70.0,149.84501967520902,0.7076545072448525,0.0,0.7065586305297283,0.0
4.16720175743103,7.563877033095515,6.8511484596067636,8.841340586077925,0.7098784771373475,-0.34903763928328163,1.3970971826975596,0.0,50.0,20.0,1.0,0.0,0.0,0.0,-340.0001200945775,70.0,149.84501967520902,0.7076545072448525,0.0,0.7065586305297283,0.0
4.208788871765137,7.138798292933445,7.480282449872541,8.454696720089846,0.6936791534197932,-0.19686690014946262,1.2248008849163954,0.0,50.0,20.0,1.0,0.0,0.0,0.0,-340.0001200945775,70.0,149.84501967520902,0.7076545072448525,0.0,0.7065586305297283,0.0
4.251121997833252,7.109928185603577,7.7804501056497,8.49271178080461,0.8777772102731484,-0.0016250864624398065,1.3434634693755818,0.0,50.0,20.0,1.0,0.0,0.0,0.0,-340.0001200945775,70.0,149.84501967520902,0.7076545072448525,0.0,0.7065586305297283,0.0
4.293236017227173,7.3053701680899366,7.197481795697384,8.621353564155545,0.845130869517041,0.19421826284218174,1.2349719754280166,0.0,50.0,20.0,1.0,0.0,0.0,0.0,-340.0001200945775,70.0,149.84501967520902,0.7076545072448525,0.0,0.7065586305297283,0.0
4.334766864776611,7.8144377308585495,7.617586114343678,9.08695260246183,1.0126804971045036,0.21762757407978056,1.4014031012870531,0.0,50.0,20.0,1.0,0.0,0.0,0.0,-340.0001200945775,70.0,149.84501967520902,0.7076545072448525,0.0,0.7065586305297283,0.0
4.376556873321533,7.318148708792271,7.991349780077925,9.45096912045481,1.201054977724871,0.2431394013877467,1.2793748675157726,0.0,50.0,20.0,1.0,0.0,0.0,0.0,-340.0001200945775,70.0,149.84501967520902,0.7076545072448525,0.0,0.7065586305297283,0.0
4.418164968490601,7.865065736137743,7.918042604066553,9.195347478815801,1.2309111145686011,0.26826790345418083,1.4180647476607433,0.0,50.0,20.0,1.0,0.0,0.0,0.0,-340.0001200945775,70.0,149.84501967520902,0.7076545072448525,0.0,0.7065586305297283,0.0
4.459784984588623,8.138176983524032,7.354436818172304,9.368008198117218,1.2364071016317568,0.15697263113350585,1.3826873396903743,0.0,50.0,20.0,1.0,0.0,0.0,0.0,-340.0001200945775,70.0,149.84501967520902,0.7076545072448525,0.0,0.7065586305297283,0.0
4.501394748687744,8.221878307735741,7.943601327163455,10.0773969769721,1.1728301924675746,0.26470954966102495,1.2125225006155425,0.0,50.0,20.0,1.0,0.0,0.0,0.0,-340.0001200945775,70.0,149.84501967520902,0.7076545072448525,0.0,0.7065586305297283,0.0
4.542461156845093,7.652814158174515,7.867675661936848,9.741830904888172,1.3117757298037835,0.11753204155150632,1.0621558825373683,0.0,50.0,20.0,1.0,0.0,0.0,0.0,-340.0001200945775,70.0,149.84501967520902,0.7076545072448525,0.0,0.7065586305297283,0.0
4.583813905715942,7.758912035877868,7.082479471592397,9.898165034991326,1.1756632784322911,-0.038163532407169076,1.232295847699533,0.0,50.0,20.0,1.0,0.0,0.0,0.0,-340.0001200945775,70.0,149.84501967520902,0.7076545072448525,0.0,0.7065586305297283,0.0
4.624982595443726,7.07137783030954,7.217003413502191,10.608534041897256,1.3247306750416967,-0.2016280820855847,1.2322377272165188,0.0,50.0,20.0,1.0,0.0,0.0,0.0,-340.0001200945775,70.0,149.84501967520902,0.7076545072448525,0.0,0.7065586305297283,0.0
4.666666507720947,7.49233420532649,7.630312627196867,10.25128621061494,1.475642827995207,-0.22585281294708173,1.328343661414459,0.0,50.0,20.0,1.0,0.0,0.0,0.0,-340.0001200945775,70.0,149.84501967520902,0.7076545072448525,0.0,0.7065586305297283,0.0
4.707290410995483,7.4862166161787735,8.323652646873128,9.48439379298771,1.5,-0.24429560732217764,1.1349293425965974,0.0,50.0,20.0,1.0,0.0,0.0,0.0,-340.0001200945775,70.0,149.84501967520902,0.7076545072448525,0.0,0.7065586305297283,0.0
4.748486042022705,6.890407554893455,8.790216933071104,9.123257183912392,1.5,-0.439056817486291,1.0346435062134263,0.0,50.0,20.0,1.0,0.0,0.0,0.0,-340.0001200945775,70.0,149.84501967520902,0.7076545072448525,0.0,0.7065586305297283,0.0
4.789279460906982,6.701101428749044,9.43999285205225,9.539668005459509,1.5,-0.3724608894610038,0.8628158328229215,0.0,50.0,20.0,1.0,0.0,0.0,0.0,-340.0001200945775,70.0,149.84501967520902,0.7076545072448525,0.0,0.7065586305297283,0.0
4.831576108932495,6.2854196074617805,8.827751369898959,10.140383983235257,1.5,-0.3152125550503141,0.9058917920749321,0.0,50.0,20.0,1.0,0.0,0.0,0.0,-340.0001200945775,70.0,149.84501967520902,0.7076545072448525,0.0,0.7065586305297283,0.0
