# Timestamp, Fx, Fy, Fz, Tx, Ty, Tz, FemurPosX, FemurPosY, FemurPosZ, FemurQuatW, FemurQuatX, FemurQuatY, FemurQuatZ, TibiaPosX, TibiaPosY, TibiaPosZ, TibiaQuatW, TibiaQuatX, TibiaQuatY, TibiaQuatZ
0.016950607299804688,-3.2612860955377974,1.948672331521106,-5.199025758281078,-0.14776290084022006,-1.2084827209805777,0.3065363530787708,0.0,50.0,20.0,1.0,0.0,0.0,0.0,-349.6139773974305,70.0,107.21721236188789,0.844934280397334,0.0,0.5348701354622816,0.0
0.03655195236206055,-3.3769039769560103,2.537135157730793,-4.894559733849262,-0.13120407620547758,-1.2676249764663985,0.4941185129420746,0.0,50.0,20.0,1.0,0.0,0.0,0.0,-349.6139773974305,70.0,107.21721236188789,0.844934280397334,0.0,0.5348701354622816,0.0
0.08385443687438965,-3.8508922224233113,3.250553210005446,-5.397202626611067,0.018072846674847376,-1.2191604822326187,0.36056057211866704,0.0,50.0,20.0,1.0,0.0,0.0,0.0,-351.2089735581531,70.0,103.99833021070597,0.8544052603691472,0.0,0.5196072084310703,0.0
0.10016798973083496,-4.253304810019566,2.75445486396192,-5.857090306415049,-0.01048274552698697,-1.0985787538769496,0.5062951199852505,0.0,50.0,20.0,1.0,0.0,0.0,0.0,-352.0637106752714,70.0,102.38478163656467,0.85911355001372,0.0,0.5117850214521946,0.0
0.13379263877868652,-4.774204791314638,2.8608279276,-5.433632270739169,-0.16136691925470784,-0.9919430622602554,0.6656619273525402,0.0,50.0,20.0,1.0,0.0,0.0,0.0,-352.95675532721987,70.0,100.77121211288528,0.8637962372200828,0.0,0.5038413049407783,0.0
0.16670775413513184,-4.1617380992275566,3.2921429433386233,-5.676163342501624,-0.3107245165861076,-0.8637383952810372,0.6828643951576064,0.0,50.0,20.0,1.0,0.0,0.0,0.0,-353.88809540257705,70.0,99.15966280005284,0.8684478602655059,0.0,0.49578050990359057,0.0
0.20046567916870117,-4.887197231327079,3.5407978933124657,-6.283209044620721,-0.30881928220675126,-0.9496962731659457,0.7822318602302252,0.0,50.0,20.0,1.0,0.0,0.0,0.0,-355.86510843321054,70.0,95.95076299294706,0.8776367044713118,0.0,0.47932641797081793,0.0
0.23381948471069336,-5.3957882918802325,2.978423192368437,-6.612962365089333,-0.3105259913375812,-0.9811033257773959,0.7154908226665837,0.0,50.0,20.0,1.0,0.0,0.0,0.0,-356.91024874256425,70.0,94.35745120883254,0.8821636718635818,0.0,0.4709429435124416,0.0
0.2501859664916992,-6.059955079700828,3.3648179846920736,-7.094935330104358,-0.13728234594192823,-1.0324395165753277,0.6719512389476137,0.0,50.0,20.0,1.0,0.0,0.0,0.0,-357.9926178574508,70.0,92.7742254388296,0.8866390882460867,0.0,0.46246202784028445,0.0
0.2837498188018799,-5.887414554763719,3.086770501539051,-7.599813645407135,-0.2867940151134214,-1.1913221066831134,0.8536154305993323,0.0,50.0,20.0,1.0,0.0,0.0,0.0,-359.11169127894925,70.0,91.20304844426039,0.8910582235626907,0.0,0.45388901971880957,0.0
0.31739354133605957,-5.732499633081528,2.6534788304442007,-7.767665334315001,-0.3383040294847595,-1.3395324771493315,0.7880901057617374,0.0,50.0,20.0,1.0,0.0,0.0,0.0,-361.4573392063275,70.0,88.10452007254406,0.899709619620286,0.0,0.43648894643818914,0.0
0.3505895137786865,-5.700054356815577,3.160531662145916,-7.975477072342579,-0.3777363036249337,-1.302108019166753,0.9582325541490653,0.0,50.0,20.0,1.0,0.0,0.0,0.0,-362.68235390504765,70.0,86.58090506530624,0.9039333353038093,0.0,0.42767338627337004,0.0
0.3837716579437256,-5.486897614269805,3.606556098043753,-8.354075991484734,-0.32976222318801696,-1.479206983349915,0.9380251676640214,0.0,50.0,20.0,1.0,0.0,0.0,0.0,-363.94095632746354,70.0,85.07680017421207,0.9080836961034703,0.0,0.41878873059224064,0.0
0.41709017753601074,-5.911683985150326,2.880561561834886,-7.6808914363915255,-0.38595887937718526,-1.5,0.9634482190964648,0.0,50.0,20.0,1.0,0.0,0.0,0.0,-365.2321202454118,70.0,83.59394487696589,0.9121569358477578,0.0,0.40984109650549866,0.0
0.4332916736602783,-5.245553746695644,3.6278845250169383,-8.06451200177994,-0.33117199302141004,-1.5,0.8425839320900801,0.0,50.0,20.0,1.0,0.0,0.0,0.0,-366.55472510117295,70.0,82.13401739431069,0.9161495036447089,0.0,0.4008367335606275,0.0
0.4667699337005615,-4.539237773844674,3.528651751177177,-8.516432322068964,-0.453897751880265,-1.5,1.0393818549135971,0.0,50.0,20.0,1.0,0.0,0.0,0.0,-369.28932188133274,70.0,79.28932188135772,0.923879532511253,0.0,0.38268343236517127,0.0
0.500516414642334,-4.432437024030802,3.2433060462706074,-8.223960848348986,-0.6533366232910671,-1.5,1.1853019164561274,0.0,50.0,20.0,1.0,0.0,0.0,0.0,-370.6986295529797,70.0,77.90755896652647,0.9276110203999129,0.0,0.37354758041330205,0.0
0.5338020324707031,-4.17416212944104,3.63454970920133,-7.779948700838421,-0.7894578279086746,-1.5,1.3069543039084588,0.0,50.0,20.0,1.0,0.0,0.0,0.0,-372.1340173942848,70.0,76.55472510119684,0.9312498990571842,0.0,0.3643811541586422,0.0
0.5672085285186768,-4.766914327351918,4.096212041220833,-7.2315660994895765,-0.8416708643446109,-1.4255166393945515,1.1410607905569994,0.0,50.0,20.0,1.0,0.0,0.0,0.0,-373.5939448769397,70.0,75.23212024543507,0.9347937733921983,0.0,0.35519093629648746,0.0
0.5844709873199463,-4.760809703658596,4.623507834060498,-7.573660318138615,-0.9573053757619554,-1.5,1.1175284572605644,0.0,50.0,20.0,1.0,0.0,0.0,0.0,-375.07680017418545,70.0,73.94095632748623,0.9382404906859269,0.0,0.34598378811359226,0.0
0.6166713237762451,-4.264511482990384,5.323439283860685,-6.9968116812492305,-0.8113103392144636,-1.5,1.0405978416157553,0.0,50.0,20.0,1.0,0.0,0.0,0.0,-378.1045200725168,70.0,71.45733920634899,0.9448350670716319,0.0,0.3275464791930222,0.0
0.6504299640655518,-3.677450496434842,4.555328238501564,-7.75596599654353,-0.9003580280101611,-1.5,0.9054946233336009,0.0,50.0,20.0,1.0,0.0,0.0,0.0,-379.64584980024944,70.0,70.2668415672253,0.947979847973507,0.0,0.3183303438821478,0.0
0.6837866306304932,-3.8807508355946565,4.454441112466123,-7.06231361819022,-0.9274786772451041,-1.4598473036531945,0.7585114543246365,0.0,50.0,20.0,1.0,0.0,0.0,0.0,-381.20304844423254,70.0,69.11169127896952,0.951021316062449,0.0,0.309125308564096,0.0
0.7171885967254639,-4.4938498873440285,3.700015528265704,-7.4300929324338805,-0.8176306139529803,-1.484687101639463,0.7248002254402288,0.0,50.0,20.0,1.0,0.0,0.0,0.0,-382.7742254388015,70.0,67.99261785747035,0.9539585476909613,0.0,0.2999384758368819,0.0
0.7505171298980713,-4.995963613999326,3.0897566729645667,-7.2010460614478315,-0.6493856921516803,-1.296468624680005,0.809648276087321,0.0,50.0,20.0,1.0,0.0,0.0,0.0,-385.9507629929186,70.0,65.86510843322881,0.9595178256988538,0.0,0.2816479046010179,0.0
0.7838916778564453,-5.721435173069934,3.725198480887249,-7.543769964352479,-0.5572881011046066,-1.41816405633133,0.776995843004116,0.0,50.0,20.0,1.0,0.0,0.0,0.0,-387.5521707049587,70.0,64.85761806104902,0.9621392361268482,0.0,0.2725584163170257,0.0
0.8004631996154785,-5.088616022459729,3.954212710928043,-7.672168773976862,-0.5837688211381713,-1.5,0.7176057141578773,0.0,50.0,20.0,1.0,0.0,0.0,0.0,-389.1596628000242,70.0,63.888095402593976,0.9646551316335958,0.0,0.2635156105678938,0.0
0.8337767124176025,-5.83064162304463,3.357180608640776,-7.414764285543205,-0.45971903770005634,-1.5,0.7619979837084436,0.0,50.0,20.0,1.0,0.0,0.0,0.0,-390.77121211285646,70.0,62.956755327236166,0.9670657802672056,0.0,0.2545265735364008,0.0
0.8671605587005615,-5.789073939775022,3.724159084591906,-6.8713645322705945,-0.4761664710358173,-1.5,0.5943761934421455,0.0,50.0,20.0,1.0,0.0,0.0,0.0,-392.3847816365361,70.0,62.06371067528691,0.9693716762024592,0.0,0.2455983578455576,0.0
0.9004669189453125,-5.917976264225385,4.486876348959386,-7.227123222619509,-0.5437105683878242,-1.5,0.41195352269726937,0.0,50.0,20.0,1.0,0.0,0.0,0.0,-395.609818089529,70.0,60.392457069980466,0.9736722829833956,0.0,0.22795237517933944,0.0
0.9337730407714844,-5.580979246242873,4.093406636225054,-7.481752839073585,-0.4857988116364493,-1.5,0.44623057517455655,0.0,50.0,20.0,1.0,0.0,0.0,0.0,-397.21721236185925,70.0,59.61397739744409,0.9756690591654424,0.0,0.2192484594865387,0.0
0.9502594470977783,-5.455419807854786,4.887623876775747,-7.418705677622961,-0.2916202136832328,-1.5,0.30793650279251733,0.0,50.0,20.0,1.0,0.0,0.0,0.0,-398.81849219618135,70.0,58.87325631295704,0.9775651990712511,0.0,0.21063304955487214,0.0
0.9838018417358398,-6.166915171475906,5.46915370566981,-7.78427229537891,-0.40746484605842725,-1.3251223157914167,0.42255075640099793,0.0,50.0,20.0,1.0,0.0,0.0,0.0,-400.41165388673323,70.0,58.16992403348348,0.9793622311650488,0.0,0.20211288966173674,0.0
1.017265796661377,-5.820007775967935,6.184530393009992,-8.37276221003105,-0.29369219367626803,-1.3182677909677376,0.618727325451079,0.0,50.0,20.0,1.0,0.0,0.0,0.0,-403.56572234489124,70.0,56.87350853945779,0.9826659947829227,0.0,0.18538485023671414,0.0
1.0505409240722656,-6.473918139083244,6.2272065672252825,-8.839566884744759,-0.12081710898580794,-1.2754762411933476,0.7184702245369304,0.0,50.0,20.0,1.0,0.0,0.0,0.0,-405.1227495178846,70.0,56.2792584386584,0.9841766649370975,0.0,0.17718998897593524,0.0
1.0838384628295898,-5.987237763064511,6.661522313567922,-8.345154114505993,-0.11756961915430361,-1.3364460400761509,0.7160513608851611,0.0,50.0,20.0,1.0,0.0,0.0,0.0,-406.6639077249887,70.0,55.72007132039222,0.9855960853199646,0.0,0.16911639956539123,0.0
1.117213249206543,-5.964901925745305,6.309680729180364,-8.629899221443614,-0.21268193217683928,-1.3572870105350625,0.5355035131206234,0.0,50.0,20.0,1.0,0.0,0.0,0.0,-408.1873461496059,70.0,55.1951738834198,0.9869266085089109,0.0,0.16117031183533467,0.0
1.1336290836334229,-6.042407953518583,5.833347114560347,-8.63840077902817,-0.07346186193218135,-1.2061917786605716,0.34849599172241064,0.0,50.0,20.0,1.0,0.0,0.0,0.0,-409.6912560860428,70.0,54.70372492925988,0.9881707217650706,0.0,0.1533578320344266,0.0
1.168140172958374,-6.753246782538168,5.8640231406367755,-8.72347216072672,-0.039580578295331126,-1.0273841176022052,0.504302698034486,0.0,50.0,20.0,1.0,0.0,0.0,0.0,-412.63348479578514,70.0,53.81749719633265,0.9904102756021551,0.0,0.1381574680633054,0.0
1.2015008926391602,-7.292802180771012,5.307019653400923,-8.276327946556156,0.021632877468174883,-1.2066886675372923,0.34898554879015165,0.0,50.0,20.0,1.0,0.0,0.0,0.0,-414.0684234633005,70.0,53.42074064106053,0.9914112652147429,0.0,0.1307811270990683,0.0
1.234870433807373,-7.092039818723414,4.685338843191869,-8.972220860041176,-0.11525922395607974,-1.3870758810666806,0.39932988158916044,0.0,50.0,20.0,1.0,0.0,0.0,0.0,-415.4770781433804,70.0,53.05348740870495,0.9923369200813176,0.0,0.12356147070800337,0.0
1.254746913909912,-6.432875020572454,4.412123273234608,-8.17641497073861,-0.25160055169652146,-1.393072341454869,0.5745236772314462,0.0,50.0,20.0,1.0,0.0,0.0,0.0,-416.8578915736076,70.0,52.71463204787115,0.9931902334198843,0.0,0.11650390654117883,0.0
1.2849557399749756,-6.743381339182461,5.081860519502148,-8.337584421617933,-0.3159266461009865,-1.5,0.41153724560212257,0.0,50.0,20.0,1.0,0.0,0.0,0.0,-418.2093627421074,70.0,52.40303217878672,0.9939742648107477,0.0,0.10961368935463116,0.0
1.3171865940093994,-6.695111052796395,5.32175421322896,-8.612252010719896,-0.4175532769206259,-1.4963646842687341,0.5873713820005739,0.0,50.0,20.0,1.0,0.0,0.0,0.0,-420.8185627599844,70.0,51.85687764592292,0.9953469805903795,0.0,0.09635553035303501,0.0
1.351417064666748,-5.906882312419502,5.14778550868023,-9.291811520017266,-0.37502460308379426,-1.4389085379814819,0.5740644466386331,0.0,50.0,20.0,1.0,0.0,0.0,0.0,-422.07358069373396,70.0,51.619902973945315,0.9959420089193313,0.0,0.0899973047914581,0.0
1.3847780227661133,-5.333204468574878,4.803052555172087,-9.887486729542694,-0.44579433977644345,-1.5,0.45255925120557,0.0,50.0,20.0,1.0,0.0,0.0,0.0,-423.29383560244344,70.0,51.40535475431835,0.9964804193903702,0.0,0.08382585383753513,0.0
1.4068048000335693,-5.666157883531893,4.551707151453378,-9.111699238570983,-0.51059207002656,-1.5,0.27605428767348617,0.0,50.0,20.0,1.0,0.0,0.0,0.0,-424.478120811748,70.0,51.211988245206044,0.9969654250644652,0.0,0.07784562432166751,0.0
1.4514703750610352,-5.670759696035246,4.185692480893134,-9.835065668753003,-0.6027240845888051,-1.5,0.0983045372776869,0.0,50.0,20.0,1.0,0.0,0.0,0.0,-426.7342528690252,70.0,50.883805798159116,0.9977880391191329,0.0,0.06647577747417195,0.0
1.4847898483276367,-6.025532525163484,3.6892244616284766,-10.12700674692409,-0.4060483145559902,-1.5,0.18037067772549797,0.0,50.0,20.0,1.0,0.0,0.0,0.0,-427.8039825471521,70.0,50.74650052371035,0.9981320039861703,0.0,0.06109421100686839,0.0
1.5005416870117188,-6.307494038296192,3.1656210858629965,-10.875754984724633,-0.3615937484202094,-1.5,0.22336231036432072,0.0,50.0,20.0,1.0,0.0,0.0,0.0,-428.8335068687937,70.0,50.625408523351794,0.9984352544773452,0.0,0.05591996617272748,0.0
1.534843921661377,-6.360172843784383,2.825926755550119,-10.33392963825338,-0.28533333628861596,-1.5,0.08483467599833813,0.0,50.0,20.0,1.0,0.0,0.0,0.0,-429.82191142446595,70.0,50.51931588017409,0.9987008664255427,0.0,0.05095664236260523,0.0
1.5586004257202148,-6.728911791620681,2.8528776536135787,-10.77540595196675,-0.23292362276147266,-1.4585937352108311,-0.09786410397158465,0.0,50.0,20.0,1.0,0.0,0.0,0.0,-430.7683376767597,70.0,50.42702971815261,0.9989318552380022,0.0,0.04620766809484114,0.0
1.601428747177124,-6.103010648038444,2.0971666604756134,-10.805147993102269,-0.19982247878863194,-1.5,-0.18960629223904085,0.0,50.0,20.0,1.0,0.0,0.0,0.0,-432.53209303254613,70.0,50.27923804179265,0.9993016610568787,0.0,0.037365628710932394,0.0
1.6347694396972656,-5.974503455588097,2.5120406259202612,-11.112498896751653,-0.3009391139854168,-1.5,-0.2024892855643137,0.0,50.0,20.0,1.0,0.0,0.0,0.0,-433.34797286954,70.0,50.22149261962461,0.9994461150566732,0.0,0.03327856815013372,0.0
1.6506657600402832,-5.972782137578745,3.0198000493230346,-10.628045753088484,-0.302662967281059,-1.5,-0.12291419227391245,0.0,50.0,20.0,1.0,0.0,0.0,0.0,-434.1189729392805,70.0,50.173082183656064,0.9995672008833221,0.0,0.029417867330592734,0.0
1.6848056316375732,-6.506380095239063,2.9643140716428036,-10.25534839317594,-0.32177768774335175,-1.4098343230610824,0.060304960442725625,0.0,50.0,20.0,1.0,0.0,0.0,0.0,-434.84449376198575,70.0,50.13298464743329,0.9996674830976716,0.0,0.025786105505997328,0.0
1.7180733680725098,-7.100856801111993,2.7322958407266102,-10.773134301852757,-0.3176819624184599,-1.4448144533011111,0.036075342599475535,0.0,50.0,20.0,1.0,0.0,0.0,0.0,-436.15693438847006,70.0,50.07387305261213,0.9998153003114822,0.0,0.01921887777838893,0.0
1.7514595985412598,-7.647002480635613,2.9524829009314084,-11.136988847333528,-0.22919296755165308,-1.335860982902195,0.08299756329525501,0.0,50.0,20.0,1.0,0.0,0.0,0.0,-436.7428851036278,70.0,50.0530580630311,0.9998673460438862,0.0,0.016287735114359804,0.0
1.7848057746887207,-8.14517628339313,3.082669200527858,-11.178781280681859,-0.23989414553796934,-1.3554060597322586,0.233681050517117,0.0,50.0,20.0,1.0,0.0,0.0,0.0,-437.28141525427293,70.0,50.03696034543417,0.9999075948670603,0.0,0.013594179900636156,0.0
1.8021454811096191,-7.404761171159742,3.298425202994868,-10.599769136596038,-0.07192441910360925,-1.2117278205473285,0.43271841434251945,0.0,50.0,20.0,1.0,0.0,0.0,0.0,-437.7721458474866,70.0,50.024819750724475,0.9999379486980068,0.0,0.011139962011713769,0.0
1.8337926864624023,-7.149431626589263,3.128103251850135,-11.202090863385733,-0.24597048233992158,-1.2624435653102102,0.4658630206350739,0.0,50.0,20.0,1.0,0.0,0.0,0.0,-438.2147374456153,70.0,50.01593708189334,0.9999601565015145,0.0,0.008926668441623943,0.0
1.8685004711151123,-6.602507229036297,3.616535654807386,-11.170585582864131,-0.10609043946202662,-1.1206441893684005,0.31233122328733154,0.0,50.0,20.0,1.0,0.0,0.0,0.0,-438.954335560021,70.0,50.00546722005765,0.9999863318564468,0.0,0.0052283936623301625,0.0
1.901540994644165,-6.01574696445217,3.2916583669984547,-10.541732398584903,-0.017968255060691773,-1.1542678943559623,0.32327719694132645,0.0,50.0,20.0,1.0,0.0,0.0,0.0,-439.25084913364134,70.0,50.00280617447589,0.9999929845392019,0.0,0.0037457806101702257,0.0
1.9348320960998535,-6.567819893233945,2.6128148384319205,-10.470143556453683,-0.10116318213241858,-1.3284659423186178,0.4764759072939697,0.0,50.0,20.0,1.0,0.0,0.0,0.0,-439.49823560707756,70.0,50.00125884545349,0.9999968528814142,0.0,0.0025088298601972877,0.0
1.954822063446045,-7.344618000711223,2.4804749439426006,-10.963737520540686,-0.27013695127733156,-1.2186161728125886,0.3370735410317889,0.0,50.0,20.0,1.0,0.0,0.0,0.0,-439.6963348389028,70.0,50.00046106371322,0.9999988473400526,0.0,0.0015183275556012953,0.0
1.9847784042358398,-8.104171719336966,1.9311499948607511,-10.217713499226717,-0.3140164774534535,-1.0857926094979602,0.3227312218565858,0.0,50.0,20.0,1.0,0.0,0.0,0.0,-439.84501967520777,70.0,50.00012009457747,0.9999996997635112,0.0,0.0007749018566149549,0.0
2.0168516635894775,-7.516068010029922,1.8323122515356949,-10.36935580925672,-0.3437908557285811,-1.1694293299602463,0.46255392683277863,0.0,50.0,20.0,1.0,0.0,0.0,0.0,-439.9937988262725,70.0,50.00000019227278,0.9999999995193181,0.0,3.1005868652500914e-05,0.0
2.0513992309570312,-7.359786860753821,1.53921476943525,-10.626816421502605,-0.5171011095481955,-1.1059192275491778,0.29782828263930666,0.0,50.0,20.0,1.0,0.0,0.0,0.0,-439.993798826273,70.0,50.00000019227278,0.9999999995193181,0.0,3.100586864997221e-05,0.0
2.0847983360290527,-7.458612037552231,1.8368315075009107,-10.395233145059112,-0.6726381365242253,-1.2989469840198105,0.37284753062001463,0.0,50.0,20.0,1.0,0.0,0.0,0.0,-439.9441953145847,70.0,50.000015570815776,0.9999999610729597,0.0,0.00027902343793808303,0.0
2.1067514419555664,-7.709428715830864,1.7233319749247173,-10.899323688946055,-0.804323504927923,-1.282920655646497,0.48589720493913896,0.0,50.0,20.0,1.0,0.0,0.0,0.0,-439.8450196752103,70.0,50.00012009457747,0.9999996997635112,0.0,0.0007749018566023114,0.0
2.1514604091644287,-6.918918468168218,2.416652042252328,-10.437073701875594,-0.879135355115326,-1.1566145680378332,0.6294514179735955,0.0,50.0,20.0,1.0,0.0,0.0,0.0,-439.4982356070821,70.0,50.00125884545345,0.9999968528814142,0.0,0.0025088298601745294,0.0
2.1847667694091797,-6.405910967725097,2.0038347974889295,-10.214421988870162,-0.7462767767491315,-1.2169505149526836,0.6275008437704266,0.0,50.0,20.0,1.0,0.0,0.0,0.0,-439.2508491336469,70.0,50.002806174475865,0.999992984539202,0.0,0.0037457806101424537,0.0
2.2005155086517334,-6.942399961480609,2.286752273485011,-10.717872346081242,-0.8749105167801514,-1.125757520448258,0.5621335502397555,0.0,50.0,20.0,1.0,0.0,0.0,0.0,-438.9543355600276,70.0,50.00546722005758,0.9999863318564469,0.0,0.0052283936622971585,0.0
2.234811305999756,-6.482899805798558,1.8358397447341064,-11.012706539562284,-0.7336872355509332,-0.9563582017252958,0.6926679056568739,0.0,50.0,20.0,1.0,0.0,0.0,0.0,-438.6088887970211,70.0,50.009676420060785,0.9999758086572375,0.0,0.0069557242832048475,0.0
2.258732795715332,-5.867698916040967,1.2750862020073448,-10.357546673309473,-0.5597530525852211,-0.7829335436917217,0.8792548188361216,0.0,50.0,20.0,1.0,0.0,0.0,0.0,-438.2147374456239,70.0,50.015937081893185,0.9999601565015148,0.0,0.008926668441581218,0.0
2.3014237880706787,-6.639385831439291,1.4131515973587525,-11.049762855915297,-0.3989210677219834,-0.9685240885928219,1.0712854777127259,0.0,50.0,20.0,1.0,0.0,0.0,0.0,-437.2814152542835,70.0,50.03696034543388,0.999907594867061,0.0,0.013594179900583274,0.0
2.334777355194092,-6.717407369958037,1.4268094041339432,-10.832973569161227,-0.49434082739655894,-1.1213996176607888,1.1694743412811393,0.0,50.0,20.0,1.0,0.0,0.0,0.0,-436.7428851036393,70.0,50.05305806303073,0.9998673460438872,0.0,0.01628773511430239,0.0
2.350343942642212,-7.342163721090408,1.7479841314706435,-10.48275563851767,-0.4949468264578081,-1.2172245932413792,1.0627892933935474,0.0,50.0,20.0,1.0,0.0,0.0,0.0,-436.1569343884825,70.0,50.073873052611646,0.9998153003114834,0.0,0.019218877778326683,0.0
2.3848037719726562,-7.118746803462518,1.5146443324542078,-10.758861762328813,-0.6388066121317861,-1.137212906121604,1.0557080875502556,0.0,50.0,20.0,1.0,0.0,0.0,0.0,-435.52398310478077,70.0,50.10022386034235,0.9997494089512072,0.0,0.022385694130666444,0.0
2.418164014816284,-7.853797882063561,2.0121150651211255,-11.31494044466631,-0.7350245230370038,-1.096082625336685,0.9760033558406316,0.0,50.0,20.0,1.0,0.0,0.0,0.0,-434.11897293929576,70.0,50.17308218365517,0.9995672008833244,0.0,0.029417867330516254,0.0
2.451434850692749,-7.9271270370751425,1.4907271097334704,-11.794883172044552,-0.7283186981011478,-1.2651398189938283,1.121661795854613,0.0,50.0,20.0,1.0,0.0,0.0,0.0,-433.3479728695563,70.0,50.22149261962353,0.9994461150566759,0.0,0.03327856815005202,0.0
2.4847843647003174,-8.04396399118843,1.9822314180540526,-11.797072912339585,-0.5839207395121604,-1.4217713947556245,1.2303412250658439,0.0,50.0,20.0,1.0,0.0,0.0,0.0,-432.53209303256335,70.0,50.27923804179136,0.9993016610568819,0.0,0.03736562871084609,0.0
2.502829074859619,-8.34341303038135,1.6288092502887936,-11.877109108640385,-0.5539056633236056,-1.3494715380398454,1.256458317223903,0.0,50.0,20.0,1.0,0.0,0.0,0.0,-431.67198173779275,70.0,50.347382814979,0.9991311655258808,0.0,0.04167630111820146,0.0
2.534059524536133,-8.797384429544774,2.41085258943811,-12.251955380681206,-0.5595559419871065,-1.1638414524949117,1.146635054151556,0.0,50.0,20.0,1.0,0.0,0.0,0.0,-430.7683376767786,70.0,50.42702971815085,0.9989318552380065,0.0,0.04620766809474642,0.0
2.5682718753814697,-9.11924640413495,2.167344303611894,-12.565973611932415,-0.6795494163019805,-1.020395121275706,1.3235821870110493,0.0,50.0,20.0,1.0,0.0,0.0,0.0,-428.8335068688144,70.0,50.62540852334946,0.998435254477351,0.0,0.05591996617262331,0.0
2.601541042327881,-9.09220372235135,1.8196899338380907,-11.808242882485347,-0.4847433570448822,-1.1613003505441037,1.4036875688193988,0.0,50.0,20.0,1.0,0.0,0.0,0.0,-427.8039825471735,70.0,50.74650052370771,0.9981320039861769,0.0,0.061094211006760685,0.0
2.634807586669922,-9.377301451824408,1.495183298711202,-11.415754003010372,-0.5408063772283288,-0.9845435139847282,1.2751288739588587,0.0,50.0,20.0,1.0,0.0,0.0,0.0,-426.7342528690476,70.0,50.88380579815612,0.9977880391191405,0.0,0.06647577747405924,0.0
2.6547513008117676,-10.051330840624633,1.5663834936103287,-11.149301562633756,-0.5948122342550565,-0.9221829545703286,1.4327216773432092,0.0,50.0,20.0,1.0,0.0,0.0,0.0,-425.6252892036122,70.0,51.03855452995741,0.997400234284218,0.0,0.07206089542731943,0.0
2.6847801208496094,-9.880237482601434,1.3186218838642714,-11.27776635166325,-0.6353981858359895,-0.8841877865443569,1.3860631874053613,0.0,50.0,20.0,1.0,0.0,0.0,0.0,-424.4781208117718,70.0,51.211988245202306,0.9969654250644746,0.0,0.07784562432154747,0.0
2.717235803604126,-10.421598000298562,2.0040300736474532,-11.93448212507562,-0.8301569452461017,-1.0657863865803783,1.3620170500762077,0.0,50.0,20.0,1.0,0.0,0.0,0.0,-422.0735806937594,70.0,51.6199029739407,0.9959420089193429,0.0,0.08999730479132935,0.0
2.751523733139038,-10.500143112628866,1.9138111843672692,-11.569865157642019,-0.690439062906357,-1.0454737262158973,1.30215392968447,0.0,50.0,20.0,1.0,0.0,0.0,0.0,-420.81856276001054,70.0,51.85687764591782,0.9953469805903924,0.0,0.09635553035290248,0.0
2.7848424911499023,-10.491464071342731,1.8415206227169594,-11.927999737861553,-0.6454935276473986,-1.1436387209554844,1.4341741914307087,0.0,50.0,20.0,1.0,0.0,0.0,0.0,-419.5300481475237,70.0,52.11751397130689,0.9946921283208516,0.0,0.1028959175892535,0.0
2.8068687915802,-9.726202174374176,2.4637619185777186,-11.696728144853186,-0.5674799736161864,-1.2075693630901152,1.5,0.0,50.0,20.0,1.0,0.0,0.0,0.0,-418.20936274213483,70.0,52.40303217878058,0.9939742648107631,0.0,0.10961368935449131,0.0
2.851520538330078,-9.262134608937762,2.830753313513947,-11.81026934506438,-0.418689722677843,-1.244081682220183,1.5,0.0,50.0,20.0,1.0,0.0,0.0,0.0,-415.47707814340885,70.0,53.05348740869775,0.9923369200813357,0.0,0.12356147070785765,0.0
2.884845495223999,-9.657190484691931,2.1547840126079887,-11.268518502091924,-0.5618935184703412,-1.2469022842703064,1.4806352557985285,0.0,50.0,20.0,1.0,0.0,0.0,0.0,-414.0684234633295,70.0,53.420740641052745,0.9914112652147625,0.0,0.13078112709891937,0.0
2.900618314743042,-9.318473844881215,1.7125908319836998,-11.562007606697845,-0.6693664530856352,-1.1321089361493932,1.5,0.0,50.0,20.0,1.0,0.0,0.0,0.0,-412.6334847958149,70.0,53.81749719632418,0.9904102756021764,0.0,0.1381574680631522,0.0
2.934845447540283,-9.23746250660862,1.3249506711506274,-11.720992244663709,-0.5374616342583167,-1.242689560184212,1.5,0.0,50.0,20.0,1.0,0.0,0.0,0.0,-411.17387408687057,70.0,54.244820167050975,0.9893310361879613,0.0,0.14568493688523496,0.0
2.9583659172058105,-9.341060739239213,1.013157757329543,-11.56328961585206,-0.5021217949976905,-1.437635488113048,1.384058391601585,0.0,50.0,20.0,1.0,0.0,0.0,0.0,-409.69125608607334,70.0,54.703724929250185,0.9881707217650951,0.0,0.1533578320342685,0.0
3.0015480518341064,-10.132488459177383,1.3915897799586758,-12.10252263369225,-0.6974858763708977,-1.4981554957713323,1.3096498592805388,0.0,50.0,20.0,1.0,0.0,0.0,0.0,-406.6639077250202,70.0,55.72007132038107,0.9855960853199929,0.0,0.16911639956522662,0.0
3.034791946411133,-9.990036331625852,2.042654837197565,-11.653010254936943,-0.6189124172877045,-1.4615337004412408,1.202217804740544,0.0,50.0,20.0,1.0,0.0,0.0,0.0,-405.1227495179162,70.0,56.279258438646636,0.9841766649371274,0.0,0.17718998897576924,0.0
3.0506842136383057,-10.087180405249699,2.6877777533525755,-11.577411075558405,-0.6015268718321363,-1.5,1.1562104182748425,0.0,50.0,20.0,1.0,0.0,0.0,0.0,-403.5657223449232,70.0,56.8735085394453,0.9826659947829545,0.0,0.18538485023654566,0.0
3.084763526916504,-9.33343834226844,1.933483418404807,-10.822769141926766,-0.6334051417419536,-1.5,1.3057003813968315,0.0,50.0,20.0,1.0,0.0,0.0,0.0,-401.9947156776783,70.0,57.50352242609729,0.9810618675035299,0.0,0.19369463629766948,0.0
3.1181347370147705,-9.95400859242536,1.7275171016583029,-11.390291412753191,-0.7382338837596123,-1.4242175075119055,1.2456892940964566,0.0,50.0,20.0,1.0,0.0,0.0,0.0,-398.8184921962139,70.0,58.87325631294232,0.9775651990712888,0.0,0.21063304955469728,0.0
3.151550769805908,-9.374544615189897,0.9797762146096805,-11.065950058703265,-0.7505891695283553,-1.5,1.2171996819783217,0.0,50.0,20.0,1.0,0.0,0.0,0.0,-397.2172123618922,70.0,59.61397739742847,0.9756690591654824,0.0,0.21924845948636076,0.0
3.18483567237854,-9.332207798988016,1.275692220500653,-11.218991096493063,-0.5521189285891017,-1.5,1.1867747011488576,0.0,50.0,20.0,1.0,0.0,0.0,0.0,-395.6098180895621,70.0,60.39245706996408,0.9736722829834377,0.0,0.2279523751791597,0.0
3.2026336193084717,-8.880886604189616,1.4308598219225783,-11.61907645589152,-0.3639391118775754,-1.4357990771518798,1.29879779319345,0.0,50.0,20.0,1.0,0.0,0.0,0.0,-393.9983302107102,70.0,61.20897355815093,0.971573534123509,0.0,0.23673797285343687,0.0
3.2337276935577393,-8.557545657892033,0.6941895383337953,-11.484682659928323,-0.18361998030605786,-1.3183725241768711,1.2071057058455181,0.0,50.0,20.0,1.0,0.0,0.0,0.0,-392.384781636569,70.0,62.06371067526908,0.9693716762025052,0.0,0.24559835784537606,0.0
3.2683963775634766,-9.082440507730482,1.4688523688420183,-12.278303719378798,-0.1371886593564628,-1.316435680505523,1.2041190760882503,0.0,50.0,20.0,1.0,0.0,0.0,0.0,-389.15966280005705,70.0,63.888095402574564,0.9646551316336461,0.0,0.2635156105677097,0.0
3.301583766937256,-8.729894544120043,1.6097986100241202,-11.60908081126431,-0.15785042037379368,-1.4138558622282198,1.2059765578650241,0.0,50.0,20.0,1.0,0.0,0.0,0.0,-387.55217070499145,70.0,64.85761806102886,0.9621392361269006,0.0,0.2725584163168407,0.0
3.334827423095703,-9.22262266118686,2.171238758561266,-11.579212430549365,-0.15567145041994082,-1.2372899902569696,1.2542681701266913,0.0,50.0,20.0,1.0,0.0,0.0,0.0,-385.95076299295135,70.0,65.8651084332078,0.9595178256989085,0.0,0.2816479046008313,0.0
3.3548967838287354,-9.026639421356828,2.500167871037348,-11.674639081479183,-0.04308233424368865,-1.3976414809322149,1.3502301259738774,0.0,50.0,20.0,1.0,0.0,0.0,0.0,-384.35745120883695,70.0,66.91024874256128,0.9567908634007714,0.0,0.29077696558153715,0.0
3.384070873260498,-8.312002417352277,1.8426026763804275,-10.93649246033663,0.026166299317600034,-1.4947247043586598,1.3431567150570631,0.0,50.0,20.0,1.0,0.0,0.0,0.0,-382.77422543883375,70.0,67.99261785744788,0.9539585476910203,0.0,0.2999384758366946,0.0
3.417363405227661,-8.769658554713054,1.0625355418169673,-10.255911303084112,-0.023321856283907844,-1.4406540898279436,1.3177181184287619,0.0,50.0,20.0,1.0,0.0,0.0,0.0,-379.6458498002813,70.0,70.2668415672012,0.9479798479735706,0.0,0.3183303438819585,0.0
3.451568603515625,-9.026532198576179,1.1490344540569188,-11.02080548316499,-0.09292992572694134,-1.5,1.2647923685191396,0.0,50.0,20.0,1.0,0.0,0.0,0.0,-378.1045200725481,70.0,71.45733920632433,0.9448350670716971,0.0,0.32754647919283403,0.0
3.4848601818084717,-9.461135369003902,0.9495402858250899,-11.658496024910827,-0.02171289730263301,-1.3538971138069955,1.3822282920288849,0.0,50.0,20.0,1.0,0.0,0.0,0.0,-376.5809050653102,70.0,72.6823539050444,0.941588142700819,0.0,0.33676663956695885,0.0
3.5068750381469727,-9.36784527770683,1.1616301140153322,-11.1948456912402,0.15894864804750639,-1.4578304519942205,1.4982269447801944,0.0,50.0,20.0,1.0,0.0,0.0,0.0,-375.0768001742161,70.0,73.9409563274601,0.9382404906859965,0.0,0.3459837881134035,0.0
3.551452398300171,-9.501247763052701,1.8394081274540592,-11.67644662411961,0.2580521983589831,-1.4022860295845954,1.4469263560506431,0.0,50.0,20.0,1.0,0.0,0.0,0.0,-372.13401739431447,70.0,76.55472510116942,0.9312498990572577,0.0,0.3643811541584542,0.0
3.584775686264038,-9.870336333861706,1.9309594523366362,-11.294515151504134,0.17805759714104957,-1.4841209752975593,1.4606653361725983,0.0,50.0,20.0,1.0,0.0,0.0,0.0,-370.6986295530088,70.0,77.90755896649846,0.9276110203999884,0.0,0.3735475804131146,0.0
3.600615978240967,-10.144112154962464,1.6503560736410323,-11.221085419229627,0.3591321132113213,-1.3555795925643919,1.4770802490650816,0.0,50.0,20.0,1.0,0.0,0.0,0.0,-369.2893218813615,70.0,79.28932188132902,0.9238795325113307,0.0,0.3826834323649838,0.0
3.634847402572632,-10.489017053880534,0.9409318081071507,-11.490870081325788,0.49639773967607415,-1.3684711063344164,1.3997962521441623,0.0,50.0,20.0,1.0,0.0,0.0,0.0,-367.9075589665301,70.0,80.69862955297596,0.9200580700342345,0.0,0.3917820156220545,0.0
3.6588668823242188,-9.723141311554048,1.2922444786003695,-11.977887381926921,0.4964176977202978,-1.1737729396960757,1.4812352785109415,0.0,50.0,20.0,1.0,0.0,0.0,0.0,-366.55472510120035,70.0,82.13401739428103,0.9161495036447899,0.0,0.4008367335604425,0.0
3.7015650272369385,-10.439978149276858,2.040200340241195,-11.404345924392619,0.5278312548267967,-1.1486501460310579,1.5,0.0,50.0,20.0,1.0,0.0,0.0,0.0,-363.94095632748974,70.0,85.07680017418136,0.9080836961035548,0.0,0.41878873059205735,0.0
3.7347888946533203,-10.109782198708155,1.3502424915734812,-12.033234025779313,0.34310171664151135,-1.1122052978589716,1.5,0.0,50.0,20.0,1.0,0.0,0.0,0.0,-362.6823539050731,70.0,86.58090506527523,0.903933335303895,0.0,0.4276733862731888,0.0
3.750263214111328,-10.278029600757872,0.5520566744093237,-11.906022530141831,0.22005286741259633,-1.2454209020150087,1.3852935875870906,0.0,50.0,20.0,1.0,0.0,0.0,0.0,-361.45733920635223,70.0,88.10452007251266,0.8997096196203732,0.0,0.43648894643800923,0.0
3.7849225997924805,-10.219821548779267,1.1863507213385533,-11.96848467997483,0.07975337214869585,-1.3961291569013983,1.2357321548934674,0.0,50.0,20.0,1.0,0.0,0.0,0.0,-360.2668415672284,70.0,89.64584980024529,0.8954165237467832,0.0,0.4452294341137235,0.0
3.818168878555298,-10.296737092104424,1.8395355809011986,-12.042264914301592,0.006569839535016941,-1.5,1.4205803355679316,0.0,50.0,20.0,1.0,0.0,0.0,0.0,-357.9926178574733,70.0,92.77422543879729,0.8866390882461779,0.0,0.46246202784010976,0.0
3.851566791534424,-10.093376483441096,1.7745311279272609,-11.526881330419128,-0.10826529657870337,-1.4455970357195032,1.3168486155063897,0.0,50.0,20.0,1.0,0.0,0.0,0.0,-356.910248742586,70.0,94.35745120880001,0.8821636718636741,0.0,0.47094294351226884,0.0
3.8848605155944824,-10.144177891461931,2.220676224222758,-10.951581501109631,0.07447058189830458,-1.5,1.4131653832792188,0.0,50.0,20.0,1.0,0.0,0.0,0.0,-355.8651084332316,70.0,95.95076299291422,0.8776367044714054,0.0,0.4793264179706467,0.0
3.9029152393341064,-9.488762857638404,1.7333694777226287,-10.250855393493888,-0.09671251548920523,-1.5,1.32665433986535,0.0,50.0,20.0,1.0,0.0,0.0,0.0,-354.8576180610517,70.0,97.55217070495436,0.8730630827581867,0.0,0.48760727386368197,0.0
3.9343888759613037,-9.385510847253306,1.875856181090886,-10.936982083099316,0.052917364631384134,-1.5,1.1878403007332228,0.0,50.0,20.0,1.0,0.0,0.0,0.0,-353.88809540259655,70.0,99.15966280001987,0.868447860265601,0.0,0.49578050990342426,0.0
3.9679512977600098,-8.914693125732931,2.1756465288248545,-11.136644144836026,0.1948539887428722,-1.4518433391057552,1.3572600555878247,0.0,50.0,20.0,1.0,0.0,0.0,0.0,-352.06371067528926,70.0,102.38478163653173,0.859113550013816,0.0,0.5117850214520338,0.0
4.001662254333496,-9.364043531460908,2.550262542186414,-11.502750501322964,0.3434158893445346,-1.5,1.2939069271633152,0.0,50.0,20.0,1.0,0.0,0.0,0.0,-351.2089735581702,70.0,103.99833021067295,0.8544052603692438,0.0,0.5196072084309115,0.0
4.034945249557495,-9.394466109332877,2.455702729061458,-11.872675927584105,0.2251815760067355,-1.5,1.4100349315043008,0.0,50.0,20.0,1.0,0.0,0.0,0.0,-350.3924570699826,70.0,105.60981808952468,0.8496769442278498,0.0,0.5273036036740346,0.0
4.054777383804321,-9.052483595947868,2.976440966532418,-11.5587176734886,0.08961228648184094,-1.5,1.5,0.0,50.0,20.0,1.0,0.0,0.0,0.0,-349.61397739744604,70.0,107.21721236185516,0.8449342803974308,0.0,0.5348701354621286,0.0
4.084058523178101,-8.409733674577797,3.3721944684347993,-11.587603099731972,-0.05315550128725413,-1.5,1.5,0.0,50.0,20.0,1.0,0.0,0.0,0.0,-348.873256312959,70.0,108.81849219617703,0.8401830389975239,0.0,0.5423029236329868,0.0
4.117308139801025,-8.469887637055384,2.8789714156422024,-11.057695814152193,-0.14611951889179775,-1.5,1.380347843907536,0.0,50.0,20.0,1.0,0.0,0.0,0.0,-347.50352242611234,70.0,111.99471567764164,0.8306782900809385,0.0,0.5567527084695755,0.0
4.151463985443115,-8.565109911334819,3.045349481836875,-11.120978338165186,0.03187721518975695,-1.5,1.4570672488881633,0.0,50.0,20.0,1.0,0.0,0.0,0.0,-346.8735085394594,70.0,113.565722344887,0.825936673284075,0.0,0.5637629038207774,0.0
4.184792757034302,-8.513550215637594,3.3711096874829676,-11.20152015008585,0.15921885407249486,-1.5,1.2993245391787083,0.0,50.0,20.0,1.0,0.0,0.0,0.0,-346.27925843865995,70.0,115.12274951788042,0.8212102364258484,0.0,0.5706257508993107,0.0
4.206995248794556,-9.307729315963014,3.6000209517013064,-11.083048414589054,0.016365191642194604,-1.471328168254761,1.4959771602772878,0.0,50.0,20.0,1.0,0.0,0.0,0.0,-345.7200713203937,70.0,116.66390772498455,0.8165050283832165,0.0,0.5773383224981024,0.0
4.251539945602417,-9.780647271951029,3.048654268696491,-10.894926176934879,0.14173501433541644,-1.4824995621026544,1.4215919506045098,0.0,50.0,20.0,1.0,0.0,0.0,0.0,-344.70372492926117,70.0,119.69125608603883,0.8071825813097095,0.0,0.590301855350459,0.0
4.284859657287598,-9.9067986125821,2.440606273402028,-11.552074861692484,-0.03074984902867517,-1.487867720013764,1.233232789423471,0.0,50.0,20.0,1.0,0.0,0.0,0.0,-344.2448201670612,70.0,121.17387408683656,0.8025774913152107,0.0,0.5965478777383948,0.0
4.300678491592407,-9.16541461898885,1.7182462137408172,-12.132087033540104,-0.1187662270155358,-1.359309973780639,1.1231349491819527,0.0,50.0,20.0,1.0,0.0,0.0,0.0,-343.81749719633376,70.0,122.63348479578127,0.7980179045742606,0.0,0.6026337394959781,0.0
4.3348166942596436,-9.331717301345693,2.0237031710055753,-12.775268145263835,0.06207821884730014,-1.344453116064076,1.129646781598039,0.0,50.0,20.0,1.0,0.0,0.0,0.0,-343.42074064106157,70.0,124.06842346329668,0.7935098504010625,0.0,0.6085574067550927,0.0
4.358852863311768,-9.978995586208336,1.912125293043815,-13.0,-0.09260999703436923,-1.2547914588077904,0.9586565271432193,0.0,50.0,20.0,1.0,0.0,0.0,0.0,-343.0534874087059,70.0,125.47707814337664,0.7890593192422968,0.0,0.6143170115802453,0.0
4.401595592498779,-10.738826016515816,1.7856476750701216,-12.610343839667726,-0.2232544026062937,-1.1038635770875598,0.9395604696160378,0.0,50.0,20.0,1.0,0.0,0.0,0.0,-342.4030321787875,70.0,128.20936274210393,0.7803545260261392,0.0,0.6253373599190437,0.0
4.434905767440796,-10.511881709940841,1.4888023479692882,-12.995761406546123,-0.27463390331969084,-1.2162925956016808,1.0370986381192353,0.0,50.0,20.0,1.0,0.0,0.0,0.0,-342.1175139713132,70.0,129.53004814749355,0.7761119502124241,0.0,0.6305951480446608,0.0
4.450561761856079,-10.118138395477217,2.139442373116064,-12.89415698788149,-0.1085136652101561,-1.1702380843502533,1.0894398470753088,0.0,50.0,20.0,1.0,0.0,0.0,0.0,-341.8568776459236,70.0,130.81856275998098,0.7719502485264805,0.0,0.6356829506915416,0.0
4.484823942184448,-10.644470278191923,1.436509756097304,-13.0,-0.16114672574074967,-1.102032404752203,1.1383974697364563,0.0,50.0,20.0,1.0,0.0,0.0,0.0,-341.61990297394595,70.0,132.07358069373066,0.7678750526819755,0.0,0.6405996436688466,0.0
4.518069267272949,-10.790327316430607,0.92090970695962,-13.0,-0.2679843704863104,-1.1918706251704907,1.181538917749747,0.0,50.0,20.0,1.0,0.0,0.0,0.0,-341.21198824520656,70.0,134.47812081174484,0.7600061815151741,0.0,0.6499158438280485,0.0
4.551562309265137,-11.056275718675387,1.0565302411674997,-13.0,-0.29446400067507583,-1.281950990341169,1.0444557888697374,0.0,50.0,20.0,1.0,0.0,0.0,0.0,-341.03855452996123,70.0,135.625289203586,0.7562232170345408,0.0,0.6543137214042893,0.0
4.5848002433776855,-11.082806833029611,1.5100328962409317,-13.0,-0.11617714009750352,-1.3277818417112415,1.033117330664835,0.0,50.0,20.0,1.0,0.0,0.0,0.0,-340.88380579815953,70.0,136.73425286902244,0.7525481616846112,0.0,0.6585372156113216,0.0
4.602843999862671,-11.278788465882698,1.4379184073177917,-13.0,-0.08264732487365303,-1.1414879650093561,1.1631971454371108,0.0,50.0,20.0,1.0,0.0,0.0,0.0,-340.7465005237107,70.0,137.80398254714927,0.7489860394321469,0.0,0.6625857776437301,0.0
4.633993148803711,1.1277256184677853,4.150522095587817,-5.796034282953125,1.0566167403969393,-0.7118222932864994,1.3069933954268316,0.0,50.0,20.0,1.0,0.0,0.0,0.0,-340.6254085233521,70.0,138.83350686879095,0.745541726301114,0.0,0.666458951732179,0.0
4.668323993682861,1.115920864231056,4.620963304825326,-5.530188494325802,1.1518020253544092,-0.8539651451258503,1.1781540340085086,0.0,50.0,20.0,1.0,0.0,0.0,0.0,-340.4270297181528,70.0,140.76833767675723,0.7390252442347378,0.0,0.6736777333293613,0.0
4.701454162597656,1.0864480632657156,4.457730962757906,-6.101471608138299,1.01761164881319,-0.9287482304858032,1.328090609232874,0.0,50.0,20.0,1.0,0.0,0.0,0.0,-340.34738281498073,70.0,141.6719817377724,0.7359620175736912,0.0,0.6770228273026412,0.0
4.734804153442383,1.1508895528098053,3.8073565408687813,-5.92949152309169,0.8595553061541736,-0.7887023235132931,1.426032855605691,0.0,50.0,20.0,1.0,0.0,0.0,0.0,-340.27923804179284,70.0,142.53209303254388,0.7330344704291065,0.0,0.6801914915394924,0.0
4.754741668701172,0.9212231224094459,4.259576377366236,-6.083420545514226,0.9143286760696832,-0.9724794822625396,1.4667559702568163,0.0,50.0,20.0,1.0,0.0,0.0,0.0,-340.22149261962477,70.0,143.347972869538,0.7302466265942691,0.0,0.6831836241799785,0.0
4.784947395324707,0.23724974052082015,3.8312485235409586,-6.2495541247723185,0.7720082709866126,-1.163581623250967,1.5,0.0,50.0,20.0,1.0,0.0,0.0,0.0,-340.1730821836562,70.0,144.1189729392785,0.7276023194737682,0.0,0.6859991725187374,0.0
4.817313194274902,-0.1329405147410886,3.8874660522509084,-6.407508941707387,0.6230588436379099,-1.1602135329674546,1.5,0.0,50.0,20.0,1.0,0.0,0.0,0.0,-340.100223860343,70.0,145.52398310476548,0.7227586626780564,0.0,0.6911005104352241,0.0
4.851514101028442,-0.4542969140013406,4.1726621444969165,-6.466073114965263,0.4844213521719294,-1.2489857218471523,1.5,0.0,50.0,20.0,1.0,0.0,0.0,0.0,-340.0738730526122,70.0,146.15693438846841,0.7205659775882136,0.0,0.6933863799804133,0.0
4.884833097457886,-0.09323895282640743,3.5456883948207514,-6.702598109085684,0.6565907032261293,-1.1144282769635467,1.5,0.0,50.0,20.0,1.0,0.0,0.0,0.0,-340.05305806303113,70.0,146.74288510362635,0.7185301486241675,0.0,0.6954958127250888,0.0
4.906947612762451,0.29981515092303207,3.2307799893287337,-6.945831508946527,0.711621325645961,-1.0669097893986055,1.5,0.0,50.0,20.0,1.0,0.0,0.0,0.0,-340.0369603454342,70.0,147.28141525427156,0.716653977682844,0.0,0.6974289040980147,0.0
