# Timestamp, Fx, Fy, Fz, Tx, Ty, Tz, FemurPosX, FemurPosY, FemurPosZ, FemurQuatW, FemurQuatX, FemurQuatY, FemurQuatZ, TibiaPosX, TibiaPosY, TibiaPosZ, TibiaQuatW, TibiaQuatX, TibiaQuatY, TibiaQuatZ
0.01881718635559082,7.645468970119603,2.727943832896824,-7.005667318221865,-1.1636814019950639,-0.6071797137869328,1.1323054897401765,0.0,50.0,20.0,1.0,0.0,0.0,0.0,-439.9937988262723,70.0,50.00000019227278,0.9999999995193181,0.0,3.100586865315489e-05,0.0
0.0503847599029541,8.34436674167834,2.402059961086008,-6.368494904484934,-1.035217276096116,-0.6971789232101158,1.3150214897825347,0.0,50.0,20.0,1.0,0.0,0.0,0.0,-439.9937988262731,70.0,50.00000019227278,0.9999999995193181,0.0,3.100586864931824e-05,0.0
0.08388185501098633,8.581034233100521,2.445217246661028,-6.312965070684984,-1.1546129832836132,-0.5030877425460809,1.4990590296393589,0.0,50.0,20.0,1.0,0.0,0.0,0.0,-439.9441953145851,70.0,50.000015570815776,0.9999999610729597,0.0,0.0002790234379360775,0.0
0.11705708503723145,7.945931517968745,3.0815649109006458,-6.178547103191149,-1.1274125510949549,-0.4068932821669228,1.2997071383252001,0.0,50.0,20.0,1.0,0.0,0.0,0.0,-439.69633483890726,70.0,50.0004610637132,0.9999988473400526,0.0,0.0015183275555789293,0.0
0.15027523040771484,7.3097319282527495,2.938224994601555,-5.4662597083047295,-1.2092350764652233,-0.2598458396924934,1.17046835458015,0.0,50.0,20.0,1.0,0.0,0.0,0.0,-439.4982356070833,70.0,50.00125884545345,0.9999968528814142,0.0,0.0025088298601685564,0.0
0.16762709617614746,7.167897580947003,2.81707875800127,-4.681380504311262,-1.2925559273702494,-0.20684620856058084,1.2819449791543482,0.0,50.0,20.0,1.0,0.0,0.0,0.0,-439.2508491336484,70.0,50.00280617447585,0.999992984539202,0.0,0.003745780610135129,0.0
0.20074725151062012,7.495733887119579,3.329046825641531,-4.139431612341172,-1.2732812247227099,-0.24361064426777312,1.157291398543066,0.0,50.0,20.0,1.0,0.0,0.0,0.0,-438.95433556002934,70.0,50.00546722005758,0.999986331856447,0.0,0.005228393662288526,0.0
0.23386502265930176,8.02618422079277,3.754729770049315,-4.368883208651278,-1.103455057124321,-0.07946677378854977,1.2886016594251624,0.0,50.0,20.0,1.0,0.0,0.0,0.0,-438.60888879702304,70.0,50.00967642006077,0.9999758086572376,0.0,0.006955724283195126,0.0
0.2671928405761719,7.995704151862188,4.055217159198991,-4.029143315266737,-1.0686496926064275,0.017097410339135866,1.2421102014771546,0.0,50.0,20.0,1.0,0.0,0.0,0.0,-437.77214584749873,70.0,50.02481975072422,0.9999379486980075,0.0,0.011139962011653215,0.0
0.30026888847351074,8.22716773930766,3.702154087071557,-4.070811898172937,-1.2277301938008807,0.004046248664243857,1.323501538531751,0.0,50.0,20.0,1.0,0.0,0.0,0.0,-437.28141525428623,70.0,50.03696034543381,0.9999075948670612,0.0,0.013594179900569759,0.0
0.33405232429504395,7.75102135966776,3.5538392206633107,-4.486651909856652,-1.4127574043749784,0.011065047671476924,1.2583962901993098,0.0,50.0,20.0,1.0,0.0,0.0,0.0,-436.7428851036424,70.0,50.05305806303065,0.9998673460438874,0.0,0.016287735114287268,0.0
0.3506338596343994,7.209714083486353,3.123418125539748,-3.9018822964887283,-1.5044080795207873,-0.18149564578706,1.1552934073512247,0.0,50.0,20.0,1.0,0.0,0.0,0.0,-436.1569343884858,70.0,50.07387305261153,0.9998153003114837,0.0,0.019218877778310293,0.0
0.3843076229095459,6.8698627767110345,2.620952390205578,-4.218846951423836,-1.677234800282118,0.01274893652176562,1.0900549834761863,0.0,50.0,20.0,1.0,0.0,0.0,0.0,-434.8444937620038,70.0,50.13298464743235,0.999667483097674,0.0,0.02578610550590663,0.0
0.4172086715698242,6.762763614411417,2.514787556492656,-3.488260547215174,-1.4810670997022837,0.07418937010822829,1.045272895167327,0.0,50.0,20.0,1.0,0.0,0.0,0.0,-434.1189729392998,70.0,50.17308218365494,0.999567200883325,0.0,0.029417867330496117,0.0
0.45075082778930664,6.0653451720744815,1.7283941826486862,-3.5064736488071326,-1.321428762608421,-0.05307969871304993,0.9696695748709734,0.0,50.0,20.0,1.0,0.0,0.0,0.0,-433.3479728695606,70.0,50.22149261962325,0.9994461150566767,0.0,0.03327856815003067,0.0
0.4841012954711914,5.889973958326699,2.3792087647451297,-3.3608100743954363,-1.4887540268399124,0.06559387078980203,1.1287851522436154,0.0,50.0,20.0,1.0,0.0,0.0,0.0,-432.53209303256773,70.0,50.27923804179103,0.9993016610568827,0.0,0.037365628710824085,0.0
0.5007712841033936,5.687080361455066,2.3129998080553165,-3.43775871799469,-1.3793825280265926,0.04977876865629974,1.1735754111047934,0.0,50.0,20.0,1.0,0.0,0.0,0.0,-431.6719817377975,70.0,50.3473828149786,0.9991311655258818,0.0,0.04167630111817767,0.0
0.5344665050506592,5.063295049656974,1.9258768974568483,-4.1221415838804525,-1.4237815473286504,-0.048650163031834295,1.1993861141420532,0.0,50.0,20.0,1.0,0.0,0.0,0.0,-429.821911424491,70.0,50.51931588017152,0.998700866425549,0.0,0.05095664236247926,0.0
0.5673747062683105,4.264413068422843,1.7279384741297197,-4.10396216789974,-1.395421705524252,-0.08571337949905548,1.0231066135664584,0.0,50.0,20.0,1.0,0.0,0.0,0.0,-428.83350686881965,70.0,50.62540852334887,0.9984352544773525,0.0,0.055919966172596765,0.0
0.6003124713897705,3.666093332386041,2.3604286376265113,-4.675575952170318,-1.3082075191790627,0.020743628053616694,0.9043334526433779,0.0,50.0,20.0,1.0,0.0,0.0,0.0,-427.8039825471792,70.0,50.74650052370703,0.9981320039861786,0.0,0.06109421100673227,0.0
0.6340808868408203,3.2801423327302515,2.8606002131654105,-4.767726649008657,-1.2527687314075708,0.12478619045066015,0.7932879941630397,0.0,50.0,20.0,1.0,0.0,0.0,0.0,-426.7342528690535,70.0,50.88380579815535,0.9977880391191424,0.0,0.06647577747402973,0.0
0.651893138885498,2.549042703826714,2.3434639571230336,-4.153817277230525,-1.19920443173045,0.14380009411413475,0.7398626807354877,0.0,50.0,20.0,1.0,0.0,0.0,0.0,-425.62528920361814,70.0,51.038554529956556,0.9974002342842201,0.0,0.07206089542728963,0.0
0.6841278076171875,2.541215012910385,2.3069945260283014,-4.00412953942329,-1.1975076821304882,0.02771158086874631,0.8651290654790145,0.0,50.0,20.0,1.0,0.0,0.0,0.0,-423.2938356024744,70.0,51.40535475431311,0.9964804193903835,0.0,0.08382585383737842,0.0
0.7174055576324463,3.0209746451390713,2.8265381298816856,-4.386944478389739,-1.1749445801497258,-0.0318853062557482,0.711378164417952,0.0,50.0,20.0,1.0,0.0,0.0,0.0,-422.0735806937661,70.0,51.619902973939475,0.995942008919346,0.0,0.0899973047912956,0.0
0.750251054763794,2.6586448877607314,2.4861809628547205,-4.03137990008195,-1.2855116352270135,0.047676591507085864,0.5348588010351047,0.0,50.0,20.0,1.0,0.0,0.0,0.0,-420.8185627600172,70.0,51.856877645916526,0.9953469805903956,0.0,0.09635553035286867,0.0
0.7838542461395264,3.1130228287958968,1.8751838714022835,-4.244247282605784,-1.221264999603446,-0.13137693776328527,0.5033212826380479,0.0,50.0,20.0,1.0,0.0,0.0,0.0,-419.5300481475307,70.0,52.117513971305414,0.9946921283208553,0.0,0.10289591758921784,0.0
0.8172914981842041,2.8657643696792316,2.647460439380804,-4.337272180857157,-1.2696595705905325,-0.2757438353511692,0.3510938533429167,0.0,50.0,20.0,1.0,0.0,0.0,0.0,-416.85789157364286,70.0,52.714632047862764,0.9931902334199054,0.0,0.11650390654099894,0.0
0.850797176361084,2.584767854833501,2.3508421136827353,-3.8167543113621125,-1.2751638561037495,-0.15259831856315575,0.412826984458332,0.0,50.0,20.0,1.0,0.0,0.0,0.0,-415.4770781434164,70.0,53.05348740869586,0.9923369200813404,0.0,0.12356147070781924,0.0
0.8671660423278809,2.7367240513416573,1.7518951097629873,-4.469975988612382,-1.1798361401849577,-0.014335660134878914,0.6067691788522005,0.0,50.0,20.0,1.0,0.0,0.0,0.0,-414.0684234633372,70.0,53.420740641050685,0.9914112652147677,0.0,0.13078112709888007,0.0
0.9008557796478271,3.533588426493822,2.4758560429967167,-4.16844214834062,-1.3127788710828607,0.053728821583816644,0.5464009196009129,0.0,50.0,20.0,1.0,0.0,0.0,0.0,-412.6334847958225,70.0,53.81749719632202,0.9904102756021819,0.0,0.13815746806311321,0.0
0.9339957237243652,5.220536983142537,3.759373862447447,-2.3714992299813034,1.5175290040828449,-0.902574847763824,0.910185159429485,0.0,50.0,20.0,1.0,0.0,0.0,0.0,-411.17387408687847,70.0,54.24482016704859,0.9893310361879672,0.0,0.14568493688519404,0.0
0.967843770980835,5.635039893599911,3.8719518884841357,-1.8224372699621112,1.4748366053602857,-0.9850990824427273,1.0654285929042986,0.0,50.0,20.0,1.0,0.0,0.0,0.0,-408.1873461496452,70.0,55.19517388340664,0.9869266085089442,0.0,0.16117031183513034,0.0
1.0007531642913818,6.018932260364207,4.2798345233140385,-2.2475427494118376,1.3550108750960834,-0.9229543677349178,1.196696197325058,0.0,50.0,20.0,1.0,0.0,0.0,0.0,-406.6639077250282,70.0,55.72007132037824,0.9855960853200001,0.0,0.16911639956518465,0.0
1.0179040431976318,6.324977516326841,3.676213304812551,-1.8058731304501625,1.1757241102021625,-0.9067580807812514,1.2153913792045494,0.0,50.0,20.0,1.0,0.0,0.0,0.0,-405.12274951792455,70.0,56.27925843864354,0.9841766649371353,0.0,0.1771899889757254,0.0
1.0507633686065674,6.355670801107714,3.1223678312838103,-1.7338487766155914,1.2419198438913335,-0.8120266194483392,1.0430384584705157,0.0,50.0,20.0,1.0,0.0,0.0,0.0,-403.5657223449316,70.0,56.873508539442,0.9826659947829629,0.0,0.18538485023650125,0.0
1.0843913555145264,6.138363522161842,2.3952082695681307,-1.0213819694366888,1.1367125753549658,-0.9916064945930385,1.0973826443761938,0.0,50.0,20.0,1.0,0.0,0.0,0.0,-400.4116538867742,70.0,58.16992403346582,0.9793622311650939,0.0,0.2021128896615183,0.0
1.1172709465026855,6.0386983844523545,1.8613440303184494,-0.4434595868675668,1.3145935376580726,-0.9074452480178156,1.2806408183553366,0.0,50.0,20.0,1.0,0.0,0.0,0.0,-398.81849219622256,70.0,58.87325631293842,0.9775651990712987,0.0,0.21063304955465112,0.0
1.150289535522461,5.659192597896868,1.335643946113072,-1.0830451248789696,1.168811206249177,-0.8658495746559496,1.1554870810275963,0.0,50.0,20.0,1.0,0.0,0.0,0.0,-397.21721236190086,70.0,59.61397739742439,0.9756690591654928,0.0,0.21924845948631413,0.0
1.1841046810150146,6.22623739607183,2.0941660909142543,-0.9697085636870583,1.3612280638953045,-0.8947777780645457,1.16354058126166,0.0,50.0,20.0,1.0,0.0,0.0,0.0,-395.6098180895705,70.0,60.39245706995989,0.9736722829834484,0.0,0.22795237517911385,0.0
1.2007560729980469,5.854586450649573,2.228266392394797,-1.0172772772385659,1.552980639915671,-1.0443159781488518,1.0868058041793813,0.0,50.0,20.0,1.0,0.0,0.0,0.0,-393.9983302107189,70.0,61.208973558146425,0.9715735341235207,0.0,0.2367379728533894,0.0
1.2345423698425293,5.366239625231543,1.838368299381432,-0.9957964193303815,1.6408192899604717,-0.9510180687274227,1.105845309473663,0.0,50.0,20.0,1.0,0.0,0.0,0.0,-390.77121211289807,70.0,62.95675532721263,0.9670657802672664,0.0,0.25452657353616964,0.0
1.2674381732940674,5.4807813269566905,1.6902937029839231,-1.3745542025273876,1.7202697850191608,-1.024222203809837,1.1819643572228742,0.0,50.0,20.0,1.0,0.0,0.0,0.0,-389.15966280006575,70.0,63.88809540256946,0.9646551316336593,0.0,0.2635156105676612,0.0
1.3007838726043701,5.091366282077988,1.7335628805767798,-1.8747714814417236,1.8899482694442162,-1.0620994932075833,1.2549636174532202,0.0,50.0,20.0,1.0,0.0,0.0,0.0,-387.5521707050001,70.0,64.85761806102353,0.9621392361269144,0.0,0.27255841631679184,0.0
1.3340518474578857,4.927942813273776,1.76996560273126,-2.001680037761786,2.0383362997597585,-1.0048674450776613,1.37687015075382,0.0,50.0,20.0,1.0,0.0,0.0,0.0,-385.95076299295994,70.0,65.86510843320227,0.959517825698923,0.0,0.2816479046007823,0.0
1.351942777633667,5.4496979648039146,1.129381327747386,-2.212355723873868,2.1732209697673706,-1.060840721072915,1.448384544511502,0.0,50.0,20.0,1.0,0.0,0.0,0.0,-384.35745120884525,70.0,66.91024874255571,0.956790863400786,0.0,0.2907769655814892,0.0
1.3841090202331543,5.64552323056618,1.2939325370068753,-1.7861106095801027,2.1617296266883193,-0.9554340747245652,1.5004948891613001,0.0,50.0,20.0,1.0,0.0,0.0,0.0,-381.203048444273,70.0,69.1116912789401,0.9510213160625263,0.0,0.30912530856385817,0.0
1.4174585342407227,5.360703349614711,0.6736655429349674,-1.0349949011694384,2.2936370285075878,-0.8926052863575449,1.3987458231994463,0.0,50.0,20.0,1.0,0.0,0.0,0.0,-379.6458498002894,70.0,70.26684156719504,0.9479798479735868,0.0,0.3183303438819103,0.0
1.4508094787597656,5.784834035400831,0.32571657570736834,-1.4713708215564518,2.2928977533265953,-0.7535296451880302,1.5692589007113922,0.0,50.0,20.0,1.0,0.0,0.0,0.0,-378.10452007255634,70.0,71.45733920631783,0.9448350670717143,0.0,0.3275464791927844,0.0
1.4841279983520508,5.506398129071319,-0.4377068776286025,-1.0897908512054182,2.2922208171514264,-0.5896048759319479,1.606853351105801,0.0,50.0,20.0,1.0,0.0,0.0,0.0,-376.58090506531835,70.0,72.68235390503771,0.9415881427008368,0.0,0.3367666395669093,0.0
1.5174570083618164,5.212961253506225,-0.39852022235437956,-1.878808059048246,2.1110094241537567,-0.6680439962685895,1.4808785008653962,0.0,50.0,20.0,1.0,0.0,0.0,0.0,-373.5939448769777,70.0,75.23212024540136,0.9347937733922884,0.0,0.35519093629625015,0.0
1.5507285594940186,5.000127776397501,0.3159374455319899,-1.8314887893904863,2.0536650397526035,-0.6082427350108233,1.559743196311779,0.0,50.0,20.0,1.0,0.0,0.0,0.0,-372.1340173943223,70.0,76.55472510116223,0.9312498990572771,0.0,0.36438115415840483,0.0
1.5675833225250244,5.386027051975363,0.9914665168621191,-2.5149757186114474,2.0446320830356854,-0.7439213082875142,1.5178293565478775,0.0,50.0,20.0,1.0,0.0,0.0,0.0,-370.6986295530165,70.0,77.9075589664911,0.9276110204000082,0.0,0.3735475804130653,0.0
1.6004955768585205,5.521178457857938,0.8691075382188614,-2.0022140041361607,1.926307683738639,-0.8566668079410511,1.5970732708882638,0.0,50.0,20.0,1.0,0.0,0.0,0.0,-369.2893218813688,70.0,79.28932188132171,0.9238795325113505,0.0,0.382683432364936,0.0
1.6340832710266113,5.003944706316035,0.9875639528355281,-1.620030946228983,2.035185063212168,-0.8672855249430946,1.4522618404467345,0.0,50.0,20.0,1.0,0.0,0.0,0.0,-367.9075589665374,70.0,80.6986295529683,0.9200580700342552,0.0,0.3917820156220056,0.0
1.66737961769104,4.250587819082014,1.5787655587324676,-1.011501539772653,1.9378957500346796,-0.8673723059914352,1.4835525292758633,0.0,50.0,20.0,1.0,0.0,0.0,0.0,-365.2321202454456,70.0,83.59394487692785,0.9121569358478621,0.0,0.40984109650526657,0.0
1.700767993927002,3.9931794275272106,0.8751726920803415,-1.1044829719819367,1.8870910788085082,-0.9800428586416948,1.4515327301799525,0.0,50.0,20.0,1.0,0.0,0.0,0.0,-363.94095632749645,70.0,85.07680017417351,0.9080836961035763,0.0,0.41878873059201055,0.0
1.717930793762207,4.738005496790571,0.3852388002261333,-0.32141359831979144,1.996825073555982,-1.1077760090245685,1.5112699660128974,0.0,50.0,20.0,1.0,0.0,0.0,0.0,-362.68235390507976,70.0,86.58090506526709,0.9039333353039175,0.0,0.42767338627314117,0.0
1.750852346420288,4.213284940601164,0.21127777398118963,-0.6999166965615908,1.9000945375815856,-1.1682754544250329,1.3938242341037024,0.0,50.0,20.0,1.0,0.0,0.0,0.0,-361.4573392063587,70.0,88.10452007250441,0.8997096196203961,0.0,0.43648894643796204,0.0
1.7845501899719238,4.703287001285145,-0.25255489082221455,0.04773224988516289,1.9152058837396333,-1.0046102939586885,1.563846492950799,0.0,50.0,20.0,1.0,0.0,0.0,0.0,-359.1116912789786,70.0,91.20304844422006,0.8910582235628038,0.0,0.45388901971858747,0.0
1.817291259765625,4.4699486200272,-0.3465102532726361,0.43745570908445175,1.9619038802754116,-0.953953820287928,1.762510828459679,0.0,50.0,20.0,1.0,0.0,0.0,0.0,-357.9926178574792,70.0,92.77422543878879,0.8866390882462017,0.0,0.46246202784006385,0.0
1.850862741470337,4.764601296305635,-0.1624123720059492,0.02908529432162138,1.8217279156014936,-1.1193407603673233,1.754964759404233,0.0,50.0,20.0,1.0,0.0,0.0,0.0,-356.9102487425916,70.0,94.35745120879169,0.8821636718636976,0.0,0.4709429435122247,0.0
1.883890151977539,4.429365465438614,-0.10906330401492964,0.31186192534412666,1.6908699606332536,-1.1305879475905287,1.595160184581058,0.0,50.0,20.0,1.0,0.0,0.0,0.0,-355.865108433237,70.0,95.95076299290585,0.8776367044714293,0.0,0.479326417970603,0.0
1.9012956619262695,5.063879986969842,-0.8314177439541053,-0.1214412415819281,1.7961002415173397,-1.2835820138960479,1.479756148960401,0.0,50.0,20.0,1.0,0.0,0.0,0.0,-354.857618061057,70.0,97.55217070494572,0.8730630827582113,0.0,0.4876072738636378,0.0
1.9345626831054688,5.318173136727763,-0.07645137259900836,-0.81766105450086,1.7897778267111324,-1.2060129826442494,1.6054768667837098,0.0,50.0,20.0,1.0,0.0,0.0,0.0,-352.9567553272434,70.0,100.77121211284368,0.8637962372202033,0.0,0.5038413049405719,0.0
1.9672348499298096,5.216596727294427,-0.8345714678185533,-1.4838160337966955,1.7838243975665888,-1.3811148985481754,1.685705106093954,0.0,50.0,20.0,1.0,0.0,0.0,0.0,-352.063710675294,70.0,102.38478163652306,0.8591135500138412,0.0,0.5117850214519915,0.0
2.000767946243286,4.605053982307672,-0.6734392964916943,-1.4800465182968428,1.7737681065735256,-1.3674278849536237,1.676438253287759,0.0,50.0,20.0,1.0,0.0,0.0,0.0,-351.20897355817476,70.0,103.99833021066425,0.8544052603692692,0.0,0.5196072084308696,0.0
2.034083843231201,5.030937956225581,-0.198447143561591,-1.9915885564795084,1.6957207524077766,-1.4600600247952449,1.5936604694709864,0.0,50.0,20.0,1.0,0.0,0.0,0.0,-350.3924570699868,70.0,105.60981808951624,0.8496769442278747,0.0,0.5273036036739946,0.0
2.0518360137939453,5.187533344380886,-0.2314086382468008,-1.9356389338087583,1.6889251184358698,-1.465126918215624,1.6905590990373236,0.0,50.0,20.0,1.0,0.0,0.0,0.0,-349.61397739745007,70.0,107.21721236184652,0.8449342803974563,0.0,0.5348701354620883,0.0
2.084096670150757,5.358530865604929,0.5376504231061745,-1.8475420766558253,1.5368202389810928,-1.4280802815372047,1.574773459649348,0.0,50.0,20.0,1.0,0.0,0.0,0.0,-348.169924033489,70.0,110.41165388672039,0.8354290697398541,0.0,0.5495982800497123,0.0
2.1175050735473633,4.865933654804849,0.5061232413673489,-1.7662454334948254,1.4034244234846094,-1.338037972830445,1.5589081831138594,0.0,50.0,20.0,1.0,0.0,0.0,0.0,-347.50352242611575,70.0,111.99471567763335,0.8306782900809635,0.0,0.5567527084695383,0.0
2.1507513523101807,4.611663125176381,0.004089229443165365,-1.2201520213915953,1.226102360931566,-1.261752258707394,1.7196853720994314,0.0,50.0,20.0,1.0,0.0,0.0,0.0,-346.8735085394627,70.0,113.5657223448786,0.8259366732841005,0.0,0.56376290382074,0.0
2.184096097946167,4.439330119922504,0.11811025626341753,-0.9467009614411612,1.276301557238632,-1.2674294246496336,1.5236516828891733,0.0,50.0,20.0,1.0,0.0,0.0,0.0,-346.2792584386631,70.0,115.12274951787208,0.8212102364258739,0.0,0.570625750899274,0.0
2.217369318008423,5.150304710868783,0.40918385350818354,-1.4602059686412323,1.2707559456925053,-1.1112879681301029,1.6130990005318906,0.0,50.0,20.0,1.0,0.0,0.0,0.0,-345.1951738834238,70.0,118.1873461495939,0.8118271178348445,0.0,0.5838978769853248,0.0
2.2507572174072266,4.41749767067536,1.1556648235541753,-0.9816340804822452,1.3779818941969597,-1.2717154345181119,1.7347701432334466,0.0,50.0,20.0,1.0,0.0,0.0,0.0,-344.70372492926373,70.0,119.69125608603078,0.8071825813097345,0.0,0.5903018553504248,0.0
2.2677807807922363,4.6378863381028,0.5059564358609816,-0.8970804414574847,1.4386362996353708,-1.0935347923566872,1.7660642655571128,0.0,50.0,20.0,1.0,0.0,0.0,0.0,-344.2448201670636,70.0,121.17387408682868,0.8025774913152354,0.0,0.5965478777383617,0.0
2.300724744796753,4.680374200006038,-0.024809813109968548,-0.7724282039811836,1.5686207367068945,-1.00437390183652,1.671736870342276,0.0,50.0,20.0,1.0,0.0,0.0,0.0,-343.8174971963359,70.0,122.6334847957737,0.7980179045742843,0.0,0.6026337394959467,0.0
2.3338375091552734,3.9429844347246936,-0.16852691190451408,-1.5098165268344312,1.4628143465795689,-1.166981290847214,1.72871797733234,0.0,50.0,20.0,1.0,0.0,0.0,0.0,-343.4207406410636,70.0,124.06842346328905,0.7935098504010866,0.0,0.6085574067550614,0.0
2.3673694133758545,4.20705832157981,-0.5733626461498328,-2.1108444833583535,1.4802401893621862,-1.1971995943981124,1.6683776284110488,0.0,50.0,20.0,1.0,0.0,0.0,0.0,-342.71463204787375,70.0,126.85789157359677,0.7846722514094762,0.0,0.6199108467094151,0.0
2.4007792472839355,4.252412662719166,0.12081264240644785,-1.9890803365819216,1.415757582186969,-1.2555155082749156,1.5434715825489338,0.0,50.0,20.0,1.0,0.0,0.0,0.0,-342.4030321787891,70.0,128.20936274209677,0.7803545260261622,0.0,0.6253373599190151,0.0
2.4178354740142822,4.768482821655307,-0.24569275120847195,-1.8096145688240992,1.5144529606074177,-1.0985750116058506,1.538428383109525,0.0,50.0,20.0,1.0,0.0,0.0,0.0,-342.1175139713147,70.0,129.53004814748653,0.7761119502124467,0.0,0.6305951480446331,0.0
2.450531005859375,5.339917521128107,-0.4180766026675979,-1.8423148126113553,1.6381799926101286,-1.0432518156614823,1.6155576172338106,0.0,50.0,20.0,1.0,0.0,0.0,0.0,-341.85687764592495,70.0,130.81856275997413,0.7719502485265027,0.0,0.6356829506915146,0.0
2.4842875003814697,5.393073633288215,-0.494380080686803,-1.9667910721697197,1.6143365153731624,-0.8683026576281928,1.5911544430667628,0.0,50.0,20.0,1.0,0.0,0.0,0.0,-341.40535475432,70.0,133.29383560243372,0.7638918915578509,0.0,0.6453442321832347,0.0
2.5173544883728027,5.397794407594401,-0.43235032469613127,-1.4958246498511654,1.4143560044041905,-0.766029802301849,1.556476234051692,0.0,50.0,20.0,1.0,0.0,0.0,0.0,-341.2119882452075,70.0,134.47812081173856,0.7600061815151947,0.0,0.6499158438280243,0.0
2.550697088241577,4.59796579638993,0.219347038058831,-1.6099321675598017,1.331713705476609,-0.9023131047152347,1.4470553061599556,0.0,50.0,20.0,1.0,0.0,0.0,0.0,-341.0385545299621,70.0,135.62528920358008,0.7562232170345603,0.0,0.6543137214042667,0.0
2.5838980674743652,4.762958460776003,0.7659275755480157,-1.163073205962054,1.3195784005584903,-0.8964750551479468,1.5449781090099592,0.0,50.0,20.0,1.0,0.0,0.0,0.0,-340.88380579816027,70.0,136.7342528690166,0.7525481616846307,0.0,0.6585372156112993,0.0
2.600804567337036,5.285482898548752,1.1308994957261853,-0.9168817770241167,1.126719074694431,-1.0068896897962831,1.4523191114901322,0.0,50.0,20.0,1.0,0.0,0.0,0.0,-340.7465005237114,70.0,137.80398254714362,0.7489860394321659,0.0,0.6625857776437086,0.0
2.6344878673553467,5.767781030779011,1.2340209756371525,-1.6270765188659317,0.9803082746988925,-0.9177018637507072,1.4549630864997796,0.0,50.0,20.0,1.0,0.0,0.0,0.0,-340.5193158801749,70.0,139.82191142445828,0.7422199423875032,0.0,0.6701563676652572,0.0
2.667382001876831,5.487668419956049,0.8849603593756526,-1.042512867205859,0.8719517722836269,-0.8698587376415371,1.6033502248640767,0.0,50.0,20.0,1.0,0.0,0.0,0.0,-340.4270297181533,70.0,140.76833767675222,0.7390252442347547,0.0,0.6736777333293428,0.0
2.7007675170898438,6.069196062410282,1.5567913355605327,-1.5949448890557383,1.0389661811306872,-0.6801011794621095,1.5137699137298637,0.0,50.0,20.0,1.0,0.0,0.0,0.0,-340.3473828149811,70.0,141.67198173776762,0.7359620175737073,0.0,0.6770228273026236,0.0
2.733795642852783,6.188395336914882,1.4458291115379949,-1.072794858869155,0.9588087960792029,-0.7293690320785204,1.5627097808920223,0.0,50.0,20.0,1.0,0.0,0.0,0.0,-340.2792380417932,70.0,142.53209303253948,0.7330344704291215,0.0,0.6801914915394762,0.0
2.7515060901641846,6.091333192847526,1.0592024217338585,-0.7441574413322671,1.0182040280195073,-0.5537603313798787,1.4486098397545042,0.0,50.0,20.0,1.0,0.0,0.0,0.0,-340.22149261962505,70.0,143.34797286953372,0.7302466265942839,0.0,0.6831836241799628,0.0
2.7838480472564697,6.370128790092659,1.2126629156608664,-0.003647682131452834,0.9512702611059376,-0.6836365213844523,1.5772298291462021,0.0,50.0,20.0,1.0,0.0,0.0,0.0,-340.13298464743355,70.0,144.84449376198017,0.7251051862937536,0.0,0.6886381261663493,0.0
2.8173365592956543,6.321196827034472,1.5445656761160877,0.2090791810786361,0.9406864294332435,-0.571114548010301,1.427148420903166,0.0,50.0,20.0,1.0,0.0,0.0,0.0,-340.1002238603432,70.0,145.52398310476207,0.7227586626780683,0.0,0.6911005104352118,0.0
2.8505280017852783,5.687468751349383,1.9725657729331423,0.46872876144492115,1.0590824820820068,-0.5465671280080414,1.5472127824105684,0.0,50.0,20.0,1.0,0.0,0.0,0.0,-340.0738730526123,70.0,146.15693438846515,0.7205659775882249,0.0,0.6933863799804015,0.0
2.883981943130493,6.328092041123548,2.313749369590905,0.7026212672891494,0.9418924874968685,-0.4684027163413213,1.632387429417372,0.0,50.0,20.0,1.0,0.0,0.0,0.0,-340.05305806303124,70.0,146.7428851036233,0.7185301486241781,0.0,0.6954958127250778,0.0
2.9174532890319824,5.5629975653275,2.3011667884701152,0.07881425180371238,0.9118996866199905,-0.5217717678017484,1.7647595042973785,0.0,50.0,20.0,1.0,0.0,0.0,0.0,-340.0248197507246,70.0,147.77214584748296,0.7149400469707828,0.0,0.6991857616094701,0.0
2.950800657272339,6.013528428144414,2.298325451544259,-0.504606185558624,1.098022475592112,-0.7092713842912507,1.699288435607199,0.0,50.0,20.0,1.0,0.0,0.0,0.0,-340.0159370818934,70.0,148.21473744561195,0.7133907153670702,0.0,0.700766499790094,0.0
2.967899799346924,5.279699264361054,2.114093010508004,0.07147067813706987,1.0306838894519847,-0.6302113142276013,1.8233305662583255,0.0,50.0,20.0,1.0,0.0,0.0,0.0,-340.00967642006094,70.0,148.60888879701056,0.7120081151327892,0.0,0.7021712355152786,0.0
3.0006906986236572,4.812348134265405,1.9243798738057414,-0.5633855928141723,0.9406056516075868,-0.7906292258659791,1.735716414803539,0.0,50.0,20.0,1.0,0.0,0.0,0.0,-340.00546722005765,70.0,148.95433556001845,0.7107941489629102,0.0,0.7034000837361994,0.0
3.0338990688323975,4.439746585836275,2.2290091123353677,0.0014232954210809945,0.8114085529147071,-0.6587198896954939,1.8240461093348896,0.0,50.0,20.0,1.0,0.0,0.0,0.0,-340.00280617447595,70.0,149.25084913363918,0.7097504873769402,0.0,0.7044531536363478,0.0
3.0673987865448,4.922499082801748,1.726615202615195,-0.6795801806264413,0.7346310025796863,-0.6246928825047102,1.7672080298057242,0.0,50.0,20.0,1.0,0.0,0.0,0.0,-340.0004610637132,70.0,149.69633483890144,0.7081795858435153,0.0,0.7060323464222493,0.0
3.100693941116333,5.0921835945215115,2.304438289659199,-0.9347227043679152,0.5858911758109191,-0.4400033887208312,1.7216722669433788,0.0,50.0,20.0,1.0,0.0,0.0,0.0,-340.0001200945775,70.0,149.84501967520677,0.7076545072448603,0.0,0.7065586305297203,0.0
3.1339504718780518,5.144438325009356,1.5480301281299453,-1.2681240141959427,0.43911827689386096,-0.46065019380670946,1.7518293703286965,0.0,50.0,20.0,1.0,0.0,0.0,0.0,-340.0000155708158,70.0,149.94419531458257,0.7073040530260569,0.0,0.7069094542958899,0.0
3.150634527206421,4.605753882955286,1.9875257301680824,-1.9049108949440594,0.30748627269238576,-0.4983430223321192,1.9361027912373967,0.0,50.0,20.0,1.0,0.0,0.0,0.0,-340.00000019227275,70.0,149.9937988262723,0.7071287053066354,0.0,0.7070848563866726,0.0
3.184506893157959,5.106260153697145,2.2063045478244367,-2.645598712612556,0.11996989379975118,-0.47666340834361676,2.087914490914683,0.0,50.0,20.0,1.0,0.0,0.0,0.0,-340.0000155708158,70.0,149.9441953145853,0.7073040530260473,0.0,0.7069094542958996,0.0
3.217268705368042,4.563927040425801,1.974931151970703,-3.155846405553718,0.24202529022081457,-0.3450832696880593,2.222431400069918,0.0,50.0,20.0,1.0,0.0,0.0,0.0,-340.0001200945775,70.0,149.84501967521132,0.7076545072448444,0.0,0.7065586305297363,0.0
3.2507379055023193,4.993766362958024,1.2430409837361787,-3.55233871494832,0.33488252984501854,-0.5175166086803797,2.304550480493125,0.0,50.0,20.0,1.0,0.0,0.0,0.0,-340.0004610637132,70.0,149.69633483890775,0.708179585843493,0.0,0.7060323464222718,0.0
3.284109592437744,5.307485924671093,1.9900210754322516,-3.7715648940600306,0.26816236583955877,-0.3278317725649949,2.270565377644649,0.0,50.0,20.0,1.0,0.0,0.0,0.0,-340.00125884545344,70.0,149.4982356070839,0.7088785664446207,0.0,0.7053305452306879,0.0
3.3006443977355957,4.73779855527744,1.8372998750612628,-4.2260969899490135,0.44934146416058945,-0.39414477320558394,2.4356905851119732,0.0,50.0,20.0,1.0,0.0,0.0,0.0,-340.00280617447584,70.0,149.2508491336491,0.7097504873769053,0.0,0.7044531536363831,0.0
3.334505558013916,4.308231769749333,1.6098678007434262,-3.9579529629067793,0.4800795877952302,-0.3203571419935831,2.5,0.0,50.0,20.0,1.0,0.0,0.0,0.0,-340.00967642006077,70.0,148.608888797024,0.712008115132742,0.0,0.7021712355153265,0.0
3.3674063682556152,4.238295290354303,1.9010162096327639,-3.9447989335258073,0.5110686471560882,-0.49154651235068575,2.316179647295114,0.0,50.0,20.0,1.0,0.0,0.0,0.0,-340.0159370818931,70.0,148.21473744562724,0.7133907153670167,0.0,0.7007664997901485,0.0
3.400749683380127,4.265427843102841,1.7753069261293724,-3.8831665951134786,0.33884292575124364,-0.5066894856494919,2.367540074610994,0.0,50.0,20.0,1.0,0.0,0.0,0.0,-340.0248197507242,70.0,147.77214584749998,0.7149400469707233,0.0,0.699185761609531,0.0
3.4341347217559814,4.707999927107748,2.100992318610813,-3.638303785811634,0.37272931091332445,-0.6428899291639352,2.4089368828679643,0.0,50.0,20.0,1.0,0.0,0.0,0.0,-340.0369603454338,70.0,147.2814152542876,0.7166539776827879,0.0,0.6974289040980722,0.0
3.4519026279449463,4.924822379755424,2.836165304683954,-3.973267068153342,0.2971196814868107,-0.8331071636191283,2.465323111461819,0.0,50.0,20.0,1.0,0.0,0.0,0.0,-340.05305806303056,70.0,146.74288510364386,0.7185301486241066,0.0,0.6954958127251517,0.0
3.484140634536743,4.246728901326607,2.1162995453690914,-4.75120125146754,0.15596543779323077,-0.6950952330965658,2.4457164787621015,0.0,50.0,20.0,1.0,0.0,0.0,0.0,-340.1002238603421,70.0,145.52398310478594,0.7227586626779857,0.0,0.6911005104352982,0.0
3.5173163414001465,3.973821496270846,2.697306915986876,-4.557165715607845,0.09069137949473427,-0.6003006985993886,2.385445338317368,0.0,50.0,20.0,1.0,0.0,0.0,0.0,-340.13298464743224,70.0,144.84449376200575,0.7251051862936654,0.0,0.6886381261664423,0.0
3.550769090652466,3.773312387855304,2.311149373014474,-4.374595679579986,0.2797844524804423,-0.6786922712774047,2.5,0.0,50.0,20.0,1.0,0.0,0.0,0.0,-340.1730821836548,70.0,144.1189729393018,0.7276023194736881,0.0,0.6859991725188225,0.0
3.584111452102661,3.405331241294533,2.165471892090453,-5.008452619675503,0.13213974736796968,-0.5493236743327127,2.5,0.0,50.0,20.0,1.0,0.0,0.0,0.0,-340.2214926196231,70.0,143.34797286956274,0.7302466265941845,0.0,0.683183624180069,0.0
3.61747407913208,3.987982296942508,1.8313038745445165,-5.096122472035181,0.08545169331621291,-0.3633035698237636,2.325197277697426,0.0,50.0,20.0,1.0,0.0,0.0,0.0,-340.3473828149784,70.0,141.67198173779988,0.7359620175735977,0.0,0.6770228273027428,0.0
3.650775671005249,4.613857135236435,1.1713584237247217,-5.61608122628402,0.12093773221072851,-0.5472372471077489,2.5,0.0,50.0,20.0,1.0,0.0,0.0,0.0,-340.42702971815015,70.0,140.76833767678605,0.7390252442346403,0.0,0.6736777333294683,0.0
3.667999744415283,4.263703214907875,0.8242723284329332,-4.939775616159678,0.08864910005486262,-0.3899630251718718,2.3318787644595744,0.0,50.0,20.0,1.0,0.0,0.0,0.0,-340.51931588017123,70.0,139.8219114244935,0.7422199423873846,0.0,0.6701563676653886,0.0
3.7007718086242676,4.841610851321121,1.1939274551558465,-5.542006579595479,-0.0040992840738103,-0.2754904341484377,2.2240084993373954,0.0,50.0,20.0,1.0,0.0,0.0,0.0,-340.6254085233486,70.0,138.8335068688224,0.7455417263010086,0.0,0.6664589517322969,0.0
3.7340941429138184,5.295676878335166,0.8934360889134505,-5.737551397580907,0.10455278423182682,-0.2326517247730039,2.22094523321129,0.0,50.0,20.0,1.0,0.0,0.0,0.0,-340.7465005237067,70.0,137.803982547182,0.7489860394320378,0.0,0.6625857776438534,0.0
3.7673850059509277,5.746204106837733,1.5176610272179176,-5.981355322422244,-0.0564848440282581,-0.18693994402888064,2.188299267810468,0.0,50.0,20.0,1.0,0.0,0.0,0.0,-341.0385545299561,70.0,135.62528920362115,0.7562232170344244,0.0,0.6543137214044237,0.0
3.800785541534424,5.702650899763624,1.1787356564059326,-6.238444258727769,-0.02938814493610495,-0.1698867642039963,2.0148465337391537,0.0,50.0,20.0,1.0,0.0,0.0,0.0,-341.2119882452008,70.0,134.47812081178122,0.7600061815150545,0.0,0.6499158438281883,0.0
3.8339083194732666,6.112250175452474,0.6124942915025466,-5.879652716011517,-0.04452894180874675,-0.3400413425366525,2.198606654240156,0.0,50.0,20.0,1.0,0.0,0.0,0.0,-341.40535475431255,70.0,133.29383560247766,0.7638918915577071,0.0,0.6453442321834049,0.0
3.850651741027832,6.138561603473712,1.0280843889119111,-6.08900196733867,-0.17993110621240563,-0.5355122056398491,2.2629104391094197,0.0,50.0,20.0,1.0,0.0,0.0,0.0,-341.6199029739389,70.0,132.07358069376923,0.76787505268185,0.0,0.6405996436689971,0.0
3.8845176696777344,6.188728951163337,1.6879807533731082,-6.136338573269878,-0.24365436462697165,-0.3712336247062492,2.333015317662836,0.0,50.0,20.0,1.0,0.0,0.0,0.0,-342.1175139713047,70.0,129.53004814753422,0.7761119502122932,0.0,0.6305951480448221,0.0
3.9174535274505615,5.963068321767778,2.3184269115801555,-6.096321164102965,-0.35451490695411525,-0.46471564013931693,2.184828293282236,0.0,50.0,20.0,1.0,0.0,0.0,0.0,-342.40303217877823,70.0,128.20936274214543,0.7803545260260062,0.0,0.6253373599192097,0.0
3.950727939605713,5.6789169502282855,2.6844754895129874,-5.634771419585297,-0.26883212160745357,-0.4325374313614496,2.322737822752089,0.0,50.0,20.0,1.0,0.0,0.0,0.0,-342.71463204786187,70.0,126.85789157364655,0.7846722514093175,0.0,0.6199108467096157,0.0
3.9839043617248535,5.937846836449829,1.8983499837121482,-5.557242598051134,-0.3780581608480238,-0.27650456801705064,2.4255084846388435,0.0,50.0,20.0,1.0,0.0,0.0,0.0,-343.0534874086949,70.0,125.47707814342013,0.789059319242159,0.0,0.6143170115804222,0.0
4.000780820846558,5.398178468123485,1.5122880916376,-5.622775941858067,-0.3429651579755676,-0.3287653465903252,2.417607262648404,0.0,50.0,20.0,1.0,0.0,0.0,0.0,-343.42074064104963,70.0,124.06842346334103,0.7935098504009228,0.0,0.6085574067552749,0.0
4.034437656402588,5.516919625855122,1.9051017637515326,-5.416496709225189,-0.3068769468100865,-0.16305543634156566,2.316489752665037,0.0,50.0,20.0,1.0,0.0,0.0,0.0,-344.2448201670474,70.0,121.17387408688242,0.802577491315068,0.0,0.596547877738587,0.0
4.0674662590026855,6.177722082317022,2.232469365784265,-5.517427624999679,-0.3336410905701207,-0.14842822033846897,2.1242205368562566,0.0,50.0,20.0,1.0,0.0,0.0,0.0,-344.70372492924633,70.0,119.69125608608539,0.8071825813095653,0.0,0.5903018553506562,0.0
4.100761890411377,6.720653616705226,2.742073821047182,-5.498173073515468,-0.4074528980850961,-0.2819211105202698,2.1862829745250254,0.0,50.0,20.0,1.0,0.0,0.0,0.0,-345.19517388340535,70.0,118.18734614964904,0.8118271178346748,0.0,0.5838978769855608,0.0
4.134116888046265,7.501252072204164,2.7412474913088714,-5.64746239190631,-0.5994655886098463,-0.4064587578610992,2.0268600439452196,0.0,50.0,20.0,1.0,0.0,0.0,0.0,-345.7200713203768,70.0,116.66390772503233,0.8165050283830703,0.0,0.5773383224983092,0.0
4.151888132095337,7.717310915681236,2.847557545883737,-6.367698852495512,-0.4729963387498885,-0.36873740534811406,2.0409873674230337,0.0,50.0,20.0,1.0,0.0,0.0,0.0,-346.279258438642,70.0,115.12274951792872,0.8212102364257013,0.0,0.5706257508995223,0.0
4.184083700180054,8.207627613515765,3.098069825774158,-6.26411475904205,-0.5459757243951597,-0.33237187586784567,1.94450741986035,0.0,50.0,20.0,1.0,0.0,0.0,0.0,-347.50352242609216,70.0,111.99471567769079,0.8306782900807905,0.0,0.5567527084697963,0.0
4.217423677444458,8.049412667052607,3.2524596452870034,-5.882667844404109,-0.5071909027384863,-0.4045467290266346,2.0183602350507632,0.0,50.0,20.0,1.0,0.0,0.0,0.0,-348.169924033464,70.0,110.41165388677848,0.8354290697396803,0.0,0.5495982800499765,0.0
4.250348806381226,7.266204164884554,4.008117588710947,-5.660221047296099,-0.6024856281286098,-0.27523507089445504,1.8862952719880868,0.0,50.0,20.0,1.0,0.0,0.0,0.0,-348.8732563129365,70.0,108.81849219622683,0.8401830389973758,0.0,0.5423029236332164,0.0
4.283585786819458,7.443388802324708,3.7016862269070536,-5.012685132494348,-0.48589764932732893,-0.10534756833867304,1.7645314299533013,0.0,50.0,20.0,1.0,0.0,0.0,0.0,-349.61397739742245,70.0,107.21721236190493,0.8449342803972836,0.0,0.5348701354623612,0.0
4.317270755767822,7.918053298911894,3.625171364849855,-5.001067568675357,-0.3661801037940526,-0.007831808427689213,1.6656966774038857,0.0,50.0,20.0,1.0,0.0,0.0,0.0,-351.2089735581442,70.0,103.99833021072322,0.8544052603690967,0.0,0.5196072084311535,0.0
4.350752115249634,7.5485725838560915,3.654335727197211,-5.585754613279172,-0.21850339979135697,-0.19619666833424632,1.5503348508443273,0.0,50.0,20.0,1.0,0.0,0.0,0.0,-352.06371067526203,70.0,102.38478163658205,0.8591135500136695,0.0,0.5117850214522796,0.0
4.367880344390869,7.677709412889666,3.9156925758343286,-6.048233234888299,-0.2939413144771669,-0.3012798618982464,1.572172648438626,0.0,50.0,20.0,1.0,0.0,0.0,0.0,-352.9567553272102,70.0,100.77121211290239,0.8637962372200333,0.0,0.5038413049408633,0.0
4.4004576206207275,6.9804051216752345,4.383396318293632,-6.42067276722386,-0.1772947310316884,-0.42603576993515324,1.5212690014046433,0.0,50.0,20.0,1.0,0.0,0.0,0.0,-353.88809540256693,70.0,99.15966280007007,0.8684478602654564,0.0,0.49578050990367734,0.0
4.4339094161987305,7.505171916303852,4.6745216824880815,-6.498712093289716,-0.3322059836388818,-0.34291416514266937,1.3534984965310355,0.0,50.0,20.0,1.0,0.0,0.0,0.0,-354.85761806102084,70.0,97.55217070500439,0.8730630827580433,0.0,0.48760727386393854,0.0
4.467368841171265,7.043555708892565,4.42166978479715,-6.791564079754688,-0.39229269566625147,-0.508610333331386,1.5272796633050802,0.0,50.0,20.0,1.0,0.0,0.0,0.0,-356.9102487425529,70.0,94.35745120884954,0.8821636718635337,0.0,0.47094294351253174,0.0
4.500892877578735,6.575513416502774,3.9079633272621925,-6.685994458355128,-0.42334179731138966,-0.39606044265120693,1.5221627663295763,0.0,50.0,20.0,1.0,0.0,0.0,0.0,-357.992617857439,70.0,92.77422543884647,0.8866390882460392,0.0,0.4624620278403756,0.0
4.518092393875122,6.55762531721822,4.103355633911152,-7.380011025568651,-0.42789199162293784,-0.3727445671533407,1.6824588040482584,0.0,50.0,20.0,1.0,0.0,0.0,0.0,-359.11169127893703,70.0,91.20304844427724,0.8910582235626434,0.0,0.45388901971890244,0.0
4.550696849822998,7.308491958412988,4.59519061553678,-7.617511477213991,-0.3232255868011974,-0.5505732330657068,1.6227629004014137,0.0,50.0,20.0,1.0,0.0,0.0,0.0,-360.2668415671919,70.0,89.64584980029358,0.8954165237466484,0.0,0.4452294341139946,0.0
4.584192752838135,7.716707391598931,5.310116000024092,-7.29835213270698,-0.19759411109420383,-0.6891376643603889,1.445879127573291,0.0,50.0,20.0,1.0,0.0,0.0,0.0,-362.68235390503435,70.0,86.58090506532241,0.9039333353037644,0.0,0.4276733862734647,0.0
4.617446422576904,7.511536302058583,4.548710050738665,-7.722336226416534,-0.10355809301643282,-0.7951629942988484,1.4566048687357065,0.0,50.0,20.0,1.0,0.0,0.0,0.0,-363.94095632745,70.0,85.07680017422791,0.9080836961034265,0.0,0.4187887305923353,0.0
4.650291681289673,7.572509080388906,4.384454032191635,-7.234697190241349,0.006687168172189839,-0.6009742866297538,1.5039181631485259,0.0,50.0,20.0,1.0,0.0,0.0,0.0,-365.2321202453978,70.0,83.59394487698164,0.9121569358477146,0.0,0.4098410965055947,0.0
4.684121370315552,7.796027862604791,4.135021805920548,-6.575761467644323,-0.19230562802885354,-0.5365605251216881,1.41712286121798,0.0,50.0,20.0,1.0,0.0,0.0,0.0,-366.5547251011586,70.0,82.13401739432618,0.9161495036446666,0.0,0.400836733560724,0.0
4.700735807418823,8.152059831132586,4.724795532835078,-6.188510611970605,-0.05102808142963716,-0.5702288384039043,1.2226542705481513,0.0,50.0,20.0,1.0,0.0,0.0,0.0,-367.90755896648744,70.0,80.6986295530203,0.920058070034114,0.0,0.39178201562233744,0.0
4.734473705291748,8.127618833989732,4.396294798634941,-6.02421589495909,-0.2470349350778975,-0.7600776514821812,1.3614375260490592,0.0,50.0,20.0,1.0,0.0,0.0,0.0,-370.69862955296446,70.0,77.90755896654109,0.9276110203998735,0.0,0.37354758041339986,0.0
4.767390012741089,8.888886258989855,4.218864681618054,-6.569779536117024,-0.3913675914746767,-0.6701939944263694,1.4122299772097988,0.0,50.0,20.0,1.0,0.0,0.0,0.0,-372.13401739426934,70.0,76.55472510121115,0.9312498990571458,0.0,0.3643811541587404,0.0
4.8002729415893555,8.402342656942778,4.336607525760731,-7.116473726960793,-0.23405664845188462,-0.815854726602669,1.2214633366299124,0.0,50.0,20.0,1.0,0.0,0.0,0.0,-373.59394487692407,70.0,75.23212024544895,0.9347937733921612,0.0,0.3551909362965851,0.0
4.833916187286377,7.968068312698278,4.718676937069138,-7.540508065970852,-0.08361466247748561,-0.8144746508998157,1.4027821337668347,0.0,50.0,20.0,1.0,0.0,0.0,0.0,-375.07680017416953,70.0,73.94095632749985,0.9382404906858905,0.0,0.3459837881136908,0.0
4.851668834686279,7.522193228557516,4.395424504599967,-7.914416724876893,-0.2797594941419669,-0.6616371599113473,1.305738248115587,0.0,50.0,20.0,1.0,0.0,0.0,0.0,-376.580905065263,70.0,72.68235390508312,0.9415881427007162,0.0,0.3367666395672463,0.0
4.884092330932617,7.207634349217304,4.842888480591508,-7.419018601007635,-0.3958778061649877,-0.7017697557319756,1.1093402620090809,0.0,50.0,20.0,1.0,0.0,0.0,0.0,-379.645849800233,70.0,70.26684156723776,0.9479798479734742,0.0,0.3183303438822457,0.0
4.917292833328247,6.777989147926055,4.64772522632033,-7.771575247820572,-0.5640376775122746,-0.7282012012509147,1.032663895496962,0.0,50.0,20.0,1.0,0.0,0.0,0.0,-381.2030484442158,70.0,69.11169127898167,0.951021316062417,0.0,0.30912530856419435,0.0
4.9507975578308105,6.800976022621465,3.9481109819603666,-7.305740032132372,-0.5221200602300415,-0.8487047715619854,0.9251558379097105,0.0,50.0,20.0,1.0,0.0,0.0,0.0,-382.7742254387846,70.0,67.9926178574822,0.9539585476909304,0.0,0.2999384758369806,0.0
4.9841413497924805,7.544950948213835,4.004951763886996,-6.904063122439713,-0.46441437786256035,-0.856976869736847,0.9227305223072054,0.0,50.0,20.0,1.0,0.0,0.0,0.0,-384.35745120878744,70.0,66.91024874259445,0.9567908634006848,0.0,0.29077696558182226,0.0
5.017335414886475,8.025187027801605,4.4395125072241,-6.636570230136686,-0.41193956872484555,-0.7120233957533146,0.8721659902283687,0.0,50.0,20.0,1.0,0.0,0.0,0.0,-387.55217070494143,70.0,64.85761806105967,0.9621392361268205,0.0,0.2725584163171233,0.0
5.050702095031738,8.455100895808657,3.8892477974508495,-7.433314926562533,-0.49018016434934836,-0.6062046529172984,0.7646097685951951,0.0,50.0,20.0,1.0,0.0,0.0,0.0,-389.15966280000714,70.0,63.888095402604065,0.9646551316335696,0.0,0.26351561056798956,0.0
5.067784547805786,8.43403655987824,3.320428613644637,-6.855371839889672,-0.5318244994804703,-0.7090126127392903,0.9282928213596917,0.0,50.0,20.0,1.0,0.0,0.0,0.0,-390.7712121128393,70.0,62.956755327245844,0.9670657802671806,0.0,0.25452657353649594,0.0
5.100741386413574,8.501642508336786,3.7100720035220585,-6.359876052718061,-0.4311311698778438,-0.6595010272307971,1.09486624816165,0.0,50.0,20.0,1.0,0.0,0.0,0.0,-392.3847816365187,70.0,62.063710675296306,0.9693716762024349,0.0,0.24559835784565334,0.0
5.134117603302002,9.183670607986398,3.2398653322640802,-6.891635253080215,-0.6142566301670025,-0.5819149338841317,1.225627340542843,0.0,50.0,20.0,1.0,0.0,0.0,0.0,-393.9983302106599,70.0,61.208973558176965,0.971573534123442,0.0,0.23673797285371195,0.0
5.167545318603516,9.922523497353025,3.5557260698259783,-7.06982031628888,-0.5188510119832596,-0.4099421000077885,1.291332255152338,0.0,50.0,20.0,1.0,0.0,0.0,0.0,-397.2172123618422,70.0,59.613977397452146,0.9756690591654218,0.0,0.2192484594866307,0.0
5.200387239456177,9.84884582497731,3.48838188034873,-7.847081396296012,-0.5855856743896249,-0.373403638586007,1.4489815085252096,0.0,50.0,20.0,1.0,0.0,0.0,0.0,-398.81849219616413,70.0,58.87325631296481,0.9775651990712312,0.0,0.21063304955496437,0.0
5.217848539352417,10.055018019605011,3.1402750077134325,-8.094123274052022,-0.461808293908617,-0.3666263078982102,1.3803457065349876,0.0,50.0,20.0,1.0,0.0,0.0,0.0,-400.41165388671635,70.0,58.169924033490744,0.9793622311650303,0.0,0.20211288966182667,0.0
5.250753402709961,9.28876793546854,2.677998507694361,-8.412692905587797,-0.2874959379455716,-0.47858573854360836,1.397138051883127,0.0,50.0,20.0,1.0,0.0,0.0,0.0,-401.99471567762913,70.0,57.5035224261175,0.9810618675034783,0.0,0.1936946362979302,0.0
5.284398794174194,9.536352138508018,2.103386573383035,-9.11941671688936,-0.39325756854037136,-0.5200348244257951,1.2418101196027436,0.0,50.0,20.0,1.0,0.0,0.0,0.0,-405.12274951786793,70.0,56.27925843866461,0.9841766649370818,0.0,0.17718998897602284,0.0
5.3173370361328125,8.881368975091611,1.536094644040773,-8.636467118273961,-0.5304756156332691,-0.6356232142270182,1.1922820218136538,0.0,50.0,20.0,1.0,0.0,0.0,0.0,-406.66390772497243,70.0,55.72007132039796,0.98559608531995,0.0,0.16911639956547633,0.0
5.350872278213501,8.225310539012728,2.2700114574754497,-7.949029042620685,-0.3496438076994138,-0.7497733610805617,1.1839548164410707,0.0,50.0,20.0,1.0,0.0,0.0,0.0,-408.1873461495898,70.0,55.1951738834252,0.9869266085088971,0.0,0.16117031183541836,0.0
5.3841142654418945,9.006424638893224,2.6828705938537674,-8.421955603844102,-0.2694104929860769,-0.8344586807852878,1.1940580602629989,0.0,50.0,20.0,1.0,0.0,0.0,0.0,-409.6912560860268,70.0,54.70372492926499,0.9881707217650577,0.0,0.15335783203450992,0.0
5.400672674179077,9.743622500077553,2.082628283148189,-7.741575266826309,-0.34356606792036615,-1.0214655254749263,1.3101948792232145,0.0,50.0,20.0,1.0,0.0,0.0,0.0,-411.17387408682487,70.0,54.24482016706472,0.9893310361879265,0.0,0.14568493688547082,0.0
5.434565305709839,10.461227606511862,2.7475394694608894,-8.33694893645161,-0.33448008878544355,-1.033072774432235,1.1401405598940042,0.0,50.0,20.0,1.0,0.0,0.0,0.0,-414.0684234632852,70.0,53.42074064106464,0.9914112652147326,0.0,0.13078112709914688,0.0
5.467517852783203,9.868271604095245,2.64734726887716,-7.777209559160006,-0.3845255395649068,-0.9031452976707244,0.9784859542978033,0.0,50.0,20.0,1.0,0.0,0.0,0.0,-415.47707814336536,70.0,53.05348740870876,0.992336920081308,0.0,0.12356147070808021,0.0
5.500823497772217,10.236437138415791,3.279111017292148,-7.3284014049307,-0.24344625377433565,-0.7881377699932847,1.0815668230124074,0.0,50.0,20.0,1.0,0.0,0.0,0.0,-416.8578915735931,70.0,52.7146320478746,0.9931902334198757,0.0,0.11650390654125291,0.0
5.533977508544922,10.887376184248822,3.1434533868939427,-7.773539128361913,-0.4080728972999867,-0.7774551256110538,1.0176397240176738,0.0,50.0,20.0,1.0,0.0,0.0,0.0,-418.20936274209316,70.0,52.403032178789886,0.9939742648107397,0.0,0.10961368935470339,0.0
5.55154824256897,10.708930794516316,3.6709874765430195,-8.284072949005155,-0.3939386478600212,-0.6981089927353683,0.8920320163394047,0.0,50.0,20.0,1.0,0.0,0.0,0.0,-419.530048147483,70.0,52.117513971315404,0.9946921283208302,0.0,0.10289591758946018,0.0
5.583983421325684,10.997478076663114,4.31184607683524,-8.644055003030088,-0.23525975493380374,-0.8765849800138967,1.0077890282097162,0.0,50.0,20.0,1.0,0.0,0.0,0.0,-422.0735806937208,70.0,51.61990297394772,0.9959420089193253,0.0,0.08999730479152465,0.0
5.617604732513428,10.41905871227605,3.806537880447906,-8.855054988741685,-0.3363190640716867,-0.9070777347098817,1.1712813301937575,0.0,50.0,20.0,1.0,0.0,0.0,0.0,-423.2938356024305,70.0,51.405354754320555,0.9964804193903648,0.0,0.08382585383760052,0.0
5.6503729820251465,9.764581987524735,4.128270217848646,-8.456130237860565,-0.49441104241302414,-0.9383159737180973,1.303187381033963,0.0,50.0,20.0,1.0,0.0,0.0,0.0,-424.47812081173544,70.0,51.211988245208005,0.9969654250644603,0.0,0.07784562432173085,0.0
5.683867931365967,9.156657259398038,3.6625762972972478,-8.479318815747336,-0.6160392377389783,-0.8983858687599398,1.1299265530108884,0.0,50.0,20.0,1.0,0.0,0.0,0.0,-425.62528920357704,70.0,51.038554529962525,0.9974002342842052,0.0,0.07206089542749668,0.0
5.717513561248779,8.962165257390344,3.4396726816816705,-7.686017336879559,-0.7549391791187541,-1.0419924497361432,1.3215945552201478,0.0,50.0,20.0,1.0,0.0,0.0,0.0,-427.8039825471408,70.0,50.74650052371173,0.9981320039861667,0.0,0.06109421100692522,0.0
5.750812530517578,8.595170327116229,2.7060853106431297,-7.859164739718998,-0.8183045148592566,-0.8808507766584464,1.1830890488668473,0.0,50.0,20.0,1.0,0.0,0.0,0.0,-428.83350686878293,70.0,50.625408523353,0.9984352544773422,0.0,0.05591996617278134,0.0
5.76793909072876,9.115758285746578,3.3129511661567017,-7.693313693809169,-0.752043707935799,-0.68771083001355,1.3577800027354066,0.0,50.0,20.0,1.0,0.0,0.0,0.0,-429.82191142445566,70.0,50.51931588017514,0.99870086642554,0.0,0.050956642362656776,0.0
5.800862550735474,9.275043458413586,3.0523285276732572,-7.4363996342305505,-0.6058265079414537,-0.5746356374193212,1.2436092196848538,0.0,50.0,20.0,1.0,0.0,0.0,0.0,-430.76833767674975,70.0,50.42702971815352,0.9989318552379999,0.0,0.046207668094891095,0.0
5.834006309509277,9.660292472485873,2.455519701847915,-7.350767617384935,-0.6749228917066288,-0.7524836599943983,1.3296439600040553,0.0,50.0,20.0,1.0,0.0,0.0,0.0,-431.6719817377653,70.0,50.3473828149813,0.999131165525875,0.0,0.041676301118339275,0.0
5.867398738861084,9.941468180199454,2.1687966275472403,-6.8632821444782675,-0.49038853567565577,-0.5753253819022952,1.4379199257186013,0.0,50.0,20.0,1.0,0.0,0.0,0.0,-433.3479728695316,70.0,50.22149261962518,0.9994461150566718,0.0,0.0332785681501759,0.0
5.900737524032593,9.279835153685191,1.9658094371814743,-7.379795503500305,-0.6288793502928256,-0.5303030878906736,1.2892428626130217,0.0,50.0,20.0,1.0,0.0,0.0,0.0,-434.11897293927245,70.0,50.17308218365655,0.999567200883321,0.0,0.029417867330633042,0.0
5.934070825576782,9.586180718784046,1.5410669307609965,-7.389513199042751,-0.7034999487525609,-0.6510898657499321,1.096291480464831,0.0,50.0,20.0,1.0,0.0,0.0,0.0,-434.84449376197824,70.0,50.13298464743366,0.9996674830976706,0.0,0.025786105506034683,0.0
5.950808525085449,9.982494355103881,1.5280258564500724,-7.617738416279854,-0.874484002313766,-0.6903157754703022,1.1931514793215583,0.0,50.0,20.0,1.0,0.0,0.0,0.0,-435.5239831047603,70.0,50.10022386034326,0.999749408951205,0.0,0.02238569413076879,0.0
5.9844653606414795,9.864886271349752,1.7313233372160923,-7.093234008992612,-1.037325009064083,-0.8463055268618968,1.1596804457930872,0.0,50.0,20.0,1.0,0.0,0.0,0.0,-436.74288510362186,70.0,50.0530580630313,0.9998673460438857,0.0,0.016287735114389666,0.0
6.017286539077759,9.257675834972009,2.1396758168775607,-6.768187753326847,-0.8540888059425942,-0.6888119481684678,0.9793239304482064,0.0,50.0,20.0,1.0,0.0,0.0,0.0,-437.2814152542675,70.0,50.03696034543432,0.9999075948670599,0.0,0.013594179900663486,0.0
6.050822973251343,8.843301995085822,2.4752267335874683,-7.086128367077982,-0.8692076414486647,-0.878602194279212,1.0053938819920776,0.0,50.0,20.0,1.0,0.0,0.0,0.0,-437.7721458474817,70.0,50.02481975072459,0.9999379486980065,0.0,0.01113996201173853,0.0
6.083996534347534,8.108685696391685,2.8664256477195593,-6.36028737586906,-1.033072267563715,-0.6905363233493307,1.168256793978665,0.0,50.0,20.0,1.0,0.0,0.0,0.0,-438.2147374456108,70.0,50.01593708189341,0.9999601565015143,0.0,0.00892666844164644,0.0
6.100346326828003,7.645468970119603,2.727943832896824,-7.005667318221865,-1.1636814019950639,-0.6071797137869328,1.1323054897401765,0.0,50.0,20.0,1.0,0.0,0.0,0.0,-438.60888879700957,70.0,50.009676420060956,0.9999758086572371,0.0,0.006955724283262484,0.0
6.134600400924683,8.34436674167834,2.402059961086008,-6.368494904484934,-1.035217276096116,-0.6971789232101158,1.3150214897825347,0.0,50.0,20.0,1.0,0.0,0.0,0.0,-439.25084913363844,70.0,50.00280617447592,0.9999929845392018,0.0,0.0037457806101848746,0.0
6.167394161224365,8.581034233100521,2.445217246661028,-6.312965070684984,-1.1546129832836132,-0.5030877425460809,1.4990590296393589,0.0,50.0,20.0,1.0,0.0,0.0,0.0,-439.4982356070752,70.0,50.001258845453506,0.999996852881414,0.0,0.002508829860209103,0.0
6.200994491577148,7.945931517968745,3.0815649109006458,-6.178547103191149,-1.1274125510949549,-0.4068932821669228,1.2997071383252001,0.0,50.0,20.0,1.0,0.0,0.0,0.0,-439.69633483890095,70.0,50.00046106371323,0.9999988473400526,0.0,0.0015183275556104945,0.0
6.234238624572754,7.3097319282527495,2.938224994601555,-5.4662597083047295,-1.2092350764652233,-0.2598458396924934,1.17046835458015,0.0,50.0,20.0,1.0,0.0,0.0,0.0,-439.84501967520646,70.0,50.00012009457748,0.9999996997635112,0.0,0.0007749018566216255,0.0
6.251910924911499,7.167897580947003,2.81707875800127,-4.681380504311262,-1.2925559273702494,-0.20684620856058084,1.2819449791543482,0.0,50.0,20.0,1.0,0.0,0.0,0.0,-439.9441953145824,70.0,50.000015570815776,0.9999999610729597,0.0,0.0002790234379496802,0.0
6.28414249420166,7.495733887119579,3.329046825641531,-4.139431612341172,-1.2732812247227099,-0.24361064426777312,1.157291398543066,0.0,50.0,20.0,1.0,0.0,0.0,0.0,-439.99379882627323,70.0,50.00000019227278,0.9999999995193181,0.0,3.100586864862066e-05,0.0
6.317380666732788,8.02618422079277,3.754729770049315,-4.368883208651278,-1.103455057124321,-0.07946677378854977,1.2886016594251624,0.0,50.0,20.0,1.0,0.0,0.0,0.0,-439.9441953145855,70.0,50.000015570815776,0.9999999610729597,0.0,0.0002790234379341156,0.0
6.350628614425659,7.995704151862188,4.055217159198991,-4.029143315266737,-1.0686496926064275,0.017097410339135866,1.2421102014771546,0.0,50.0,20.0,1.0,0.0,0.0,0.0,-439.84501967521163,70.0,50.00012009457747,0.9999996997635112,0.0,0.000774901856595728,0.0
6.384227514266968,8.22716773930766,3.702154087071557,-4.070811898172937,-1.2277301938008807,0.004046248664243857,1.323501538531751,0.0,50.0,20.0,1.0,0.0,0.0,0.0,-439.69633483890823,70.0,50.0004610637132,0.9999988473400527,0.0,0.0015183275555742644,0.0
6.417494058609009,7.75102135966776,3.5538392206633107,-4.486651909856652,-1.4127574043749784,0.011065047671476924,1.2583962901993098,0.0,50.0,20.0,1.0,0.0,0.0,0.0,-439.2508491336498,70.0,50.00280617447585,0.999992984539202,0.0,0.003745780610127848,0.0
6.450778245925903,7.209714083486353,3.123418125539748,-3.9018822964887283,-1.5044080795207873,-0.18149564578706,1.1552934073512247,0.0,50.0,20.0,1.0,0.0,0.0,0.0,-438.954335560031,70.0,50.005467220057554,0.999986331856447,0.0,0.005228393662280111,0.0
6.467864513397217,6.8698627767110345,2.620952390205578,-4.218846951423836,-1.677234800282118,0.01274893652176562,1.0900549834761863,0.0,50.0,20.0,1.0,0.0,0.0,0.0,-438.60888879702503,70.0,50.00967642006073,0.9999758086572377,0.0,0.006955724283185185,0.0
6.500744819641113,6.762763614411417,2.514787556492656,-3.488260547215174,-1.4810670997022837,0.07418937010822829,1.045272895167327,0.0,50.0,20.0,1.0,0.0,0.0,0.0,-438.2147374456284,70.0,50.0159370818931,0.999960156501515,0.0,0.008926668441558679,0.0
6.53415322303772,6.0653451720744815,1.7283941826486862,-3.5064736488071326,-1.321428762608421,-0.05307969871304993,0.9696695748709734,0.0,50.0,20.0,1.0,0.0,0.0,0.0,-437.7721458475012,70.0,50.02481975072416,0.9999379486980076,0.0,0.011139962011641009,0.0
6.567249536514282,5.889973958326699,2.3792087647451297,-3.3608100743954363,-1.4887540268399124,0.06559387078980203,1.1287851522436154,0.0,50.0,20.0,1.0,0.0,0.0,0.0,-436.7428851036454,70.0,50.05305806303055,0.9998673460438876,0.0,0.016287735114272096,0.0
6.600733757019043,5.687080361455066,2.3129998080553165,-3.43775871799469,-1.3793825280265926,0.04977876865629974,1.1735754111047934,0.0,50.0,20.0,1.0,0.0,0.0,0.0,-436.1569343884891,70.0,50.07387305261139,0.999815300311484,0.0,0.019218877778293855,0.0
6.6178882122039795,5.063295049656974,1.9258768974568483,-4.1221415838804525,-1.4237815473286504,-0.048650163031834295,1.1993861141420532,0.0,50.0,20.0,1.0,0.0,0.0,0.0,-435.5239831047877,70.0,50.10022386034204,0.999749408951208,0.0,0.022385694130631534,0.0
6.650576114654541,4.264413068422843,1.7279384741297197,-4.10396216789974,-1.395421705524252,-0.08571337949905548,1.0231066135664584,0.0,50.0,20.0,1.0,0.0,0.0,0.0,-434.84449376200763,70.0,50.13298464743215,0.9996674830976745,0.0,0.025786105505887717,0.0
6.684700965881348,3.666093332386041,2.3604286376265113,-4.675575952170318,-1.3082075191790627,0.020743628053616694,0.9043334526433779,0.0,50.0,20.0,1.0,0.0,0.0,0.0,-433.3479728695648,70.0,50.221492619622964,0.9994461150566774,0.0,0.03327856815000984,0.0
6.717400789260864,3.2801423327302515,2.8606002131654105,-4.767726649008657,-1.2527687314075708,0.12478619045066015,0.7932879941630397,0.0,50.0,20.0,1.0,0.0,0.0,0.0,-432.5320930325723,70.0,50.27923804179069,0.9993016610568836,0.0,0.03736562871080147,0.0
6.7507548332214355,2.549042703826714,2.3434639571230336,-4.153817277230525,-1.19920443173045,0.14380009411413475,0.7398626807354877,0.0,50.0,20.0,1.0,0.0,0.0,0.0,-431.67198173780224,70.0,50.347382814978204,0.9991311655258828,0.0,0.04167630111815389,0.0
6.784086227416992,2.541215012910385,2.3069945260283014,-4.00412953942329,-1.1975076821304882,0.02771158086874631,0.8651290654790145,0.0,50.0,20.0,1.0,0.0,0.0,0.0,-430.7683376767885,70.0,50.427029718149925,0.9989318552380089,0.0,0.04620766809469646,0.0
6.800771951675415,3.0209746451390713,2.8265381298816856,-4.386944478389739,-1.1749445801497258,-0.0318853062557482,0.711378164417952,0.0,50.0,20.0,1.0,0.0,0.0,0.0,-429.8219114244961,70.0,50.51931588017101,0.9987008664255503,0.0,0.05095664236245383,0.0
6.834636926651001,2.6586448877607314,2.4861809628547205,-4.03137990008195,-1.2855116352270135,0.047676591507085864,0.5348588010351047,0.0,50.0,20.0,1.0,0.0,0.0,0.0,-427.80398254718483,70.0,50.74650052370633,0.9981320039861804,0.0,0.061094211006703855,0.0
6.867178678512573,3.1130228287958968,1.8751838714022835,-4.244247282605784,-1.221264999603446,-0.13137693776328527,0.5033212826380479,0.0,50.0,20.0,1.0,0.0,0.0,0.0,-426.7342528690592,70.0,50.88380579815458,0.9977880391191444,0.0,0.06647577747400098,0.0
6.900737762451172,2.8657643696792316,2.647460439380804,-4.337272180857157,-1.2696595705905325,-0.2757438353511692,0.3510938533429167,0.0,50.0,20.0,1.0,0.0,0.0,0.0,-425.62528920362416,70.0,51.038554529955675,0.9974002342842223,0.0,0.07206089542725908,0.0
6.933858871459961,2.584767854833501,2.3508421136827353,-3.8167543113621125,-1.2751638561037495,-0.15259831856315575,0.412826984458332,0.0,50.0,20.0,1.0,0.0,0.0,0.0,-424.4781208117844,70.0,51.21198824520033,0.9969654250644795,0.0,0.07784562432148415,0.0
6.951871395111084,2.7367240513416573,1.7518951097629873,-4.469975988612382,-1.1798361401849577,-0.014335660134878914,0.6067691788522005,0.0,50.0,20.0,1.0,0.0,0.0,0.0,-423.2938356024807,70.0,51.40535475431204,0.9964804193903861,0.0,0.08382585383734659,0.0
6.984216690063477,3.533588426493822,2.4758560429967167,-4.16844214834062,-1.3127788710828607,0.053728821583816644,0.5464009196009129,0.0,50.0,20.0,1.0,0.0,0.0,0.0,-420.818562760024,70.0,51.856877645915176,0.9953469805903989,0.0,0.09635553035283395,0.0
7.017473459243774,5.220536983142537,3.759373862447447,-2.3714992299813034,1.5175290040828449,-0.902574847763824,0.910185159429485,0.0,50.0,20.0,1.0,0.0,0.0,0.0,-419.53004814753774,70.0,52.11751397130395,0.994692128320859,0.0,0.10289591758918215,0.0
7.05084753036499,5.635039893599911,3.8719518884841357,-1.8224372699621112,1.4748366053602857,-0.9850990824427273,1.0654285929042986,0.0,50.0,20.0,1.0,0.0,0.0,0.0,-418.20936274214904,70.0,52.40303217877742,0.9939742648107711,0.0,0.10961368935441902,0.0
7.08413553237915,6.018932260364207,4.2798345233140385,-2.2475427494118376,1.3550108750960834,-0.9229543677349178,1.196696197325058,0.0,50.0,20.0,1.0,0.0,0.0,0.0,-416.85789157365025,70.0,52.714632047861016,0.9931902334199099,0.0,0.1165039065409614,0.0
7.117483615875244,6.324977516326841,3.676213304812551,-1.8058731304501625,1.1757241102021625,-0.9067580807812514,1.2153913792045494,0.0,50.0,20.0,1.0,0.0,0.0,0.0,-414.06842346334463,70.0,53.42074064104868,0.9914112652147729,0.0,0.1307811270988418,0.0
7.150414228439331,6.355670801107714,3.1223678312838103,-1.7338487766155914,1.2419198438913335,-0.8120266194483392,1.0430384584705157,0.0,50.0,20.0,1.0,0.0,0.0,0.0,-412.63348479583027,70.0,53.817497196319806,0.9904102756021874,0.0,0.13815746806307308,0.0
7.167617321014404,6.138363522161842,2.3952082695681307,-1.0213819694366888,1.1367125753549658,-0.9916064945930385,1.0973826443761938,0.0,50.0,20.0,1.0,0.0,0.0,0.0,-411.17387408688637,70.0,54.244820167046214,0.9893310361879734,0.0,0.14568493688515316,0.0
7.201001405715942,6.0386983844523545,1.8613440303184494,-0.4434595868675668,1.3145935376580726,-0.9074452480178156,1.2806408183553366,0.0,50.0,20.0,1.0,0.0,0.0,0.0,-409.6912560860894,70.0,54.70372492924507,0.9881707217651081,0.0,0.1533578320341852,0.0
7.234039545059204,5.659192597896868,1.335643946113072,-1.0830451248789696,1.168811206249177,-0.8658495746559496,1.1554870810275963,0.0,50.0,20.0,1.0,0.0,0.0,0.0,-408.1873461496531,70.0,55.19517388340397,0.986926608508951,0.0,0.16117031183508904,0.0
7.267405033111572,6.22623739607183,2.0941660909142543,-0.9697085636870583,1.3612280638953045,-0.8947777780645457,1.16354058126166,0.0,50.0,20.0,1.0,0.0,0.0,0.0,-405.1227495179329,70.0,56.27925843864044,0.9841766649371432,0.0,0.17718998897568167,0.0
7.3006651401519775,5.854586450649573,2.228266392394797,-1.0172772772385659,1.552980639915671,-1.0443159781488518,1.0868058041793813,0.0,50.0,20.0,1.0,0.0,0.0,0.0,-403.5657223449398,70.0,56.87350853943879,0.982665994782971,0.0,0.185384850236458,0.0
7.317812442779541,5.366239625231543,1.838368299381432,-0.9957964193303815,1.6408192899604717,-0.9510180687274227,1.105845309473663,0.0,50.0,20.0,1.0,0.0,0.0,0.0,-401.994715677695,70.0,57.5035224260904,0.9810618675035474,0.0,0.19369463629758063,0.0
7.350732088088989,5.4807813269566905,1.6902937029839231,-1.3745542025273876,1.7202697850191608,-1.024222203809837,1.1819643572228742,0.0,50.0,20.0,1.0,0.0,0.0,0.0,-400.41165388678274,70.0,58.169924033462124,0.9793622311651033,0.0,0.20211288966147267,0.0
7.384474515914917,5.091366282077988,1.7335628805767798,-1.8747714814417236,1.8899482694442162,-1.0620994932075833,1.2549636174532202,0.0,50.0,20.0,1.0,0.0,0.0,0.0,-397.2172123619092,70.0,59.6139773974204,0.9756690591655031,0.0,0.21924845948626875,0.0
7.417212724685669,4.927942813273776,1.76996560273126,-2.001680037761786,2.0383362997597585,-1.0048674450776613,1.37687015075382,0.0,50.0,20.0,1.0,0.0,0.0,0.0,-395.60981808957916,70.0,60.39245706995561,0.9736722829834594,0.0,0.22795237517906683,0.0
7.450674772262573,5.4496979648039146,1.129381327747386,-2.212355723873868,2.1732209697673706,-1.060840721072915,1.448384544511502,0.0,50.0,20.0,1.0,0.0,0.0,0.0,-393.99833021072754,70.0,61.208973558141935,0.9715735341235322,0.0,0.23673797285334192,0.0
7.484109878540039,5.64552323056618,1.2939325370068753,-1.7861106095801027,2.1617296266883193,-0.9554340747245652,1.5004948891613001,0.0,50.0,20.0,1.0,0.0,0.0,0.0,-392.3847816365862,70.0,62.0637106752598,0.9693716762025292,0.0,0.2455983578452816,0.0
7.500779867172241,5.360703349614711,0.6736655429349674,-1.0349949011694384,2.2936370285075878,-0.8926052863575449,1.3987458231994463,0.0,50.0,20.0,1.0,0.0,0.0,0.0,-390.7712121129067,70.0,62.95675532720773,0.9670657802672791,0.0,0.2545265735361215,0.0
7.534463882446289,5.784834035400831,0.32571657570736834,-1.4713708215564518,2.2928977533265953,-0.7535296451880302,1.5692589007113922,0.0,50.0,20.0,1.0,0.0,0.0,0.0,-387.5521707050087,70.0,64.8576180610182,0.9621392361269282,0.0,0.2725584163167431,0.0
7.567434072494507,5.506398129071319,-0.4377068776286025,-1.0897908512054182,2.2922208171514264,-0.5896048759319479,1.606853351105801,0.0,50.0,20.0,1.0,0.0,0.0,0.0,-385.9507629929683,70.0,65.8651084331969,0.959517825698937,0.0,0.2816479046007345,0.0
7.600748538970947,5.212961253506225,-0.39852022235437956,-1.878808059048246,2.1110094241537567,-0.6680439962685895,1.4808785008653962,0.0,50.0,20.0,1.0,0.0,0.0,0.0,-384.35745120885383,70.0,66.91024874254998,0.9567908634008009,0.0,0.29077696558143995,0.0
7.634332895278931,5.000127776397501,0.3159374455319899,-1.8314887893904863,2.0536650397526035,-0.6082427350108233,1.559743196311779,0.0,50.0,20.0,1.0,0.0,0.0,0.0,-382.7742254388507,70.0,67.99261785743603,0.9539585476910514,0.0,0.29993847583659583,0.0
7.651546001434326,5.386027051975363,0.9914665168621191,-2.5149757186114474,2.0446320830356854,-0.7439213082875142,1.5178293565478775,0.0,50.0,20.0,1.0,0.0,0.0,0.0,-381.2030484442812,70.0,69.11169127893415,0.9510213160625419,0.0,0.30912530856380993,0.0
7.684069871902466,5.521178457857938,0.8691075382188614,-2.0022140041361607,1.926307683738639,-0.8566668079410511,1.5970732708882638,0.0,50.0,20.0,1.0,0.0,0.0,0.0,-378.1045200725646,70.0,71.45733920631133,0.9448350670717315,0.0,0.32754647919273483,0.0
7.7174835205078125,5.003944706316035,0.9875639528355281,-1.620030946228983,2.035185063212168,-0.8672855249430946,1.4522618404467345,0.0,50.0,20.0,1.0,0.0,0.0,0.0,-376.5809050653265,70.0,72.68235390503104,0.9415881427008546,0.0,0.33676663956685965,0.0
7.750748872756958,4.250587819082014,1.5787655587324676,-1.011501539772653,1.9378957500346796,-0.8673723059914352,1.4835525292758633,0.0,50.0,20.0,1.0,0.0,0.0,0.0,-375.07680017423195,70.0,73.94095632744656,0.9382404906860325,0.0,0.34598378811330566,0.0
7.784129619598389,3.9931794275272106,0.8751726920803415,-1.1044829719819367,1.8870910788085082,-0.9800428586416948,1.4515327301799525,0.0,50.0,20.0,1.0,0.0,0.0,0.0,-373.5939448769856,70.0,75.23212024539433,0.9347937733923073,0.0,0.35519093629620063,0.0
