# Timestamp, Fx, Fy, Fz, Tx, Ty, Tz, FemurPosX, FemurPosY, FemurPosZ, FemurQuatW, FemurQuatX, FemurQuatY, FemurQuatZ, TibiaPosX, TibiaPosY, TibiaPosZ, TibiaQuatW, TibiaQuatX, TibiaQuatY, TibiaQuatZ
0.017829418182373047,-10.644470278191923,1.436509756097304,-13.0,-0.16114672574074967,-1.102032404752203,1.1383974697364563,0.0,50.0,20.0,1.0,0.0,0.0,0.0,-346.873508539466,70.0,113.56572234487018,0.825936673284126,0.0,0.5637629038207027,0.0
0.05017423629760742,-10.790327316430607,0.92090970695962,-13.0,-0.2679843704863104,-1.1918706251704907,1.181538917749747,0.0,50.0,20.0,1.0,0.0,0.0,0.0,-345.7200713203994,70.0,116.66390772496827,0.8165050283832663,0.0,0.5773383224980317,0.0
0.08315777778625488,-11.056275718675387,1.0565302411674997,-13.0,-0.29446400067507583,-1.281950990341169,1.0444557888697374,0.0,50.0,20.0,1.0,0.0,0.0,0.0,-345.1951738834266,70.0,118.18734614958574,0.8118271178348696,0.0,0.5838978769852898,0.0
0.11690735816955566,-11.082806833029611,1.5100328962409317,-13.0,-0.11617714009750352,-1.3277818417112415,1.033117330664835,0.0,50.0,20.0,1.0,0.0,0.0,0.0,-344.7037249292663,70.0,119.69125608602276,0.8071825813097593,0.0,0.5903018553503909,0.0
0.15008187294006348,-11.278788465882698,1.4379184073177917,-13.0,-0.08264732487365303,-1.1414879650093561,1.1631971454371108,0.0,50.0,20.0,1.0,0.0,0.0,0.0,-344.244820167066,70.0,121.17387408682072,0.8025774913152601,0.0,0.5965478777383284,0.0
0.1710646152496338,1.1277256184677853,4.150522095587817,-5.796034282953125,1.0566167403969393,-0.7118222932864994,1.3069933954268316,0.0,50.0,20.0,1.0,0.0,0.0,0.0,-343.8174971963381,70.0,122.6334847957661,0.7980179045743081,0.0,0.602633739495915,0.0
0.2012481689453125,1.115920864231056,4.620963304825326,-5.530188494325802,1.1518020253544092,-0.8539651451258503,1.1781540340085086,0.0,50.0,20.0,1.0,0.0,0.0,0.0,-343.05348740870966,70.0,125.47707814336184,0.7890593192423437,0.0,0.614317011580185,0.0
0.23443937301635742,1.0864480632657156,4.457730962757906,-6.101471608138299,1.01761164881319,-0.9287482304858032,1.328090609232874,0.0,50.0,20.0,1.0,0.0,0.0,0.0,-342.71463204787545,70.0,126.85789157358948,0.7846722514094994,0.0,0.6199108467093856,0.0
0.267014741897583,1.1508895528098053,3.8073565408687813,-5.92949152309169,0.8595553061541736,-0.7887023235132931,1.426032855605691,0.0,50.0,20.0,1.0,0.0,0.0,0.0,-342.4030321787907,70.0,128.20936274208958,0.7803545260261852,0.0,0.6253373599189863,0.0
0.3003242015838623,0.9212231224094459,4.259576377366236,-6.083420545514226,0.9143286760696832,-0.9724794822625396,1.4667559702568163,0.0,50.0,20.0,1.0,0.0,0.0,0.0,-342.11751397131616,70.0,129.53004814747953,0.7761119502124693,0.0,0.6305951480446053,0.0
0.32292604446411133,0.23724974052082015,3.8312485235409586,-6.2495541247723185,0.7720082709866126,-1.163581623250967,1.5,0.0,50.0,20.0,1.0,0.0,0.0,0.0,-341.85687764592626,70.0,130.81856275996728,0.7719502485265249,0.0,0.6356829506914877,0.0
0.3670215606689453,-0.1329405147410886,3.8874660522509084,-6.407508941707387,0.6230588436379099,-1.1602135329674546,1.5,0.0,50.0,20.0,1.0,0.0,0.0,0.0,-341.4053547543211,70.0,133.2938356024274,0.7638918915578715,0.0,0.6453442321832101,0.0
0.38466906547546387,-0.4542969140013406,4.1726621444969165,-6.466073114965263,0.4844213521719294,-1.2489857218471523,1.5,0.0,50.0,20.0,1.0,0.0,0.0,0.0,-341.2119882452085,70.0,134.47812081173248,0.7600061815152148,0.0,0.6499158438280008,0.0
0.417877197265625,-0.09323895282640743,3.5456883948207514,-6.702598109085684,0.6565907032261293,-1.1144282769635467,1.5,0.0,50.0,20.0,1.0,0.0,0.0,0.0,-341.038554529963,70.0,135.62528920357397,0.7562232170345804,0.0,0.6543137214042435,0.0
0.45037412643432617,0.29981515092303207,3.2307799893287337,-6.945831508946527,0.711621325645961,-1.0669097893986055,1.5,0.0,50.0,20.0,1.0,0.0,0.0,0.0,-340.88380579816106,70.0,136.73425286901073,0.7525481616846502,0.0,0.6585372156112771,0.0
0.4748494625091553,-0.36723274689728885,2.966092773770651,-6.455623891669456,0.5786921942721177,-0.8926937802941448,1.4985956307615187,0.0,50.0,20.0,1.0,0.0,0.0,0.0,-340.7465005237121,70.0,137.803982547138,0.7489860394321847,0.0,0.6625857776436873,0.0
0.5171041488647461,-0.6755174864429503,3.091461753652766,-6.569255658425147,0.6288660728757585,-0.9786122636971331,1.5,0.0,50.0,20.0,1.0,0.0,0.0,0.0,-340.5193158801754,70.0,139.8219114244532,0.7422199423875204,0.0,0.6701563676652382,0.0
0.5500860214233398,-1.3575059579666227,2.406952594415894,-7.335202812900341,0.5347332934161254,-0.8611336654493615,1.5,0.0,50.0,20.0,1.0,0.0,0.0,0.0,-340.42702971815373,70.0,140.7683376767474,0.7390252442347711,0.0,0.6736777333293248,0.0
0.5837814807891846,-1.3811674731728034,3.1033290984766273,-7.97951264980048,0.5224093694216254,-0.9551372026540732,1.430162744013067,0.0,50.0,20.0,1.0,0.0,0.0,0.0,-340.3473828149815,70.0,141.67198173776302,0.735962017573723,0.0,0.6770228273026065,0.0
0.6011624336242676,-2.072023705511351,3.6916607690956624,-7.28091586052815,0.6749050452806842,-1.1384471181719868,1.3610392813587797,0.0,50.0,20.0,1.0,0.0,0.0,0.0,-340.3473828149815,70.0,141.67198173776302,0.735962017573723,0.0,0.6770228273026065,0.0
0.6333000659942627,-1.7755271338860432,3.408143716778972,-6.6471503032305215,0.8061317938875325,-1.0097027382068302,1.1819800428353342,0.0,50.0,20.0,1.0,0.0,0.0,0.0,-340.2792380417935,70.0,142.532093032535,0.7330344704291368,0.0,0.6801914915394597,0.0
0.6668329238891602,-2.1298290845916905,3.1360304443615243,-5.976120145573545,0.6087071251368632,-1.037884870259432,1.2689195291704713,0.0,50.0,20.0,1.0,0.0,0.0,0.0,-340.1730821836567,70.0,144.11897293927046,0.7276023194737959,0.0,0.6859991725187081,0.0
0.6999919414520264,-1.687787217773032,3.763670721484016,-6.003445170007911,0.44154774563091004,-1.1142836782094605,1.2933034575552718,0.0,50.0,20.0,1.0,0.0,0.0,0.0,-340.1329846474338,70.0,144.84449376197625,0.7251051862937671,0.0,0.6886381261663351,0.0
0.7334108352661133,-1.7601455427846169,4.136507671085471,-5.573568203830363,0.26091424041464695,-1.0908924973007992,1.1390068106222446,0.0,50.0,20.0,1.0,0.0,0.0,0.0,-340.10022386034336,70.0,145.5239831047586,0.7227586626780802,0.0,0.6911005104351993,0.0
0.7501547336578369,-2.1699182503500465,4.016270968119788,-4.997974525712743,0.22034440517018394,-0.9954998712097685,1.03626291524038,0.0,50.0,20.0,1.0,0.0,0.0,0.0,-340.07387305261244,70.0,146.15693438846196,0.7205659775882359,0.0,0.69338637998039,0.0
0.783623456954956,-2.8356071101183153,4.019266409662868,-5.2115107853437665,0.06002165760560629,-0.8779955169203452,1.1766517337144826,0.0,50.0,20.0,1.0,0.0,0.0,0.0,-340.03696034543435,70.0,147.28141525426614,0.7166539776828629,0.0,0.6974289040979952,0.0
0.8167493343353271,-2.2791934624390393,4.746293848624552,-5.141200444829249,0.22050731086637237,-0.8716742991406876,1.0104024484018255,0.0,50.0,20.0,1.0,0.0,0.0,0.0,-340.02481975072465,70.0,147.77214584748043,0.7149400469707917,0.0,0.6991857616094611,0.0
0.8500974178314209,-3.065580838920551,4.741867796983289,-4.407795695217839,0.21357342096160992,-0.7613666126815001,1.041426705900956,0.0,50.0,20.0,1.0,0.0,0.0,0.0,-340.0159370818934,70.0,148.2147374456097,0.7133907153670782,0.0,0.7007664997900859,0.0
0.8833725452423096,-3.832043378390715,4.906054279231201,-3.663122884514566,0.06127324938922196,-0.8132225450749431,0.9786507184650801,0.0,50.0,20.0,1.0,0.0,0.0,0.0,-340.00967642006094,70.0,148.6088887970085,0.7120081151327964,0.0,0.7021712355152713,0.0
0.901296854019165,-4.217618041235452,4.268416712186144,-3.0003857822379034,-0.06558811113847465,-0.8624901517732831,1.0060419415923068,0.0,50.0,20.0,1.0,0.0,0.0,0.0,-340.0054672200577,70.0,148.95433556001677,0.710794148962916,0.0,0.7034000837361933,0.0
0.933415412902832,-4.8843814284838025,4.523603466252774,-3.422301276485772,0.015098323216259785,-0.7465980776644825,1.1967191544406872,0.0,50.0,20.0,1.0,0.0,0.0,0.0,-340.0012588454535,70.0,149.49823560707458,0.7088785664446536,0.0,0.7053305452306549,0.0
0.9665811061859131,-4.277424251993288,5.11297598562342,-3.313890413179719,0.066687956593975,-0.7971800694914242,1.0123594397459987,0.0,50.0,20.0,1.0,0.0,0.0,0.0,-340.00046106371326,70.0,149.69633483890053,0.7081795858435185,0.0,0.7060323464222461,0.0
0.9995598793029785,-3.6722279880396225,5.337326457794333,-2.680045345684608,-0.06275182827526835,-0.7089076970610471,0.873302887313518,0.0,50.0,20.0,1.0,0.0,0.0,0.0,-340.0001200945775,70.0,149.84501967520612,0.7076545072448627,0.0,0.706558630529718,0.0
1.0329713821411133,-3.3366384652805734,5.89780614198996,-3.4512274455578664,-0.01277001507402506,-0.6322571485404416,0.7584622429007751,0.0,50.0,20.0,1.0,0.0,0.0,0.0,-340.0000155708158,70.0,149.94419531458217,0.7073040530260584,0.0,0.7069094542958885,0.0
1.0662808418273926,-2.690346456906347,6.54022959687593,-2.9039526659051074,-0.19593897994607243,-0.8036903429177897,0.6126634070917736,0.0,50.0,20.0,1.0,0.0,0.0,0.0,-340.00000019227275,70.0,149.9937988262733,0.707128705306632,0.0,0.7070848563866762,0.0
1.0995538234710693,-3.027044771265375,6.938493140841582,-3.6525925892040867,-0.09494930267783849,-0.7321381781566048,0.4632107724663767,0.0,50.0,20.0,1.0,0.0,0.0,0.0,-340.0000155708158,70.0,149.9441953145857,0.7073040530260459,0.0,0.7069094542959009,0.0
1.1164343357086182,-2.8622831728302485,7.306921119767026,-3.7997709985855517,-0.08997227674434247,-0.7649065807408013,0.44673764884612643,0.0,50.0,20.0,1.0,0.0,0.0,0.0,-340.0001200945775,70.0,149.84501967521194,0.707654507244842,0.0,0.7065586305297387,0.0
1.1494717597961426,-2.8015619448181144,6.57954223556061,-3.630042344571072,-0.27435588405676703,-0.8006297792487527,0.5443738656697503,0.0,50.0,20.0,1.0,0.0,0.0,0.0,-340.0004610637132,70.0,149.69633483890868,0.7081795858434897,0.0,0.706032346422275,0.0
1.1829617023468018,-2.3859254624227346,6.174758344339404,-3.9884181145377537,-0.2627158164173574,-0.6502468487928086,0.6960419511745684,0.0,50.0,20.0,1.0,0.0,0.0,0.0,-340.00125884545344,70.0,149.4982356070851,0.7088785664446164,0.0,0.7053305452306922,0.0
1.2162442207336426,-2.652501398510866,6.160279588092389,-4.424420914979405,-0.3794761908994184,-0.6824108677520464,0.6333957943632724,0.0,50.0,20.0,1.0,0.0,0.0,0.0,-340.00546722005754,70.0,148.9543355600319,0.7107941489628629,0.0,0.7034000837362472,0.0
1.249502420425415,-2.9617726946006733,6.538694557891684,-4.895189620961607,-0.3787909876829342,-0.6373444844407483,0.49585943052544534,0.0,50.0,20.0,1.0,0.0,0.0,0.0,-340.0096764200607,70.0,148.60888879702594,0.7120081151327352,0.0,0.7021712355153333,0.0
1.2827420234680176,-2.9541640872339707,6.1066754022073315,-5.002083121401222,-0.2058950633715803,-0.7027837323735001,0.48328423317042074,0.0,50.0,20.0,1.0,0.0,0.0,0.0,-340.01593708189307,70.0,148.21473744562942,0.713390715367009,0.0,0.7007664997901563,0.0
1.3000915050506592,-2.9474289735482326,5.32969276262632,-4.786444051030836,-0.19660639116229017,-0.6568592139263221,0.3060920880308202,0.0,50.0,20.0,1.0,0.0,0.0,0.0,-340.02481975072413,70.0,147.77214584750246,0.7149400469707147,0.0,0.6991857616095398,0.0
1.3330810070037842,-3.486763949592796,5.145387292898684,-5.486467993249676,-0.07541368220392541,-0.6511742415082028,0.34235185530630124,0.0,50.0,20.0,1.0,0.0,0.0,0.0,-340.0530580630305,70.0,146.7428851036469,0.7185301486240959,0.0,0.6954958127251627,0.0
1.3661866188049316,-3.413205514338758,4.351354597399447,-4.880602820175255,-0.16532064054298024,-0.6057213712591647,0.2930675871593371,0.0,50.0,20.0,1.0,0.0,0.0,0.0,-340.07387305261136,70.0,146.15693438849073,0.7205659775881361,0.0,0.6933863799804938,0.0
1.399641752243042,-3.6358800590548324,3.946364271955237,-5.314689683280709,0.03010755057549569,-0.4549690749496991,0.4579654016796828,0.0,50.0,20.0,1.0,0.0,0.0,0.0,-340.10022386034194,70.0,145.52398310478958,0.7227586626779731,0.0,0.6911005104353114,0.0
1.432929277420044,-2.9029083336900716,3.383823086754023,-5.565046020652318,0.01355698611609979,-0.5182357390526475,0.3940858935368443,0.0,50.0,20.0,1.0,0.0,0.0,0.0,-340.13298464743207,70.0,144.84449376200942,0.7251051862936528,0.0,0.6886381261664555,0.0
1.4495818614959717,-3.3867394507887383,3.408465797524456,-5.926284440507296,0.043513832827842686,-0.6179237616806389,0.5480595061776825,0.0,50.0,20.0,1.0,0.0,0.0,0.0,-340.17308218365457,70.0,144.11897293930573,0.7276023194736746,0.0,0.6859991725188367,0.0
1.4830780029296875,-2.973146599744315,3.4864463099439345,-5.788580084386784,-0.0507010022508205,-0.7800813552401525,0.4849201732432894,0.0,50.0,20.0,1.0,0.0,0.0,0.0,-340.27923804179056,70.0,142.53209303257452,0.733034470429002,0.0,0.680191491539605,0.0
1.5162534713745117,-2.980937899932556,3.0444632078617087,-6.125124177512238,0.022573325531350247,-0.8355855293686472,0.44861924549731724,0.0,50.0,20.0,1.0,0.0,0.0,0.0,-340.347382814978,70.0,141.6719817378046,0.7359620175735817,0.0,0.6770228273027602,0.0
1.5495855808258057,-3.0593744184675415,2.6994105589703787,-5.5086743399268245,0.2096916191478028,-0.7308374985197952,0.32062428951159216,0.0,50.0,20.0,1.0,0.0,0.0,0.0,-340.4270297181497,70.0,140.76833767679102,0.7390252442346235,0.0,0.6736777333294868,0.0
1.5830233097076416,-2.776553093213832,2.2102043508648515,-5.8033868934724016,0.09234963216834084,-0.9023301409971954,0.1660264646432625,0.0,50.0,20.0,1.0,0.0,0.0,0.0,-340.5193158801707,70.0,139.8219114244988,0.7422199423873667,0.0,0.6701563676654084,0.0
1.6011698246002197,-2.672527274335016,1.8041881856942314,-5.955672820725976,-0.017468894411967334,-1.0097856383727337,0.36383184310203187,0.0,50.0,20.0,1.0,0.0,0.0,0.0,-340.62540852334797,70.0,138.8335068688277,0.7455417263009908,0.0,0.6664589517323167,0.0
1.633411169052124,-3.2612860955377974,1.948672331521106,-5.199025758281078,-0.14776290084022006,-1.2084827209805777,0.3065363530787708,0.0,50.0,20.0,1.0,0.0,0.0,0.0,-340.8838057981542,70.0,136.73425286906212,0.7525481616844795,0.0,0.6585372156114722,0.0
1.6662085056304932,-3.3769039769560103,2.537135157730793,-4.894559733849262,-0.13120407620547758,-1.2676249764663985,0.4941185129420746,0.0,50.0,20.0,1.0,0.0,0.0,0.0,-341.03855452995526,70.0,135.62528920362723,0.7562232170344044,0.0,0.6543137214044469,0.0
1.6997089385986328,-3.8508922224233113,3.250553210005446,-5.397202626611067,0.018072846674847376,-1.2191604822326187,0.36056057211866704,0.0,50.0,20.0,1.0,0.0,0.0,0.0,-341.21198824519985,70.0,134.4781208117875,0.7600061815150339,0.0,0.6499158438282124,0.0
1.7329649925231934,-4.253304810019566,2.75445486396192,-5.857090306415049,-0.01048274552698697,-1.0985787538769496,0.5062951199852505,0.0,50.0,20.0,1.0,0.0,0.0,0.0,-341.4053547543115,70.0,133.29383560248414,0.7638918915576859,0.0,0.64534423218343,0.0
1.7663178443908691,-4.774204791314638,2.8608279276,-5.433632270739169,-0.16136691925470784,-0.9919430622602554,0.6656619273525402,0.0,50.0,20.0,1.0,0.0,0.0,0.0,-341.85687764591455,70.0,130.81856276002728,0.7719502485263307,0.0,0.6356829506917236,0.0
1.8000764846801758,-4.1617380992275566,3.2921429433386233,-5.676163342501624,-0.3107245165861076,-0.8637383952810372,0.6828643951576064,0.0,50.0,20.0,1.0,0.0,0.0,0.0,-342.11751397130325,70.0,129.53004814754104,0.7761119502122711,0.0,0.6305951480448492,0.0
1.816317081451416,-4.887197231327079,3.5407978933124657,-6.283209044620721,-0.30881928220675126,-0.9496962731659457,0.7822318602302252,0.0,50.0,20.0,1.0,0.0,0.0,0.0,-342.4030321787766,70.0,128.20936274215262,0.7803545260259832,0.0,0.6253373599192384,0.0
1.8496088981628418,-5.3957882918802325,2.978423192368437,-6.612962365089333,-0.3105259913375812,-0.9811033257773959,0.7154908226665837,0.0,50.0,20.0,1.0,0.0,0.0,0.0,-342.71463204786016,70.0,126.85789157365389,0.7846722514092942,0.0,0.6199108467096454,0.0
1.882702112197876,-6.059955079700828,3.3648179846920736,-7.094935330104358,-0.13728234594192823,-1.0324395165753277,0.6719512389476137,0.0,50.0,20.0,1.0,0.0,0.0,0.0,-343.053487408693,70.0,125.47707814342763,0.7890593192421352,0.0,0.6143170115804528,0.0
1.9163851737976074,-5.887414554763719,3.086770501539051,-7.599813645407135,-0.2867940151134214,-1.1913221066831134,0.8536154305993323,0.0,50.0,20.0,1.0,0.0,0.0,0.0,-343.81749719631864,70.0,122.63348479583436,0.7980179045740943,0.0,0.6026337394961984,0.0
1.9494612216949463,-5.732499633081528,2.6534788304442007,-7.767665334315001,-0.3383040294847595,-1.3395324771493315,0.7880901057617374,0.0,50.0,20.0,1.0,0.0,0.0,0.0,-344.2448201670451,70.0,121.17387408689012,0.802577491315044,0.0,0.5965478777386192,0.0
1.9669198989868164,-5.700054356815577,3.160531662145916,-7.975477072342579,-0.3777363036249337,-1.302108019166753,0.9582325541490653,0.0,50.0,20.0,1.0,0.0,0.0,0.0,-344.7037249292439,70.0,119.6912560860932,0.8071825813095411,0.0,0.5903018553506892,0.0
2.0000312328338623,-5.486897614269805,3.606556098043753,-8.354075991484734,-0.32976222318801696,-1.479206983349915,0.9380251676640214,0.0,50.0,20.0,1.0,0.0,0.0,0.0,-345.1951738834026,70.0,118.18734614965717,0.8118271178346497,0.0,0.5838978769855957,0.0
2.0331220626831055,-5.911683985150326,2.880561561834886,-7.6808914363915255,-0.38595887937718526,-1.5,0.9634482190964648,0.0,50.0,20.0,1.0,0.0,0.0,0.0,-346.27925843863886,70.0,115.12274951793707,0.821210236425676,0.0,0.5706257508995588,0.0
2.066343307495117,-5.245553746695644,3.6278845250169383,-8.06451200177994,-0.33117199302141004,-1.5,0.8425839320900801,0.0,50.0,20.0,1.0,0.0,0.0,0.0,-346.87350853943707,70.0,113.56572234494419,0.825936673283902,0.0,0.5637629038210309,0.0
2.0995137691497803,-4.539237773844674,3.528651751177177,-8.516432322068964,-0.453897751880265,-1.5,1.0393818549135971,0.0,50.0,20.0,1.0,0.0,0.0,0.0,-347.5035224260886,70.0,111.9947156776995,0.8306782900807643,0.0,0.5567527084698354,0.0
2.132908582687378,-4.432437024030802,3.2433060462706074,-8.223960848348986,-0.6533366232910671,-1.5,1.1853019164561274,0.0,50.0,20.0,1.0,0.0,0.0,0.0,-348.16992403346035,70.0,110.41165388678681,0.8354290697396554,0.0,0.5495982800500144,0.0
2.1495566368103027,-4.17416212944104,3.63454970920133,-7.779948700838421,-0.7894578279086746,-1.5,1.3069543039084588,0.0,50.0,20.0,1.0,0.0,0.0,0.0,-348.8732563129327,70.0,108.81849219623521,0.8401830389973508,0.0,0.542302923633255,0.0
2.1830761432647705,-4.766914327351918,4.096212041220833,-7.2315660994895765,-0.8416708643446109,-1.4255166393945515,1.1410607905569994,0.0,50.0,20.0,1.0,0.0,0.0,0.0,-350.3924570699535,70.0,105.60981808958353,0.8496769442276767,0.0,0.5273036036743136,0.0
2.2161834239959717,-4.760809703658596,4.623507834060498,-7.573660318138615,-0.9573053757619554,-1.5,1.1175284572605644,0.0,50.0,20.0,1.0,0.0,0.0,0.0,-351.2089735581397,70.0,103.9983302107319,0.8544052603690713,0.0,0.5196072084311951,0.0
2.2496166229248047,-4.264511482990384,5.323439283860685,-6.9968116812492305,-0.8113103392144636,-1.5,1.0405978416157553,0.0,50.0,20.0,1.0,0.0,0.0,0.0,-352.0637106752573,70.0,102.38478163659073,0.8591135500136442,0.0,0.511785021452322,0.0
2.282925605773926,-3.677450496434842,4.555328238501564,-7.75596599654353,-0.9003580280101611,-1.5,0.9054946233336009,0.0,50.0,20.0,1.0,0.0,0.0,0.0,-352.9567553272054,70.0,100.77121211291085,0.8637962372200089,0.0,0.5038413049409052,0.0
2.301077365875244,-3.8807508355946565,4.454441112466123,-7.06231361819022,-0.9274786772451041,-1.4598473036531945,0.7585114543246365,0.0,50.0,20.0,1.0,0.0,0.0,0.0,-353.88809540256193,70.0,99.1596628000785,0.8684478602654321,0.0,0.49578050990371986,0.0
2.3328468799591064,-4.4938498873440285,3.700015528265704,-7.4300929324338805,-0.8176306139529803,-1.484687101639463,0.7248002254402288,0.0,50.0,20.0,1.0,0.0,0.0,0.0,-355.8651084331941,70.0,95.95076299297261,0.877636704471239,0.0,0.47932641797095127,0.0
2.3661673069000244,-4.995963613999326,3.0897566729645667,-7.2010460614478315,-0.6493856921516803,-1.296468624680005,0.809648276087321,0.0,50.0,20.0,1.0,0.0,0.0,0.0,-356.91024874254714,70.0,94.35745120885808,0.8821636718635094,0.0,0.47094294351257715,0.0
2.3996150493621826,-5.721435173069934,3.725198480887249,-7.543769964352479,-0.5572881011046066,-1.41816405633133,0.776995843004116,0.0,50.0,20.0,1.0,0.0,0.0,0.0,-357.99261785743306,70.0,92.77422543885496,0.8866390882460152,0.0,0.46246202784042145,0.0
2.4329257011413574,-5.088616022459729,3.954212710928043,-7.672168773976862,-0.5837688211381713,-1.5,0.7176057141578773,0.0,50.0,20.0,1.0,0.0,0.0,0.0,-359.11169127893095,70.0,91.20304844428566,0.8910582235626198,0.0,0.4538890197189488,0.0
2.466313123703003,-5.83064162304463,3.357180608640776,-7.414764285543205,-0.45971903770005634,-1.5,0.7619979837084436,0.0,50.0,20.0,1.0,0.0,0.0,0.0,-361.45733920630823,70.0,88.10452007256848,0.8997096196202181,0.0,0.436488946438329,0.0
2.499988079071045,-5.789073939775022,3.724159084591906,-6.8713645322705945,-0.4761664710358173,-1.5,0.5943761934421455,0.0,50.0,20.0,1.0,0.0,0.0,0.0,-362.68235390502787,70.0,86.58090506533037,0.9039333353037425,0.0,0.4276733862735111,0.0
2.5164637565612793,-5.917976264225385,4.486876348959386,-7.227123222619509,-0.5437105683878242,-1.5,0.41195352269726937,0.0,50.0,20.0,1.0,0.0,0.0,0.0,-363.94095632744313,70.0,85.07680017423597,0.9080836961034044,0.0,0.4187887305923833,0.0
2.5496256351470947,-5.580979246242873,4.093406636225054,-7.481752839073585,-0.4857988116364493,-1.5,0.44623057517455655,0.0,50.0,20.0,1.0,0.0,0.0,0.0,-365.2321202453908,70.0,83.59394487698957,0.912156935847693,0.0,0.40984109650564304,0.0
2.5828630924224854,-5.455419807854786,4.887623876775747,-7.418705677622961,-0.2916202136832328,-1.5,0.30793650279251733,0.0,50.0,20.0,1.0,0.0,0.0,0.0,-366.55472510115146,70.0,82.13401739433395,0.9161495036446454,0.0,0.4008367335607726,0.0
2.6162118911743164,-6.166915171475906,5.46915370566981,-7.78427229537891,-0.40746484605842725,-1.3251223157914167,0.42255075640099793,0.0,50.0,20.0,1.0,0.0,0.0,0.0,-369.2893218813106,70.0,79.28932188137985,0.9238795325111931,0.0,0.3826834323653158,0.0
2.649531602859497,-5.820007775967935,6.184530393009992,-8.37276221003105,-0.29369219367626803,-1.3182677909677376,0.618727325451079,0.0,50.0,20.0,1.0,0.0,0.0,0.0,-370.698629552957,70.0,77.90755896654827,0.9276110203998542,0.0,0.3735475804134479,0.0
2.666468381881714,-6.473918139083244,6.2272065672252825,-8.839566884744759,-0.12081710898580794,-1.2754762411933476,0.7184702245369304,0.0,50.0,20.0,1.0,0.0,0.0,0.0,-372.1340173942618,70.0,76.55472510121814,0.931249899057127,0.0,0.36438115415878847,0.0
2.7000858783721924,-5.987237763064511,6.661522313567922,-8.345154114505993,-0.11756961915430361,-1.3364460400761509,0.7160513608851611,0.0,50.0,20.0,1.0,0.0,0.0,0.0,-373.59394487691617,70.0,75.23212024545599,0.9347937733921424,0.0,0.3551909362966346,0.0
2.7330715656280518,-5.964901925745305,6.309680729180364,-8.629899221443614,-0.21268193217683928,-1.3572870105350625,0.5355035131206234,0.0,50.0,20.0,1.0,0.0,0.0,0.0,-376.58090506525485,70.0,72.6823539050898,0.9415881427006986,0.0,0.3367666395672959,0.0
2.7661612033843994,-6.042407953518583,5.833347114560347,-8.63840077902817,-0.07346186193218135,-1.2061917786605716,0.34849599172241064,0.0,50.0,20.0,1.0,0.0,0.0,0.0,-378.10452007249205,70.0,71.45733920636849,0.9448350670715803,0.0,0.32754647919317104,0.0
2.8001394271850586,-6.753246782538168,5.8640231406367755,-8.72347216072672,-0.039580578295331126,-1.0273841176022052,0.504302698034486,0.0,50.0,20.0,1.0,0.0,0.0,0.0,-379.6458498002249,70.0,70.26684156724392,0.9479798479734579,0.0,0.318330343882294,0.0
2.833580493927002,-7.292802180771012,5.307019653400923,-8.276327946556156,0.021632877468174883,-1.2066886675372923,0.34898554879015165,0.0,50.0,20.0,1.0,0.0,0.0,0.0,-381.20304844420764,70.0,69.11169127898764,0.9510213160624014,0.0,0.30912530856424253,0.0
2.8511483669281006,-7.092039818723414,4.685338843191869,-8.972220860041176,-0.11525922395607974,-1.3870758810666806,0.39932988158916044,0.0,50.0,20.0,1.0,0.0,0.0,0.0,-382.7742254387763,70.0,67.99261785748797,0.9539585476909153,0.0,0.29993847583702865,0.0
2.8836026191711426,-6.432875020572454,4.412123273234608,-8.17641497073861,-0.25160055169652146,-1.393072341454869,0.5745236772314462,0.0,50.0,20.0,1.0,0.0,0.0,0.0,-385.9507629928929,70.0,65.86510843324531,0.9595178256988108,0.0,0.2816479046011643,0.0
2.916839599609375,-6.743381339182461,5.081860519502148,-8.337584421617933,-0.3159266461009865,-1.5,0.41153724560212257,0.0,50.0,20.0,1.0,0.0,0.0,0.0,-387.5521707049328,70.0,64.85761806106498,0.9621392361268067,0.0,0.2725584163171721,0.0
2.9502060413360596,-6.695111052796395,5.32175421322896,-8.612252010719896,-0.4175532769206259,-1.4963646842687341,0.5873713820005739,0.0,50.0,20.0,1.0,0.0,0.0,0.0,-389.1596627999982,70.0,63.88809540260931,0.9646551316335561,0.0,0.26351561056803935,0.0
2.983525276184082,-5.906882312419502,5.14778550868023,-9.291811520017266,-0.37502460308379426,-1.4389085379814819,0.5740644466386331,0.0,50.0,20.0,1.0,0.0,0.0,0.0,-390.7712121128309,70.0,62.95675532725063,0.9670657802671682,0.0,0.25452657353654284,0.0
3.0010900497436523,-5.333204468574878,4.803052555172087,-9.887486729542694,-0.44579433977644345,-1.5,0.45255925120557,0.0,50.0,20.0,1.0,0.0,0.0,0.0,-392.38478163651024,70.0,62.0637106753009,0.9693716762024231,0.0,0.24559835784569994,0.0
3.034423828125,-5.666157883531893,4.551707151453378,-9.111699238570983,-0.51059207002656,-1.5,0.27605428767348617,0.0,50.0,20.0,1.0,0.0,0.0,0.0,-395.6098180895033,70.0,60.39245706999323,0.9736722829833628,0.0,0.22795237517947936,0.0
3.0669078826904297,-5.670759696035246,4.185692480893134,-9.835065668753003,-0.6027240845888051,-1.5,0.0983045372776869,0.0,50.0,20.0,1.0,0.0,0.0,0.0,-397.21721236183356,70.0,59.61397739745624,0.9756690591654112,0.0,0.21924845948667732,0.0
3.1001245975494385,-6.025532525163484,3.6892244616284766,-10.12700674692409,-0.4060483145559902,-1.5,0.18037067772549797,0.0,50.0,20.0,1.0,0.0,0.0,0.0,-398.81849219615555,70.0,58.87325631296871,0.9775651990712213,0.0,0.2106330495550105,0.0
3.133601188659668,-6.307494038296192,3.1656210858629965,-10.875754984724633,-0.3615937484202094,-1.5,0.22336231036432072,0.0,50.0,20.0,1.0,0.0,0.0,0.0,-400.4116538867076,70.0,58.169924033494524,0.9793622311650206,0.0,0.20211288966187346,0.0
3.166815996170044,-6.360172843784383,2.825926755550119,-10.33392963825338,-0.28533333628861596,-1.5,0.08483467599833813,0.0,50.0,20.0,1.0,0.0,0.0,0.0,-403.56572234486623,70.0,56.87350853946758,0.9826659947828978,0.0,0.18538485023684617,0.0
3.2011804580688477,-6.728911791620681,2.8528776536135787,-10.77540595196675,-0.23292362276147266,-1.4585937352108311,-0.09786410397158465,0.0,50.0,20.0,1.0,0.0,0.0,0.0,-405.1227495178598,70.0,56.27925843866764,0.9841766649370741,0.0,0.17718998897606542,0.0
3.2169389724731445,-6.103010648038444,2.0971666604756134,-10.805147993102269,-0.19982247878863194,-1.5,-0.18960629223904085,0.0,50.0,20.0,1.0,0.0,0.0,0.0,-406.66390772496413,70.0,55.72007132040089,0.9855960853199426,0.0,0.1691163995655194,0.0
3.250168561935425,-5.974503455588097,2.5120406259202612,-11.112498896751653,-0.3009391139854168,-1.5,-0.2024892855643137,0.0,50.0,20.0,1.0,0.0,0.0,0.0,-408.1873461495817,70.0,55.19517388342794,0.9869266085088902,0.0,0.1611703118354608,0.0
3.2833261489868164,-5.972782137578745,3.0198000493230346,-10.628045753088484,-0.302662967281059,-1.5,-0.12291419227391245,0.0,50.0,20.0,1.0,0.0,0.0,0.0,-409.6912560860187,70.0,54.70372492926755,0.9881707217650512,0.0,0.15335783203455156,0.0
3.3169281482696533,-6.506380095239063,2.9643140716428036,-10.25534839317594,-0.32177768774335175,-1.4098343230610824,0.060304960442725625,0.0,50.0,20.0,1.0,0.0,0.0,0.0,-412.6334847957622,70.0,53.817497196339176,0.9904102756021386,0.0,0.1381574680634236,0.0
3.349846363067627,-7.100856801111993,2.7322958407266102,-10.773134301852757,-0.3176819624184599,-1.4448144533011111,0.036075342599475535,0.0,50.0,20.0,1.0,0.0,0.0,0.0,-414.0684234632777,70.0,53.420740641066644,0.9914112652147276,0.0,0.13078112709918516,0.0
3.3679182529449463,-7.647002480635613,2.9524829009314084,-11.136988847333528,-0.22919296755165308,-1.335860982902195,0.08299756329525501,0.0,50.0,20.0,1.0,0.0,0.0,0.0,-415.4770781433581,70.0,53.053487408710595,0.9923369200813034,0.0,0.12356147070811764,0.0
3.401031494140625,-8.14517628339313,3.082669200527858,-11.178781280681859,-0.23989414553796934,-1.3554060597322586,0.233681050517117,0.0,50.0,20.0,1.0,0.0,0.0,0.0,-416.8578915735858,70.0,52.71463204787635,0.9931902334198712,0.0,0.11650390654129045,0.0
3.4336020946502686,-7.404761171159742,3.298425202994868,-10.599769136596038,-0.07192441910360925,-1.2117278205473285,0.43271841434251945,0.0,50.0,20.0,1.0,0.0,0.0,0.0,-419.530048147476,70.0,52.11751397131687,0.9946921283208265,0.0,0.10289591758949583,0.0
3.4669511318206787,-7.149431626589263,3.128103251850135,-11.202090863385733,-0.24597048233992158,-1.2624435653102102,0.4658630206350739,0.0,50.0,20.0,1.0,0.0,0.0,0.0,-420.81856275996387,70.0,51.85687764592694,0.9953469805903694,0.0,0.09635553035313917,0.0
3.500288486480713,-6.602507229036297,3.616535654807386,-11.170585582864131,-0.10609043946202662,-1.1206441893684005,0.31233122328733154,0.0,50.0,20.0,1.0,0.0,0.0,0.0,-422.07358069371435,70.0,51.619902973948896,0.9959420089193223,0.0,0.08999730479155747,0.0
3.519014358520508,-6.01574696445217,3.2916583669984547,-10.541732398584903,-0.017968255060691773,-1.1542678943559623,0.32327719694132645,0.0,50.0,20.0,1.0,0.0,0.0,0.0,-423.29383560242417,70.0,51.40535475432162,0.996480419390362,0.0,0.08382585383763237,0.0
3.550196647644043,-6.567819893233945,2.6128148384319205,-10.470143556453683,-0.10116318213241858,-1.3284659423186178,0.4764759072939697,0.0,50.0,20.0,1.0,0.0,0.0,0.0,-424.47812081172935,70.0,51.21198824520897,0.9969654250644578,0.0,0.07784562432176168,0.0
3.583986282348633,-7.344618000711223,2.4804749439426006,-10.963737520540686,-0.27013695127733156,-1.2186161728125886,0.3370735410317889,0.0,50.0,20.0,1.0,0.0,0.0,0.0,-426.7342528690078,70.0,50.88380579816146,0.9977880391191271,0.0,0.06647577747425967,0.0
3.616917133331299,-8.104171719336966,1.9311499948607511,-10.217713499226717,-0.3140164774534535,-1.0857926094979602,0.3227312218565858,0.0,50.0,20.0,1.0,0.0,0.0,0.0,-427.80398254713515,70.0,50.74650052371243,0.9981320039861651,0.0,0.06109421100695364,0.0
3.6503090858459473,-7.516068010029922,1.8323122515356949,-10.36935580925672,-0.3437908557285811,-1.1694293299602463,0.46255392683277863,0.0,50.0,20.0,1.0,0.0,0.0,0.0,-428.83350686877736,70.0,50.62540852335363,0.9984352544773406,0.0,0.055919966172809324,0.0
3.683526039123535,-7.359786860753821,1.53921476943525,-10.626816421502605,-0.5171011095481955,-1.1059192275491778,0.29782828263930666,0.0,50.0,20.0,1.0,0.0,0.0,0.0,-429.8219114244506,70.0,50.51931588017567,0.9987008664255387,0.0,0.05095664236268225,0.0
3.7010631561279297,-7.458612037552231,1.8368315075009107,-10.395233145059112,-0.6726381365242253,-1.2989469840198105,0.37284753062001463,0.0,50.0,20.0,1.0,0.0,0.0,0.0,-430.7683376767449,70.0,50.427029718153975,0.9989318552379988,0.0,0.0462076680949154,0.0
3.7344419956207275,-7.709428715830864,1.7233319749247173,-10.899323688946055,-0.804323504927923,-1.282920655646497,0.48589720493913896,0.0,50.0,20.0,1.0,0.0,0.0,0.0,-432.5320930325327,70.0,50.27923804179365,0.9993016610568761,0.0,0.03736562871099957,0.0
3.766983985900879,-6.918918468168218,2.416652042252328,-10.437073701875594,-0.879135355115326,-1.1566145680378332,0.6294514179735955,0.0,50.0,20.0,1.0,0.0,0.0,0.0,-433.3479728695273,70.0,50.221492619625465,0.9994461150566711,0.0,0.033278568150197294,0.0
3.8002803325653076,-6.405910967725097,2.0038347974889295,-10.214421988870162,-0.7462767767491315,-1.2169505149526836,0.6275008437704266,0.0,50.0,20.0,1.0,0.0,0.0,0.0,-434.1189729392684,70.0,50.173082183656774,0.9995672008833203,0.0,0.02941786733065322,0.0
3.8335318565368652,-6.942399961480609,2.286752273485011,-10.717872346081242,-0.8749105167801514,-1.125757520448258,0.5621335502397555,0.0,50.0,20.0,1.0,0.0,0.0,0.0,-434.8444937619744,70.0,50.13298464743387,0.9996674830976702,0.0,0.025786105506054074,0.0
3.8668596744537354,-6.482899805798558,1.8358397447341064,-11.012706539562284,-0.7336872355509332,-0.9563582017252958,0.6926679056568739,0.0,50.0,20.0,1.0,0.0,0.0,0.0,-436.15693438846034,70.0,50.0738730526125,0.9998153003114812,0.0,0.01921887777843771,0.0
3.901211738586426,-5.867698916040967,1.2750862020073448,-10.357546673309473,-0.5597530525852211,-0.7829335436917217,0.8792548188361216,0.0,50.0,20.0,1.0,0.0,0.0,0.0,-436.74288510361885,70.0,50.053058063031415,0.9998673460438855,0.0,0.016287735114404792,0.0
3.9168388843536377,-6.639385831439291,1.4131515973587525,-11.049762855915297,-0.3989210677219834,-0.9685240885928219,1.0712854777127259,0.0,50.0,20.0,1.0,0.0,0.0,0.0,-437.28141525426474,70.0,50.036960345434395,0.9999075948670597,0.0,0.013594179900677352,0.0
3.9501216411590576,-6.717407369958037,1.4268094041339432,-10.832973569161227,-0.49434082739655894,-1.1213996176607888,1.1694743412811393,0.0,50.0,20.0,1.0,0.0,0.0,0.0,-437.7721458474792,70.0,50.024819750724646,0.9999379486980063,0.0,0.011139962011751086,0.0
3.9833598136901855,-7.342163721090408,1.7479841314706435,-10.48275563851767,-0.4949468264578081,-1.2172245932413792,1.0627892933935474,0.0,50.0,20.0,1.0,0.0,0.0,0.0,-438.2147374456086,70.0,50.015937081893455,0.9999601565015142,0.0,0.008926668441657688,0.0
4.016627073287964,-7.118746803462518,1.5146443324542078,-10.758861762328813,-0.6388066121317861,-1.137212906121604,1.0557080875502556,0.0,50.0,20.0,1.0,0.0,0.0,0.0,-438.9543355600159,70.0,50.00546722005771,0.9999863318564467,0.0,0.005228393662355579,0.0
4.04997992515564,-7.853797882063561,2.0121150651211255,-11.31494044466631,-0.7350245230370038,-1.096082625336685,0.9760033558406316,0.0,50.0,20.0,1.0,0.0,0.0,0.0,-439.250849133637,70.0,50.002806174475936,0.9999929845392018,0.0,0.003745780610191981,0.0
4.066758632659912,-7.9271270370751425,1.4907271097334704,-11.794883172044552,-0.7283186981011478,-1.2651398189938283,1.121661795854613,0.0,50.0,20.0,1.0,0.0,0.0,0.0,-439.498235607074,70.0,50.001258845453506,0.999996852881414,0.0,0.0025088298602151194,0.0
4.10101580619812,-8.04396399118843,1.9822314180540526,-11.797072912339585,-0.5839207395121604,-1.4217713947556245,1.2303412250658439,0.0,50.0,20.0,1.0,0.0,0.0,0.0,-439.69633483890004,70.0,50.00046106371323,0.9999988473400526,0.0,0.0015183275556151597,0.0
4.133137226104736,-8.34341303038135,1.6288092502887936,-11.877109108640385,-0.5539056633236056,-1.3494715380398454,1.256458317223903,0.0,50.0,20.0,1.0,0.0,0.0,0.0,-439.944195314582,70.0,50.000015570815776,0.9999999610729597,0.0,0.00027902343795168576,0.0
4.16690468788147,-8.797384429544774,2.41085258943811,-12.251955380681206,-0.5595559419871065,-1.1638414524949117,1.146635054151556,0.0,50.0,20.0,1.0,0.0,0.0,0.0,-439.9937988262721,70.0,50.00000019227278,0.9999999995193181,0.0,3.1005868654462846e-05,0.0
4.200251579284668,-9.11924640413495,2.167344303611894,-12.565973611932415,-0.6795494163019805,-1.020395121275706,1.3235821870110493,0.0,50.0,20.0,1.0,0.0,0.0,0.0,-439.9937988262734,70.0,50.00000019227278,0.9999999995193181,0.0,3.1005868647966686e-05,0.0
4.233232736587524,-9.09220372235135,1.8196899338380907,-11.808242882485347,-0.4847433570448822,-1.1613003505441037,1.4036875688193988,0.0,50.0,20.0,1.0,0.0,0.0,0.0,-439.9441953145859,70.0,50.000015570815776,0.9999999610729597,0.0,0.0002790234379321537,0.0
4.2510926723480225,-9.377301451824408,1.495183298711202,-11.415754003010372,-0.5408063772283288,-0.9845435139847282,1.2751288739588587,0.0,50.0,20.0,1.0,0.0,0.0,0.0,-439.8450196752123,70.0,50.00012009457747,0.9999996997635112,0.0,0.0007749018565923709,0.0
4.283585071563721,-10.051330840624633,1.5663834936103287,-11.149301562633756,-0.5948122342550565,-0.9221829545703286,1.4327216773432092,0.0,50.0,20.0,1.0,0.0,0.0,0.0,-439.4982356070857,70.0,50.00125884545345,0.9999968528814143,0.0,0.0025088298601565672,0.0
4.316843509674072,-9.880237482601434,1.3186218838642714,-11.27776635166325,-0.6353981858359895,-0.8841877865443569,1.3860631874053613,0.0,50.0,20.0,1.0,0.0,0.0,0.0,-439.2508491336513,70.0,50.002806174475836,0.999992984539202,0.0,0.0037457806101205238,0.0
4.350193023681641,-10.421598000298562,2.0040300736474532,-11.93448212507562,-0.8301569452461017,-1.0657863865803783,1.3620170500762077,0.0,50.0,20.0,1.0,0.0,0.0,0.0,-438.9543355600327,70.0,50.005467220057525,0.999986331856447,0.0,0.005228393662271696,0.0
4.38359522819519,-10.500143112628866,1.9138111843672692,-11.569865157642019,-0.690439062906357,-1.0454737262158973,1.30215392968447,0.0,50.0,20.0,1.0,0.0,0.0,0.0,-438.60888879702696,70.0,50.009676420060714,0.9999758086572377,0.0,0.006955724283175506,0.0
4.401143789291382,-10.491464071342731,1.8415206227169594,-11.927999737861553,-0.6454935276473986,-1.1436387209554844,1.4341741914307087,0.0,50.0,20.0,1.0,0.0,0.0,0.0,-438.21473744563053,70.0,50.01593708189307,0.9999601565015152,0.0,0.008926668441547736,0.0
4.434441328048706,-9.726202174374176,2.4637619185777186,-11.696728144853186,-0.5674799736161864,-1.2075693630901152,1.5,0.0,50.0,20.0,1.0,0.0,0.0,0.0,-437.28141525429174,70.0,50.036960345433656,0.9999075948670616,0.0,0.013594179900542076,0.0
4.466894626617432,-9.262134608937762,2.830753313513947,-11.81026934506438,-0.418689722677843,-1.244081682220183,1.5,0.0,50.0,20.0,1.0,0.0,0.0,0.0,-436.7428851036484,70.0,50.05305806303045,0.9998673460438878,0.0,0.01628773511425697,0.0
4.500162839889526,-9.657190484691931,2.1547840126079887,-11.268518502091924,-0.5618935184703412,-1.2469022842703064,1.4806352557985285,0.0,50.0,20.0,1.0,0.0,0.0,0.0,-436.15693438849235,70.0,50.073873052611276,0.9998153003114844,0.0,0.019218877778277466,0.0
4.533574819564819,-9.318473844881215,1.7125908319836998,-11.562007606697845,-0.6693664530856352,-1.1321089361493932,1.5,0.0,50.0,20.0,1.0,0.0,0.0,0.0,-435.52398310479117,70.0,50.100223860341885,0.9997494089512085,0.0,0.022385694130614357,0.0
4.566857576370239,-9.23746250660862,1.3249506711506274,-11.720992244663709,-0.5374616342583167,-1.242689560184212,1.5,0.0,50.0,20.0,1.0,0.0,0.0,0.0,-434.11897293930775,70.0,50.17308218365446,0.9995672008833262,0.0,0.029417867330456333,0.0
4.584581136703491,-9.341060739239213,1.013157757329543,-11.56328961585206,-0.5021217949976905,-1.437635488113048,1.384058391601585,0.0,50.0,20.0,1.0,0.0,0.0,0.0,-433.34797286956905,70.0,50.221492619622694,0.999446115056678,0.0,0.03327856814998845,0.0
4.616944074630737,-10.132488459177383,1.3915897799586758,-12.10252263369225,-0.6974858763708977,-1.4981554957713323,1.3096498592805388,0.0,50.0,20.0,1.0,0.0,0.0,0.0,-432.53209303257677,70.0,50.27923804179035,0.9993016610568843,0.0,0.0373656287107789,0.0
4.650170564651489,-9.990036331625852,2.042654837197565,-11.653010254936943,-0.6189124172877045,-1.4615337004412408,1.202217804740544,0.0,50.0,20.0,1.0,0.0,0.0,0.0,-431.671981737807,70.0,50.34738281497782,0.9991311655258838,0.0,0.04167630111813011,0.0
4.683584690093994,-10.087180405249699,2.6877777533525755,-11.577411075558405,-0.6015268718321363,-1.5,1.1562104182748425,0.0,50.0,20.0,1.0,0.0,0.0,0.0,-430.7683376767935,70.0,50.42702971814947,0.9989318552380101,0.0,0.04620766809467151,0.0
4.716824293136597,-9.33343834226844,1.933483418404807,-10.822769141926766,-0.6334051417419536,-1.5,1.3057003813968315,0.0,50.0,20.0,1.0,0.0,0.0,0.0,-428.8335068688304,70.0,50.62540852334767,0.9984352544773555,0.0,0.05591996617254292,0.0
4.750142574310303,-9.95400859242536,1.7275171016583029,-11.390291412753191,-0.7382338837596123,-1.4242175075119055,1.2456892940964566,0.0,50.0,20.0,1.0,0.0,0.0,0.0,-427.80398254719034,70.0,50.74650052370565,0.9981320039861821,0.0,0.06109421100667622,0.0
