# Timestamp, Fx, Fy, Fz, Tx, Ty, Tz, FemurPosX, FemurPosY, FemurPosZ, FemurQuatW, FemurQuatX, FemurQuatY, FemurQuatZ, TibiaPosX, TibiaPosY, TibiaPosZ, TibiaQuatW, TibiaQuatX, TibiaQuatY, TibiaQuatZ
0.01751708984375,-5.38018,2.36368,-2.24066,-3.47007,3.40275,-0.0694102,-0.224809,0.698563,0.0833106,0.129015,0.981564,0.0301175,-0.169367,-0.0016702,0.556968,0.116085,0.731675,0.957113,-0.0863202,0.251013
0.03224754333496094,-5.55523,2.43183,-2.2634,-3.62074,3.66166,-0.0693568,-0.226985,0.700657,0.0469151,0.12906,0.981278,0.020759,-0.185638,-0.00175783,0.557032,0.116511,0.730529,0.957272,-0.0847182,0.250757
0.04755878448486328,-5.55523,2.43183,-2.2634,-3.62074,3.66166,-0.0693568,-0.226985,0.700657,0.0469151,0.12906,0.981278,0.020759,-0.185638,-0.00175783,0.557032,0.116511,0.730529,0.957272,-0.0847182,0.250757
0.07756972312927246,-5.55523,2.43183,-2.2634,-3.62074,3.66166,-0.0693568,-0.226985,0.700657,0.0469151,0.12906,0.981278,0.020759,-0.185638,-0.00175783,0.557032,0.116511,0.730529,0.957272,-0.0847182,0.250757
0.08861589431762695,-5.68533,2.3398,-2.31927,-3.57431,3.71461,-0.0693341,-0.227006,0.700721,0.0464611,0.128963,0.981144,0.0204091,-0.186499,-0.00149092,0.556585,0.117085,0.730579,0.95621,-0.0908135,0.2524
0.10931038856506348,-5.68533,2.3398,-2.31927,-3.57431,3.71461,-0.0693341,-0.227006,0.700721,0.0464611,0.128963,0.981144,0.0204091,-0.186499,-0.00149092,0.556585,0.117085,0.730579,0.95621,-0.0908135,0.2524
0.13263630867004395,-5.56955,2.36378,-2.28165,-3.56277,3.65912,-0.0694099,-0.226966,0.700604,0.0462915,0.129041,0.981081,0.0212528,-0.186775,-0.00167637,0.55695,0.116104,0.730529,0.957074,-0.0862094,0.251192
0.14042448997497559,-5.56955,2.36378,-2.28165,-3.56277,3.65912,-0.0694099,-0.226966,0.700604,0.0462915,0.129041,0.981081,0.0212528,-0.186775,-0.00167637,0.55695,0.116104,0.730529,0.957074,-0.0862094,0.251192
0.16952848434448242,-5.56955,2.36378,-2.28165,-3.56277,3.65912,-0.0694099,-0.226966,0.700604,0.0462915,0.129041,0.981081,0.0212528,-0.186775,-0.00167637,0.55695,0.116104,0.730529,0.957074,-0.0862094,0.251192
0.18291139602661133,-5.62608,2.35276,-2.28783,-3.59408,3.66175,-0.0693322,-0.226995,0.700668,0.045925,0.12896,0.98096,0.0211992,-0.187505,-0.00149038,0.55658,0.117071,0.730566,0.956217,-0.0908654,0.252362
0.19924449920654297,-5.62608,2.35276,-2.28783,-3.59408,3.66175,-0.0693322,-0.226995,0.700668,0.045925,0.12896,0.98096,0.0211992,-0.187505,-0.00149038,0.55658,0.117071,0.730566,0.956217,-0.0908654,0.252362
0.22980165481567383,-5.62608,2.35276,-2.28783,-3.59408,3.66175,-0.0693322,-0.226995,0.700668,0.045925,0.12896,0.98096,0.0211992,-0.187505,-0.00149038,0.55658,0.117071,0.730566,0.956217,-0.0908654,0.252362
0.2385706901550293,-5.38318,2.40795,-2.23119,-3.45193,3.41707,-0.0693567,-0.224779,0.698338,0.0843416,0.129046,0.98194,0.030564,-0.166571,-0.00174489,0.557049,0.116514,0.731663,0.957272,-0.0848814,0.250699
0.2621016502380371,-5.38318,2.40795,-2.23119,-3.45193,3.41707,-0.0693567,-0.224779,0.698338,0.0843416,0.129046,0.98194,0.030564,-0.166571,-0.00174489,0.557049,0.116514,0.731663,0.957272,-0.0848814,0.250699
0.28235626220703125,-5.34197,2.39965,-2.21073,-3.4522,3.4009,-0.0693558,-0.224858,0.698133,0.0855763,0.129052,0.982069,0.0294834,-0.165371,-0.00175035,0.557043,0.116496,0.731806,0.957281,-0.0848035,0.250701
0.2917962074279785,-5.34197,2.39965,-2.21073,-3.4522,3.4009,-0.0693558,-0.224858,0.698133,0.0855763,0.129052,0.982069,0.0294834,-0.165371,-0.00175035,0.557043,0.116496,0.731806,0.957281,-0.0848035,0.250701
0.32103848457336426,-5.34197,2.39965,-2.21073,-3.4522,3.4009,-0.0693558,-0.224858,0.698133,0.0855763,0.129052,0.982069,0.0294834,-0.165371,-0.00175035,0.557043,0.116496,0.731806,0.957281,-0.0848035,0.250701
0.3318157196044922,-5.57726,2.38695,-2.29954,-3.53614,3.67921,-0.0693524,-0.227032,0.700789,0.046632,0.129047,0.981091,0.0207057,-0.186698,-0.00174662,0.557042,0.116532,0.730622,0.957277,-0.0848542,0.250681
0.35098767280578613,-5.57726,2.38695,-2.29954,-3.53614,3.67921,-0.0693524,-0.227032,0.700789,0.046632,0.129047,0.981091,0.0207057,-0.186698,-0.00174662,0.557042,0.116532,0.730622,0.957277,-0.0848542,0.250681
0.3817899227142334,-5.57555,2.40046,-2.28312,-3.54856,3.66224,-0.0694054,-0.226964,0.700599,0.0463118,0.128584,0.981077,0.0212852,-0.186786,-0.00165916,0.557355,0.116361,0.730528,0.957808,-0.086913,0.248012
0.38794398307800293,-5.57555,2.40046,-2.28312,-3.54856,3.66224,-0.0694054,-0.226964,0.700599,0.0463118,0.128584,0.981077,0.0212852,-0.186786,-0.00165916,0.557355,0.116361,0.730528,0.957808,-0.086913,0.248012
0.41322779655456543,-5.57555,2.40046,-2.28312,-3.54856,3.66224,-0.0694054,-0.226964,0.700599,0.0463118,0.128584,0.981077,0.0212852,-0.186786,-0.00165916,0.557355,0.116361,0.730528,0.957808,-0.086913,0.248012
0.4319448471069336,-5.60333,2.41228,-2.30628,-3.57025,3.68984,-0.0693553,-0.227002,0.700679,0.0459204,0.129052,0.981006,0.0212258,-0.187267,-0.00174963,0.55704,0.116533,0.730547,0.957262,-0.0848443,0.250742
0.44367098808288574,-5.60333,2.41228,-2.30628,-3.57025,3.68984,-0.0693553,-0.227002,0.700679,0.0459204,0.129052,0.981006,0.0212258,-0.187267,-0.00174963,0.55704,0.116533,0.730547,0.957262,-0.0848443,0.250742
0.4739527702331543,-5.60333,2.41228,-2.30628,-3.57025,3.68984,-0.0693553,-0.227002,0.700679,0.0459204,0.129052,0.981006,0.0212258,-0.187267,-0.00174963,0.55704,0.116533,0.730547,0.957262,-0.0848443,0.250742
0.4826533794403076,-5.40158,2.33951,-2.22034,-3.41474,3.39271,-0.0693352,-0.224788,0.698336,0.0841408,0.128963,0.98193,0.030379,-0.166767,-0.00148908,0.556584,0.117094,0.731679,0.956215,-0.0907632,0.252397
0.5038294792175293,-5.40158,2.33951,-2.22034,-3.41474,3.39271,-0.0693352,-0.224788,0.698336,0.0841408,0.128963,0.98193,0.030379,-0.166767,-0.00148908,0.556584,0.117094,0.731679,0.956215,-0.0907632,0.252397
0.5319192409515381,-5.62848,2.33527,-2.28672,-3.59463,3.66362,-0.0693373,-0.227007,0.700686,0.0459178,0.128958,0.981,0.0212862,-0.187289,-0.00149437,0.556578,0.11705,0.73055,0.956215,-0.0908717,0.252379
0.5396726131439209,-5.62848,2.33527,-2.28672,-3.59463,3.66362,-0.0693373,-0.227007,0.700686,0.0459178,0.128958,0.981,0.0212862,-0.187289,-0.00149437,0.556578,0.11705,0.73055,0.956215,-0.0908717,0.252379
0.5652956962585449,-5.62848,2.33527,-2.28672,-3.59463,3.66362,-0.0693373,-0.227007,0.700686,0.0459178,0.128958,0.981,0.0212862,-0.187289,-0.00149437,0.556578,0.11705,0.73055,0.956215,-0.0908717,0.252379
0.5823745727539062,-5.43929,2.3098,-2.22661,-3.40941,3.46611,-0.0693289,-0.225245,0.6983,0.0804346,0.128967,0.982337,0.0272638,-0.166736,-0.00149195,0.556577,0.117094,0.731846,0.956201,-0.0908579,0.252415
0.5954489707946777,-5.43929,2.3098,-2.22661,-3.40941,3.46611,-0.0693289,-0.225245,0.6983,0.0804346,0.128967,0.982337,0.0272638,-0.166736,-0.00149195,0.556577,0.117094,0.731846,0.956201,-0.0908579,0.252415
0.6258487701416016,-5.43929,2.3098,-2.22661,-3.40941,3.46611,-0.0693289,-0.225245,0.6983,0.0804346,0.128967,0.982337,0.0272638,-0.166736,-0.00149195,0.556577,0.117094,0.731846,0.956201,-0.0908579,0.252415
0.6347501277923584,-5.60126,2.37075,-2.27561,-3.55448,3.65778,-0.0693321,-0.226983,0.700648,0.0468793,0.128962,0.981251,0.0205038,-0.185817,-0.00149223,0.556576,0.117109,0.730542,0.956207,-0.0908183,0.252402
0.6556828022003174,-5.60126,2.37075,-2.27561,-3.55448,3.65778,-0.0693321,-0.226983,0.700648,0.0468793,0.128962,0.981251,0.0205038,-0.185817,-0.00149223,0.556576,0.117109,0.730542,0.956207,-0.0908183,0.252402
0.6826422214508057,-5.64014,2.34755,-2.29974,-3.5623,3.67382,-0.0693351,-0.227008,0.700682,0.0459134,0.128952,0.981,0.0213272,-0.187285,-0.00149377,0.556578,0.117107,0.730551,0.956211,-0.0908874,0.252361
0.6904342174530029,-5.64014,2.34755,-2.29974,-3.5623,3.67382,-0.0693351,-0.227008,0.700682,0.0459134,0.128952,0.981,0.0213272,-0.187285,-0.00149377,0.556578,0.117107,0.730551,0.956211,-0.0908874,0.252361
0.7178802490234375,-5.64014,2.34755,-2.29974,-3.5623,3.67382,-0.0693351,-0.227008,0.700682,0.0459134,0.128952,0.981,0.0213272,-0.187285,-0.00149377,0.556578,0.117107,0.730551,0.956211,-0.0908874,0.252361
0.7318556308746338,-5.42539,2.32084,-2.22116,-3.42044,3.43188,-0.0693356,-0.225105,0.698145,0.0816655,0.128963,0.982164,0.029182,-0.166831,-0.00148799,0.556575,0.117091,0.731746,0.956206,-0.0908073,0.252415
0.7469692230224609,-5.42539,2.32084,-2.22116,-3.42044,3.43188,-0.0693356,-0.225105,0.698145,0.0816655,0.128963,0.982164,0.029182,-0.166831,-0.00148799,0.556575,0.117091,0.731746,0.956206,-0.0908073,0.252415
0.777350902557373,-5.42539,2.32084,-2.22116,-3.42044,3.43188,-0.0693356,-0.225105,0.698145,0.0816655,0.128963,0.982164,0.029182,-0.166831,-0.00148799,0.556575,0.117091,0.731746,0.956206,-0.0908073,0.252415
0.7859292030334473,-5.62395,2.37712,-2.28277,-3.58608,3.66919,-0.0693363,-0.227021,0.700731,0.0464874,0.128959,0.981168,0.0206528,-0.186336,-0.00149358,0.556576,0.117083,0.730565,0.956209,-0.0908481,0.252394
0.8090200424194336,-5.62395,2.37712,-2.28277,-3.58608,3.66919,-0.0693363,-0.227021,0.700731,0.0464874,0.128959,0.981168,0.0206528,-0.186336,-0.00149358,0.556576,0.117083,0.730565,0.956209,-0.0908481,0.252394
0.8323838710784912,-5.64566,2.29417,-2.3075,-3.54132,3.68047,-0.0693369,-0.227007,0.700683,0.045914,0.128963,0.981005,0.0212228,-0.187271,-0.00149682,0.556583,0.117023,0.730548,0.956228,-0.0908012,0.252368
0.8406727313995361,-5.64566,2.29417,-2.3075,-3.54132,3.68047,-0.0693369,-0.227007,0.700683,0.045914,0.128963,0.981005,0.0212228,-0.187271,-0.00149682,0.556583,0.117023,0.730548,0.956228,-0.0908012,0.252368
0.8690216541290283,-5.64566,2.29417,-2.3075,-3.54132,3.68047,-0.0693369,-0.227007,0.700683,0.045914,0.128963,0.981005,0.0212228,-0.187271,-0.00149682,0.556583,0.117023,0.730548,0.956228,-0.0908012,0.252368
0.8817734718322754,-5.34356,2.30632,-2.20038,-3.40658,3.35367,-0.0693372,-0.224544,0.698402,0.0875017,0.128953,0.981932,0.029771,-0.165125,-0.0014865,0.556577,0.117151,0.731707,0.956193,-0.0908636,0.252416
0.8990445137023926,-5.34356,2.30632,-2.20038,-3.40658,3.35367,-0.0693372,-0.224544,0.698402,0.0875017,0.128953,0.981932,0.029771,-0.165125,-0.0014865,0.556577,0.117151,0.731707,0.956193,-0.0908636,0.252416
0.9291369915008545,-5.34356,2.30632,-2.20038,-3.40658,3.35367,-0.0693372,-0.224544,0.698402,0.0875017,0.128953,0.981932,0.029771,-0.165125,-0.0014865,0.556577,0.117151,0.731707,0.956193,-0.0908636,0.252416
0.9374172687530518,-5.65605,2.09684,-2.48665,-3.78782,3.50652,-0.0693333,-0.22718,0.700196,0.0458255,0.128965,0.9746,0.024584,-0.21783,-0.00149523,0.556578,0.117092,0.729393,0.956208,-0.0908046,0.252408
0.9620118141174316,-5.65605,2.09684,-2.48665,-3.78782,3.50652,-0.0693333,-0.22718,0.700196,0.0458255,0.128965,0.9746,0.024584,-0.21783,-0.00149523,0.556578,0.117092,0.729393,0.956208,-0.0908046,0.252408
0.9821493625640869,-5.64324,2.35107,-2.29295,-3.57084,3.68335,-0.0693637,-0.226989,0.700663,0.0469129,0.128964,0.981266,0.0207311,-0.185704,-0.00146563,0.556535,0.116818,0.730531,0.956194,-0.0910494,0.2525
0.9912781715393066,-5.64324,2.35107,-2.29295,-3.57084,3.68335,-0.0693637,-0.226989,0.700663,0.0469129,0.128964,0.981266,0.0207311,-0.185704,-0.00146563,0.556535,0.116818,0.730531,0.956194,-0.0910494,0.2525
1.0212326049804688,-5.64324,2.35107,-2.29295,-3.57084,3.68335,-0.0693637,-0.226989,0.700663,0.0469129,0.128964,0.981266,0.0207311,-0.185704,-0.00146563,0.556535,0.116818,0.730531,0.956194,-0.0910494,0.2525
1.0328609943389893,-5.39988,2.30193,-2.23879,-3.46149,3.38546,-0.0693314,-0.224967,0.69843,0.0842582,0.128963,0.981433,0.0296414,-0.169741,-0.00149735,0.556574,0.117054,0.731811,0.956202,-0.0909489,0.252398
1.0510785579681396,-5.39988,2.30193,-2.23879,-3.46149,3.38546,-0.0693314,-0.224967,0.69843,0.0842582,0.128963,0.981433,0.0296414,-0.169741,-0.00149735,0.556574,0.117054,0.731811,0.956202,-0.0909489,0.252398
1.0826237201690674,-5.60784,2.37682,-2.2806,-3.55823,3.66021,-0.0693279,-0.227021,0.700727,0.0464594,0.128962,0.981166,0.0205917,-0.186363,-0.00148915,0.556576,0.117118,0.730568,0.956205,-0.0908633,0.252388
1.0890350341796875,-5.60784,2.37682,-2.2806,-3.55823,3.66021,-0.0693279,-0.227021,0.700727,0.0464594,0.128962,0.981166,0.0205917,-0.186363,-0.00148915,0.556576,0.117118,0.730568,0.956205,-0.0908633,0.252388
1.1134934425354004,-5.60784,2.37682,-2.2806,-3.55823,3.66021,-0.0693279,-0.227021,0.700727,0.0464594,0.128962,0.981166,0.0205917,-0.186363,-0.00148915,0.556576,0.117118,0.730568,0.956205,-0.0908633,0.252388
1.132615566253662,-5.44145,2.24167,-2.22297,-3.43813,3.39066,-0.0693347,-0.224787,0.698339,0.0841044,0.128849,0.98193,0.0304297,-0.166777,-0.00162652,0.556197,0.116023,0.73168,0.955923,-0.0955504,0.25223
1.1435050964355469,-5.44145,2.24167,-2.22297,-3.43813,3.39066,-0.0693347,-0.224787,0.698339,0.0841044,0.128849,0.98193,0.0304297,-0.166777,-0.00162652,0.556197,0.116023,0.73168,0.955923,-0.0955504,0.25223
1.1740903854370117,-5.44145,2.24167,-2.22297,-3.43813,3.39066,-0.0693347,-0.224787,0.698339,0.0841044,0.128849,0.98193,0.0304297,-0.166777,-0.00162652,0.556197,0.116023,0.73168,0.955923,-0.0955504,0.25223
1.1830015182495117,-5.6538,2.35458,-2.2878,-3.58856,3.67907,-0.0693541,-0.226984,0.700644,0.0468123,0.128926,0.981251,0.0206079,-0.185825,-0.00148269,0.556484,0.116494,0.730543,0.95608,-0.092799,0.252446
1.2031502723693848,-5.6538,2.35458,-2.2878,-3.58856,3.67907,-0.0693541,-0.226984,0.700644,0.0468123,0.128926,0.981251,0.0206079,-0.185825,-0.00148269,0.556484,0.116494,0.730543,0.95608,-0.092799,0.252446
1.234424352645874,-5.56809,2.31562,-2.26448,-3.53635,3.62614,-0.0693598,-0.22697,0.700597,0.0462526,0.128962,0.981077,0.0212021,-0.186813,-0.00146731,0.556539,0.116773,0.730528,0.956208,-0.0911285,0.252441
1.2426214218139648,-5.56809,2.31562,-2.26448,-3.53635,3.62614,-0.0693598,-0.22697,0.700597,0.0462526,0.128962,0.981077,0.0212021,-0.186813,-0.00146731,0.556539,0.116773,0.730528,0.956208,-0.0911285,0.252441
1.265770673751831,-5.56809,2.31562,-2.26448,-3.53635,3.62614,-0.0693598,-0.22697,0.700597,0.0462526,0.128962,0.981077,0.0212021,-0.186813,-0.00146731,0.556539,0.116773,0.730528,0.956208,-0.0911285,0.252441
1.2834866046905518,-5.39116,2.3284,-2.21856,-3.45376,3.38268,-0.0693338,-0.22454,0.698403,0.0875017,0.128963,0.981924,0.0296956,-0.165187,-0.00149282,0.556582,0.117085,0.731704,0.956208,-0.0908292,0.252404
1.2955996990203857,-5.39116,2.3284,-2.21856,-3.45376,3.38268,-0.0693338,-0.22454,0.698403,0.0875017,0.128963,0.981924,0.0296956,-0.165187,-0.00149282,0.556582,0.117085,0.731704,0.956208,-0.0908292,0.252404
1.324937105178833,-5.39116,2.3284,-2.21856,-3.45376,3.38268,-0.0693338,-0.22454,0.698403,0.0875017,0.128963,0.981924,0.0296956,-0.165187,-0.00149282,0.556582,0.117085,0.731704,0.956208,-0.0908292,0.252404
1.334653615951538,-5.46261,2.2863,-2.26236,-3.45923,3.42986,-0.0693332,-0.224812,0.698563,0.0832625,0.128957,0.981576,0.030142,-0.169312,-0.00149276,0.556579,0.117088,0.731677,0.956201,-0.0909349,0.252392
1.3556857109069824,-5.46261,2.2863,-2.26236,-3.45923,3.42986,-0.0693332,-0.224812,0.698563,0.0832625,0.128957,0.981576,0.030142,-0.169312,-0.00149276,0.556579,0.117088,0.731677,0.956201,-0.0909349,0.252392
1.3841047286987305,-5.39203,2.31321,-2.21902,-3.46066,3.39586,-0.0693303,-0.224941,0.698584,0.0825367,0.12896,0.981807,0.029061,-0.168517,-0.00148992,0.556583,0.1171,0.731771,0.956225,-0.0907866,0.252347
1.3921699523925781,-5.39203,2.31321,-2.21902,-3.46066,3.39586,-0.0693303,-0.224941,0.698584,0.0825367,0.12896,0.981807,0.029061,-0.168517,-0.00148992,0.556583,0.1171,0.731771,0.956225,-0.0907866,0.252347
1.4171068668365479,-5.39203,2.31321,-2.21902,-3.46066,3.39586,-0.0693303,-0.224941,0.698584,0.0825367,0.12896,0.981807,0.029061,-0.168517,-0.00148992,0.556583,0.1171,0.731771,0.956225,-0.0907866,0.252347
1.4324097633361816,-5.66352,2.33982,-2.31165,-3.5634,3.69587,-0.0693341,-0.227035,0.700789,0.0465454,0.128965,0.981101,0.020719,-0.186668,-0.00149584,0.556568,0.117079,0.730623,0.956186,-0.0909295,0.252455
1.4474096298217773,-5.66352,2.33982,-2.31165,-3.5634,3.69587,-0.0693341,-0.227035,0.700789,0.0465454,0.128965,0.981101,0.020719,-0.186668,-0.00149584,0.556568,0.117079,0.730623,0.956186,-0.0909295,0.252455
1.478095293045044,-5.66352,2.33982,-2.31165,-3.5634,3.69587,-0.0693341,-0.227035,0.700789,0.0465454,0.128965,0.981101,0.020719,-0.186668,-0.00149584,0.556568,0.117079,0.730623,0.956186,-0.0909295,0.252455
1.4873347282409668,-5.47149,2.33184,-2.24959,-3.45217,3.4635,-0.0693366,-0.224896,0.698512,0.0831731,0.128955,0.982093,0.0283003,-0.166658,-0.00149411,0.556586,0.117074,0.731774,0.956223,-0.0908281,0.252351
1.5098214149475098,-5.47149,2.33184,-2.24959,-3.45217,3.4635,-0.0693366,-0.224896,0.698512,0.0831731,0.128955,0.982093,0.0283003,-0.166658,-0.00149411,0.556586,0.117074,0.731774,0.956223,-0.0908281,0.252351
1.5319583415985107,-5.47071,2.30347,-2.25048,-3.42845,3.45258,-0.0693337,-0.224859,0.698124,0.0855436,0.128956,0.982088,0.0295415,-0.165268,-0.00149148,0.556576,0.117073,0.731812,0.956202,-0.0909641,0.252383
1.5397984981536865,-5.47071,2.30347,-2.25048,-3.42845,3.45258,-0.0693337,-0.224859,0.698124,0.0855436,0.128956,0.982088,0.0295415,-0.165268,-0.00149148,0.556576,0.117073,0.731812,0.956202,-0.0909641,0.252383
1.570061206817627,-5.47071,2.30347,-2.25048,-3.42845,3.45258,-0.0693337,-0.224859,0.698124,0.0855436,0.128956,0.982088,0.0295415,-0.165268,-0.00149148,0.556576,0.117073,0.731812,0.956202,-0.0909641,0.252383
1.5819079875946045,-5.56092,2.37979,-2.25483,-3.56822,3.62798,-0.0693294,-0.227016,0.700719,0.0464084,0.128959,0.981139,0.0204085,-0.186538,-0.00149366,0.556576,0.117096,0.730583,0.956208,-0.090902,0.252373
1.5994012355804443,-5.56092,2.37979,-2.25483,-3.56822,3.62798,-0.0693294,-0.227016,0.700719,0.0464084,0.128959,0.981139,0.0204085,-0.186538,-0.00149366,0.556576,0.117096,0.730583,0.956208,-0.090902,0.252373
1.6298789978027344,-5.56092,2.37979,-2.25483,-3.56822,3.62798,-0.0693294,-0.227016,0.700719,0.0464084,0.128959,0.981139,0.0204085,-0.186538,-0.00149366,0.556576,0.117096,0.730583,0.956208,-0.090902,0.252373
1.6385061740875244,-5.64355,2.33229,-2.29995,-3.54242,3.68709,-0.0693382,-0.226985,0.700651,0.0468339,0.12897,0.981249,0.0205294,-0.185838,-0.0014948,0.556566,0.117046,0.730546,0.956184,-0.0908977,0.252489
1.6619081497192383,-5.64355,2.33229,-2.29995,-3.54242,3.68709,-0.0693382,-0.226985,0.700651,0.0468339,0.12897,0.981249,0.0205294,-0.185838,-0.0014948,0.556566,0.117046,0.730546,0.956184,-0.0908977,0.252489
1.6821014881134033,-5.62893,2.35362,-2.28987,-3.58668,3.66331,-0.0693336,-0.227008,0.70068,0.0459346,0.128966,0.980977,0.021385,-0.187396,-0.00149392,0.55658,0.11707,0.730552,0.956206,-0.0908334,0.252416
1.691349983215332,-5.62893,2.35362,-2.28987,-3.58668,3.66331,-0.0693336,-0.227008,0.70068,0.0459346,0.128966,0.980977,0.021385,-0.187396,-0.00149392,0.55658,0.11707,0.730552,0.956206,-0.0908334,0.252416
1.7220759391784668,-5.62893,2.35362,-2.28987,-3.58668,3.66331,-0.0693336,-0.227008,0.70068,0.0459346,0.128966,0.980977,0.021385,-0.187396,-0.00149392,0.55658,0.11707,0.730552,0.956206,-0.0908334,0.252416
1.7318329811096191,-5.38874,2.31974,-2.20993,-3.43882,3.39222,-0.0693361,-0.225024,0.698395,0.0839431,0.128926,0.981962,0.0281648,-0.167067,-0.00150427,0.556503,0.116637,0.731897,0.95609,-0.0926777,0.252388
1.7509658336639404,-5.38874,2.31974,-2.20993,-3.43882,3.39222,-0.0693361,-0.225024,0.698395,0.0839431,0.128926,0.981962,0.0281648,-0.167067,-0.00150427,0.556503,0.116637,0.731897,0.95609,-0.0926777,0.252388
1.7831025123596191,-5.6379,2.38278,-2.29303,-3.57409,3.67978,-0.0693321,-0.227018,0.700725,0.0465639,0.128954,0.981164,0.0205723,-0.186349,-0.00149201,0.556579,0.117082,0.730572,0.956213,-0.090934,0.252347
1.7891693115234375,-5.6379,2.38278,-2.29303,-3.57409,3.67978,-0.0693321,-0.227018,0.700725,0.0465639,0.128954,0.981164,0.0205723,-0.186349,-0.00149201,0.556579,0.117082,0.730572,0.956213,-0.090934,0.252347
1.8136255741119385,-5.6379,2.38278,-2.29303,-3.57409,3.67978,-0.0693321,-0.227018,0.700725,0.0465639,0.128954,0.981164,0.0205723,-0.186349,-0.00149201,0.556579,0.117082,0.730572,0.956213,-0.090934,0.252347
1.833491325378418,-5.37712,2.31716,-2.21598,-3.46666,3.37872,-0.0693331,-0.224987,0.698408,0.0838904,0.128952,0.981704,0.0292501,-0.168418,-0.00149141,0.556586,0.117081,0.731862,0.956224,-0.0908831,0.252326
1.843207597732544,-5.37712,2.31716,-2.21598,-3.46666,3.37872,-0.0693331,-0.224987,0.698408,0.0838904,0.128952,0.981704,0.0292501,-0.168418,-0.00149141,0.556586,0.117081,0.731862,0.956224,-0.0908831,0.252326
1.873506784439087,-5.37712,2.31716,-2.21598,-3.46666,3.37872,-0.0693331,-0.224987,0.698408,0.0838904,0.128952,0.981704,0.0292501,-0.168418,-0.00149141,0.556586,0.117081,0.731862,0.956224,-0.0908831,0.252326
1.8821353912353516,-5.42127,2.39746,-2.23924,-3.44355,3.45099,-0.0694076,-0.224802,0.698362,0.0844666,0.12903,0.982179,0.0294713,-0.165293,-0.00167502,0.55695,0.11606,0.731691,0.957101,-0.0862933,0.251079
1.9033653736114502,-5.42127,2.39746,-2.23924,-3.44355,3.45099,-0.0694076,-0.224802,0.698362,0.0844666,0.12903,0.982179,0.0294713,-0.165293,-0.00167502,0.55695,0.11606,0.731691,0.957101,-0.0862933,0.251079
1.9324288368225098,-5.41082,2.28464,-2.24078,-3.42916,3.39603,-0.0693302,-0.22481,0.698572,0.0832429,0.128967,0.981574,0.0301508,-0.169332,-0.00149289,0.55657,0.117079,0.731678,0.956198,-0.0908907,0.252421
1.9405162334442139,-5.41082,2.28464,-2.24078,-3.42916,3.39603,-0.0693302,-0.22481,0.698572,0.0832429,0.128967,0.981574,0.0301508,-0.169332,-0.00149289,0.55657,0.117079,0.731678,0.956198,-0.0908907,0.252421
1.9668669700622559,-5.41082,2.28464,-2.24078,-3.42916,3.39603,-0.0693302,-0.22481,0.698572,0.0832429,0.128967,0.981574,0.0301508,-0.169332,-0.00149289,0.55657,0.117079,0.731678,0.956198,-0.0908907,0.252421
1.9819791316986084,-5.45733,2.4152,-2.24162,-3.46523,3.44285,-0.0693321,-0.224934,0.698302,0.0846156,0.128955,0.982008,0.0283855,-0.166418,-0.00149062,0.556581,0.117112,0.731865,0.956211,-0.090879,0.252362
1.9951918125152588,-5.45733,2.4152,-2.24162,-3.46523,3.44285,-0.0693321,-0.224934,0.698302,0.0846156,0.128955,0.982008,0.0283855,-0.166418,-0.00149062,0.556581,0.117112,0.731865,0.956211,-0.090879,0.252362
2.0258891582489014,-5.45733,2.4152,-2.24162,-3.46523,3.44285,-0.0693321,-0.224934,0.698302,0.0846156,0.128955,0.982008,0.0283855,-0.166418,-0.00149062,0.556581,0.117112,0.731865,0.956211,-0.090879,0.252362
2.035107374191284,-5.39575,2.34784,-2.22498,-3.44371,3.39985,-0.069335,-0.224912,0.698667,0.0828643,0.128955,0.981782,0.0286546,-0.168572,-0.00149177,0.556582,0.117126,0.731732,0.956216,-0.0907842,0.252371
2.0552353858947754,-5.39575,2.34784,-2.22498,-3.44371,3.39985,-0.069335,-0.224912,0.698667,0.0828643,0.128955,0.981782,0.0286546,-0.168572,-0.00149177,0.556582,0.117126,0.731732,0.956216,-0.0907842,0.252371
2.082432985305786,-5.46497,2.33121,-2.24814,-3.42178,3.45794,-0.0693585,-0.224889,0.698507,0.0831947,0.128945,0.9821,0.0284199,-0.166586,-0.00146156,0.556547,0.11682,0.731766,0.956206,-0.0912581,0.252379
2.090925455093384,-5.46497,2.33121,-2.24814,-3.42178,3.45794,-0.0693585,-0.224889,0.698507,0.0831947,0.128945,0.9821,0.0284199,-0.166586,-0.00146156,0.556547,0.11682,0.731766,0.956206,-0.0912581,0.252379
2.1173412799835205,-5.46497,2.33121,-2.24814,-3.42178,3.45794,-0.0693585,-0.224889,0.698507,0.0831947,0.128945,0.9821,0.0284199,-0.166586,-0.00146156,0.556547,0.11682,0.731766,0.956206,-0.0912581,0.252379
2.132267951965332,-5.37022,2.34182,-2.19768,-3.45011,3.37644,-0.0693294,-0.22486,0.69813,0.0855709,0.128967,0.98208,0.0295327,-0.165299,-0.00149284,0.556574,0.117072,0.73181,0.956196,-0.0909238,0.252422
2.1474807262420654,-5.37022,2.34182,-2.19768,-3.45011,3.37644,-0.0693294,-0.22486,0.69813,0.0855709,0.128967,0.98208,0.0295327,-0.165299,-0.00149284,0.556574,0.117072,0.73181,0.956196,-0.0909238,0.252422
2.1780660152435303,-5.37022,2.34182,-2.19768,-3.45011,3.37644,-0.0693294,-0.22486,0.69813,0.0855709,0.128967,0.98208,0.0295327,-0.165299,-0.00149284,0.556574,0.117072,0.73181,0.956196,-0.0909238,0.252422
2.186591386795044,-5.59277,2.38018,-2.2999,-3.55066,3.67447,-0.0694099,-0.22701,0.700678,0.0459111,0.129033,0.980985,0.0213114,-0.187367,-0.00167775,0.55695,0.116058,0.730552,0.957103,-0.0862328,0.251095
2.213789463043213,-5.59277,2.38018,-2.2999,-3.55066,3.67447,-0.0694099,-0.22701,0.700678,0.0459111,0.129033,0.980985,0.0213114,-0.187367,-0.00167775,0.55695,0.116058,0.730552,0.957103,-0.0862328,0.251095
2.2330756187438965,-5.67233,2.26652,-2.3003,-3.54936,3.67768,-0.0693409,-0.227011,0.700718,0.0464252,0.12885,0.981148,0.0203744,-0.186489,-0.0016267,0.556196,0.116004,0.73058,0.955927,-0.0954856,0.252249
2.243342399597168,-5.67233,2.26652,-2.3003,-3.54936,3.67768,-0.0693409,-0.227011,0.700718,0.0464252,0.12885,0.981148,0.0203744,-0.186489,-0.0016267,0.556196,0.116004,0.73058,0.955927,-0.0954856,0.252249
2.2697227001190186,-5.67233,2.26652,-2.3003,-3.54936,3.67768,-0.0693409,-0.227011,0.700718,0.0464252,0.12885,0.981148,0.0203744,-0.186489,-0.0016267,0.556196,0.116004,0.73058,0.955927,-0.0954856,0.252249
2.2825303077697754,-5.54981,2.38461,-2.27289,-3.5509,3.65236,-0.0694123,-0.227014,0.700734,0.0465794,0.129028,0.981163,0.0206193,-0.186345,-0.00167915,0.556958,0.116046,0.730569,0.957097,-0.0863171,0.251095
2.299670696258545,-5.54981,2.38461,-2.27289,-3.5509,3.65236,-0.0694123,-0.227014,0.700734,0.0465794,0.129028,0.981163,0.0206193,-0.186345,-0.00167915,0.556958,0.116046,0.730569,0.957097,-0.0863171,0.251095
2.3299121856689453,-5.54981,2.38461,-2.27289,-3.5509,3.65236,-0.0694123,-0.227014,0.700734,0.0465794,0.129028,0.981163,0.0206193,-0.186345,-0.00167915,0.556958,0.116046,0.730569,0.957097,-0.0863171,0.251095
2.3381683826446533,-5.59615,2.35166,-2.27506,-3.56378,3.65242,-0.0693347,-0.227015,0.700716,0.0464897,0.128964,0.981136,0.0204877,-0.186526,-0.00148878,0.55658,0.117094,0.73058,0.956206,-0.0908044,0.252416
2.3613383769989014,-5.59615,2.35166,-2.27506,-3.56378,3.65242,-0.0693347,-0.227015,0.700716,0.0464897,0.128964,0.981136,0.0204877,-0.186526,-0.00148878,0.55658,0.117094,0.73058,0.956206,-0.0908044,0.252416
2.3824877738952637,-5.41417,2.34563,-2.22759,-3.43298,3.42029,-0.0693347,-0.224934,0.698289,0.0845796,0.128965,0.982008,0.0283995,-0.166434,-0.00149055,0.556576,0.117115,0.731866,0.956199,-0.0907847,0.252438
2.3911101818084717,-5.41417,2.34563,-2.22759,-3.43298,3.42029,-0.0693347,-0.224934,0.698289,0.0845796,0.128965,0.982008,0.0283995,-0.166434,-0.00149055,0.556576,0.117115,0.731866,0.956199,-0.0907847,0.252438
2.4211955070495605,-5.41417,2.34563,-2.22759,-3.43298,3.42029,-0.0693347,-0.224934,0.698289,0.0845796,0.128965,0.982008,0.0283995,-0.166434,-0.00149055,0.556576,0.117115,0.731866,0.956199,-0.0907847,0.252438
2.4321138858795166,-5.58627,2.39256,-2.29898,-3.55922,3.68359,-0.0693547,-0.227035,0.700792,0.0465172,0.129043,0.981098,0.020772,-0.186683,-0.00174481,0.557041,0.116549,0.730625,0.957279,-0.0848347,0.250673
2.4511423110961914,-5.58627,2.39256,-2.29898,-3.55922,3.68359,-0.0693547,-0.227035,0.700792,0.0465172,0.129043,0.981098,0.020772,-0.186683,-0.00174481,0.557041,0.116549,0.730625,0.957279,-0.0848347,0.250673
2.482051372528076,-5.52694,2.43022,-2.26277,-3.55724,3.64701,-0.0693564,-0.226981,0.700643,0.0468867,0.129046,0.981254,0.0206026,-0.185789,-0.00175154,0.557036,0.116525,0.730544,0.957285,-0.084787,0.250676
2.4882280826568604,-5.52694,2.43022,-2.26277,-3.55724,3.64701,-0.0693564,-0.226981,0.700643,0.0468867,0.129046,0.981254,0.0206026,-0.185789,-0.00175154,0.557036,0.116525,0.730544,0.957285,-0.084787,0.250676
2.5134074687957764,-5.52694,2.43022,-2.26277,-3.55724,3.64701,-0.0693564,-0.226981,0.700643,0.0468867,0.129046,0.981254,0.0206026,-0.185789,-0.00175154,0.557036,0.116525,0.730544,0.957285,-0.084787,0.250676
2.532491445541382,-5.33943,2.35344,-2.23631,-3.45465,3.38773,-0.0693551,-0.224975,0.698433,0.0841699,0.129047,0.981436,0.029645,-0.169763,-0.00175108,0.557035,0.116571,0.731814,0.95727,-0.0847847,0.250712
2.5434188842773438,-5.33943,2.35344,-2.23631,-3.45465,3.38773,-0.0693551,-0.224975,0.698433,0.0841699,0.129047,0.981436,0.029645,-0.169763,-0.00175108,0.557035,0.116571,0.731814,0.95727,-0.0847847,0.250712
2.573791265487671,-5.33943,2.35344,-2.23631,-3.45465,3.38773,-0.0693551,-0.224975,0.698433,0.0841699,0.129047,0.981436,0.029645,-0.169763,-0.00175108,0.557035,0.116571,0.731814,0.95727,-0.0847847,0.250712
2.5824005603790283,-5.54998,2.43304,-2.27919,-3.55961,3.66355,-0.0693568,-0.22701,0.700716,0.0464621,0.129064,0.981138,0.0203975,-0.186532,-0.00175863,0.557021,0.116499,0.730583,0.957268,-0.0847209,0.250775
2.6036105155944824,-5.54998,2.43304,-2.27919,-3.55961,3.66355,-0.0693568,-0.22701,0.700716,0.0464621,0.129064,0.981138,0.0203975,-0.186532,-0.00175863,0.557021,0.116499,0.730583,0.957268,-0.0847209,0.250775
2.632713556289673,-5.31672,2.3952,-2.21358,-3.43853,3.38071,-0.0693555,-0.224989,0.6984,0.0838474,0.129036,0.981717,0.029234,-0.168366,-0.00174923,0.557049,0.116555,0.73186,0.957281,-0.0848838,0.250646
2.640227794647217,-5.31672,2.3952,-2.21358,-3.43853,3.38071,-0.0693555,-0.224989,0.6984,0.0838474,0.129036,0.981717,0.029234,-0.168366,-0.00174923,0.557049,0.116555,0.73186,0.957281,-0.0848838,0.250646
2.665771722793579,-5.31672,2.3952,-2.21358,-3.43853,3.38071,-0.0693555,-0.224989,0.6984,0.0838474,0.129036,0.981717,0.029234,-0.168366,-0.00174923,0.557049,0.116555,0.73186,0.957281,-0.0848838,0.250646
2.6815226078033447,-5.54962,2.40371,-2.28147,-3.54232,3.66343,-0.0693562,-0.227011,0.700723,0.0464979,0.129046,0.981136,0.0204141,-0.186531,-0.00174403,0.557044,0.116561,0.730581,0.957271,-0.0848065,0.250707
2.6957626342773438,-5.54962,2.40371,-2.28147,-3.54232,3.66343,-0.0693562,-0.227011,0.700723,0.0464979,0.129046,0.981136,0.0204141,-0.186531,-0.00174403,0.557044,0.116561,0.730581,0.957271,-0.0848065,0.250707
2.725893020629883,-5.54962,2.40371,-2.28147,-3.54232,3.66343,-0.0693562,-0.227011,0.700723,0.0464979,0.129046,0.981136,0.0204141,-0.186531,-0.00174403,0.557044,0.116561,0.730581,0.957271,-0.0848065,0.250707
2.7345032691955566,-5.54373,2.41985,-2.26665,-3.57807,3.65598,-0.0693567,-0.226989,0.700661,0.0469893,0.129058,0.981268,0.0208199,-0.185665,-0.00174993,0.557029,0.116525,0.73053,0.957265,-0.0847601,0.250761
2.7556819915771484,-5.54373,2.41985,-2.26665,-3.57807,3.65598,-0.0693567,-0.226989,0.700661,0.0469893,0.129058,0.981268,0.0208199,-0.185665,-0.00174993,0.557029,0.116525,0.73053,0.957265,-0.0847601,0.250761
2.782595157623291,-5.45032,2.32723,-2.25532,-3.42299,3.44139,-0.0693325,-0.224911,0.698676,0.0829079,0.12896,0.981777,0.0285912,-0.168593,-0.00149587,0.556581,0.117065,0.731731,0.956216,-0.0908737,0.252365
2.7901978492736816,-5.45032,2.32723,-2.25532,-3.42299,3.44139,-0.0693325,-0.224911,0.698676,0.0829079,0.12896,0.981777,0.0285912,-0.168593,-0.00149587,0.556581,0.117065,0.731731,0.956216,-0.0908737,0.252365
2.818457841873169,-5.45032,2.32723,-2.25532,-3.42299,3.44139,-0.0693325,-0.224911,0.698676,0.0829079,0.12896,0.981777,0.0285912,-0.168593,-0.00149587,0.556581,0.117065,0.731731,0.956216,-0.0908737,0.252365
2.83211350440979,-5.39435,2.3391,-2.2114,-3.43257,3.39564,-0.0693328,-0.224855,0.698125,0.0855678,0.128968,0.982085,0.0295646,-0.165266,-0.00149106,0.556574,0.117065,0.731806,0.956197,-0.0908804,0.252435
2.8471157550811768,-5.39435,2.3391,-2.2114,-3.43257,3.39564,-0.0693328,-0.224855,0.698125,0.0855678,0.128968,0.982085,0.0295646,-0.165266,-0.00149106,0.556574,0.117065,0.731806,0.956197,-0.0908804,0.252435
2.8773157596588135,-5.39435,2.3391,-2.2114,-3.43257,3.39564,-0.0693328,-0.224855,0.698125,0.0855678,0.128968,0.982085,0.0295646,-0.165266,-0.00149106,0.556574,0.117065,0.731806,0.956197,-0.0908804,0.252435
2.886044502258301,-5.47474,2.35226,-2.25513,-3.48252,3.44408,-0.0693287,-0.224855,0.698553,0.0831191,0.128962,0.9818,0.0294543,-0.168206,-0.00149187,0.556579,0.117107,0.73172,0.956199,-0.0909084,0.252398
2.90944504737854,-5.47474,2.35226,-2.25513,-3.48252,3.44408,-0.0693287,-0.224855,0.698553,0.0831191,0.128962,0.9818,0.0294543,-0.168206,-0.00149187,0.556579,0.117107,0.73172,0.956199,-0.0909084,0.252398
2.9322545528411865,-5.38995,2.33468,-2.21605,-3.43398,3.40632,-0.0694387,-0.225022,0.698399,0.0839399,0.128625,0.981972,0.0281666,-0.16701,-0.00148727,0.556805,0.116811,0.731892,0.956738,-0.0911235,0.250409
2.939833641052246,-5.38995,2.33468,-2.21605,-3.43398,3.40632,-0.0694387,-0.225022,0.698399,0.0839399,0.128625,0.981972,0.0281666,-0.16701,-0.00148727,0.556805,0.116811,0.731892,0.956738,-0.0911235,0.250409
2.9690909385681152,-5.38995,2.33468,-2.21605,-3.43398,3.40632,-0.0694387,-0.225022,0.698399,0.0839399,0.128625,0.981972,0.0281666,-0.16701,-0.00148727,0.556805,0.116811,0.731892,0.956738,-0.0911235,0.250409
2.9816055297851562,-5.61882,2.36311,-2.28277,-3.574,3.66679,-0.0693324,-0.227017,0.700732,0.0465143,0.128973,0.981167,0.0205153,-0.186351,-0.0014927,0.556565,0.117031,0.730566,0.956188,-0.0909364,0.252466
2.999704360961914,-5.61882,2.36311,-2.28277,-3.574,3.66679,-0.0693324,-0.227017,0.700732,0.0465143,0.128973,0.981167,0.0205153,-0.186351,-0.0014927,0.556565,0.117031,0.730566,0.956188,-0.0909364,0.252466
3.029794454574585,-5.61882,2.36311,-2.28277,-3.574,3.66679,-0.0693324,-0.227017,0.700732,0.0465143,0.128973,0.981167,0.0205153,-0.186351,-0.0014927,0.556565,0.117031,0.730566,0.956188,-0.0909364,0.252466
3.0385243892669678,-5.59805,2.37236,-2.27371,-3.55969,3.64496,-0.0694655,-0.226966,0.700593,0.0463329,0.12862,0.981078,0.0212133,-0.186785,-0.00145072,0.556762,0.116511,0.730527,0.956709,-0.0915978,0.250486
3.0616061687469482,-5.59805,2.37236,-2.27371,-3.55969,3.64496,-0.0694655,-0.226966,0.700593,0.0463329,0.12862,0.981078,0.0212133,-0.186785,-0.00145072,0.556762,0.116511,0.730527,0.956709,-0.0915978,0.250486
3.0826313495635986,-5.39598,2.34534,-2.21432,-3.42222,3.41146,-0.0693397,-0.224895,0.698507,0.0831814,0.128949,0.982102,0.0282578,-0.166606,-0.00149112,0.556583,0.117112,0.731773,0.956202,-0.0909055,0.252384
3.091586112976074,-5.39598,2.34534,-2.21432,-3.42222,3.41146,-0.0693397,-0.224895,0.698507,0.0831814,0.128949,0.982102,0.0282578,-0.166606,-0.00149112,0.556583,0.117112,0.731773,0.956202,-0.0909055,0.252384
3.1219370365142822,-5.39598,2.34534,-2.21432,-3.42222,3.41146,-0.0693397,-0.224895,0.698507,0.0831814,0.128949,0.982102,0.0282578,-0.166606,-0.00149112,0.556583,0.117112,0.731773,0.956202,-0.0909055,0.252384
3.137171983718872,-5.4335,2.32182,-2.23485,-3.41913,3.41473,-0.0693316,-0.224777,0.698338,0.0843556,0.128952,0.981949,0.0304823,-0.166526,-0.00148808,0.556583,0.117101,0.73166,0.956218,-0.090894,0.252336
3.15219783782959,-5.4335,2.32182,-2.23485,-3.41913,3.41473,-0.0693316,-0.224777,0.698338,0.0843556,0.128952,0.981949,0.0304823,-0.166526,-0.00148808,0.556583,0.117101,0.73166,0.956218,-0.090894,0.252336
3.1879994869232178,-5.65384,2.34429,-2.30741,-3.58262,3.68017,-0.0693338,-0.227021,0.700746,0.0459986,0.128957,0.980926,0.0214455,-0.187641,-0.00148953,0.556585,0.117161,0.73061,0.95622,-0.0906993,0.252371
3.1970255374908447,-5.65384,2.34429,-2.30741,-3.58262,3.68017,-0.0693338,-0.227021,0.700746,0.0459986,0.128957,0.980926,0.0214455,-0.187641,-0.00148953,0.556585,0.117161,0.73061,0.95622,-0.0906993,0.252371
3.214167594909668,-5.65384,2.34429,-2.30741,-3.58262,3.68017,-0.0693338,-0.227021,0.700746,0.0459986,0.128957,0.980926,0.0214455,-0.187641,-0.00148953,0.556585,0.117161,0.73061,0.95622,-0.0906993,0.252371
3.2340195178985596,-5.64445,2.3188,-2.30398,-3.53757,3.68663,-0.0693323,-0.227021,0.700725,0.0465085,0.128958,0.981166,0.0206223,-0.186348,-0.00149199,0.55658,0.117119,0.730566,0.956204,-0.0908552,0.252393
3.2433619499206543,-5.64445,2.3188,-2.30398,-3.53757,3.68663,-0.0693323,-0.227021,0.700725,0.0465085,0.128958,0.981166,0.0206223,-0.186348,-0.00149199,0.55658,0.117119,0.730566,0.956204,-0.0908552,0.252393
3.273538589477539,-5.64445,2.3188,-2.30398,-3.53757,3.68663,-0.0693323,-0.227021,0.700725,0.0465085,0.128958,0.981166,0.0206223,-0.186348,-0.00149199,0.55658,0.117119,0.730566,0.956204,-0.0908552,0.252393
3.2823569774627686,-5.60467,2.36611,-2.27854,-3.57467,3.64914,-0.0693321,-0.227007,0.700679,0.0459042,0.128964,0.981006,0.0212806,-0.18726,-0.00149308,0.556583,0.117065,0.730551,0.956218,-0.0908213,0.252378
3.3035099506378174,-5.60467,2.36611,-2.27854,-3.57467,3.64914,-0.0693321,-0.227007,0.700679,0.0459042,0.128964,0.981006,0.0212806,-0.18726,-0.00149308,0.556583,0.117065,0.730551,0.956218,-0.0908213,0.252378
3.3330161571502686,-5.41391,2.31287,-2.24693,-3.45089,3.39781,-0.0693325,-0.224968,0.698431,0.084252,0.128961,0.981444,0.0295859,-0.169686,-0.00149196,0.556581,0.117087,0.731811,0.956226,-0.0907709,0.252355
3.3415920734405518,-5.41391,2.31287,-2.24693,-3.45089,3.39781,-0.0693325,-0.224968,0.698431,0.084252,0.128961,0.981444,0.0295859,-0.169686,-0.00149196,0.556581,0.117087,0.731811,0.956226,-0.0907709,0.252355
3.366182565689087,-5.41391,2.31287,-2.24693,-3.45089,3.39781,-0.0693325,-0.224968,0.698431,0.084252,0.128961,0.981444,0.0295859,-0.169686,-0.00149196,0.556581,0.117087,0.731811,0.956226,-0.0907709,0.252355
3.3832573890686035,-5.70251,2.09125,-2.51719,-3.77405,3.53891,-0.0693313,-0.227179,0.700198,0.0458632,0.12896,0.974588,0.0245269,-0.217883,-0.00149181,0.556587,0.117108,0.7294,0.956223,-0.0907723,0.252356
3.3953192234039307,-5.70251,2.09125,-2.51719,-3.77405,3.53891,-0.0693313,-0.227179,0.700198,0.0458632,0.12896,0.974588,0.0245269,-0.217883,-0.00149181,0.556587,0.117108,0.7294,0.956223,-0.0907723,0.252356
3.425527334213257,-5.70251,2.09125,-2.51719,-3.77405,3.53891,-0.0693313,-0.227179,0.700198,0.0458632,0.12896,0.974588,0.0245269,-0.217883,-0.00149181,0.556587,0.117108,0.7294,0.956223,-0.0907723,0.252356
3.434098243713379,-5.62428,2.30269,-2.29801,-3.54547,3.66267,-0.0693315,-0.227022,0.70075,0.0458881,0.128962,0.980936,0.0213579,-0.187625,-0.00149153,0.556582,0.117087,0.730608,0.956208,-0.0908565,0.252391
3.4556829929351807,-5.62428,2.30269,-2.29801,-3.54547,3.66267,-0.0693315,-0.227022,0.70075,0.0458881,0.128962,0.980936,0.0213579,-0.187625,-0.00149153,0.556582,0.117087,0.730608,0.956208,-0.0908565,0.252391
3.482543706893921,-5.44902,2.28767,-2.25757,-3.46667,3.42581,-0.0693334,-0.224883,0.698675,0.082875,0.128963,0.981566,0.0295497,-0.169664,-0.00149511,0.556575,0.117095,0.731696,0.956199,-0.0908605,0.252421
3.4902281761169434,-5.44902,2.28767,-2.25757,-3.46667,3.42581,-0.0693334,-0.224883,0.698675,0.082875,0.128963,0.981566,0.0295497,-0.169664,-0.00149511,0.556575,0.117095,0.731696,0.956199,-0.0908605,0.252421
3.51777720451355,-5.44902,2.28767,-2.25757,-3.46667,3.42581,-0.0693334,-0.224883,0.698675,0.082875,0.128963,0.981566,0.0295497,-0.169664,-0.00149511,0.556575,0.117095,0.731696,0.956199,-0.0908605,0.252421
3.5313913822174072,-5.52078,2.34959,-2.23678,-3.56368,3.59725,-0.0693404,-0.227035,0.700795,0.046503,0.128968,0.981098,0.020685,-0.1867,-0.00149614,0.556576,0.117051,0.730623,0.956196,-0.0908295,0.252466
3.5477828979492188,-5.52078,2.34959,-2.23678,-3.56368,3.59725,-0.0693404,-0.227035,0.700795,0.046503,0.128968,0.981098,0.020685,-0.1867,-0.00149614,0.556576,0.117051,0.730623,0.956196,-0.0908295,0.252466
3.57812237739563,-5.52078,2.34959,-2.23678,-3.56368,3.59725,-0.0693404,-0.227035,0.700795,0.046503,0.128968,0.981098,0.020685,-0.1867,-0.00149614,0.556576,0.117051,0.730623,0.956196,-0.0908295,0.252466
3.5866830348968506,-5.45742,2.36725,-2.2448,-3.43354,3.45626,-0.0693597,-0.224972,0.698604,0.082556,0.128956,0.982059,0.0278146,-0.167243,-0.00146046,0.556545,0.116833,0.731803,0.956202,-0.0911212,0.252439
3.6099135875701904,-5.45742,2.36725,-2.2448,-3.43354,3.45626,-0.0693597,-0.224972,0.698604,0.082556,0.128956,0.982059,0.0278146,-0.167243,-0.00146046,0.556545,0.116833,0.731803,0.956202,-0.0911212,0.252439
3.631965398788452,-5.47404,2.29967,-2.27004,-3.47173,3.44179,-0.0693338,-0.224886,0.698686,0.0828722,0.128958,0.981537,0.0295324,-0.16984,-0.00149684,0.556583,0.117054,0.731698,0.956219,-0.0908887,0.252355
3.639714479446411,-5.47404,2.29967,-2.27004,-3.47173,3.44179,-0.0693338,-0.224886,0.698686,0.0828722,0.128958,0.981537,0.0295324,-0.16984,-0.00149684,0.556583,0.117054,0.731698,0.956219,-0.0908887,0.252355
3.6697092056274414,-5.47404,2.29967,-2.27004,-3.47173,3.44179,-0.0693338,-0.224886,0.698686,0.0828722,0.128958,0.981537,0.0295324,-0.16984,-0.00149684,0.556583,0.117054,0.731698,0.956219,-0.0908887,0.252355
3.6826908588409424,-5.66056,2.37036,-2.30498,-3.58327,3.69641,-0.0693327,-0.227014,0.700721,0.0464955,0.128965,0.981134,0.0203993,-0.186545,-0.00149422,0.556575,0.117058,0.73058,0.95621,-0.0908611,0.252398
3.6996965408325195,-5.66056,2.37036,-2.30498,-3.58327,3.69641,-0.0693327,-0.227014,0.700721,0.0464955,0.128965,0.981134,0.0203993,-0.186545,-0.00149422,0.556575,0.117058,0.73058,0.95621,-0.0908611,0.252398
3.729887008666992,-5.66056,2.37036,-2.30498,-3.58327,3.69641,-0.0693327,-0.227014,0.700721,0.0464955,0.128965,0.981134,0.0203993,-0.186545,-0.00149422,0.556575,0.117058,0.73058,0.95621,-0.0908611,0.252398
3.738455295562744,-5.40338,2.33788,-2.22318,-3.42762,3.41329,-0.0693344,-0.224941,0.698303,0.0845516,0.128964,0.982001,0.0283018,-0.166507,-0.00149563,0.556576,0.117054,0.731869,0.956202,-0.0908997,0.252416
3.7616193294525146,-5.40338,2.33788,-2.22318,-3.42762,3.41329,-0.0693344,-0.224941,0.698303,0.0845516,0.128964,0.982001,0.0283018,-0.166507,-0.00149563,0.556576,0.117054,0.731869,0.956202,-0.0908997,0.252416
3.782374143600464,-5.66831,2.33298,-2.31608,-3.55596,3.70017,-0.0693309,-0.227036,0.700796,0.0464949,0.128961,0.981094,0.0207339,-0.186714,-0.00149371,0.556579,0.117157,0.730623,0.956199,-0.0908011,0.252415
3.791152000427246,-5.66831,2.33298,-2.31608,-3.55596,3.70017,-0.0693309,-0.227036,0.700796,0.0464949,0.128961,0.981094,0.0207339,-0.186714,-0.00149371,0.556579,0.117157,0.730623,0.956199,-0.0908011,0.252415
3.8212807178497314,-5.66831,2.33298,-2.31608,-3.55596,3.70017,-0.0693309,-0.227036,0.700796,0.0464949,0.128961,0.981094,0.0207339,-0.186714,-0.00149371,0.556579,0.117157,0.730623,0.956199,-0.0908011,0.252415
3.8320417404174805,-5.35273,2.33656,-2.18675,-3.42853,3.36766,-0.0693639,-0.224799,0.698363,0.0846194,0.128948,0.982169,0.0294513,-0.165275,-0.00146313,0.556538,0.116826,0.731687,0.95619,-0.0912384,0.252446
3.851550817489624,-5.35273,2.33656,-2.18675,-3.42853,3.36766,-0.0693639,-0.224799,0.698363,0.0846194,0.128948,0.982169,0.0294513,-0.165275,-0.00146313,0.556538,0.116826,0.731687,0.95619,-0.0912384,0.252446
3.882657051086426,-5.55532,2.41114,-2.28284,-3.56843,3.65733,-0.069356,-0.226999,0.700673,0.0458951,0.129055,0.98097,0.0210915,-0.187473,-0.00174836,0.557038,0.116549,0.730566,0.957251,-0.0848337,0.250779
3.8886873722076416,-5.55532,2.41114,-2.28284,-3.56843,3.65733,-0.069356,-0.226999,0.700673,0.0458951,0.129055,0.98097,0.0210915,-0.187473,-0.00174836,0.557038,0.116549,0.730566,0.957251,-0.0848337,0.250779
3.9138879776000977,-5.55532,2.41114,-2.28284,-3.56843,3.65733,-0.069356,-0.226999,0.700673,0.0458951,0.129055,0.98097,0.0210915,-0.187473,-0.00174836,0.557038,0.116549,0.730566,0.957251,-0.0848337,0.250779
3.931597948074341,-5.3879,2.30883,-2.22081,-3.43291,3.3901,-0.069335,-0.224848,0.698558,0.0831598,0.128954,0.981799,0.0294196,-0.168193,-0.00149099,0.556582,0.11714,0.731716,0.956202,-0.0908514,0.252394
3.9437479972839355,-5.3879,2.30883,-2.22081,-3.43291,3.3901,-0.069335,-0.224848,0.698558,0.0831598,0.128954,0.981799,0.0294196,-0.168193,-0.00149099,0.556582,0.11714,0.731716,0.956202,-0.0908514,0.252394
3.9728074073791504,-5.3879,2.30883,-2.22081,-3.43291,3.3901,-0.069335,-0.224848,0.698558,0.0831598,0.128954,0.981799,0.0294196,-0.168193,-0.00149099,0.556582,0.11714,0.731716,0.956202,-0.0908514,0.252394
3.981619358062744,-5.64291,2.37024,-2.30105,-3.55261,3.6877,-0.0693349,-0.227013,0.700725,0.0464634,0.128961,0.98116,0.0203339,-0.186418,-0.00149391,0.556583,0.117082,0.730579,0.956209,-0.09084,0.252397
4.005009174346924,-5.64291,2.37024,-2.30105,-3.55261,3.6877,-0.0693349,-0.227013,0.700725,0.0464634,0.128961,0.98116,0.0203339,-0.186418,-0.00149391,0.556583,0.117082,0.730579,0.956209,-0.09084,0.252397
4.032644987106323,-5.573,2.43231,-2.27712,-3.57771,3.66866,-0.0694068,-0.226979,0.700645,0.0468864,0.129032,0.981245,0.0205131,-0.185846,-0.00167131,0.55695,0.116087,0.730543,0.957077,-0.0863676,0.251135
4.0410685539245605,-5.573,2.43231,-2.27712,-3.57771,3.66866,-0.0694068,-0.226979,0.700645,0.0468864,0.129032,0.981245,0.0205131,-0.185846,-0.00167131,0.55695,0.116087,0.730543,0.957077,-0.0863676,0.251135
4.065014600753784,-5.573,2.43231,-2.27712,-3.57771,3.66866,-0.0694068,-0.226979,0.700645,0.0468864,0.129032,0.981245,0.0205131,-0.185846,-0.00167131,0.55695,0.116087,0.730543,0.957077,-0.0863676,0.251135
4.081954479217529,-5.55872,2.39217,-2.27904,-3.5729,3.64718,-0.0694094,-0.227017,0.700751,0.045877,0.129025,0.980936,0.0214304,-0.18762,-0.00167593,0.556961,0.116073,0.730608,0.957101,-0.0863029,0.251071
4.0947771072387695,-5.55872,2.39217,-2.27904,-3.5729,3.64718,-0.0694094,-0.227017,0.700751,0.045877,0.129025,0.980936,0.0214304,-0.18762,-0.00167593,0.556961,0.116073,0.730608,0.957101,-0.0863029,0.251071
4.124942064285278,-5.55872,2.39217,-2.27904,-3.5729,3.64718,-0.0694094,-0.227017,0.700751,0.045877,0.129025,0.980936,0.0214304,-0.18762,-0.00167593,0.556961,0.116073,0.730608,0.957101,-0.0863029,0.251071
4.133571147918701,-5.3644,2.38058,-2.2288,-3.44748,3.41291,-0.0694134,-0.224919,0.698666,0.0828198,0.129031,0.981802,0.0285804,-0.168489,-0.00167475,0.556955,0.116084,0.731733,0.957083,-0.0862688,0.251146
4.155771732330322,-5.3644,2.38058,-2.2288,-3.44748,3.41291,-0.0694134,-0.224919,0.698666,0.0828198,0.129031,0.981802,0.0285804,-0.168489,-0.00167475,0.556955,0.116084,0.731733,0.957083,-0.0862688,0.251146
4.1817309856414795,-5.52905,2.42838,-2.26489,-3.54755,3.64801,-0.0693557,-0.22699,0.700662,0.0468992,0.12905,0.981274,0.020751,-0.185662,-0.00175053,0.557032,0.116598,0.730532,0.95726,-0.0847556,0.250749
4.189296007156372,-5.52905,2.42838,-2.26489,-3.54755,3.64801,-0.0693557,-0.22699,0.700662,0.0468992,0.12905,0.981274,0.020751,-0.185662,-0.00175053,0.557032,0.116598,0.730532,0.95726,-0.0847556,0.250749
4.217993259429932,-5.52905,2.42838,-2.26489,-3.54755,3.64801,-0.0693557,-0.22699,0.700662,0.0468992,0.12905,0.981274,0.020751,-0.185662,-0.00175053,0.557032,0.116598,0.730532,0.95726,-0.0847556,0.250749
4.232672929763794,-5.41919,2.30728,-2.23705,-3.4243,3.41362,-0.0693336,-0.224846,0.698553,0.083202,0.12895,0.981808,0.0294454,-0.168119,-0.00148914,0.556587,0.11715,0.731714,0.956213,-0.0908319,0.252354
4.248239040374756,-5.41919,2.30728,-2.23705,-3.4243,3.41362,-0.0693336,-0.224846,0.698553,0.083202,0.12895,0.981808,0.0294454,-0.168119,-0.00148914,0.556587,0.11715,0.731714,0.956213,-0.0908319,0.252354
4.277588605880737,-5.41919,2.30728,-2.23705,-3.4243,3.41362,-0.0693336,-0.224846,0.698553,0.083202,0.12895,0.981808,0.0294454,-0.168119,-0.00148914,0.556587,0.11715,0.731714,0.956213,-0.0908319,0.252354
4.286250591278076,-5.54684,2.43946,-2.27749,-3.56183,3.65692,-0.069356,-0.227035,0.700799,0.0465288,0.129048,0.981104,0.0207089,-0.186656,-0.00174398,0.557038,0.116565,0.730621,0.957254,-0.0848674,0.25075
4.309568166732788,-5.54684,2.43946,-2.27749,-3.56183,3.65692,-0.069356,-0.227035,0.700799,0.0465288,0.129048,0.981104,0.0207089,-0.186656,-0.00174398,0.557038,0.116565,0.730621,0.957254,-0.0848674,0.25075
4.3324713706970215,-5.46578,2.31119,-2.25118,-3.42284,3.43721,-0.069331,-0.224783,0.698345,0.0843907,0.128967,0.981934,0.0305459,-0.166584,-0.00149341,0.556581,0.117063,0.731658,0.956203,-0.0908836,0.252415
4.340176582336426,-5.46578,2.31119,-2.25118,-3.42284,3.43721,-0.069331,-0.224783,0.698345,0.0843907,0.128967,0.981934,0.0305459,-0.166584,-0.00149341,0.556581,0.117063,0.731658,0.956203,-0.0908836,0.252415
4.369899749755859,-5.46578,2.31119,-2.25118,-3.42284,3.43721,-0.069331,-0.224783,0.698345,0.0843907,0.128967,0.981934,0.0305459,-0.166584,-0.00149341,0.556581,0.117063,0.731658,0.956203,-0.0908836,0.252415
4.381597280502319,-5.62607,2.32847,-2.29302,-3.53412,3.65563,-0.0693559,-0.227002,0.700684,0.0459534,0.128915,0.980988,0.0212391,-0.187347,-0.0014852,0.556489,0.116542,0.730551,0.956105,-0.0926861,0.252372
4.399771213531494,-5.62607,2.32847,-2.29302,-3.53412,3.65563,-0.0693559,-0.227002,0.700684,0.0459534,0.128915,0.980988,0.0212391,-0.187347,-0.0014852,0.556489,0.116542,0.730551,0.956105,-0.0926861,0.252372
4.430118083953857,-5.62607,2.32847,-2.29302,-3.53412,3.65563,-0.0693559,-0.227002,0.700684,0.0459534,0.128915,0.980988,0.0212391,-0.187347,-0.0014852,0.556489,0.116542,0.730551,0.956105,-0.0926861,0.252372
4.438392877578735,-5.63761,2.33863,-2.29486,-3.57124,3.68145,-0.0693334,-0.227013,0.700724,0.0464627,0.128964,0.981141,0.0204235,-0.186509,-0.00149199,0.556584,0.1171,0.730579,0.956204,-0.0908195,0.252415
4.4617760181427,-5.63761,2.33863,-2.29486,-3.57124,3.68145,-0.0693334,-0.227013,0.700724,0.0464627,0.128964,0.981141,0.0204235,-0.186509,-0.00149199,0.556584,0.1171,0.730579,0.956204,-0.0908195,0.252415
4.482307195663452,-5.6158,2.35084,-2.285,-3.56315,3.66724,-0.0693325,-0.227017,0.700726,0.0464351,0.128965,0.981146,0.0203824,-0.186497,-0.00149556,0.556575,0.117078,0.730582,0.956204,-0.0908575,0.252411
4.4911720752716064,-5.6158,2.35084,-2.285,-3.56315,3.66724,-0.0693325,-0.227017,0.700726,0.0464351,0.128965,0.981146,0.0203824,-0.186497,-0.00149556,0.556575,0.117078,0.730582,0.956204,-0.0908575,0.252411
4.521170616149902,-5.6158,2.35084,-2.285,-3.56315,3.66724,-0.0693325,-0.227017,0.700726,0.0464351,0.128965,0.981146,0.0203824,-0.186497,-0.00149556,0.556575,0.117078,0.730582,0.956204,-0.0908575,0.252411
4.531941652297974,-5.38955,2.31686,-2.22859,-3.43141,3.39321,-0.0693355,-0.225022,0.698382,0.0840135,0.128969,0.981679,0.0290249,-0.168542,-0.00149451,0.556575,0.117117,0.731867,0.956202,-0.0907217,0.252451
4.551157236099243,-5.38955,2.31686,-2.22859,-3.43141,3.39321,-0.0693355,-0.225022,0.698382,0.0840135,0.128969,0.981679,0.0290249,-0.168542,-0.00149451,0.556575,0.117117,0.731867,0.956202,-0.0907217,0.252451
4.582188606262207,-5.61498,2.32017,-2.29384,-3.53445,3.66131,-0.0694379,-0.227,0.700676,0.0459212,0.128633,0.980965,0.0211586,-0.187486,-0.00148582,0.556817,0.116833,0.730567,0.956745,-0.0909697,0.250428
4.5881781578063965,-5.61498,2.32017,-2.29384,-3.53445,3.66131,-0.0694379,-0.227,0.700676,0.0459212,0.128633,0.980965,0.0211586,-0.187486,-0.00148582,0.556817,0.116833,0.730567,0.956745,-0.0909697,0.250428
4.613639831542969,-5.61498,2.32017,-2.29384,-3.53445,3.66131,-0.0694379,-0.227,0.700676,0.0459212,0.128633,0.980965,0.0211586,-0.187486,-0.00148582,0.556817,0.116833,0.730567,0.956745,-0.0909697,0.250428
4.632822513580322,-5.63904,2.37537,-2.291,-3.56828,3.68117,-0.069334,-0.226985,0.700658,0.0469691,0.128955,0.981281,0.0207788,-0.185608,-0.00149462,0.556586,0.117103,0.730527,0.956221,-0.0908173,0.25235
4.642674446105957,-5.63904,2.37537,-2.291,-3.56828,3.68117,-0.069334,-0.226985,0.700658,0.0469691,0.128955,0.981281,0.0207788,-0.185608,-0.00149462,0.556586,0.117103,0.730527,0.956221,-0.0908173,0.25235
4.673930406570435,-5.63904,2.37537,-2.291,-3.56828,3.68117,-0.069334,-0.226985,0.700658,0.0469691,0.128955,0.981281,0.0207788,-0.185608,-0.00149462,0.556586,0.117103,0.730527,0.956221,-0.0908173,0.25235
4.68282151222229,-5.63626,2.33021,-2.28569,-3.55505,3.66923,-0.0693346,-0.226991,0.700665,0.0469765,0.128925,0.981265,0.0207219,-0.185696,-0.00150453,0.556518,0.116683,0.730531,0.956089,-0.0926316,0.252386
4.702839374542236,-5.63626,2.33021,-2.28569,-3.55505,3.66923,-0.0693346,-0.226991,0.700665,0.0469765,0.128925,0.981265,0.0207219,-0.185696,-0.00150453,0.556518,0.116683,0.730531,0.956089,-0.0926316,0.252386
4.731576919555664,-5.62599,2.34392,-2.29384,-3.55534,3.67047,-0.0693314,-0.227034,0.700795,0.0465584,0.128966,0.981098,0.0207529,-0.186675,-0.0014925,0.556585,0.117058,0.730623,0.95621,-0.090857,0.252398
4.739233493804932,-5.62599,2.34392,-2.29384,-3.55534,3.67047,-0.0693314,-0.227034,0.700795,0.0465584,0.128966,0.981098,0.0207529,-0.186675,-0.0014925,0.556585,0.117058,0.730623,0.95621,-0.090857,0.252398
4.765750408172607,-5.62599,2.34392,-2.29384,-3.55534,3.67047,-0.0693314,-0.227034,0.700795,0.0465584,0.128966,0.981098,0.0207529,-0.186675,-0.0014925,0.556585,0.117058,0.730623,0.95621,-0.090857,0.252398
4.7824602127075195,-5.38868,2.29229,-2.21539,-3.40469,3.39784,-0.0693337,-0.224863,0.698143,0.0855418,0.128961,0.982061,0.0294869,-0.165438,-0.00149319,0.55658,0.117101,0.731808,0.95621,-0.0908116,0.252393
4.795241594314575,-5.38868,2.29229,-2.21539,-3.40469,3.39784,-0.0693337,-0.224863,0.698143,0.0855418,0.128961,0.982061,0.0294869,-0.165438,-0.00149319,0.55658,0.117101,0.731808,0.95621,-0.0908116,0.252393
4.8258585929870605,-5.38868,2.29229,-2.21539,-3.40469,3.39784,-0.0693337,-0.224863,0.698143,0.0855418,0.128961,0.982061,0.0294869,-0.165438,-0.00149319,0.55658,0.117101,0.731808,0.95621,-0.0908116,0.252393
4.834417104721069,-5.42053,2.27086,-2.24403,-3.44755,3.40083,-0.0693608,-0.224813,0.698565,0.0832577,0.128952,0.98156,0.0301439,-0.169407,-0.00146245,0.556547,0.116842,0.731673,0.956205,-0.0911192,0.252423
4.855663776397705,-5.42053,2.27086,-2.24403,-3.44755,3.40083,-0.0693608,-0.224813,0.698565,0.0832577,0.128952,0.98156,0.0301439,-0.169407,-0.00146245,0.556547,0.116842,0.731673,0.956205,-0.0911192,0.252423
4.882670164108276,-5.59723,2.31626,-2.28597,-3.53522,3.64211,-0.069361,-0.227017,0.700745,0.0459425,0.128957,0.980925,0.0214014,-0.187664,-0.00146441,0.556546,0.116785,0.730613,0.956194,-0.0912202,0.252453
4.890267848968506,-5.59723,2.31626,-2.28597,-3.53522,3.64211,-0.069361,-0.227017,0.700745,0.0459425,0.128957,0.980925,0.0214014,-0.187664,-0.00146441,0.556546,0.116785,0.730613,0.956194,-0.0912202,0.252453
4.91722297668457,-5.59723,2.31626,-2.28597,-3.53522,3.64211,-0.069361,-0.227017,0.700745,0.0459425,0.128957,0.980925,0.0214014,-0.187664,-0.00146441,0.556546,0.116785,0.730613,0.956194,-0.0912202,0.252453
4.93153190612793,-5.71197,2.32295,-2.33296,-3.58929,3.72196,-0.0693342,-0.227004,0.700683,0.0459521,0.12896,0.980989,0.0212971,-0.187336,-0.00149501,0.556584,0.117073,0.730548,0.956215,-0.0908494,0.252376
4.948401927947998,-5.71197,2.32295,-2.33296,-3.58929,3.72196,-0.0693342,-0.227004,0.700683,0.0459521,0.12896,0.980989,0.0212971,-0.187336,-0.00149501,0.556584,0.117073,0.730548,0.956215,-0.0908494,0.252376
4.978041648864746,-5.71197,2.32295,-2.33296,-3.58929,3.72196,-0.0693342,-0.227004,0.700683,0.0459521,0.12896,0.980989,0.0212971,-0.187336,-0.00149501,0.556584,0.117073,0.730548,0.956215,-0.0908494,0.252376
4.986719369888306,-5.64642,2.34416,-2.30228,-3.56796,3.67788,-0.0693352,-0.227008,0.700683,0.045912,0.12895,0.981008,0.0213108,-0.187245,-0.00148843,0.556581,0.117097,0.730551,0.95622,-0.0908719,0.252337
5.009862899780273,-5.64642,2.34416,-2.30228,-3.56796,3.67788,-0.0693352,-0.227008,0.700683,0.045912,0.12895,0.981008,0.0213108,-0.187245,-0.00148843,0.556581,0.117097,0.730551,0.95622,-0.0908719,0.252337
