# Timestamp, Fx, Fy, Fz, Tx, Ty, Tz, FemurPosX, FemurPosY, FemurPosZ, FemurQuatW, FemurQuatX, FemurQuatY, FemurQuatZ, TibiaPosX, TibiaPosY, TibiaPosZ, TibiaQuatW, TibiaQuatX, TibiaQuatY, TibiaQuatZ
0.010712862014770508,-0.7422003494295089,2.369248963192325,-8.674397965751682,-1.108270962051188,0.29167552899672433,0.6006088628518511,0.0,50.0,20.0,1.0,0.0,0.0,0.0,-369.28932188134524,70.0,79.28932188134524,0.9238795325112867,0.0,0.3826834323650898,0.0
0.04015684127807617,-1.0794420896909773,1.8185670956031403,-7.908845327751341,-1.2555942925709536,0.13077636650165586,0.5239817434705034,0.0,50.0,20.0,1.0,0.0,0.0,0.0,-369.28932188134524,70.0,79.28932188134524,0.9238795325112867,0.0,0.3826834323650898,0.0
0.06876659393310547,-1.0999770610862334,1.3316284968182122,-7.680113481347462,-1.3873067882654624,0.223193759100838,0.457056756543903,0.0,50.0,20.0,1.0,0.0,0.0,0.0,-369.28932188134524,70.0,79.28932188134524,0.9238795325112867,0.0,0.3826834323650898,0.0
0.10015511512756348,-1.7409241092852272,1.305495237825017,-8.125932249334248,-1.190483504583658,0.3792618377716565,0.3668297366052736,0.0,50.0,20.0,1.0,0.0,0.0,0.0,-369.28932188134524,70.0,79.28932188134524,0.9238795325112867,0.0,0.3826834323650898,0.0
0.13064265251159668,-1.4799936182096323,1.7634335630396616,-8.338048708601582,-1.1118833508806825,0.33887218986853224,0.2375675041893116,0.0,50.0,20.0,1.0,0.0,0.0,0.0,-369.28932188134524,70.0,79.28932188134524,0.9238795325112867,0.0,0.3826834323650898,0.0
0.1605513095855713,-2.101973590847359,1.5226242914478494,-7.575930112694946,-1.0596963110425541,0.47604381337925206,0.1614580034579159,0.0,50.0,20.0,1.0,0.0,0.0,0.0,-369.28932188134524,70.0,79.28932188134524,0.9238795325112867,0.0,0.3826834323650898,0.0
0.1900334358215332,-2.3841403070357146,1.2877316144409972,-7.393585044942519,-1.1340823478178388,0.6612170613388355,0.0668442536708907,0.0,50.0,20.0,1.0,0.0,0.0,0.0,-369.28932188134524,70.0,79.28932188134524,0.9238795325112867,0.0,0.3826834323650898,0.0
0.22008872032165527,-2.473724932400167,1.4242898299692202,-7.664134454155971,-1.1702815010249343,0.8528880146778153,0.015990535408747064,0.0,50.0,20.0,1.0,0.0,0.0,0.0,-369.28932188134524,70.0,79.28932188134524,0.9238795325112867,0.0,0.3826834323650898,0.0
0.2537679672241211,-2.505754326840906,0.9033560926659263,-8.142403048533595,-1.2124481724322398,0.7078681362091368,0.19370451423298674,0.0,50.0,20.0,1.0,0.0,0.0,0.0,-369.28932188134524,70.0,79.28932188134524,0.9238795325112867,0.0,0.3826834323650898,0.0
0.28394317626953125,-2.6151096956765243,0.4373435430797681,-8.728571133600571,-1.0248816941547718,0.5271718424682855,0.24383774361186866,0.0,50.0,20.0,1.0,0.0,0.0,0.0,-369.28932188134524,70.0,79.28932188134524,0.9238795325112867,0.0,0.3826834323650898,0.0
0.3133976459503174,-1.8597548566883344,0.5875056068842973,-9.303274047168543,-1.184768327127495,0.5684305237444163,0.10602576777602807,0.0,50.0,20.0,1.0,0.0,0.0,0.0,-369.28932188134524,70.0,79.28932188134524,0.9238795325112867,0.0,0.3826834323650898,0.0
0.34224557876586914,-2.468960438317559,0.8964289920608809,-9.108102175177486,-1.323247222140985,0.41196012335876486,0.20286031887014527,0.0,50.0,20.0,1.0,0.0,0.0,0.0,-369.28932188134524,70.0,79.28932188134524,0.9238795325112867,0.0,0.3826834323650898,0.0
0.37218332290649414,-3.1507141412565463,0.2778508031207807,-9.404872057402212,-1.2761105494794849,0.38444422794245253,0.1035478520059554,0.0,50.0,20.0,1.0,0.0,0.0,0.0,-369.28932188134524,70.0,79.28932188134524,0.9238795325112867,0.0,0.3826834323650898,0.0
0.4049844741821289,-2.5175326180471247,0.5049287772527793,-8.695129632187347,-1.349485191044156,0.24236025072370232,-0.028321879292937308,0.0,50.0,20.0,1.0,0.0,0.0,0.0,-369.28932188134524,70.0,79.28932188134524,0.9238795325112867,0.0,0.3826834323650898,0.0
0.434417724609375,-3.2163911696059033,-0.27525164488471976,-9.138788911461953,-1.308824647931356,0.14721327020350305,0.1481574219253108,0.0,50.0,20.0,1.0,0.0,0.0,0.0,-369.28932188134524,70.0,79.28932188134524,0.9238795325112867,0.0,0.3826834323650898,0.0
0.4645359516143799,-3.074139224272572,-0.2770526107685445,-9.881829077819111,-1.3213674583808663,0.02822759618489512,0.2102845073974837,0.0,50.0,20.0,1.0,0.0,0.0,0.0,-369.28932188134524,70.0,79.28932188134524,0.9238795325112867,0.0,0.3826834323650898,0.0
0.49633336067199707,-2.4363763570375023,0.467065361086902,-9.522979612832128,-1.4232122012623707,0.14533222594733658,0.1790303804338377,0.0,50.0,20.0,1.0,0.0,0.0,0.0,-369.28932188134524,70.0,79.28932188134524,0.9238795325112867,0.0,0.3826834323650898,0.0
0.5262613296508789,-2.3587284293930306,0.8902131449115578,-9.588804311429602,-1.486327045759632,0.08366501482625333,0.089572746613756,0.0,50.0,20.0,1.0,0.0,0.0,0.0,-369.28932188134524,70.0,79.28932188134524,0.9238795325112867,0.0,0.3826834323650898,0.0
0.5571844577789307,-2.240288533912288,1.2560646467889915,-9.626449808684395,-1.5550276604669846,-0.013803716588398351,0.27112403963202614,0.0,50.0,20.0,1.0,0.0,0.0,0.0,-369.28932188134524,70.0,79.28932188134524,0.9238795325112867,0.0,0.3826834323650898,0.0
0.5859107971191406,-1.9199999000391443,1.1772998790930915,-9.285059620374081,-1.553420487284425,0.05464742683346763,0.08269685670373042,0.0,50.0,20.0,1.0,0.0,0.0,0.0,-369.28932188134524,70.0,79.28932188134524,0.9238795325112867,0.0,0.3826834323650898,0.0
0.6165170669555664,-2.289520673685761,1.7680841804965866,-9.936071443933331,-1.4004091471181945,0.028318318803625175,0.013777395762055555,0.0,50.0,20.0,1.0,0.0,0.0,0.0,-369.28932188134524,70.0,79.28932188134524,0.9238795325112867,0.0,0.3826834323650898,0.0
0.6479682922363281,-1.6999611727984862,2.3541423364103533,-10.165086542153027,-1.5737962877950402,0.02013003124705462,-0.027836417182611928,0.0,50.0,20.0,1.0,0.0,0.0,0.0,-369.28932188134524,70.0,79.28932188134524,0.9238795325112867,0.0,0.3826834323650898,0.0
0.6781401634216309,-1.5198414061617944,2.7835135155560273,-9.805484280219561,-1.7037908893853893,-0.009260300366415064,-0.09252141673235206,0.0,50.0,20.0,1.0,0.0,0.0,0.0,-369.28932188134524,70.0,79.28932188134524,0.9238795325112867,0.0,0.3826834323650898,0.0
0.7100350856781006,-1.2961739591377759,2.8370588810334016,-9.179038587134777,-1.8804620102487377,-0.07146457994614255,-0.09750366444271949,0.0,50.0,20.0,1.0,0.0,0.0,0.0,-369.28932188134524,70.0,79.28932188134524,0.9238795325112867,0.0,0.3826834323650898,0.0
0.7385046482086182,-0.9862017171362063,3.236071599104753,-9.635507860328635,-1.999581821268448,-0.18962657267127764,-0.04006704006428216,0.0,50.0,20.0,1.0,0.0,0.0,0.0,-369.28932188134524,70.0,79.28932188134524,0.9238795325112867,0.0,0.3826834323650898,0.0
0.7688155174255371,-0.471947126057793,3.445004833862051,-9.903696482159113,-1.9531623040954522,-0.1005232672265588,-0.0578148558982271,0.0,50.0,20.0,1.0,0.0,0.0,0.0,-369.28932188134524,70.0,79.28932188134524,0.9238795325112867,0.0,0.3826834323650898,0.0
0.8014423847198486,-0.6347355500410823,3.6078607917716443,-10.285202136023072,-2.0694798236598686,-0.0521070126249778,-0.21253518812824004,0.0,50.0,20.0,1.0,0.0,0.0,0.0,-369.28932188134524,70.0,79.28932188134524,0.9238795325112867,0.0,0.3826834323650898,0.0
0.8301393985748291,0.03857957508089571,4.2641584816181215,-9.598929339333097,-2.0869663764912962,-0.028810144531146692,-0.13343551352890023,0.0,50.0,20.0,1.0,0.0,0.0,0.0,-369.28932188134524,70.0,79.28932188134524,0.9238795325112867,0.0,0.3826834323650898,0.0
0.860231876373291,-0.29598295814861375,3.828299865163064,-10.11471152243082,-2.0389680651530697,0.017247855781389237,-0.2866119235364142,0.0,50.0,20.0,1.0,0.0,0.0,0.0,-369.28932188134524,70.0,79.28932188134524,0.9238795325112867,0.0,0.3826834323650898,0.0
0.8902511596679688,0.4137927763867213,3.9801801245296664,-10.656664838032349,-2.0680850644801345,0.05066683349026757,-0.4553989490546878,0.0,50.0,20.0,1.0,0.0,0.0,0.0,-369.28932188134524,70.0,79.28932188134524,0.9238795325112867,0.0,0.3826834323650898,0.0
0.9206819534301758,0.12446407918382507,4.723432581649578,-10.574365308067174,-2.0939172321441006,0.09132328277913385,-0.40278022906888644,0.0,50.0,20.0,1.0,0.0,0.0,0.0,-369.28932188134524,70.0,79.28932188134524,0.9238795325112867,0.0,0.3826834323650898,0.0
0.9522495269775391,-0.1305275659840751,5.371386067972045,-10.650151178430812,-2.139092794334651,0.009983515792414327,-0.21285754312960897,0.0,50.0,20.0,1.0,0.0,0.0,0.0,-369.28932188134524,70.0,79.28932188134524,0.9238795325112867,0.0,0.3826834323650898,0.0
0.9829123020172119,-0.6038413820721852,4.953322807642991,-10.986198344661501,-2.237253115866574,-0.03148471166366465,-0.24822740138572771,0.0,50.0,20.0,1.0,0.0,0.0,0.0,-369.28932188134524,70.0,79.28932188134524,0.9238795325112867,0.0,0.3826834323650898,0.0
1.012397050857544,0.0651723985149747,4.651145219064239,-11.416638555559919,-2.141380236017972,0.06311213708703559,-0.14607280101815276,0.0,50.0,20.0,1.0,0.0,0.0,0.0,-369.28932188134524,70.0,79.28932188134524,0.9238795325112867,0.0,0.3826834323650898,0.0
1.042860746383667,-0.2614826972061105,4.425920957448004,-10.913976479854945,-1.9891231105339904,-0.1076273346386517,-0.09514139522423384,0.0,50.0,20.0,1.0,0.0,0.0,0.0,-369.28932188134524,70.0,79.28932188134524,0.9238795325112867,0.0,0.3826834323650898,0.0
1.0728106498718262,-0.7107242722147791,4.062399963568131,-10.430184695910844,-1.7904005772800866,-0.25059529332456554,-0.258215865317437,0.0,50.0,20.0,1.0,0.0,0.0,0.0,-369.28932188134524,70.0,79.28932188134524,0.9238795325112867,0.0,0.3826834323650898,0.0
1.1040899753570557,-0.10723541631775135,3.531761635567546,-9.694924783803126,-1.8173873834679757,-0.3310576796349116,-0.44747288585761824,0.0,50.0,20.0,1.0,0.0,0.0,0.0,-369.28932188134524,70.0,79.28932188134524,0.9238795325112867,0.0,0.3826834323650898,0.0
1.134596586227417,0.0201236183666178,3.6605572145634935,-9.647414731451416,-1.6501299502930773,-0.15894034832064258,-0.2798170015982568,0.0,50.0,20.0,1.0,0.0,0.0,0.0,-369.28932188134524,70.0,79.28932188134524,0.9238795325112867,0.0,0.3826834323650898,0.0
1.1650044918060303,-0.10279641741505818,4.432018856461265,-10.145891558076228,-1.7550016969773103,-0.2741442273316002,-0.4185461643762542,0.0,50.0,20.0,1.0,0.0,0.0,0.0,-369.28932188134524,70.0,79.28932188134524,0.9238795325112867,0.0,0.3826834323650898,0.0
1.1961824893951416,-0.3959315825844887,4.2583713068938325,-9.814598517529507,-1.735276131544133,-0.2685677256715531,-0.38562962736748396,0.0,50.0,20.0,1.0,0.0,0.0,0.0,-369.28932188134524,70.0,79.28932188134524,0.9238795325112867,0.0,0.3826834323650898,0.0
1.2264416217803955,-1.0288825398372508,3.740085237823676,-10.328486326305715,-1.610475216783791,-0.31312886807353735,-0.2215041070856833,0.0,50.0,20.0,1.0,0.0,0.0,0.0,-369.28932188134524,70.0,79.28932188134524,0.9238795325112867,0.0,0.3826834323650898,0.0
1.256911277770996,-0.916979972868952,3.8873650239364164,-11.113329651508765,-1.7283268701111008,-0.16971173605672102,-0.36756707832430546,0.0,50.0,20.0,1.0,0.0,0.0,0.0,-369.28932188134524,70.0,79.28932188134524,0.9238795325112867,0.0,0.3826834323650898,0.0
1.2862529754638672,-0.700456043824196,4.214091347377778,-11.087509224108373,-1.8065728404286447,-0.2080260046643159,-0.47015557456214996,0.0,50.0,20.0,1.0,0.0,0.0,0.0,-369.28932188134524,70.0,79.28932188134524,0.9238795325112867,0.0,0.3826834323650898,0.0
1.3167264461517334,-0.20728422774424193,4.151400832378365,-11.33442243966462,-1.6905951211970212,-0.26047871930218114,-0.5471495429233406,0.0,50.0,20.0,1.0,0.0,0.0,0.0,-369.28932188134524,70.0,79.28932188134524,0.9238795325112867,0.0,0.3826834323650898,0.0
1.3483493328094482,0.42446276112876147,3.425381699114219,-10.801823193977405,-1.765545126853695,-0.1913738500905504,-0.5659856284049702,0.0,50.0,20.0,1.0,0.0,0.0,0.0,-369.28932188134524,70.0,79.28932188134524,0.9238795325112867,0.0,0.3826834323650898,0.0
1.378683090209961,1.0982137715490057,3.4210320162493795,-11.512117054336505,-1.583406154315692,-0.11120419154270667,-0.7573034577312996,0.0,50.0,20.0,1.0,0.0,0.0,0.0,-369.28932188134524,70.0,79.28932188134524,0.9238795325112867,0.0,0.3826834323650898,0.0
1.4084546566009521,1.5779621091915357,2.7246548166729343,-11.113745195445075,-1.5537371695801416,-0.27597063133112876,-0.6513801749165637,0.0,50.0,20.0,1.0,0.0,0.0,0.0,-369.28932188134524,70.0,79.28932188134524,0.9238795325112867,0.0,0.3826834323650898,0.0
1.4388971328735352,0.8369378857143535,3.0025473969650194,-10.518997806708878,-1.6190241870421336,-0.21635338372216717,-0.5505909418245933,0.0,50.0,20.0,1.0,0.0,0.0,0.0,-369.28932188134524,70.0,79.28932188134524,0.9238795325112867,0.0,0.3826834323650898,0.0
1.4684419631958008,1.502369511598645,3.569724350215549,-10.589050789887036,-1.5568638137698663,-0.14318008531279142,-0.5050162675702672,0.0,50.0,20.0,1.0,0.0,0.0,0.0,-369.28932188134524,70.0,79.28932188134524,0.9238795325112867,0.0,0.3826834323650898,0.0
1.5009608268737793,1.5654791588470671,3.710124498402386,-10.892595882043143,-1.4225981426914678,-0.27213946365778585,-0.6970879827211046,0.0,50.0,20.0,1.0,0.0,0.0,0.0,-369.28932188134524,70.0,79.28932188134524,0.9238795325112867,0.0,0.3826834323650898,0.0
1.530238389968872,1.1808919219597667,4.293765347949824,-10.285373571865284,-1.5660945921754958,-0.42803785321290244,-0.660462062069822,0.0,50.0,20.0,1.0,0.0,0.0,0.0,-369.28932188134524,70.0,79.28932188134524,0.9238795325112867,0.0,0.3826834323650898,0.0
1.560697317123413,1.5092160571080289,4.606676897482916,-9.634360529168845,-1.6957622830396561,-0.2981417531003927,-0.6203642539376066,0.0,50.0,20.0,1.0,0.0,0.0,0.0,-369.28932188134524,70.0,79.28932188134524,0.9238795325112867,0.0,0.3826834323650898,0.0
1.5910265445709229,1.8308037834173432,4.593059569787739,-9.400358206897788,-1.7771754374695077,-0.34884565306429616,-0.45650384529948207,0.0,50.0,20.0,1.0,0.0,0.0,0.0,-369.28932188134524,70.0,79.28932188134524,0.9238795325112867,0.0,0.3826834323650898,0.0
1.620527982711792,1.3637897043679519,5.004668371297214,-10.083200852308067,-1.5890368861845965,-0.4360989325273792,-0.38953593734599296,0.0,50.0,20.0,1.0,0.0,0.0,0.0,-369.28932188134524,70.0,79.28932188134524,0.9238795325112867,0.0,0.3826834323650898,0.0
1.6530356407165527,0.6530445996366854,5.594348565883459,-10.25204845602704,-1.6608127762719935,-0.45271028534112123,-0.3654958213778929,0.0,50.0,20.0,1.0,0.0,0.0,0.0,-369.28932188134524,70.0,79.28932188134524,0.9238795325112867,0.0,0.3826834323650898,0.0
1.6823370456695557,0.5530482059708586,6.354248576485676,-9.911797004938956,-1.7199750825462354,-0.5974155840837212,-0.256401739879361,0.0,50.0,20.0,1.0,0.0,0.0,0.0,-369.28932188134524,70.0,79.28932188134524,0.9238795325112867,0.0,0.3826834323650898,0.0
1.7158327102661133,0.575317872567339,6.528687003278467,-9.84452927382845,-1.7409573981561353,-0.7711104544643788,-0.28676916214321096,0.0,50.0,20.0,1.0,0.0,0.0,0.0,-369.28932188134524,70.0,79.28932188134524,0.9238795325112867,0.0,0.3826834323650898,0.0
1.7428829669952393,0.005040442032206882,6.9829039443517065,-10.004240206352971,-1.6209732012715898,-0.8756192634676007,-0.3177469424477465,0.0,50.0,20.0,1.0,0.0,0.0,0.0,-369.28932188134524,70.0,79.28932188134524,0.9238795325112867,0.0,0.3826834323650898,0.0
1.7724978923797607,-0.24800815262773135,7.293629306993353,-10.047171727606163,-1.675754869938781,-0.7757471908335786,-0.1311195685499036,0.0,50.0,20.0,1.0,0.0,0.0,0.0,-369.28932188134524,70.0,79.28932188134524,0.9238795325112867,0.0,0.3826834323650898,0.0
1.8052453994750977,-0.36354444438385536,7.296228804019431,-9.376018922078051,-1.652594193017384,-0.7281058398692608,-0.29735444796436317,0.0,50.0,20.0,1.0,0.0,0.0,0.0,-369.28932188134524,70.0,79.28932188134524,0.9238795325112867,0.0,0.3826834323650898,0.0
1.8349947929382324,-0.7508579402345403,6.557585271723704,-9.793458866665803,-1.6060330233041005,-0.706305191540064,-0.26473908187384293,0.0,50.0,20.0,1.0,0.0,0.0,0.0,-369.28932188134524,70.0,79.28932188134524,0.9238795325112867,0.0,0.3826834323650898,0.0
1.864626407623291,-0.9121963837054641,6.324008240466287,-9.967806608996085,-1.7062323703659172,-0.8022591155863537,-0.338730285706796,0.0,50.0,20.0,1.0,0.0,0.0,0.0,-369.28932188134524,70.0,79.28932188134524,0.9238795325112867,0.0,0.3826834323650898,0.0
1.8967647552490234,-1.4755173941426531,6.4697317370565575,-10.020001663771799,-1.525647891700876,-0.8958568744065506,-0.49752549284266157,0.0,50.0,20.0,1.0,0.0,0.0,0.0,-369.28932188134524,70.0,79.28932188134524,0.9238795325112867,0.0,0.3826834323650898,0.0
1.9268529415130615,-1.6906717543884344,6.296728000543443,-10.184224294946713,-1.6413907222977941,-0.7566891195645702,-0.6312495388316102,0.0,50.0,20.0,1.0,0.0,0.0,0.0,-369.28932188134524,70.0,79.28932188134524,0.9238795325112867,0.0,0.3826834323650898,0.0
1.9563140869140625,-1.6636488279253718,5.7202202235817134,-10.203658626773803,-1.477338646337972,-0.5729055203884377,-0.7328103186010099,0.0,50.0,20.0,1.0,0.0,0.0,0.0,-369.28932188134524,70.0,79.28932188134524,0.9238795325112867,0.0,0.3826834323650898,0.0
1.9870829582214355,-2.359451593211022,5.342396347995583,-9.756226463433674,-1.64045464974761,-0.6196827597424283,-0.9116730071350377,0.0,50.0,20.0,1.0,0.0,0.0,0.0,-369.28932188134524,70.0,79.28932188134524,0.9238795325112867,0.0,0.3826834323650898,0.0
2.017265558242798,-2.908538338445071,5.603534994808476,-9.126292896020384,-1.6927026575657758,-0.429633591630537,-0.9068881174999474,0.0,50.0,20.0,1.0,0.0,0.0,0.0,-369.28932188134524,70.0,79.28932188134524,0.9238795325112867,0.0,0.3826834323650898,0.0
2.048720598220825,-2.4257289417741292,5.577259908369556,-8.608665762737726,-1.511127540501884,-0.32985664351088023,-0.7643290735233828,0.0,50.0,20.0,1.0,0.0,0.0,0.0,-369.28932188134524,70.0,79.28932188134524,0.9238795325112867,0.0,0.3826834323650898,0.0
2.079106330871582,-2.2882646128521245,5.532996328444536,-7.883578829679912,-1.6066552394270637,-0.40834434878104237,-0.8840949622454123,0.0,50.0,20.0,1.0,0.0,0.0,0.0,-369.28932188134524,70.0,79.28932188134524,0.9238795325112867,0.0,0.3826834323650898,0.0
2.109257221221924,-2.1202433580617996,5.767093185038202,-7.359150550384259,-1.7330284064908916,-0.44883095224777747,-0.8082383237346848,0.0,50.0,20.0,1.0,0.0,0.0,0.0,-369.28932188134524,70.0,79.28932188134524,0.9238795325112867,0.0,0.3826834323650898,0.0
2.138867139816284,-2.891833147999731,6.00516158599367,-6.954106200086461,-1.5633666193421893,-0.45304615586834307,-0.9911335744592638,0.0,50.0,20.0,1.0,0.0,0.0,0.0,-369.28932188134524,70.0,79.28932188134524,0.9238795325112867,0.0,0.3826834323650898,0.0
2.1686952114105225,-3.0902688594126135,5.367796328838323,-6.413718899091667,-1.4773911698665123,-0.6149501759459832,-1.1051979912254333,0.0,50.0,20.0,1.0,0.0,0.0,0.0,-369.28932188134524,70.0,79.28932188134524,0.9238795325112867,0.0,0.3826834323650898,0.0
2.200390338897705,-3.2170020566310176,5.86865342363125,-6.835824914830465,-1.4075880546507644,-0.6213340859281387,-1.1500239369752019,0.0,50.0,20.0,1.0,0.0,0.0,0.0,-369.28932188134524,70.0,79.28932188134524,0.9238795325112867,0.0,0.3826834323650898,0.0
2.2308855056762695,-2.5291280545019488,5.387142448517353,-7.011599829277689,-1.607373335882889,-0.7822151989962302,-1.1028594167283983,0.0,50.0,20.0,1.0,0.0,0.0,0.0,-369.28932188134524,70.0,79.28932188134524,0.9238795325112867,0.0,0.3826834323650898,0.0
2.2600393295288086,-3.124474922389779,5.215509389676788,-7.1770130209925895,-1.6865806439657678,-0.7443231500442798,-0.9124985057290929,0.0,50.0,20.0,1.0,0.0,0.0,0.0,-369.28932188134524,70.0,79.28932188134524,0.9238795325112867,0.0,0.3826834323650898,0.0
2.2906928062438965,-2.9522579221917207,4.988876247045057,-7.871054891275249,-1.8441551405010117,-0.8755053030261405,-0.9601253015984866,0.0,50.0,20.0,1.0,0.0,0.0,0.0,-369.28932188134524,70.0,79.28932188134524,0.9238795325112867,0.0,0.3826834323650898,0.0
2.321715831756592,-2.1996132889477735,4.930139078765718,-8.35936134946385,-1.8428638377701276,-0.688167800786473,-0.7677385554892586,0.0,50.0,20.0,1.0,0.0,0.0,0.0,-369.28932188134524,70.0,79.28932188134524,0.9238795325112867,0.0,0.3826834323650898,0.0
2.3532233238220215,-2.049185060611387,4.77855041522011,-8.814583501377848,-1.920624742632803,-0.5543501201852015,-0.9366241749861426,0.0,50.0,20.0,1.0,0.0,0.0,0.0,-369.28932188134524,70.0,79.28932188134524,0.9238795325112867,0.0,0.3826834323650898,0.0
2.383023500442505,-1.4719328844756026,5.015674299627359,-8.1667460720945,-2.0011831640931934,-0.38702958851441605,-0.7449809402796652,0.0,50.0,20.0,1.0,0.0,0.0,0.0,-369.28932188134524,70.0,79.28932188134524,0.9238795325112867,0.0,0.3826834323650898,0.0
2.412795066833496,-1.8023545546713624,4.542513522609746,-8.49472810633178,-1.9739777852014428,-0.32528628196210335,-0.5661534733267004,0.0,50.0,20.0,1.0,0.0,0.0,0.0,-369.28932188134524,70.0,79.28932188134524,0.9238795325112867,0.0,0.3826834323650898,0.0
2.4421005249023438,-1.4945842512337455,4.675386499748634,-8.39348386323768,-2.012981559962013,-0.4482444262169734,-0.40875397786189666,0.0,50.0,20.0,1.0,0.0,0.0,0.0,-369.28932188134524,70.0,79.28932188134524,0.9238795325112867,0.0,0.3826834323650898,0.0
2.4722163677215576,-1.5404927915660753,5.287312855335388,-9.093261551046972,-2.1090764249401985,-0.5606407154999283,-0.4966967098345253,0.0,50.0,20.0,1.0,0.0,0.0,0.0,-369.28932188134524,70.0,79.28932188134524,0.9238795325112867,0.0,0.3826834323650898,0.0
2.504159688949585,-0.7685149419221087,5.537250905547828,-9.657051252345248,-2.2393112294185076,-0.5986939234110085,-0.5756855646884398,0.0,50.0,20.0,1.0,0.0,0.0,0.0,-369.28932188134524,70.0,79.28932188134524,0.9238795325112867,0.0,0.3826834323650898,0.0
2.5352747440338135,-0.6567785567255379,5.985177758115968,-9.303372825859865,-2.092566829151173,-0.6530479431765577,-0.6336878520615657,0.0,50.0,20.0,1.0,0.0,0.0,0.0,-369.28932188134524,70.0,79.28932188134524,0.9238795325112867,0.0,0.3826834323650898,0.0
2.565835475921631,-3.4760677663611528,12.494686981745811,-10.64453381202512,-0.3473258139475415,-0.7455963345663563,0.7598040955452836,0.0,50.0,20.0,1.0,0.0,0.0,0.0,-369.28932188134524,70.0,79.28932188134524,0.9238795325112867,0.0,0.3826834323650898,0.0
2.59713077545166,-3.6368420559838865,13.0,-11.379702688993456,-0.5178360852698698,-0.6472213105492446,0.570056146358483,0.0,50.0,20.0,1.0,0.0,0.0,0.0,-369.28932188134524,70.0,79.28932188134524,0.9238795325112867,0.0,0.3826834323650898,0.0
2.626744270324707,-4.09895453779562,13.0,-10.604832796410276,-0.6968424372520559,-0.4532334676467981,0.5387642126051938,0.0,50.0,20.0,1.0,0.0,0.0,0.0,-369.28932188134524,70.0,79.28932188134524,0.9238795325112867,0.0,0.3826834323650898,0.0
2.656686305999756,-3.5361068126154684,13.0,-10.744152140759523,-0.7979109563542448,-0.4661052963312757,0.6072237864086139,0.0,50.0,20.0,1.0,0.0,0.0,0.0,-369.28932188134524,70.0,79.28932188134524,0.9238795325112867,0.0,0.3826834323650898,0.0
2.687242269515991,-3.0174210774276258,13.0,-10.010797048677286,-0.6981550201035893,-0.6366730168302888,0.5287611092524332,0.0,50.0,20.0,1.0,0.0,0.0,0.0,-369.28932188134524,70.0,79.28932188134524,0.9238795325112867,0.0,0.3826834323650898,0.0
2.717714309692383,-3.3245852011481922,13.0,-10.422462416690905,-0.5434305059120088,-0.6978700665502433,0.34893472938418524,0.0,50.0,20.0,1.0,0.0,0.0,0.0,-369.28932188134524,70.0,79.28932188134524,0.9238795325112867,0.0,0.3826834323650898,0.0
2.748795986175537,-2.8160741445135775,12.672223923646813,-10.52310059712005,-0.6574857996450457,-0.8536389447593467,0.39923758781544016,0.0,50.0,20.0,1.0,0.0,0.0,0.0,-369.28932188134524,70.0,79.28932188134524,0.9238795325112867,0.0,0.3826834323650898,0.0
2.778148889541626,-3.4275583175575757,13.0,-11.033637276164765,-0.6855155169518217,-1.0002937956404754,0.548385033746358,0.0,50.0,20.0,1.0,0.0,0.0,0.0,-369.28932188134524,70.0,79.28932188134524,0.9238795325112867,0.0,0.3826834323650898,0.0
2.8083126544952393,-3.417075171972055,13.0,-11.151818909133565,-0.6216101148467985,-1.0706576674348727,0.40060944262106246,0.0,50.0,20.0,1.0,0.0,0.0,0.0,-369.28932188134524,70.0,79.28932188134524,0.9238795325112867,0.0,0.3826834323650898,0.0
2.8383336067199707,-4.114193248498022,12.401257816603039,-11.801449256371598,-0.6835501259813906,-1.091787398635433,0.5610082855116223,0.0,50.0,20.0,1.0,0.0,0.0,0.0,-369.28932188134524,70.0,79.28932188134524,0.9238795325112867,0.0,0.3826834323650898,0.0
2.868267774581909,-4.219897768662188,11.64035461702004,-11.838236200039244,-0.5288688947529603,-1.0877354398056505,0.6802267903662863,0.0,50.0,20.0,1.0,0.0,0.0,0.0,-369.28932188134524,70.0,79.28932188134524,0.9238795325112867,0.0,0.3826834323650898,0.0
2.900852918624878,-4.080738956001649,11.725514076318145,-11.519183875790922,-0.5427624521974022,-1.1578302108088034,0.6680711677413254,0.0,50.0,20.0,1.0,0.0,0.0,0.0,-369.28932188134524,70.0,79.28932188134524,0.9238795325112867,0.0,0.3826834323650898,0.0
2.931030035018921,-3.96962977876385,11.19431907528852,-11.038539062186231,-0.6806974023752426,-1.3578253560652205,0.6472432274509164,0.0,50.0,20.0,1.0,0.0,0.0,0.0,-369.28932188134524,70.0,79.28932188134524,0.9238795325112867,0.0,0.3826834323650898,0.0
2.9604649543762207,-4.43951848157877,10.536939875029866,-10.883209119370253,-0.7421220426411055,-1.4811401386385266,0.45611295748426883,0.0,50.0,20.0,1.0,0.0,0.0,0.0,-369.28932188134524,70.0,79.28932188134524,0.9238795325112867,0.0,0.3826834323650898,0.0
2.9910435676574707,-4.605049016905744,10.120468251800459,-11.101307580341103,-0.5536203379073352,-1.3184561029983453,0.5781366101471265,0.0,50.0,20.0,1.0,0.0,0.0,0.0,-369.28932188134524,70.0,79.28932188134524,0.9238795325112867,0.0,0.3826834323650898,0.0
3.0207555294036865,-4.048584466880012,10.476810960983297,-11.316610329456024,-0.430817214498582,-1.2346341630508166,0.638409877150788,0.0,50.0,20.0,1.0,0.0,0.0,0.0,-369.28932188134524,70.0,79.28932188134524,0.9238795325112867,0.0,0.3826834323650898,0.0
3.052013635635376,-3.95803590197707,10.936924941416345,-11.451100175218112,-0.5133507203518153,-1.1222946069501736,0.46951479395834106,0.0,50.0,20.0,1.0,0.0,0.0,0.0,-369.28932188134524,70.0,79.28932188134524,0.9238795325112867,0.0,0.3826834323650898,0.0
3.082700729370117,-4.4577022947470795,11.222724843686368,-11.084617852969556,-0.39533755696001976,-1.086612768459668,0.3137834794622135,0.0,50.0,20.0,1.0,0.0,0.0,0.0,-369.28932188134524,70.0,79.28932188134524,0.9238795325112867,0.0,0.3826834323650898,0.0
3.1132328510284424,-4.435637189332902,11.534927219280675,-11.41384681457626,-0.32560893945714836,-0.8936930307994234,0.39961889852806715,0.0,50.0,20.0,1.0,0.0,0.0,0.0,-369.28932188134524,70.0,79.28932188134524,0.9238795325112867,0.0,0.3826834323650898,0.0
3.142784833908081,-4.612596755989765,11.242475286762554,-12.023832254369736,-0.3626993991164486,-0.9234517944715759,0.47821380537321523,0.0,50.0,20.0,1.0,0.0,0.0,0.0,-369.28932188134524,70.0,79.28932188134524,0.9238795325112867,0.0,0.3826834323650898,0.0
3.1729791164398193,-4.899581361985678,11.432748870600436,-11.807377488461103,-0.328455011684077,-0.9031443899044754,0.5455686290831483,0.0,50.0,20.0,1.0,0.0,0.0,0.0,-369.28932188134524,70.0,79.28932188134524,0.9238795325112867,0.0,0.3826834323650898,0.0
3.2043206691741943,-4.933455117502398,11.405824465363938,-11.546842808582447,-0.13680047250456262,-0.814974994704593,0.37137260496637303,0.0,50.0,20.0,1.0,0.0,0.0,0.0,-369.28932188134524,70.0,79.28932188134524,0.9238795325112867,0.0,0.3826834323650898,0.0
3.2348744869232178,-5.581300773497525,12.075130792078681,-10.841016485610842,-0.2595487253318288,-0.6180770484852868,0.35867215082283777,0.0,50.0,20.0,1.0,0.0,0.0,0.0,-369.28932188134524,70.0,79.28932188134524,0.9238795325112867,0.0,0.3826834323650898,0.0
3.2645699977874756,-6.376708893152662,11.58819249027235,-10.116928812213853,-0.25564390972931594,-0.7400005479119638,0.5044991862805297,0.0,50.0,20.0,1.0,0.0,0.0,0.0,-369.28932188134524,70.0,79.28932188134524,0.9238795325112867,0.0,0.3826834323650898,0.0
3.2966434955596924,-5.819158974147292,11.54543955478233,-10.330185828162774,-0.08755146203086656,-0.6241636537560689,0.43270701132957723,0.0,50.0,20.0,1.0,0.0,0.0,0.0,-369.28932188134524,70.0,79.28932188134524,0.9238795325112867,0.0,0.3826834323650898,0.0
3.3270232677459717,-5.331208086542864,12.20819175872503,-10.135584390529772,-0.022374169551120426,-0.6503538853661393,0.3135728804724359,0.0,50.0,20.0,1.0,0.0,0.0,0.0,-369.28932188134524,70.0,79.28932188134524,0.9238795325112867,0.0,0.3826834323650898,0.0
3.356606960296631,-5.045954433217021,12.4504533155099,-10.612343993049148,0.09038119259904531,-0.6281249375938363,0.14261434433609022,0.0,50.0,20.0,1.0,0.0,0.0,0.0,-369.28932188134524,70.0,79.28932188134524,0.9238795325112867,0.0,0.3826834323650898,0.0
3.386993646621704,-4.3567161556266605,11.770335959762479,-9.905937763545307,0.1528476397258074,-0.519751341879341,0.13374045414014907,0.0,50.0,20.0,1.0,0.0,0.0,0.0,-369.28932188134524,70.0,79.28932188134524,0.9238795325112867,0.0,0.3826834323650898,0.0
3.417269229888916,-4.7607322484872485,11.232123091730426,-9.335025751346082,0.15145100954943444,-0.5302802618089841,0.18995606510039437,0.0,50.0,20.0,1.0,0.0,0.0,0.0,-369.28932188134524,70.0,79.28932188134524,0.9238795325112867,0.0,0.3826834323650898,0.0
3.4491586685180664,-4.157589797807853,11.223530668521516,-8.903263294651964,0.20123717402183308,-0.49411614476172516,0.23539586504800825,0.0,50.0,20.0,1.0,0.0,0.0,0.0,-369.28932188134524,70.0,79.28932188134524,0.9238795325112867,0.0,0.3826834323650898,0.0
3.479464054107666,-3.823107985581619,10.986016375489793,-8.283100572785674,0.24647936607651968,-0.32148339937768455,0.06578305216907882,0.0,50.0,20.0,1.0,0.0,0.0,0.0,-369.28932188134524,70.0,79.28932188134524,0.9238795325112867,0.0,0.3826834323650898,0.0
3.5091702938079834,-3.951347626416685,10.366855492622221,-8.425206415360103,0.39488960846086807,-0.19148372950619175,-0.12868214861926944,0.0,50.0,20.0,1.0,0.0,0.0,0.0,-369.28932188134524,70.0,79.28932188134524,0.9238795325112867,0.0,0.3826834323650898,0.0
3.5387871265411377,-4.339174690928708,10.180104781130247,-8.924123369772445,0.2685387234336655,-0.20139261767308278,-0.22787355230676665,0.0,50.0,20.0,1.0,0.0,0.0,0.0,-369.28932188134524,70.0,79.28932188134524,0.9238795325112867,0.0,0.3826834323650898,0.0
3.5680739879608154,-3.8808001413687414,9.927819707484186,-9.170120612675223,0.33211815834342057,-0.01771467496367543,-0.2563598399967798,0.0,50.0,20.0,1.0,0.0,0.0,0.0,-369.28932188134524,70.0,79.28932188134524,0.9238795325112867,0.0,0.3826834323650898,0.0
3.6005301475524902,-4.194698423131236,10.039586176093719,-8.759644636897141,0.31550336871222445,-0.1304188450392917,-0.07211288665031307,0.0,50.0,20.0,1.0,0.0,0.0,0.0,-369.28932188134524,70.0,79.28932188134524,0.9238795325112867,0.0,0.3826834323650898,0.0
3.6301262378692627,-3.8430920269647046,9.690493003505177,-9.175465249045958,0.3895956782034026,0.012245270176198308,-0.20869860154812997,0.0,50.0,20.0,1.0,0.0,0.0,0.0,-369.28932188134524,70.0,79.28932188134524,0.9238795325112867,0.0,0.3826834323650898,0.0
3.660886764526367,-4.053705686663413,9.329900247820358,-9.072135606911973,0.27719027269012675,-0.1199719676109845,-0.11557590461400702,0.0,50.0,20.0,1.0,0.0,0.0,0.0,-369.28932188134524,70.0,79.28932188134524,0.9238795325112867,0.0,0.3826834323650898,0.0
3.6908867359161377,-4.838875279502945,8.860025546127758,-8.63734497530426,0.20928870837719163,-0.10696810143921112,-0.16583001052169358,0.0,50.0,20.0,1.0,0.0,0.0,0.0,-369.28932188134524,70.0,79.28932188134524,0.9238795325112867,0.0,0.3826834323650898,0.0
3.7204766273498535,-4.055354928337742,9.03302307832907,-8.912328806454159,0.321769029350354,-0.12132027418036043,-0.3360541491406309,0.0,50.0,20.0,1.0,0.0,0.0,0.0,-369.28932188134524,70.0,79.28932188134524,0.9238795325112867,0.0,0.3826834323650898,0.0
3.7525320053100586,-3.769728847830132,8.343427553999295,-9.247228525189778,0.41249739894623133,-0.08437062992740615,-0.2624827115092364,0.0,50.0,20.0,1.0,0.0,0.0,0.0,-369.28932188134524,70.0,79.28932188134524,0.9238795325112867,0.0,0.3826834323650898,0.0
3.7831506729125977,-4.533290256776222,8.412707342966248,-9.735478778107394,0.24015115306651444,-0.16670444425850484,-0.24516419609069312,0.0,50.0,20.0,1.0,0.0,0.0,0.0,-369.28932188134524,70.0,79.28932188134524,0.9238795325112867,0.0,0.3826834323650898,0.0
3.812469244003296,-4.539270480508179,7.7348448134965935,-10.171664809205561,0.08354842862578338,-0.12466777563903478,-0.32912758178466717,0.0,50.0,20.0,1.0,0.0,0.0,0.0,-369.28932188134524,70.0,79.28932188134524,0.9238795325112867,0.0,0.3826834323650898,0.0
3.844292640686035,-5.071959482723017,8.521238602268841,-10.302102975106244,-0.03256097004702577,0.04719872281570778,-0.36743383530141527,0.0,50.0,20.0,1.0,0.0,0.0,0.0,-369.28932188134524,70.0,79.28932188134524,0.9238795325112867,0.0,0.3826834323650898,0.0
3.8737399578094482,-4.328263938119985,8.259448713045241,-9.694324758750183,-0.05190663386414551,-0.05218991314428954,-0.19866723510071954,0.0,50.0,20.0,1.0,0.0,0.0,0.0,-369.28932188134524,70.0,79.28932188134524,0.9238795325112867,0.0,0.3826834323650898,0.0
3.9042937755584717,-3.543051925984363,8.150142458169942,-9.001355365243446,-0.17968848716990696,-0.23256639882670055,-0.22785658819941826,0.0,50.0,20.0,1.0,0.0,0.0,0.0,-369.28932188134524,70.0,79.28932188134524,0.9238795325112867,0.0,0.3826834323650898,0.0
3.935445785522461,-4.13399891684749,7.501555096361599,-8.377335618088784,-0.18750458426921315,-0.24052319807649156,-0.08081834641939731,0.0,50.0,20.0,1.0,0.0,0.0,0.0,-369.28932188134524,70.0,79.28932188134524,0.9238795325112867,0.0,0.3826834323650898,0.0
3.965512752532959,-3.9295670476268096,7.3516357535898464,-7.602919475539187,-0.3477306252491569,-0.227412285290087,0.03697249639344649,0.0,50.0,20.0,1.0,0.0,0.0,0.0,-369.28932188134524,70.0,79.28932188134524,0.9238795325112867,0.0,0.3826834323650898,0.0
3.996882438659668,-3.610435358583292,7.29919979848342,-7.092486529067345,-0.49104176486650863,-0.19753228709721785,-0.11685025897165521,0.0,50.0,20.0,1.0,0.0,0.0,0.0,-369.28932188134524,70.0,79.28932188134524,0.9238795325112867,0.0,0.3826834323650898,0.0
4.027402639389038,-3.6030308830509616,6.855536014481171,-6.9937999683726435,-0.6625521917378778,-0.3137134091992523,0.06026790806835622,0.0,50.0,20.0,1.0,0.0,0.0,0.0,-369.28932188134524,70.0,79.28932188134524,0.9238795325112867,0.0,0.3826834323650898,0.0
4.056700944900513,-2.8414603125659834,6.368056005220994,-7.1160685357134845,-0.6053556975261847,-0.287904819982112,-0.09161566973644664,0.0,50.0,20.0,1.0,0.0,0.0,0.0,-369.28932188134524,70.0,79.28932188134524,0.9238795325112867,0.0,0.3826834323650898,0.0
4.087219715118408,-2.9622392864600133,6.7147679899841055,-6.6220008140173166,-0.5947177460321769,-0.4821669532984126,-0.22584675184400743,0.0,50.0,20.0,1.0,0.0,0.0,0.0,-369.28932188134524,70.0,79.28932188134524,0.9238795325112867,0.0,0.3826834323650898,0.0
4.116510629653931,-2.7918001587713563,5.9808840162482815,-6.947841331550408,-0.5696432650394337,-0.5963995145448834,-0.25028711396342457,0.0,50.0,20.0,1.0,0.0,0.0,0.0,-369.28932188134524,70.0,79.28932188134524,0.9238795325112867,0.0,0.3826834323650898,0.0
4.148618221282959,-3.113304323418132,6.650804606199615,-7.311226791942933,-0.5293362075491242,-0.7622510590519125,-0.27124233600646386,0.0,50.0,20.0,1.0,0.0,0.0,0.0,-369.28932188134524,70.0,79.28932188134524,0.9238795325112867,0.0,0.3826834323650898,0.0
4.1787028312683105,-3.473033165905669,5.888776060376083,-7.065334716877826,-0.5847604163223258,-0.6291657106687996,-0.09306936954316297,0.0,50.0,20.0,1.0,0.0,0.0,0.0,-369.28932188134524,70.0,79.28932188134524,0.9238795325112867,0.0,0.3826834323650898,0.0
4.2089409828186035,-4.21258005702571,5.547139854906432,-6.730623098348717,-0.6109753056881173,-0.8284744386475192,0.07652640248171849,0.0,50.0,20.0,1.0,0.0,0.0,0.0,-369.28932188134524,70.0,79.28932188134524,0.9238795325112867,0.0,0.3826834323650898,0.0
4.238268613815308,-4.652052090632427,5.242300509073111,-7.210963190291961,-0.7509831166696672,-0.6967222371920927,0.13133669067227177,0.0,50.0,20.0,1.0,0.0,0.0,0.0,-369.28932188134524,70.0,79.28932188134524,0.9238795325112867,0.0,0.3826834323650898,0.0
4.267970561981201,-5.019298612980873,4.926963551699529,-6.579885169512751,-0.689693706248911,-0.5562507399836891,0.28794305981798846,0.0,50.0,20.0,1.0,0.0,0.0,0.0,-369.28932188134524,70.0,79.28932188134524,0.9238795325112867,0.0,0.3826834323650898,0.0
4.300746202468872,-5.3114901775985865,5.661225348634629,-7.3219831062274165,-0.5720676804241915,-0.5970327561544413,0.11155927276818095,0.0,50.0,20.0,1.0,0.0,0.0,0.0,-369.28932188134524,70.0,79.28932188134524,0.9238795325112867,0.0,0.3826834323650898,0.0
4.330600261688232,-5.825340435986861,6.133961410811704,-6.992419701290363,-0.7288039418563028,-0.46708075864073406,0.24753347571606216,0.0,50.0,20.0,1.0,0.0,0.0,0.0,-369.28932188134524,70.0,79.28932188134524,0.9238795325112867,0.0,0.3826834323650898,0.0
4.361010313034058,-6.1344640120920975,5.9651705240139785,-6.5460878730614995,-0.7525218612239576,-0.6415114818945383,0.05801617297849951,0.0,50.0,20.0,1.0,0.0,0.0,0.0,-369.28932188134524,70.0,79.28932188134524,0.9238795325112867,0.0,0.3826834323650898,0.0
4.390387535095215,-5.893279184353391,6.147711053268629,-7.132574383797863,-0.9240055170282857,-0.5749758731990214,0.14017889277110498,0.0,50.0,20.0,1.0,0.0,0.0,0.0,-369.28932188134524,70.0,79.28932188134524,0.9238795325112867,0.0,0.3826834323650898,0.0
4.420202732086182,-5.336971153946009,6.425053977947808,-7.099858133928525,-0.962144993728707,-0.6384797283087706,-0.0035672767034932718,0.0,50.0,20.0,1.0,0.0,0.0,0.0,-369.28932188134524,70.0,79.28932188134524,0.9238795325112867,0.0,0.3826834323650898,0.0
4.452656030654907,-4.830379050639233,6.574441977266514,-7.899202786421405,-0.9088450723526268,-0.6875043373275288,-0.042699210463543524,0.0,50.0,20.0,1.0,0.0,0.0,0.0,-369.28932188134524,70.0,79.28932188134524,0.9238795325112867,0.0,0.3826834323650898,0.0
4.481985569000244,-4.198943849575174,7.337402943633669,-7.762444174878732,-1.0565857610130194,-0.5935740950390693,-0.21449238040519922,0.0,50.0,20.0,1.0,0.0,0.0,0.0,-369.28932188134524,70.0,79.28932188134524,0.9238795325112867,0.0,0.3826834323650898,0.0
4.512821197509766,-4.974684841787489,6.666610767123711,-7.337687277572568,-0.9766972819871615,-0.5802388336882307,-0.32540188655629254,0.0,50.0,20.0,1.0,0.0,0.0,0.0,-369.28932188134524,70.0,79.28932188134524,0.9238795325112867,0.0,0.3826834323650898,0.0
4.5421624183654785,-4.633126564864718,6.80042820084424,-7.080987431761807,-0.9886182235042585,-0.4088320008322515,-0.34917366214858503,0.0,50.0,20.0,1.0,0.0,0.0,0.0,-369.28932188134524,70.0,79.28932188134524,0.9238795325112867,0.0,0.3826834323650898,0.0
4.572289943695068,-4.232201969189164,6.806482687595101,-7.162879107203315,-1.0934022373420755,-0.29391271066750163,-0.3571669535747549,0.0,50.0,20.0,1.0,0.0,0.0,0.0,-369.28932188134524,70.0,79.28932188134524,0.9238795325112867,0.0,0.3826834323650898,0.0
4.604484796524048,-4.012141935052077,6.162259018970176,-6.637368118198319,-1.1809922321572472,-0.13613964696840736,-0.1841954998542346,0.0,50.0,20.0,1.0,0.0,0.0,0.0,-369.28932188134524,70.0,79.28932188134524,0.9238795325112867,0.0,0.3826834323650898,0.0
4.63500452041626,-3.7036671223116837,6.597797306481556,-6.2723835579932485,-1.3157287573270444,0.030431131047963578,-0.11002687081653739,0.0,50.0,20.0,1.0,0.0,0.0,0.0,-369.28932188134524,70.0,79.28932188134524,0.9238795325112867,0.0,0.3826834323650898,0.0
4.6648430824279785,-3.379577798489623,6.050263995929724,-6.390873010993568,-1.4457039776164615,0.21620952993110681,-0.015496143674893492,0.0,50.0,20.0,1.0,0.0,0.0,0.0,-369.28932188134524,70.0,79.28932188134524,0.9238795325112867,0.0,0.3826834323650898,0.0
4.696247577667236,-2.7184533723424646,5.414918136225578,-6.723268495154068,-1.2577392447005724,0.07888307423247415,-0.04078423133137671,0.0,50.0,20.0,1.0,0.0,0.0,0.0,-369.28932188134524,70.0,79.28932188134524,0.9238795325112867,0.0,0.3826834323650898,0.0
4.726253986358643,-2.1937767869002096,5.389298595287877,-6.859354383275214,-1.4289077978853804,0.09591082745360774,-0.008263207969080533,0.0,50.0,20.0,1.0,0.0,0.0,0.0,-369.28932188134524,70.0,79.28932188134524,0.9238795325112867,0.0,0.3826834323650898,0.0
4.75642466545105,-1.6042732688448968,5.617450580925719,-6.440756740462212,-1.3064899835480832,0.19401234694005426,-0.09885111228646704,0.0,50.0,20.0,1.0,0.0,0.0,0.0,-369.28932188134524,70.0,79.28932188134524,0.9238795325112867,0.0,0.3826834323650898,0.0
4.786401748657227,-1.2067117332948247,5.783945334811531,-7.110492208498508,-1.2920703550665003,0.21006440943215887,0.032507636153709385,0.0,50.0,20.0,1.0,0.0,0.0,0.0,-369.28932188134524,70.0,79.28932188134524,0.9238795325112867,0.0,0.3826834323650898,0.0
4.816038608551025,-1.1526605554469722,5.7507963737619345,-6.992768527282424,-1.2174024390431906,0.3032419323403999,0.057820990823978624,0.0,50.0,20.0,1.0,0.0,0.0,0.0,-369.28932188134524,70.0,79.28932188134524,0.9238795325112867,0.0,0.3826834323650898,0.0
4.848696708679199,-1.5079816664656818,6.116151718177325,-6.959491262787047,-1.1293838408757058,0.42982453183752706,0.21010973715737064,0.0,50.0,20.0,1.0,0.0,0.0,0.0,-369.28932188134524,70.0,79.28932188134524,0.9238795325112867,0.0,0.3826834323650898,0.0
4.878709554672241,-2.1728188082751534,5.424467688235462,-6.186807990547736,-1.2815524651331465,0.2633735265268571,0.03628864611446869,0.0,50.0,20.0,1.0,0.0,0.0,0.0,-369.28932188134524,70.0,79.28932188134524,0.9238795325112867,0.0,0.3826834323650898,0.0
4.908265590667725,-1.8137404881934156,5.5961806546089745,-6.236091869581794,-1.1125272638826407,0.2738939284713503,0.23389614076788762,0.0,50.0,20.0,1.0,0.0,0.0,0.0,-369.28932188134524,70.0,79.28932188134524,0.9238795325112867,0.0,0.3826834323650898,0.0
4.939094305038452,-2.275303938582854,4.818645176976084,-6.035679919619216,-0.9189254915664266,0.2335123529325545,0.04121193800087422,0.0,50.0,20.0,1.0,0.0,0.0,0.0,-369.28932188134524,70.0,79.28932188134524,0.9238795325112867,0.0,0.3826834323650898,0.0
4.968678712844849,-2.5045706842887823,4.156405170513712,-6.251176380641191,-0.7530877061815799,0.10944770474141055,0.0994548311424707,0.0,50.0,20.0,1.0,0.0,0.0,0.0,-369.28932188134524,70.0,79.28932188134524,0.9238795325112867,0.0,0.3826834323650898,0.0
5.0012571811676025,-2.4424010183263154,4.318700840822174,-6.733238212185679,-0.8333826114430758,0.0564102177261733,0.21726672394098887,0.0,50.0,20.0,1.0,0.0,0.0,0.0,-369.28932188134524,70.0,79.28932188134524,0.9238795325112867,0.0,0.3826834323650898,0.0
5.0309576988220215,-2.8626030662007373,4.433558539213225,-7.480505836282901,-0.703489855018189,0.10627694363216827,0.03715390545054098,0.0,50.0,20.0,1.0,0.0,0.0,0.0,-369.28932188134524,70.0,79.28932188134524,0.9238795325112867,0.0,0.3826834323650898,0.0
5.060328483581543,-2.9000523562651135,3.801022398956396,-8.05950444506966,-0.7964383886647868,0.24554322981102367,-0.10333481980831288,0.0,50.0,20.0,1.0,0.0,0.0,0.0,-369.28932188134524,70.0,79.28932188134524,0.9238795325112867,0.0,0.3826834323650898,0.0
5.090801954269409,-3.574162660170865,3.3826350971517702,-7.436831317709365,-0.8447173548068503,0.17048338446755013,0.036510804158397636,0.0,50.0,20.0,1.0,0.0,0.0,0.0,-369.28932188134524,70.0,79.28932188134524,0.9238795325112867,0.0,0.3826834323650898,0.0
5.120959520339966,-4.116376235372628,3.028725676261355,-6.831364692962238,-0.7393181883858191,0.15070758013126356,-0.15319865265716437,0.0,50.0,20.0,1.0,0.0,0.0,0.0,-369.28932188134524,70.0,79.28932188134524,0.9238795325112867,0.0,0.3826834323650898,0.0
5.152571439743042,-4.343206954509353,3.0423527153906478,-6.343309318090897,-0.6862084664355264,0.16930777402060937,-0.31804041661214144,0.0,50.0,20.0,1.0,0.0,0.0,0.0,-369.28932188134524,70.0,79.28932188134524,0.9238795325112867,0.0,0.3826834323650898,0.0
5.181813955307007,-3.833191132124155,3.2370983451343682,-6.863127519132532,-0.7333219329941866,0.30139981927392523,-0.46749633985385197,0.0,50.0,20.0,1.0,0.0,0.0,0.0,-369.28932188134524,70.0,79.28932188134524,0.9238795325112867,0.0,0.3826834323650898,0.0
5.212584972381592,-3.0690182772162067,3.1886017978919123,-7.151083413068823,-0.624290470236461,0.1315113756923053,-0.32561651750861015,0.0,50.0,20.0,1.0,0.0,0.0,0.0,-369.28932188134524,70.0,79.28932188134524,0.9238795325112867,0.0,0.3826834323650898,0.0
