# Timestamp, Fx, Fy, Fz, Tx, Ty, Tz, FemurPosX, FemurPosY, FemurPosZ, FemurQuatW, FemurQuatX, FemurQuatY, FemurQuatZ, TibiaPosX, TibiaPosY, TibiaPosZ, TibiaQuatW, TibiaQuatX, TibiaQuatY, TibiaQuatZ
0.02625751495361328,-1.4412813095767592,7.206936411074509,1.7058682485853482,1.7264677788864047,1.674719716966958,0.2847060746535883,0.0,50.0,20.0,1.0,0.0,0.0,0.0,-408.1873461497788,70.0,55.195173883361775,0.9869266085090579,0.0,0.16117031183443456,0.0
0.05635261535644531,-1.3332305673619453,7.063991461242841,1.6025907833202804,1.7272558864729604,1.692816687502367,0.26492497913387425,0.0,50.0,20.0,1.0,0.0,0.0,0.0,-410.4353349465008,70.0,54.47026337168931,0.9887611861018581,0.0,0.14950356804587162,0.0
0.08572697639465332,-1.2278706241185509,6.922332582982941,1.5033246131440094,1.7275292666924194,1.709477707138487,0.2455510148342035,0.0,50.0,20.0,1.0,0.0,0.0,0.0,-412.6334847959511,70.0,53.81749719628543,0.9904102756022742,0.0,0.13815746806245094,0.0
0.11556792259216309,-1.1256194230799101,6.78245049087979,1.4079758053841331,1.7273173619804074,1.7247757340219343,0.22663585813772658,0.0,50.0,20.0,1.0,0.0,0.0,0.0,-414.77613493235816,70.0,53.23349427074781,0.9918833241093737,0.0,0.1271513718122579,0.0
0.148406982421875,-1.0268475258267906,6.644832926278107,1.3164468272498528,1.726648234704734,1.738789089619907,0.208228355254931,0.0,50.0,20.0,1.0,0.0,0.0,0.0,-416.85789157376485,70.0,52.714632047833746,0.9931902334199785,0.0,0.11650390654037623,0.0
0.17691397666931152,-0.9318777897850826,6.509962493901362,1.2286358882991633,1.7255485696252728,1.751600511791896,0.19037458448482392,0.0,50.0,20.0,1.0,0.0,0.0,0.0,-418.8736416093942,70.0,52.25708730986332,0.9943412711190678,0.0,0.1062329353322999,0.0
0.20750069618225098,-0.8409857041435839,6.378314407255682,1.1444362720891774,1.7240436817142601,1.7632962148099776,0.17311793009110416,0.0,50.0,20.0,1.0,0.0,0.0,0.0,-420.8185627601306,70.0,51.85687764589436,0.9953469805904512,0.0,0.09635553035229372,0.0
0.2397294044494629,-0.7544003965300712,6.250354188470666,1.063735684113042,1.722157525813229,1.7739649614783914,0.1564991659287687,0.0,50.0,20.0,1.0,0.0,0.0,0.0,-422.68813034188526,70.0,51.509903193567496,0.996218090596714,0.0,0.08688795064816238,0.0
0.2700181007385254,-0.6723063090655698,6.126535371239656,0.9864156410100616,1.7199127053582828,1.783697152146505,0.1405565472387864,0.0,50.0,20.0,1.0,0.0,0.0,0.0,-424.4781208118825,70.0,51.2119882451849,0.9969654250645182,0.0,0.07784562432098888,0.0
0.29925036430358887,-0.5948455279029131,6.007297256446922,0.912350923287459,1.7173304781351977,1.7925839350733792,0.12532590922180306,0.0,50.0,20.0,1.0,0.0,0.0,0.0,-426.1846123226487,70.0,50.95892234368364,0.9975998136936383,0.0,0.06924313481073874,0.0
0.3293631076812744,-0.5221207356494009,5.893062768656892,0.8414091104704446,1.714430757721135,1.800716342277019,0.11084077111432994,0.0,50.0,20.0,1.0,0.0,0.0,0.0,-427.80398254727305,70.0,50.74650052369549,0.9981320039862075,0.0,0.061094211006260245,0.0
0.3599581718444824,-0.4541987418277996,5.784236457791118,0.7734502138147077,1.7112321099223755,1.808184454680047,0.09713244453443647,0.0,50.0,20.0,1.0,0.0,0.0,0.0,-429.3329040718611,70.0,50.57056238487576,0.9985725752671266,0.0,0.053411720852064234,0.0
0.39133572578430176,-0.39111453337993995,5.681202684077115,0.7083264176282905,1.7077517441204522,1.8150766000438712,0.08423014485071306,0.0,50.0,20.0,1.0,0.0,0.0,0.0,-430.7683376768667,70.0,50.42702971814268,0.9989318552380271,0.0,0.0462076680943045,0.0
0.42143702507019043,-0.33287577574521676,5.584324015939864,0.6458819360507503,1.7040054999848298,1.821478586865606,0.07216110427296099,0.0,50.0,20.0,1.0,0.0,0.0,0.0,-432.10752384798434,70.0,50.311942439478415,0.9992198395761605,0.0,0.03949319178532018,0.0
0.45192480087280273,-0.2794676857155645,5.493939860280873,0.5859529880361782,1.7000078304920045,1.8274729770995384,0.060950685279596094,0.0,50.0,20.0,1.0,0.0,0.0,0.0,-433.3479728696318,70.0,50.2214926196185,0.9994461150566886,0.0,0.03327856814967414,0.0
0.4811229705810547,-0.2308581903995698,5.410365333050202,0.528367889496432,1.6957717826012233,1.8331384002625062,0.050622492900694864,0.0,50.0,20.0,1.0,0.0,0.0,0.0,-434.4874538598336,70.0,50.15205643052765,0.9996197866425823,0.0,0.027573214405255935,0.0
0.5115001201629639,-0.18700328235730806,5.3338903657436525,0.4729472582778653,1.6913089772692782,1.838548911196222,0.04119848428107967,0.0,50.0,20.0,1.0,0.0,0.0,0.0,-435.5239831048434,70.0,50.10022386033954,0.9997494089512142,0.0,0.022385694130352792,0.0
0.5436100959777832,-0.14785247924866737,5.264779031090014,0.41950432503476814,1.6866295907347761,1.8437733934954947,0.03269907386948303,0.0,50.0,20.0,1.0,0.0,0.0,0.0,-436.4558120453766,70.0,50.06282607686816,0.9998429224711546,0.0,0.017723723771848898,0.0
0.5738060474395752,-0.11335429693819339,5.2032690593652084,0.3678453412458278,1.681742339160754,1.848875010375155,0.025143232529874632,0.0,50.0,20.0,1.0,0.0,0.0,0.0,-437.2814152543326,70.0,50.03696034543255,0.9999075948670644,0.0,0.01359417990033775,0.0
0.6031439304351807,-0.08346164753435015,5.14957150608817,0.31777007466480184,1.6766544687899017,1.8539107045447814,0.01854857886115579,0.0,50.0,20.0,1.0,0.0,0.0,0.0,-437.99947872875754,70.0,50.02001242927008,0.999949967675208,0.0,0.010003106834902381,0.0
0.6332004070281982,-0.05813707780188087,5.103870522846997,0.26907238241459813,1.671371753737151,1.8589307484916249,0.01293146105024115,0.0,50.0,20.0,1.0,0.0,0.0,0.0,-438.6088887970565,70.0,50.0096764200603,0.9999758086572387,0.0,0.006955724283027668,0.0
0.663550615310669,-0.03735776819631261,5.066323176118521,0.2215408526815058,1.6658985034206057,1.8639783464387183,0.008307027677981648,0.0,50.0,20.0,1.0,0.0,0.0,0.0,-439.10872191656716,70.0,50.00397196199245,0.9999900700457168,0.0,0.004456434669356646,0.0
0.6958804130554199,-0.021120217829878402,5.037059254516249,0.1749595074482394,1.6602375814168424,1.8690892891445938,0.004689286050603181,0.0,50.0,20.0,1.0,0.0,0.0,0.0,-439.4982356071034,70.0,50.00125884545335,0.9999968528814145,0.0,0.0025088298600678444,0.0
0.724797248840332,-0.009444545425764006,5.016181003171369,0.1291085607823579,1.654390437226557,1.8742916626379964,0.0020911468420073136,0.0,50.0,20.0,1.0,0.0,0.0,0.0,-439.77686073345455,70.0,50.00024895597127,0.9999993776098781,0.0,0.0011156970271260652,0.0
0.7549901008605957,-0.0023783402724670962,5.003762725066061,0.08376522969697334,1.648357152060217,1.8796056119273257,0.0005244541014021797,0.0,50.0,20.0,1.0,0.0,0.0,0.0,-439.94419531459187,70.0,50.000015570815776,0.9999999610729597,0.0,0.0002790234379022888,0.0
0.7851152420043945,-0.0,4.9998501931703885,0.03870459732426858,1.6421364993126228,1.8850431606796925,0.0,0.0,50.0,20.0,1.0,0.0,0.0,0.0,-440.0,70.0,50.0,1.0,0.0,0.0,0.0
0.8151371479034424,-0.002421493477197427,5.0044598242008,-0.006299469127137858,1.635726019904555,1.8906080878157823,0.0005275240506776358,0.0,50.0,20.0,1.0,0.0,0.0,0.0,-439.944195314576,70.0,50.00001557081579,0.9999999610729597,0.0,0.0002790234379814198,0.0
0.8478043079376221,-0.00979048727644293,5.017577574693756,-0.05147334064861574,1.629122112145744,1.8962958619003558,0.0021156969231273756,0.0,50.0,20.0,1.0,0.0,0.0,0.0,-439.77686073342295,70.0,50.000248955971344,0.999999377609878,0.0,0.0011156970272841963,0.0
0.876828670501709,-0.022291773180620922,5.039157532816475,-0.09704258189659712,1.6223201352349474,1.90209363410999,0.00477208937958093,0.0,50.0,20.0,1.0,0.0,0.0,0.0,-439.4982356070561,70.0,50.00125884545359,0.9999968528814138,0.0,0.002508829860304757,0.0
0.9071619510650635,-0.040147932546007216,5.069120194828994,-0.14323083141406048,1.6153145249798178,1.907980290416104,0.008503127256245573,0.0,50.0,20.0,1.0,0.0,0.0,0.0,-439.10872191650395,70.0,50.00397196199302,0.9999900700457155,0.0,0.004456434669672818,0.0
0.9391448497772217,-0.06361917162971244,5.107350433233745,-0.19025859768391853,1.608098919811815,1.9139265634206042,0.013314033795706476,0.0,50.0,20.0,1.0,0.0,0.0,0.0,-438.60888879697785,70.0,50.009676420061396,0.999975808657236,0.0,0.006955724283421046,0.0
0.9689426422119141,-0.0930022610917502,5.15369518419592,-0.23834196269678584,1.600666294709683,1.9198952040146768,0.019208760978184178,0.0,50.0,20.0,1.0,0.0,0.0,0.0,-437.9994787286634,70.0,50.02001242927197,0.9999499676752033,0.0,0.010003106835373178,0.0
0.9993319511413574,-0.12862851381911164,5.207960904474354,-0.28769118660232745,1.5930091002476041,1.9258412126928606,0.02618991178775186,0.0,50.0,20.0,1.0,0.0,0.0,0.0,-437.28141525422313,70.0,50.03696034543552,0.9999075948670569,0.0,0.013594179900885295,0.0
1.0320796966552734,-0.17086073916015063,5.269910872395556,-0.33850921032387593,1.585119403667587,1.9317121299434874,0.034258655568335517,0.0,50.0,20.0,1.0,0.0,0.0,0.0,-436.455812045252,70.0,50.06282607687258,0.9998429224711435,0.0,0.01772372377247238,0.0
1.0605065822601318,-0.22008911984255483,5.339262432641286,-0.3909900578407138,1.5769890286533748,1.9374483846562804,0.04341463876053951,0.0,50.0,20.0,1.0,0.0,0.0,0.0,-435.52398310470346,70.0,50.10022386034582,0.9997494089511986,0.0,0.022385694131053152,0.0
1.091782569885254,-0.276725971506749,5.415684309847437,-0.4453171461971635,1.5686096903647262,1.942983698946685,0.05365589335468255,0.0,50.0,20.0,1.0,0.0,0.0,0.0,-434.48745385967925,70.0,50.15205643053616,0.999619786642561,0.0,0.027573214406028425,0.0
1.1217138767242432,-0.3411993650186975,5.498794139958954,-0.501661519098358,1.5599731222815847,1.948245547206826,0.06497874534192888,0.0,50.0,20.0,1.0,0.0,0.0,0.0,-433.347972869463,70.0,50.22149261962976,0.9994461150566604,0.0,0.03327856815051949,0.0
1.1514458656311035,-0.4139456193611385,5.588156389355606,-0.5601800289889471,1.5510711915077775,1.953155666571544,0.07737772529218628,0.0,50.0,20.0,1.0,0.0,0.0,0.0,-432.1075238478014,70.0,50.311942439492896,0.9992198395761243,0.0,0.039493191786237086,0.0
1.1811275482177734,-0.4954007083363962,5.683280848054801,-0.621013502422128,1.5418959993891046,1.957630615353992,0.09084548293721259,0.0,50.0,20.0,1.0,0.0,0.0,0.0,-430.7683376766694,70.0,50.42702971816098,0.9989318552379812,0.0,0.04620766809529422,0.0
1.211709976196289,-0.5859906673269197,5.783621892669724,-0.6842849337827192,1.5324399646019191,1.9615823753805226,0.1053727072960045,0.0,50.0,20.0,1.0,0.0,0.0,0.0,-429.33290407165083,70.0,50.570562384898324,0.9985725752670701,0.0,0.05341172085311999,0.0
1.2441399097442627,-0.6861211359573376,5.888578715026561,-0.7500977623283576,1.5226958862524946,1.964918993561192,0.12094805345753532,0.0,50.0,20.0,1.0,0.0,0.0,0.0,-427.80398254704977,70.0,50.74650052372293,0.9981320039861388,0.0,0.06109421100738301,0.0
1.273075819015503,-0.7961662267715262,5.997496701302007,-0.8185342961994069,1.5126569849781797,1.9675452574925227,0.1375580766456638,0.0,50.0,20.0,1.0,0.0,0.0,0.0,-426.1846123224128,70.0,50.95892234371652,0.9975998136935559,0.0,0.06924313481192672,0.0
1.304020881652832,-0.9164569660983604,6.1096701225055,-0.8896543535503125,1.5023169205400855,1.9693633994240876,0.1551871736482562,0.0,50.0,20.0,1.0,0.0,0.0,0.0,-424.47812081163386,70.0,51.21198824522398,0.9969654250644202,0.0,0.07784562432224358,0.0
1.333505392074585,-1.0472696073068088,6.2243462590681675,-0.9634941942604857,1.4916697849242488,1.9702738225492995,0.17381753111295015,0.0,50.0,20.0,1.0,0.0,0.0,0.0,-422.68813034162565,70.0,51.50990319361313,0.9962180905965994,0.0,0.0868879506494751,0.0
1.3632285594940186,-1.1888141640748053,6.340731030222639,-1.0400658148417325,1.4807100705048868,1.9701758433202263,0.19342907961319983,0.0,50.0,20.0,1.0,0.0,0.0,0.0,-420.81856275986,70.0,51.856877645947236,0.9953469805903185,0.0,0.09635553035366563,0.0
1.3951525688171387,-1.341223547114006,6.457996134078962,-1.119356673407833,1.469432613352134,1.968968443350746,0.21399945178620594,0.0,50.0,20.0,1.0,0.0,0.0,0.0,-418.8736416091133,70.0,52.257087309924046,0.9943412711189151,0.0,0.10623293533372881,0.0
1.4254813194274902,-1.5045437070694818,6.575287629639929,-1.2013299004701785,1.457832512273313,1.9665510244736082,0.23550394225562596,0.0,50.0,20.0,1.0,0.0,0.0,0.0,-416.85789157347347,70.0,52.714632047903066,0.993190233419804,0.0,0.11650390654186372,0.0
1.4552206993103027,-1.6787251847563476,6.691735811766183,-1.2859250348774331,1.4459050246513212,1.9628241606652004,0.25791546649037844,0.0,50.0,20.0,1.0,0.0,0.0,0.0,-414.77613493205854,70.0,53.233494270825915,0.9918833241091769,0.0,0.12715137181379355,0.0
1.4853098392486572,-1.863616444518565,6.806466149925004,-1.3730593029743279,1.4336454405810621,1.95769034085497,0.28120451523095885,0.0,50.0,20.0,1.0,0.0,0.0,0.0,-412.6334847956432,70.0,53.817497196373026,0.9904102756020531,0.0,0.13815746806403617,0.0
1.5153980255126953,-2.0589593161836968,6.918610987916999,-1.4626294341320083,1.4210489372058468,1.9510546971023452,0.30533910064868386,0.0,50.0,20.0,1.0,0.0,0.0,0.0,-410.43533494618544,70.0,54.47026337178691,0.9887611861016115,0.0,0.1495035680475037,0.0
1.5481770038604736,-2.2643867970530307,7.027321641381448,-1.5545139788471105,1.4081104155271231,1.9428257132588385,0.33028469000540117,0.0,50.0,20.0,1.0,0.0,0.0,0.0,-408.1873461494568,70.0,55.195173883469835,0.9869266085087841,0.0,0.16117031183611072,0.0
1.5772604942321777,-2.479423371282098,7.131780488857184,-1.6485760686622726,1.3948243223157428,1.9329159100439575,0.356004122265198,0.0,50.0,20.0,1.0,0.0,0.0,0.0,-405.89542886602277,70.0,55.995328691774645,0.9848976375954644,0.0,0.17313764310187785,0.0
1.6077961921691895,-2.7034878958692325,7.231212635267948,-1.744666532466589,1.3811844601101706,1.9212425034559166,0.38245750289463676,0.0,50.0,20.0,1.0,0.0,0.0,0.0,-403.5657223447372,70.0,56.873508539518056,0.9826659947827694,0.0,0.1853848502375269,0.0
1.6392323970794678,-2.9358989880493205,7.324896736545063,-1.8426272634634344,1.3671837886708063,1.9077280346169498,0.4096020719967665,0.0,50.0,20.0,1.0,0.0,0.0,0.0,-401.20457014478615,70.0,57.83213888589373,0.9802241098700497,0.0,0.19789061228231278,0.0
1.6694695949554443,-3.1758827369251863,7.412174610769191,-1.9422947170828717,1.3528142216988057,1.892300970520364,0.4373920409875652,0.0,50.0,20.0,1.0,0.0,0.0,0.0,-398.8184921960233,70.0,58.87325631302845,0.9775651990710685,0.0,0.21063304955571963,0.0
1.699800968170166,-3.4225824613647795,7.492459322091462,-2.0435034136295456,1.3380664231545798,1.8748962766988388,0.46577839328334475,0.0,50.0,20.0,1.0,0.0,0.0,0.0,-396.41415357159985,70.0,59.998477839983636,0.9746833387311398,0.0,0.2235897788359704,0.0
1.7295613288879395,-3.6750701541623854,7.56524150372576,-2.146089321013257,1.3229296081595117,1.8554559645605084,0.4947086449766346,0.0,50.0,20.0,1.0,0.0,0.0,0.0,-393.998330210518,70.0,61.208973558250506,0.9715735341232529,0.0,0.23673797285448842,0.0
1.7601351737976074,-3.9323591948800187,7.6300937786180425,-2.2498930022263837,1.3073913542675997,1.8339296180160796,0.5241265623060973,0.0,50.0,20.0,1.0,0.0,0.0,0.0,-391.5778718892658,70.0,62.50544297370466,0.9682317827521862,0.0,0.2500544238131438,0.0
1.7917332649230957,-4.193417883741149,7.686673233149172,-2.354762428273089,1.2914374298816267,1.810274906005105,0.5539718339573028,0.0,50.0,20.0,1.0,0.0,0.0,0.0,-389.1596627998645,70.0,63.888095402688236,0.9646551316333516,0.0,0.26351561056878814,0.0
1.8209559917449951,-4.457183346771846,7.734721992573574,-2.4605553783897274,1.2750516477829692,1.784458089553291,0.5841796979691902,0.0,50.0,20.0,1.0,0.0,0.0,0.0,-386.750580145039,70.0,65.35663472480499,0.960841728057215,0.0,0.277097769070819,0.0
1.8518943786621094,-4.722575385766476,7.774066029888148,-2.5671413736220385,1.25821575315425,1.7564545339547253,0.6146805253822049,0.0,50.0,20.0,1.0,0.0,0.0,0.0,-384.3574512086469,70.0,66.91024874268851,0.956790863400439,0.0,0.290776965582631,0.0
1.8815300464630127,-4.988509891207279,7.804612407134147,-2.6744031150356804,1.2409093570877443,1.7262492384264456,0.6453993658783865,0.0,50.0,20.0,1.0,0.0,0.0,0.0,-381.987009399675,70.0,68.54760334031536,0.9525030096007168,0.0,0.30452917216840947,0.0
1.9112937450408936,-5.253911496194377,7.82634519645192,-2.782237422060036,1.2231099283484612,1.6938373969312608,0.6762554646603223,0.0,50.0,20.0,1.0,0.0,0.0,0.0,-379.64584980009533,70.0,70.26684156734197,0.9479798479731993,0.0,0.31833034388306414,0.0
1.944096565246582,-5.517725218403624,7.839320356370209,-2.8905556880692234,1.2047928580163474,1.6592250045475336,0.7071617648130151,0.0,50.0,20.0,1.0,0.0,0.0,0.0,-377.34038476968885,70.0,72.06558770870622,0.9432242901115667,0.0,0.33215649706656514,0.0
1.9736518859863281,-5.778926908907551,7.843659847600424,-2.9992838881179296,1.1859316134307654,1.6224295234581154,0.7380244154695378,0.0,50.0,20.0,1.0,0.0,0.0,0.0,-375.076800174037,70.0,73.94095632761297,0.9382404906855892,0.0,0.3459837881145081,0.0
2.004211187362671,-6.036532396021155,7.839545264366872,-3.108362187119307,1.1664979993978202,1.583480620941919,0.7687423132705684,0.0,50.0,20.0,1.0,0.0,0.0,0.0,-372.861012804679,70.0,75.8895661975554,0.9330338520183622,0.0,0.359788592075648,0.0
2.0336732864379883,-6.289605274995843,7.827211235417159,-3.217744205511778,1.1464625456131086,1.5424209882378226,0.7992067127674454,0.0,50.0,20.0,1.0,0.0,0.0,0.0,-370.6986295528377,70.0,77.90755896666298,0.927611020399545,0.0,0.37354758041421554,0.0
2.0638985633850098,-6.5372633476077775,7.806938817210488,-3.327396003863379,1.1257950393262026,1.4993072433387633,0.8293009503029138,0.0,50.0,20.0,1.0,0.0,0.0,0.0,-368.59490888006144,70.0,79.99062232705343,0.9219798741646874,0.0,0.38723779727096264,0.0
2.095332145690918,-6.778683758026703,7.779049064279776,-3.437294848461401,1.1044652209693624,1.4542109122190852,0.8589003350197068,0.0,50.0,20.0,1.0,0.0,0.0,0.0,-366.55472510103885,70.0,82.13401739445582,0.9161495036443129,0.0,0.40083673356153265,0.0
2.125910758972168,-7.013106902573438,7.743896921956431,-3.5474278174780762,1.0824436572616265,1.407219471352782,0.8878722692180826,0.0,50.0,20.0,1.0,0.0,0.0,0.0,-364.58253595615446,70.0,84.33260994073798,0.9101301831586018,0.0,0.4143223982645518,0.0
2.155827283859253,-7.239839211746983,7.701865547477516,-3.6577903026097043,1.0597028006206823,1.3584374195111462,0.9160766671987953,0.0,50.0,20.0,1.0,0.0,0.0,0.0,-362.68235390492333,70.0,86.58090506545781,0.90393333530339,0.0,0.4276733862742561,0.0
2.1853253841400146,-7.458254914530362,7.653361129182157,-3.768384454961559,1.0362182350494005,1.3079873289525765,0.9433667455316429,0.0,50.0,20.0,1.0,0.0,0.0,0.0,-360.8577215172692,70.0,88.87308484340235,0.8975714878398201,0.0,0.44086894222320966,0.0
2.216158151626587,-7.667796899126542,7.598808241524539,-3.8792176171165624,1.0119700966391008,1.2560108059600077,0.9695902566234048,0.0,50.0,20.0,1.0,0.0,0.0,0.0,-359.1116912788349,70.0,91.20304844441777,0.8910582235622491,0.0,0.4538890197196765,0.0
2.2481296062469482,-7.867976782676814,7.5386457467882,-3.9903007763771905,0.9869446413644245,1.2026692696366375,0.9945912295895729,0.0,50.0,20.0,1.0,0.0,0.0,0.0,-357.44681006057124,70.0,93.56445419042538,0.8844081235763686,0.0,0.46671433549027275,0.0
2.2782845497131348,-8.05837429686628,7.473323232919575,-4.101647067563119,0.9611359143061844,1.1481444381007964,1.0182122658988757,0.0,50.0,20.0,1.0,0.0,0.0,0.0,-355.8651084331075,70.0,95.95076299310756,0.8776367044708546,0.0,0.47932641797165504,0.0
2.307511806488037,-8.238636088093704,7.403297960623304,-4.213270347791286,0.9345474538199765,1.0926383956782038,1.0402974106239342,0.0,50.0,20.0,1.0,0.0,0.0,0.0,-354.36809493447527,70.0,98.35528260461713,0.8707603499108778,0.0,0.4917076499537969,0.0
2.3398900032043457,-8.408474021300165,7.329032281296578,-4.325183860541894,0.9071939432001492,1.0363731069517328,1.0606955828610314,0.0,50.0,20.0,1.0,0.0,0.0,0.0,-352.95675532712784,70.0,100.77121211304797,0.863796237219612,0.0,0.5038413049415856,0.0
2.369473695755005,-8.567663066528388,7.250991479879393,-4.437399002090773,0.8791027035625607,0.979589247436248,1.0792645018501885,0.0,50.0,20.0,1.0,0.0,0.0,0.0,-351.6315568084884,70.0,103.19168612405926,0.8567622595444454,0.0,0.5157115769694299,0.0
2.400269031524658,-8.7160388374856,7.169641992539191,-4.549924200047177,0.8503149080950781,0.9225442396763931,1.09587499126306,0.0,50.0,20.0,1.0,0.0,0.0,0.0,-350.3924570698859,70.0,105.60981808971992,0.8496769442272754,0.0,0.5273036036749603,0.0
2.4296326637268066,-8.853494842209065,7.085449947580692,-4.66276391118918,0.8208863928837413,0.8655094200257866,1.110415487838768,0.0,50.0,20.0,1.0,0.0,0.0,0.0,-349.2389180331372,70.0,108.01874227462434,0.8425593680132447,0.0,0.5386034825111342,0.0
2.4597458839416504,-8.979979497609607,6.998879978413152,-4.775917743906033,0.7908879463071457,0.8087663154849126,1.1227965287657165,0.0,50.0,20.0,1.0,0.0,0.0,0.0,-348.16992403340197,70.0,110.4116538869223,0.8354290697392499,0.0,0.5495982800506307,0.0
2.491157293319702,-9.095492952254785,6.910394259252103,-4.889379709177464,0.7604049795958492,0.7526020791470844,1.1329549529049336,0.0,50.0,20.0,1.0,0.0,0.0,0.0,-347.1840041624127,70.0,112.78184694699405,0.8283059611430005,0.0,0.5602760344106914,0.0
2.5214271545410156,-9.200083755229784,6.820451717008938,-5.0031376029734576,0.7295365159453897,0.6973042112113027,1.1408575321452459,0.0,50.0,20.0,1.0,0.0,0.0,0.0,-346.27925843858986,70.0,115.12274951806877,0.821210236425275,0.0,0.5706257509001358,0.0
2.5521907806396484,-9.29384540318694,6.729507376170773,-5.11717252207057,0.6983934826529807,0.643154771434762,1.1465037573413044,0.0,50.0,20.0,1.0,0.0,0.0,0.0,-345.4533874306193,70.0,117.42795597977596,0.8141622811830085,0.0,0.5806373910616504,0.0
2.581364631652832,-9.37691279266399,6.638011797125733,-5.231458514390887,0.6670963458040677,0.5904243577120453,1.1499275416805745,0.0,50.0,20.0,1.0,0.0,0.0,0.0,-344.7037249292032,70.0,119.69125608622105,0.8071825813091452,0.0,0.5903018553512307,0.0
2.6118850708007812,-9.449458600305794,6.54641057217104,-5.345962363930347,0.6357721837287551,0.5393661734708103,1.1511976717504895,0.0,50.0,20.0,1.0,0.0,0.0,0.0,-344.0272732381818,70.0,121.90666061320965,0.8002916324277992,0.0,0.5996109597614508,0.0
2.643827438354492,-9.511689609694038,6.455143847239749,-5.460643509036439,0.6045513463658931,0.4902105250509436,1.1504169269043705,0.0,50.0,20.0,1.0,0.0,0.0,0.0,-343.4207406410151,70.0,124.06842346346997,0.7935098504005166,0.0,0.6085574067558046,0.0
2.673377513885498,-9.563843000025644,6.364645841143835,-5.57545409113141,0.5735638856672884,0.44316007444850564,1.1477198903426429,0.0,50.0,20.0,1.0,0.0,0.0,0.0,-342.88058059155844,70.0,126.17106016275115,0.7868574834023276,0.0,0.6171347509367429,0.0
2.7037932872772217,-9.606182608881547,6.275344337838248,-5.690339128905645,0.5429359617848193,0.39838612324957506,1.1432695776399444,0.0,50.0,20.0,1.0,0.0,0.0,0.0,-342.403032178751,70.0,128.20936274226736,0.7803545260256156,0.0,0.6253373599196971,0.0
2.733820915222168,-9.638995178829411,6.187660130861445,-5.805236810517127,0.5127864283584667,0.35602612612249135,1.137253097079172,0.0,50.0,20.0,1.0,0.0,0.0,0.0,-341.98416142269053,70.0,130.1784110630148,0.7740206358262847,0.0,0.6331603709290988,0.0
2.763303518295288,-9.662586595667882,6.10200640271672,-5.920078893460862,0.48322377844129727,0.3161825370736881,1.1298766202282098,0.0,50.0,20.0,1.0,0.0,0.0,0.0,-341.61990297391833,70.0,132.073580693882,0.7678750526814828,0.0,0.6405996436694373,0.0
2.7957515716552734,-9.677278124836857,6.0187880255241994,-6.03479119859821,0.4543435942351446,0.27892299131147036,1.1213599740874591,0.0,50.0,20.0,1.0,0.0,0.0,0.0,-341.3061018077152,70.0,133.89054750741278,0.7619365212817509,0.0,0.6476517100549213,0.0
2.8250999450683594,-9.683402651975976,5.938400772790272,-6.1492941814834,0.4262265948602495,0.24428173243603435,1.1119311663845834,0.0,50.0,20.0,1.0,0.0,0.0,0.0,-341.0385545299411,70.0,135.6252892037244,0.7562232170340831,0.0,0.6543137214048182,0.0
2.8555548191070557,-9.681300933899166,5.861230435575912,-6.263503560757869,0.3989373237728785,0.21226211894656508,1.101821126645518,0.0,50.0,20.0,1.0,0.0,0.0,0.0,-340.8130499394428,70.0,137.274084013929,0.7507526756065243,0.0,0.6605833937283354,0.0
2.8849918842315674,-9.671317867421834,5.787651839651862,-6.377330980196419,0.37252346773231415,0.1828399921673244,1.0912588946606507,0.0,50.0,20.0,1.0,0.0,0.0,0.0,-340.6254085233382,70.0,138.83350686891464,0.7455417263006993,0.0,0.6664589517326428,0.0
2.9153714179992676,-9.65379878555463,5.718027763331138,-6.490684678199043,0.3470157575432548,0.1559676618446556,1.0804674239349503,0.0,50.0,20.0,1.0,0.0,0.0,0.0,-340.47152059456033,70.0,140.30042334733272,0.7406064293964347,0.0,0.6719390721908227,0.0
2.947979211807251,-9.629085793532273,5.6527077584859065,-6.603470136349225,0.3224283703132548,0.13157826422017221,1.0696600998002646,0.0,50.0,20.0,1.0,0.0,0.0,0.0,-340.34738281497164,70.0,141.67198173788088,0.7359620175733226,0.0,0.6770228273030419,0.0
2.9770724773406982,-9.597514160898157,5.592026879689227,-6.71559067731616,0.29875973474416606,0.10959026588955571,1.059038007858478,0.0,50.0,20.0,1.0,0.0,0.0,0.0,-340.249132881235,70.0,142.945603565542,0.731622841477964,0.0,0.6817096286746359,0.0
3.007382392883301,-9.559408790272025,5.536304328386976,-6.826947982048106,0.2759936343361251,0.08991191924231348,1.0487879338754535,0.0,50.0,20.0,1.0,0.0,0.0,0.0,-340.17308218365076,70.0,144.11897293937085,0.727602319473451,0.0,0.6859991725190739,0.0
3.04023814201355,-9.515080788299507,5.485842020422333,-6.937442497029775,0.25410050641220217,0.07244551548309615,1.039081034236372,0.0,50.0,20.0,1.0,0.0,0.0,0.0,-340.1157462796132,70.0,145.19002508100124,0.7239128915795007,0.0,0.6898913866725733,0.0
3.070030927658081,-9.464824169381687,5.440923086059232,-7.046973704442718,0.23303884503509129,0.05709132355118706,1.0300720874359803,0.0,50.0,20.0,1.0,0.0,0.0,0.0,-340.0738730526093,70.0,146.15693438854356,0.7205659775879528,0.0,0.6933863799806842,0.0
3.100179433822632,-9.408912727846994,5.401810311871401,-7.155440231393006,0.21275663054435034,0.043751143286262444,1.0218992209257878,0.0,50.0,20.0,1.0,0.0,0.0,0.0,-340.044468454288,70.0,147.01810238033386,0.717571939319209,0.0,0.6964843945858868,0.0
3.1303372383117676,-9.347597118982621,5.368744533513759,-7.262739778904222,0.19319272522858819,0.03233143595613407,1.014684002002352,0.0,50.0,20.0,1.0,0.0,0.0,0.0,-340.0248197507232,70.0,147.7721458475432,0.7149400469705722,0.0,0.6991857616096855,0.0
3.1609179973602295,-9.281102193520187,5.341942987562021,-7.368768856995307,0.17427819168596456,0.022746023130955532,1.0085317838328876,0.0,50.0,20.0,1.0,0.0,0.0,0.0,-340.01251621434795,70.0,148.41788552437973,0.7126784494974584,0.0,0.7014908606830873,0.0
3.191554307937622,-9.2096246335302,5.321597629427616,-7.47342231869203,0.15593750640277626,0.014918365324129925,1.003532205685677,0.0,50.0,20.0,1.0,0.0,0.0,0.0,-340.00546722005726,70.0,148.95433556005983,0.7107941489627646,0.0,0.7034000837363464,0.0
3.222327470779419,-9.133330940019224,5.307873423014225,-7.5765926930299035,0.1380896552072888,0.008783445084967369,0.9997597577594718,0.0,50.0,20.0,1.0,0.0,0.0,0.0,-340.00191771769687,70.0,149.3806940483595,0.7092929787881751,0.0,0.7049138034127275,0.0
3.251824140548706,-9.052355823690123,5.300906606497816,-7.678169324736757,0.12064910918395658,0.004289286075725084,0.9972743339370683,0.0,50.0,20.0,1.0,0.0,0.0,0.0,-340.00046106371315,70.0,149.6963348389239,0.7081795858434361,0.0,0.7060323464223288,0.0
3.2809500694274902,-8.966801050218253,5.300802937631641,-7.778037336065383,0.10352668933106692,0.0013981410916089957,0.996121709080969,0.0,50.0,20.0,1.0,0.0,0.0,0.0,-340.0000492023986,70.0,149.90080082008794,0.7074574163153288,0.0,0.7067559721010072,0.0
3.3111865520477295,-8.876734789964395,5.307635921554949,-7.876076433918598,0.0866303358847004,8.73790392495608e-05,0.996333890386861,0.0,50.0,20.0,1.0,0.0,0.0,0.0,-340.00000019227275,70.0,149.9937988262755,0.7071287053066242,0.0,0.707084856386684,0.0
3.3437161445617676,-8.78219151927587,5.321445024468628,-7.972159592731718,0.06986580408705403,0.00035009457522029524,0.9979293044808802,0.0,50.0,20.0,1.0,0.0,0.0,0.0,-340.0000030761215,70.0,149.97519628456106,0.7071944701262833,0.0,0.7070190813710796,0.0
3.3737902641296387,-8.683172516436146,5.34223387795492,-8.066151650347882,0.05313731254028414,0.0021954553114139695,1.0009127933985345,0.0,50.0,20.0,1.0,0.0,0.0,0.0,-340.0001200945775,70.0,149.8450196751952,0.7076545072449012,0.0,0.7065586305296794,0.0
3.4031643867492676,-8.579646989933426,5.36996848134542,-8.15790786017762,0.036348173408906725,0.005648790998162126,1.0052754035868112,0.0,50.0,20.0,1.0,0.0,0.0,0.0,-340.00078624340944,70.0,149.60345484026016,0.7085073929033481,0.0,0.7057033896767825,0.0
3.433502435684204,-8.471553870047371,5.404575413505562,-8.247272448155437,0.019401435779032594,0.010751417598767151,1.0109939630781926,0.0,50.0,20.0,1.0,0.0,0.0,0.0,-340.0028061744761,70.0,149.25084913361385,0.7097504873770294,0.0,0.7044531536362579,0.0
3.4639084339141846,-8.358804286795486,5.445940070761666,-8.334077227307771,0.002200574499421592,0.017560177348096173,1.0180304535579885,0.0,50.0,20.0,1.0,0.0,0.0,0.0,-340.00734844018706,70.0,148.78771536434687,0.7113799429125519,0.0,0.702807638562455,0.0
3.495199203491211,-8.241284748000801,5.493904954421622,-8.418140326066734,-0.015349743270334651,0.026146664468197894,1.026331196782448,0.0,50.0,20.0,1.0,0.0,0.0,0.0,-340.0159370818941,70.0,148.2147374455728,0.7133907153672074,0.0,0.7007664997899543,0.0
3.52569317817688,-8.118861020571437,5.548268039316006,-8.499265088750649,-0.033342783027852374,0.036596096044398396,1.0358258892571226,0.0,50.0,20.0,1.0,0.0,0.0,0.0,-340.0304405644777,70.0,147.53277762097207,0.7157765795938978,0.0,0.6983293550359031,0.0
3.5562572479248047,-7.9913827059228115,5.608781263797784,-8.577239207825073,-0.051868731806824504,0.04900577968929001,1.0464265356615312,0.0,50.0,20.0,1.0,0.0,0.0,0.0,-340.05305806303295,70.0,146.7428851035708,0.7185301486243607,0.0,0.6954958127248891,0.0
3.5853211879730225,-7.858688486715235,5.675149191367458,-8.651834147574032,-0.07101352874842058,0.06348312532769354,1.0580263503480967,0.0,50.0,20.0,1.0,0.0,0.0,0.0,-340.0863031134702,70.0,145.84630592524687,0.7216428967112235,0.0,0.6922655051540806,0.0
3.615722179412842,-7.720612006626077,5.747027904109842,-8.722804917532004,-0.0908575233158969,0.0801431492684657,1.0704987170722207,0.0,50.0,20.0,1.0,0.0,0.0,0.0,-340.13298464743696,70.0,144.84449376191418,0.7251051862939811,0.0,0.6886381261661098,0.0
3.647857904434204,-7.576988327673158,5.8240241979077005,-8.789890251291515,-0.11147395861133706,0.09910542644124024,1.0836963190562454,0.0,50.0,20.0,1.0,0.0,0.0,0.0,-340.1961854435585,70.0,143.73912146872112,0.7289062989550813,0.0,0.6846134729492297,0.0
3.6775479316711426,-7.427660890689235,5.905695158297993,-8.852813241907725,-0.1329272925248834,0.12049046308203884,1.097450572915024,0.0,50.0,20.0,1.0,0.0,0.0,0.0,-340.27923804179903,70.0,142.53209303246086,0.7330344704293896,0.0,0.6801914915391872,0.0
3.7077157497406006,-7.272488884078504,5.991548203134737,-8.911282478835725,-0.15527138860075126,0.14441548886714353,1.1115715183338284,0.0,50.0,20.0,1.0,0.0,0.0,0.0,-340.385698185886,70.0,141.22555562519233,0.7374769297232547,0.0,0.6753723255552907,0.0
3.738931179046631,-7.1113549043055295,6.081041683117052,-8.964993722915441,-0.1785476311446229,0.17098970553609416,1.1258483272045716,0.0,50.0,20.0,1.0,0.0,0.0,0.0,-340.5193158801842,70.0,139.8219114243671,0.7422199423878103,0.0,0.670156367664917,0.0
3.7692971229553223,-6.944172769229504,6.173586132896482,-9.013632145138669,-0.20278304408796333,0.20030907830947084,1.1400505969059784,0.0,50.0,20.0,1.0,0.0,0.0,0.0,-340.68400417204316,70.0,138.3238288509778,0.7472488579751132,0.0,0.664544313236438,0.0
3.799880266189575,-6.77089532320707,6.268546263057242,-9.056875141630842,-0.22798851840147016,0.23245081507870738,1.1539305778692905,0.0,50.0,20.0,1.0,0.0,0.0,0.0,-340.88380579817397,70.0,136.7342528689141,0.7525481616849712,0.0,0.6585372156109102,0.0
3.829561710357666,-6.591522051908969,6.365243776000121,-9.094395721402087,-0.25415727533900795,0.2674677423573996,1.1672264511521915,0.0,50.0,20.0,1.0,0.0,0.0,0.0,-341.12285786367204,70.0,135.05641398618127,0.7581015301851683,0.0,0.6521365423980674,0.0
3.8600707054138184,-6.4061063063467385,6.462961076020254,-9.12586644507323,-0.2812637085336144,0.30538284971116775,1.1796667144974131,0.0,50.0,20.0,1.0,0.0,0.0,0.0,-341.40535475433927,70.0,133.2938356023201,0.7638918915582228,0.0,0.6453442321827944,0.0
3.8920929431915283,-6.214761921211511,6.560945925242624,-9.150963872274927,-0.30926275251497104,0.3461843268050383,1.190975655013517,0.0,50.0,20.0,1.0,0.0,0.0,0.0,-341.73550951635644,70.0,131.45033935647544,0.769901489294327,0.0,0.6381627510144863,0.0
3.9213273525238037,-6.01766900395165,6.658417072461495,-9.169373453313222,-0.33808991437666686,0.3898214487365904,1.2008797868528993,0.0,50.0,20.0,1.0,0.0,0.0,0.0,-342.11751397134043,70.0,129.5300481473634,0.7761119502128433,0.0,0.630595148044145,0.0
3.9516501426696777,-5.815078669741932,6.7545708516178,-9.180794777819814,-0.3676620761480086,0.4362016654288149,1.2091150215028914,0.0,50.0,20.0,1.0,0.0,0.0,0.0,-342.55549786856926,70.0,127.53738651987281,0.7825043561544153,0.0,0.6226451096727285,0.0
3.9818618297576904,-5.60731650518522,6.848588711393904,-9.184947070557227,-0.39787912733238157,0.4851892113375248,1.2154342296587626,0.0,50.0,20.0,1.0,0.0,0.0,0.0,-343.05348740874126,70.0,125.47707814323694,0.7890593192427394,0.0,0.6143170115796768,0.0
4.012584924697876,-5.3947845614967145,6.939645598469753,-9.18157480365187,-0.42862642274202284,0.5366054692560418,1.2196147635711574,0.0,50.0,20.0,1.0,0.0,0.0,0.0,-343.6153635041003,70.0,123.35414014235458,0.7957570604702336,0.0,0.6056159680125458,0.0
4.043938636779785,-5.17796170683167,7.02691907612142,-9.170453276771687,-0.4597779864846975,0.5902312002217639,1.2214654543790695,0.0,50.0,20.0,1.0,0.0,0.0,0.0,-344.2448201671058,70.0,121.17387408668853,0.8025774913156719,0.0,0.5965478777377744,0.0
4.072896957397461,-4.957402207446196,7.109599019255853,-9.151394003687395,-0.4912003081525137,0.6458106019618725,1.220832594389362,0.0,50.0,20.0,1.0,0.0,0.0,0.0,-344.94532344307726,70.0,118.94185348964297,0.8095002980554022,0.0,0.587119466078425,0.0
4.104044198989868,-4.733732457848127,7.1868976891862735,-9.124249736717127,-0.5227565129960617,0.7030569993714846,1.2176044669145356,0.0,50.0,20.0,1.0,0.0,0.0,0.0,-345.7200713204481,70.0,116.66390772483064,0.8165050283836878,0.0,0.5773383224974358,0.0
4.133115768432617,-4.507645839437384,7.25805995913686,-9.08891896097332,-0.5543106446817226,0.7616598245487161,1.2117140939819515,0.0,50.0,20.0,1.0,0.0,0.0,0.0,-346.57195506452183,70.0,114.3461023233887,0.8235711799128577,0.0,0.5672129332243259,0.0
4.16477632522583,-4.279895752903664,7.322373437227829,-9.045349698929762,-0.5857317847641402,0.8212924327830015,1.2031400226257463,0.0,50.0,20.0,1.0,0.0,0.0,0.0,-347.5035224261777,70.0,111.99471567748252,0.8306782900814174,0.0,0.556752708468861,0.0
4.195504665374756,-4.051286938616646,7.379178219809715,-8.99354248290082,-0.6168977501104846,0.88162024122624,1.1919051428959788,0.0,50.0,20.0,1.0,0.0,0.0,0.0,-348.5169431751186,70.0,109.61621223838057,0.8378060269585658,0.0,0.5459680038169846,0.0
4.225940704345703,-3.822665267587771,7.427876006200998,-8.933552378230901,-0.6476981554823243,0.9423086764648498,1.1780737003118955,0.0,50.0,20.0,1.0,0.0,0.0,0.0,-349.6139773975226,70.0,107.21721236169327,0.8449342803979097,0.0,0.534870135461372,0.0
4.255300521850586,-3.594906249191513,7.4679383170548554,-8.865489972328296,-0.678036695658527,1.003030473098668,1.1617468084594498,0.0,50.0,20.0,1.0,0.0,0.0,0.0,-350.79594697999073,70.0,104.80445901636566,0.8520432529620616,0.0,0.523471388981125,0.0
4.2857043743133545,-3.368902556640577,7.498913582724907,-8.789521282502118,-0.7078325790693871,1.0634719656078522,1.1430568659265288,0.0,50.0,20.0,1.0,0.0,0.0,0.0,-352.0637106753778,70.0,102.38478163636826,0.8591135500142916,0.0,0.5117850214512352,0.0
4.3154988288879395,-3.145550913584271,7.5204329041033064,-8.705866576722062,-0.7370211213982669,1.123338142007592,1.1221613269651198,0.0,50.0,20.0,1.0,0.0,0.0,0.0,-353.41764311149774,70.0,99.96505745349532,0.8661262683538258,0.0,0.4998252567322669,0.0
4.3476879596710205,-2.9257387122833154,7.532214334512016,-8.614798143410546,-0.765553573111894,1.182356359989943,1.0992362680713916,0.0,50.0,20.0,1.0,0.0,0.0,0.0,-354.8576180611517,70.0,97.55217070479203,0.8730630827586514,0.0,0.48760727386284974,0.0
4.377902984619141,-2.71033074382143,7.53406558458977,-8.516637086579724,-0.793396302785083,1.2402787466226723,1.0744701420886225,0.0,50.0,20.0,1.0,0.0,0.0,0.0,-356.3829962419303,70.0,95.15297015769256,0.8799063297939942,0.0,0.4751471885515717,0.0
4.40753436088562,-2.5001564131881966,7.525885109438804,-8.411749258537506,-0.8205294856629483,1.2968833985282573,1.0480580314580243,0.0,50.0,20.0,1.0,0.0,0.0,0.0,-357.9926178575851,70.0,92.77422543863705,0.8866390882466297,0.0,0.46246202783924345,0.0
4.440130233764648,-2.295997787544839,7.507661595039557,-8.300540471870605,-0.8469454549890336,1.3519745643968102,1.0201966183223476,0.0,50.0,20.0,1.0,0.0,0.0,0.0,-359.6848000303339,70.0,90.42258268578145,0.8932452555547624,0.0,0.4495696980768469,0.0
4.469525098800659,-2.098578786479945,7.479471915655789,-8.183451153861931,-0.8726468656405119,1.4053820251944407,0.9910799952369759,0.0,50.0,20.0,1.0,0.0,0.0,0.0,-361.4573392064748,70.0,88.10452007235719,0.8997096196208052,0.0,0.4364889464371188,0.0
4.499788999557495,-1.9085557714769206,7.441477682571446,-8.060950618990377,-0.8976448003196871,1.456959893455159,0.960896356718954,0.0,50.0,20.0,1.0,0.0,0.0,0.0,-363.3075185473547,70.0,85.82630376364745,0.9060179254196701,0.0,0.4232393162481921,0.0
4.529314041137695,-1.7265097317136053,7.393920544593971,-7.933531138471504,-0.9219569229345288,1.5065850381087607,0.9298255450499834,0.0,50.0,20.0,1.0,0.0,0.0,0.0,-365.23212024557176,70.0,83.59394487678586,0.9121569358482512,0.0,0.4098410965044004,0.0
4.559344530105591,-1.55294019859345,7.337116430696118,-7.801701980406129,-0.9456057562220433,1.55415531271423,0.898037376026474,0.0,50.0,20.0,1.0,0.0,0.0,0.0,-367.22744263370566,70.0,81.4131580084824,0.9181144863020014,0.0,0.3963152659719431,0.0
4.592034578323364,-1.3882609559241357,7.271448944183141,-7.665983581057852,-0.9686171344211809,1.599587729528771,0.8656906410584058,0.0,50.0,20.0,1.0,0.0,0.0,0.0,-369.28932188150344,70.0,79.28932188118705,0.9238795325117148,0.0,0.3826834323640563,0.0
4.6213109493255615,-1.2327975499367543,7.197362125937287,-7.526901988575666,-0.9910188589943911,1.6428166850143537,0.8329326685458492,0.0,50.0,20.0,1.0,0.0,0.0,0.0,-371.41315800880864,70.0,77.22744263339824,0.9294421912270869,0.0,0.3689677671111546,0.0
4.652095079421997,-1.0867865463134738,7.115352802411203,-7.384983696865258,-1.0128395670667858,1.683792308023739,0.7998993262559075,0.0,50.0,20.0,1.0,0.0,0.0,0.0,-373.5939448771203,70.0,75.2321202452747,0.9347937733926273,0.0,0.35519093629535864,0.0
4.6812989711761475,-0.950376432263317,7.025962723485616,-7.240750961121713,-1.0341078086066722,1.7224789723261054,0.766715353783854,0.0,50.0,20.0,1.0,0.0,0.0,0.0,-375.82630376398924,70.0,73.30751854706864,0.9399268095254315,0.0,0.34137602835486736,0.0
4.7115700244903564,-0.8236300218610538,6.929770677822857,-7.094717659531307,-1.0548513190602364,1.7588539913552166,0.7334949267805964,0.0,50.0,20.0,1.0,0.0,0.0,0.0,-378.10452007270464,70.0,71.45733920620097,0.9448350670720235,0.0,0.3275464791918924,0.0
4.7440783977508545,-0.7065281929669837,6.827384750856256,-6.947385739374905,-1.075096468514869,1.7929064951901468,0.7003423697641179,0.0,50.0,20.0,1.0,0.0,0.0,0.0,-380.4225826861345,70.0,69.68480003007204,0.9495135595922998,0.0,0.31372599533726914,0.0
