# Timestamp, Fx, Fy, Fz, Tx, Ty, Tz, FemurPosX, FemurPosY, FemurPosZ, FemurQuatW, FemurQuatX, FemurQuatY, FemurQuatZ, TibiaPosX, TibiaPosY, TibiaPosZ, TibiaQuatW, TibiaQuatX, TibiaQuatY, TibiaQuatZ
0.028229951858520508,11.35935208272199,11.466217770680291,-1.8613366137530998,1.5,-1.3984541999991027,1.165727645796669,0.0,50.0,20.0,1.0,0.0,0.0,0.0,-340.07387305261193,70.0,146.15693438847615,0.7205659775881867,0.0,0.6933863799804412,0.0
0.05798602104187012,12.045576751844473,11.730705404984526,-1.5632713141564212,1.5,-1.3214510384278984,1.3601369063389586,0.0,50.0,20.0,1.0,0.0,0.0,0.0,-340.07387305261193,70.0,146.15693438847615,0.7205659775881867,0.0,0.6933863799804412,0.0
0.0877230167388916,12.06073871886191,12.370572513269812,-1.0886666629969015,1.5,-1.3987091668679792,1.4553960165030024,0.0,50.0,20.0,1.0,0.0,0.0,0.0,-340.07387305261193,70.0,146.15693438847615,0.7205659775881867,0.0,0.6933863799804412,0.0
0.11802554130554199,11.950753790632213,12.700756196131094,-1.7757010772484574,1.4155778780974777,-1.406577462508777,1.4390018082481015,0.0,50.0,20.0,1.0,0.0,0.0,0.0,-340.07387305261193,70.0,146.15693438847615,0.7205659775881867,0.0,0.6933863799804412,0.0
0.14935755729675293,11.4498617401444,12.310013940154377,-2.17959355547598,1.4392526833916914,-1.2892346065343205,1.5,0.0,50.0,20.0,1.0,0.0,0.0,0.0,-340.07387305261193,70.0,146.15693438847615,0.7205659775881867,0.0,0.6933863799804412,0.0
0.17956781387329102,11.098884641400929,12.132572766170217,-1.421503823703757,1.5,-1.149568917961131,1.4182598680724023,0.0,50.0,20.0,1.0,0.0,0.0,0.0,-340.07387305261193,70.0,146.15693438847615,0.7205659775881867,0.0,0.6933863799804412,0.0
0.20986175537109375,12.427161573527219,12.913477360035618,9.444140695480812,-0.4110375637437631,0.5250599928199553,0.4127156394780629,0.0,50.0,20.0,1.0,0.0,0.0,0.0,-340.07387305261193,70.0,146.15693438847615,0.7205659775881867,0.0,0.6933863799804412,0.0
0.23983979225158691,12.223679921705735,13.0,9.383788053688347,-0.22389987492112057,0.6701543822117252,0.3419947860343082,0.0,50.0,20.0,1.0,0.0,0.0,0.0,-340.07387305261193,70.0,146.15693438847615,0.7205659775881867,0.0,0.6933863799804412,0.0
0.27108216285705566,11.883212069789138,13.0,8.96341233079723,-0.2685565743323405,0.7943269981481771,0.3069913754076051,0.0,50.0,20.0,1.0,0.0,0.0,0.0,-340.07387305261193,70.0,146.15693438847615,0.7205659775881867,0.0,0.6933863799804412,0.0
0.3018364906311035,11.705551811655301,12.726066786968126,8.734491511754094,-0.1870749759874643,0.8996191164600444,0.14626038651632453,0.0,50.0,20.0,1.0,0.0,0.0,0.0,-340.07387305261193,70.0,146.15693438847615,0.7205659775881867,0.0,0.6933863799804412,0.0
0.33224964141845703,10.982049714081558,13.0,8.133301596267883,-0.289504398381106,0.8601433820097272,0.11815430929943382,0.0,50.0,20.0,1.0,0.0,0.0,0.0,-340.07387305261193,70.0,146.15693438847615,0.7205659775881867,0.0,0.6933863799804412,0.0
0.3620483875274658,11.617805737122167,13.0,7.628284481837165,-0.4825424817284024,1.0137906471803588,0.1973979861228201,0.0,50.0,20.0,1.0,0.0,0.0,0.0,-340.07387305261193,70.0,146.15693438847615,0.7205659775881867,0.0,0.6933863799804412,0.0
0.3922080993652344,11.73294108694949,13.0,8.40573237072658,-0.5195747240409071,1.1633645760603035,0.39488160619611584,0.0,50.0,20.0,1.0,0.0,0.0,0.0,-340.07387305261193,70.0,146.15693438847615,0.7205659775881867,0.0,0.6933863799804412,0.0
0.4219365119934082,11.74535985164644,12.84726053492059,8.466797735111674,-0.46622435038508975,1.1823245041750556,0.4439581472258559,0.0,50.0,20.0,1.0,0.0,0.0,0.0,-340.07387305261193,70.0,146.15693438847615,0.7205659775881867,0.0,0.6933863799804412,0.0
0.45427751541137695,11.26367006188542,13.0,8.861896681386169,-0.503653473422971,1.1982625413161483,0.6333294034687141,0.0,50.0,20.0,1.0,0.0,0.0,0.0,-340.07387305261193,70.0,146.15693438847615,0.7205659775881867,0.0,0.6933863799804412,0.0
0.48345088958740234,10.738444294795599,12.666547498845958,8.92113585720627,-0.5778301539697728,1.3340054637201195,0.4455370943983309,0.0,50.0,20.0,1.0,0.0,0.0,0.0,-340.07387305261193,70.0,146.15693438847615,0.7205659775881867,0.0,0.6933863799804412,0.0
0.513662576675415,11.515438054848286,12.966034421901597,9.310887359144745,-0.5157273230844006,1.2487636502267183,0.3265435966733374,0.0,50.0,20.0,1.0,0.0,0.0,0.0,-340.07387305261193,70.0,146.15693438847615,0.7205659775881867,0.0,0.6933863799804412,0.0
0.5439040660858154,11.094453847188591,12.826468381416555,9.637368989218256,-0.4264984249116118,1.1685167300935386,0.2511540991684287,0.0,50.0,20.0,1.0,0.0,0.0,0.0,-340.07387305261193,70.0,146.15693438847615,0.7205659775881867,0.0,0.6933863799804412,0.0
0.5742058753967285,11.212585048542925,13.0,9.359310649166268,-0.31964362175429817,1.0402039781498094,0.37977972889124273,0.0,50.0,20.0,1.0,0.0,0.0,0.0,-340.07387305261193,70.0,146.15693438847615,0.7205659775881867,0.0,0.6933863799804412,0.0
0.6056971549987793,10.531501794159798,12.601504703600332,8.787553340033257,-0.12991843419422017,1.1603490128900207,0.31193933852095335,0.0,50.0,20.0,1.0,0.0,0.0,0.0,-340.07387305261193,70.0,146.15693438847615,0.7205659775881867,0.0,0.6933863799804412,0.0
0.6368780136108398,10.307674767553683,12.57893758216193,7.9954234962601145,0.06236557930774567,1.19644087379748,0.33987514274840336,0.0,50.0,20.0,1.0,0.0,0.0,0.0,-340.07387305261193,70.0,146.15693438847615,0.7205659775881867,0.0,0.6933863799804412,0.0
0.6659300327301025,10.72286201457412,12.613090523629397,8.227759827698156,0.2619582984324341,1.380214726737971,0.4934440289106586,0.0,50.0,20.0,1.0,0.0,0.0,0.0,-340.07387305261193,70.0,146.15693438847615,0.7205659775881867,0.0,0.6933863799804412,0.0
0.6959059238433838,10.457131739751311,12.641712437858063,8.533099080665755,0.12376760058471359,1.352447226015252,0.5648489851705417,0.0,50.0,20.0,1.0,0.0,0.0,0.0,-340.07387305261193,70.0,146.15693438847615,0.7205659775881867,0.0,0.6933863799804412,0.0
0.7262058258056641,11.090881574137907,12.352634345584391,9.18009817917785,-0.05693508085497187,1.1647991603774652,0.41797575071248416,0.0,50.0,20.0,1.0,0.0,0.0,0.0,-340.07387305261193,70.0,146.15693438847615,0.7205659775881867,0.0,0.6933863799804412,0.0
0.7581875324249268,10.591208077388524,12.366684440424905,8.626256974600762,0.09178675668284111,0.970591160599855,0.5468375538790313,0.0,50.0,20.0,1.0,0.0,0.0,0.0,-340.07387305261193,70.0,146.15693438847615,0.7205659775881867,0.0,0.6933863799804412,0.0
0.7881474494934082,11.190439742888852,11.672926584586968,8.609951866504856,0.09785202394126458,0.8438506604352265,0.6245956119610808,0.0,50.0,20.0,1.0,0.0,0.0,0.0,-340.07387305261193,70.0,146.15693438847615,0.7205659775881867,0.0,0.6933863799804412,0.0
0.8182511329650879,11.498626790041564,10.996458615047825,7.876553789044761,0.2342353464164761,0.9682796068650534,0.6391858608886976,0.0,50.0,20.0,1.0,0.0,0.0,0.0,-340.07387305261193,70.0,146.15693438847615,0.7205659775881867,0.0,0.6933863799804412,0.0
0.8501596450805664,12.111081494879484,10.378508470104709,8.257516971978358,0.4081898177075551,0.873011890499007,0.5288112771627604,0.0,50.0,20.0,1.0,0.0,0.0,0.0,-340.07387305261193,70.0,146.15693438847615,0.7205659775881867,0.0,0.6933863799804412,0.0
0.879685640335083,11.995735761532059,10.75293729386846,7.801760145951928,0.23791665270881987,0.8222497508769335,0.5171181646260202,0.0,50.0,20.0,1.0,0.0,0.0,0.0,-340.07387305261193,70.0,146.15693438847615,0.7205659775881867,0.0,0.6933863799804412,0.0
0.9098782539367676,12.666520851025098,10.383620646218427,8.133213915105886,0.42215191413237163,0.9572887458369596,0.44140236421046364,0.0,50.0,20.0,1.0,0.0,0.0,0.0,-340.07387305261193,70.0,146.15693438847615,0.7205659775881867,0.0,0.6933863799804412,0.0
0.9399182796478271,11.976847997354144,9.776404997027614,7.783784473181081,0.3145380001972515,1.1452348374105625,0.4580741181638875,0.0,50.0,20.0,1.0,0.0,0.0,0.0,-340.07387305261193,70.0,146.15693438847615,0.7205659775881867,0.0,0.6933863799804412,0.0
0.9691894054412842,12.48135996420375,9.06839333866921,7.763969796572551,0.3786200973018435,0.9567394356128469,0.4434003666316442,0.0,50.0,20.0,1.0,0.0,0.0,0.0,-340.07387305261193,70.0,146.15693438847615,0.7205659775881867,0.0,0.6933863799804412,0.0
1.002012014389038,13.0,9.564968489081426,8.407163486239787,0.21821626979709624,0.9681005300283998,0.42321126738459725,0.0,50.0,20.0,1.0,0.0,0.0,0.0,-340.07387305261193,70.0,146.15693438847615,0.7205659775881867,0.0,0.6933863799804412,0.0
1.0322575569152832,12.653613237015442,9.730088246895452,8.811074612812762,0.2761396917154995,0.8708883249118289,0.5497221295712398,0.0,50.0,20.0,1.0,0.0,0.0,0.0,-340.07387305261193,70.0,146.15693438847615,0.7205659775881867,0.0,0.6933863799804412,0.0
1.061180591583252,12.495551486570356,10.265572334780524,9.213789532204256,0.14334158554083398,0.9363635946634891,0.45320498077502197,0.0,50.0,20.0,1.0,0.0,0.0,0.0,-340.07387305261193,70.0,146.15693438847615,0.7205659775881867,0.0,0.6933863799804412,0.0
1.0910320281982422,13.0,10.837799080840513,8.919184977795844,0.2000772066222989,1.0312110433658077,0.5421048510108419,0.0,50.0,20.0,1.0,0.0,0.0,0.0,-340.07387305261193,70.0,146.15693438847615,0.7205659775881867,0.0,0.6933863799804412,0.0
1.1222243309020996,12.696812760126798,10.767813206184027,9.675413187786699,0.2880472762405796,1.1722908734776554,0.5424603571345299,0.0,50.0,20.0,1.0,0.0,0.0,0.0,-340.07387305261193,70.0,146.15693438847615,0.7205659775881867,0.0,0.6933863799804412,0.0
1.1536228656768799,12.64731773639236,11.491369686923985,10.431063428110095,0.11659166626005898,1.3053787251402853,0.3772854240276968,0.0,50.0,20.0,1.0,0.0,0.0,0.0,-340.07387305261193,70.0,146.15693438847615,0.7205659775881867,0.0,0.6933863799804412,0.0
1.184450387954712,12.438518359147304,12.15905044006364,10.899606705646153,0.19784297154731204,1.4277103486543727,0.23755165259072822,0.0,50.0,20.0,1.0,0.0,0.0,0.0,-340.07387305261193,70.0,146.15693438847615,0.7205659775881867,0.0,0.6933863799804412,0.0
1.21412992477417,12.943783249640713,11.560219398281834,10.85168703503366,0.2480393097679738,1.3775998417984145,0.15831263080698693,0.0,50.0,20.0,1.0,0.0,0.0,0.0,-340.07387305261193,70.0,146.15693438847615,0.7205659775881867,0.0,0.6933863799804412,0.0
1.2439661026000977,12.57512864942329,12.21440828301763,11.125802708138131,0.11555611627775117,1.4746363127988542,0.10034443154100839,0.0,50.0,20.0,1.0,0.0,0.0,0.0,-340.07387305261193,70.0,146.15693438847615,0.7205659775881867,0.0,0.6933863799804412,0.0
1.2744956016540527,12.811498627217965,12.591384455420933,10.886711144131478,0.27893429722792096,1.3952999647507387,-0.003834398825271229,0.0,50.0,20.0,1.0,0.0,0.0,0.0,-340.07387305261193,70.0,146.15693438847615,0.7205659775881867,0.0,0.6933863799804412,0.0
1.3067543506622314,12.974293709813317,12.797676183962619,10.414332585748053,0.2914009715246505,1.2990259032096416,0.09926626227033866,0.0,50.0,20.0,1.0,0.0,0.0,0.0,-340.07387305261193,70.0,146.15693438847615,0.7205659775881867,0.0,0.6933863799804412,0.0
1.335981845855713,12.213161016113476,12.596190504991021,11.004847294342953,0.3517662915318451,1.3048725895644837,0.1467695867782221,0.0,50.0,20.0,1.0,0.0,0.0,0.0,-340.07387305261193,70.0,146.15693438847615,0.7205659775881867,0.0,0.6933863799804412,0.0
1.3663592338562012,12.797468804152263,12.451069366008724,11.651015002868203,0.3295466361746263,1.1689457700799857,0.12471301118938641,0.0,50.0,20.0,1.0,0.0,0.0,0.0,-340.07387305261193,70.0,146.15693438847615,0.7205659775881867,0.0,0.6933863799804412,0.0
1.4186389446258545,13.0,12.35878310041772,10.94263005771793,0.1629611505983479,1.2752050166955096,0.3230424845435933,0.0,50.0,20.0,1.0,0.0,0.0,0.0,-340.07387305261193,70.0,146.15693438847615,0.7205659775881867,0.0,0.6933863799804412,0.0
1.4287216663360596,12.20706860144611,12.25196308658451,10.335101403625936,0.16114040458079987,1.2363871354632345,0.45346515341127447,0.0,50.0,20.0,1.0,0.0,0.0,0.0,-340.07387305261193,70.0,146.15693438847615,0.7205659775881867,0.0,0.6933863799804412,0.0
1.457655429840088,12.924530157325346,12.654501229947353,10.69377939571543,0.21293680779556673,1.2595769135437564,0.6002895262554038,0.0,50.0,20.0,1.0,0.0,0.0,0.0,-340.07387305261193,70.0,146.15693438847615,0.7205659775881867,0.0,0.6933863799804412,0.0
1.48811936378479,12.20286880585994,12.678029001617,11.139647249613832,0.27331889419258704,1.3695706002894426,0.5406341823788338,0.0,50.0,20.0,1.0,0.0,0.0,0.0,-340.07387305261193,70.0,146.15693438847615,0.7205659775881867,0.0,0.6933863799804412,0.0
1.5179882049560547,11.594680986018126,12.493481794684161,11.246371838128157,0.3352573730810017,1.177341643469933,0.401160773201239,0.0,50.0,20.0,1.0,0.0,0.0,0.0,-340.07387305261193,70.0,146.15693438847615,0.7205659775881867,0.0,0.6933863799804412,0.0
1.5504391193389893,11.923445566056403,12.058846691770336,11.420899693143374,0.5200334231734568,1.3617446761907532,0.5844254000356672,0.0,50.0,20.0,1.0,0.0,0.0,0.0,-340.07387305261193,70.0,146.15693438847615,0.7205659775881867,0.0,0.6933863799804412,0.0
1.579256534576416,11.801134476180263,12.091287276622126,11.758057099522109,0.6393826843070605,1.4749793557257425,0.4446228324543713,0.0,50.0,20.0,1.0,0.0,0.0,0.0,-340.07387305261193,70.0,146.15693438847615,0.7205659775881867,0.0,0.6933863799804412,0.0
1.6100749969482422,11.350387528007916,12.076841884672866,12.395240027128784,0.7007492637354628,1.2983590593040435,0.4299717312417099,0.0,50.0,20.0,1.0,0.0,0.0,0.0,-340.07387305261193,70.0,146.15693438847615,0.7205659775881867,0.0,0.6933863799804412,0.0
1.6399967670440674,11.98679299611798,11.640654394521452,11.69513525667103,0.5431850635294324,1.114542112350191,0.38606738722564854,0.0,50.0,20.0,1.0,0.0,0.0,0.0,-340.07387305261193,70.0,146.15693438847615,0.7205659775881867,0.0,0.6933863799804412,0.0
1.6696827411651611,11.400099686078326,12.307690636412003,12.409830093500569,0.7167153339168675,1.2519713868602758,0.3160035910149588,0.0,50.0,20.0,1.0,0.0,0.0,0.0,-340.07387305261193,70.0,146.15693438847615,0.7205659775881867,0.0,0.6933863799804412,0.0
1.701225996017456,11.696903313668832,11.784472529832469,11.907370471987704,0.6585604158299189,1.3492275724926297,0.3218408491980011,0.0,50.0,20.0,1.0,0.0,0.0,0.0,-340.07387305261193,70.0,146.15693438847615,0.7205659775881867,0.0,0.6933863799804412,0.0
1.731907844543457,11.781589780251803,11.988545307297711,12.621018325418534,0.6668567756247179,1.3168383144232854,0.1409879839462049,0.0,50.0,20.0,1.0,0.0,0.0,0.0,-340.07387305261193,70.0,146.15693438847615,0.7205659775881867,0.0,0.6933863799804412,0.0
1.762380838394165,12.103426933277861,11.71830561247243,13.0,0.5750001070967371,1.3321152095306927,0.0004186363049679398,0.0,50.0,20.0,1.0,0.0,0.0,0.0,-340.07387305261193,70.0,146.15693438847615,0.7205659775881867,0.0,0.6933863799804412,0.0
1.7931444644927979,11.342626068998047,12.509523313276425,13.0,0.4890173208541618,1.1906746589326354,0.18536193635782136,0.0,50.0,20.0,1.0,0.0,0.0,0.0,-340.07387305261193,70.0,146.15693438847615,0.7205659775881867,0.0,0.6933863799804412,0.0
1.8236083984375,11.054625627971363,12.783177028445833,13.0,0.3595900647695412,1.0445512918483084,0.22198685929646433,0.0,50.0,20.0,1.0,0.0,0.0,0.0,-340.07387305261193,70.0,146.15693438847615,0.7205659775881867,0.0,0.6933863799804412,0.0
1.8543751239776611,11.013979668850673,12.140613430352296,12.590923596696385,0.23773236328449027,1.1473028300605153,0.37777663862336824,0.0,50.0,20.0,1.0,0.0,0.0,0.0,-340.07387305261193,70.0,146.15693438847615,0.7205659775881867,0.0,0.6933863799804412,0.0
1.8836555480957031,10.30683665861228,11.944712655478565,12.76984689763009,0.04174825068143015,1.144015966999395,0.17802662920680715,0.0,50.0,20.0,1.0,0.0,0.0,0.0,-340.07387305261193,70.0,146.15693438847615,0.7205659775881867,0.0,0.6933863799804412,0.0
1.9138593673706055,11.03078367604663,12.477023828497257,13.0,0.06555895468777231,0.9460580780672743,0.203714753493575,0.0,50.0,20.0,1.0,0.0,0.0,0.0,-340.07387305261193,70.0,146.15693438847615,0.7205659775881867,0.0,0.6933863799804412,0.0
1.9443788528442383,10.980672193869466,12.703679212552165,13.0,-0.08769473216619234,1.1093801136110273,0.26237509835843664,0.0,50.0,20.0,1.0,0.0,0.0,0.0,-340.07387305261193,70.0,146.15693438847615,0.7205659775881867,0.0,0.6933863799804412,0.0
1.9736287593841553,10.65732812778378,12.386203486653363,12.285778768255106,-0.13852498991936468,0.9742633675484547,0.12162274469692216,0.0,50.0,20.0,1.0,0.0,0.0,0.0,-340.07387305261193,70.0,146.15693438847615,0.7205659775881867,0.0,0.6933863799804412,0.0
2.0060248374938965,9.960847612354897,11.750908493872672,12.424113811519918,-0.14622282677018034,1.158854578197305,0.17669525203868333,0.0,50.0,20.0,1.0,0.0,0.0,0.0,-340.07387305261193,70.0,146.15693438847615,0.7205659775881867,0.0,0.6933863799804412,0.0
2.0353424549102783,9.396330244051574,11.06235316918883,12.097235319739905,0.047589025970090626,1.1091752588555495,-0.010857383008141208,0.0,50.0,20.0,1.0,0.0,0.0,0.0,-340.07387305261193,70.0,146.15693438847615,0.7205659775881867,0.0,0.6933863799804412,0.0
2.0655465126037598,9.068166842493483,10.816804977721269,12.810970948918795,0.015833745122581233,1.2450857859476312,-0.07918269293596156,0.0,50.0,20.0,1.0,0.0,0.0,0.0,-340.07387305261193,70.0,146.15693438847615,0.7205659775881867,0.0,0.6933863799804412,0.0
2.095798969268799,9.35731952617789,11.27910647801053,12.693296832455847,-0.10676517544482483,1.4010391329427763,0.029107859414979925,0.0,50.0,20.0,1.0,0.0,0.0,0.0,-340.07387305261193,70.0,146.15693438847615,0.7205659775881867,0.0,0.6933863799804412,0.0
2.1260111331939697,9.295602618589717,11.860824942939871,13.0,0.055998282024731505,1.5,0.04087203846685128,0.0,50.0,20.0,1.0,0.0,0.0,0.0,-340.07387305261193,70.0,146.15693438847615,0.7205659775881867,0.0,0.6933863799804412,0.0
2.158689022064209,9.941685527681248,11.395136830176924,13.0,-0.019594966947056952,1.3036359643392892,-0.11656501003283629,0.0,50.0,20.0,1.0,0.0,0.0,0.0,-340.07387305261193,70.0,146.15693438847615,0.7205659775881867,0.0,0.6933863799804412,0.0
2.1899588108062744,9.91395937467432,11.73851822989087,12.974646894855175,-0.027368760616213322,1.4243889071275262,0.06751038753718616,0.0,50.0,20.0,1.0,0.0,0.0,0.0,-340.07387305261193,70.0,146.15693438847615,0.7205659775881867,0.0,0.6933863799804412,0.0
2.2183279991149902,9.309669885475742,12.378695806089553,13.0,-0.014315160321892423,1.5,0.13901536562402447,0.0,50.0,20.0,1.0,0.0,0.0,0.0,-340.07387305261193,70.0,146.15693438847615,0.7205659775881867,0.0,0.6933863799804412,0.0
2.2505643367767334,8.644265528984835,12.812929286389311,12.266365872708523,0.1819842827453453,1.5,0.3019068776844046,0.0,50.0,20.0,1.0,0.0,0.0,0.0,-340.07387305261193,70.0,146.15693438847615,0.7205659775881867,0.0,0.6933863799804412,0.0
2.2804901599884033,8.844828380860136,12.530501198917289,11.765171278588394,0.30269965333392557,1.5,0.4211845359588562,0.0,50.0,20.0,1.0,0.0,0.0,0.0,-340.07387305261193,70.0,146.15693438847615,0.7205659775881867,0.0,0.6933863799804412,0.0
2.31032395362854,8.94454896160133,11.809950893027418,11.42458332477619,0.22887652669846373,1.3320600862237177,0.2976839532725164,0.0,50.0,20.0,1.0,0.0,0.0,0.0,-340.07387305261193,70.0,146.15693438847615,0.7205659775881867,0.0,0.6933863799804412,0.0
2.3398430347442627,9.713046931615237,11.414245874419418,10.801831902172413,0.3576727714100504,1.135396445519301,0.3862767942804036,0.0,50.0,20.0,1.0,0.0,0.0,0.0,-340.07387305261193,70.0,146.15693438847615,0.7205659775881867,0.0,0.6933863799804412,0.0
2.370556592941284,9.70089577139915,12.123251074757587,10.575792667540945,0.3308469190203567,1.0395355879733124,0.5328156111443181,0.0,50.0,20.0,1.0,0.0,0.0,0.0,-340.07387305261193,70.0,146.15693438847615,0.7205659775881867,0.0,0.6933863799804412,0.0
2.400753974914551,10.269137909688755,11.6641537460934,9.973241032999088,0.15569285795362559,0.8762118355227214,0.6580701766298811,0.0,50.0,20.0,1.0,0.0,0.0,0.0,-340.07387305261193,70.0,146.15693438847615,0.7205659775881867,0.0,0.6933863799804412,0.0
2.4322245121002197,10.998797550488707,11.810706811160147,10.15561134963027,0.1089145522633101,1.0292261461031895,0.5348565182179361,0.0,50.0,20.0,1.0,0.0,0.0,0.0,-340.07387305261193,70.0,146.15693438847615,0.7205659775881867,0.0,0.6933863799804412,0.0
2.462038040161133,11.173888558026707,11.824950999022441,9.676298325992015,-0.03612117286785274,1.1288521167884233,0.5435868239706264,0.0,50.0,20.0,1.0,0.0,0.0,0.0,-340.07387305261193,70.0,146.15693438847615,0.7205659775881867,0.0,0.6933863799804412,0.0
2.492332696914673,10.859486976892208,12.520619900427603,10.306629993084147,0.043756910198065074,0.9639633740728746,0.6109456312288917,0.0,50.0,20.0,1.0,0.0,0.0,0.0,-340.07387305261193,70.0,146.15693438847615,0.7205659775881867,0.0,0.6933863799804412,0.0
2.521522045135498,10.408336550848096,12.096144408758784,9.517650433563302,0.16663981948427384,1.0361479764156534,0.6556555845664118,0.0,50.0,20.0,1.0,0.0,0.0,0.0,-340.07387305261193,70.0,146.15693438847615,0.7205659775881867,0.0,0.6933863799804412,0.0
2.553621768951416,10.31660859418655,12.742794006707323,9.177663512572177,0.263036124534469,1.1795290994527865,0.4870725767550751,0.0,50.0,20.0,1.0,0.0,0.0,0.0,-340.07387305261193,70.0,146.15693438847615,0.7205659775881867,0.0,0.6933863799804412,0.0
2.5845468044281006,10.138138633123736,13.0,8.432994136947801,0.21369955427899417,1.0122062378848313,0.35426988609995574,0.0,50.0,20.0,1.0,0.0,0.0,0.0,-340.07387305261193,70.0,146.15693438847615,0.7205659775881867,0.0,0.6933863799804412,0.0
2.6135849952697754,9.840258913502769,12.574057523205353,9.013957936160327,0.3625840586301559,1.1786977664864864,0.3201937635165921,0.0,50.0,20.0,1.0,0.0,0.0,0.0,-340.07387305261193,70.0,146.15693438847615,0.7205659775881867,0.0,0.6933863799804412,0.0
2.6437830924987793,10.005558210603988,11.943882023269062,8.447843532077858,0.5216505308004278,1.1663951176376808,0.33308417264436446,0.0,50.0,20.0,1.0,0.0,0.0,0.0,-340.07387305261193,70.0,146.15693438847615,0.7205659775881867,0.0,0.6933863799804412,0.0
2.674137830734253,10.15039388768789,12.210464687674104,8.462791199115895,0.6646524657232498,1.3230339977217571,0.19913390991854213,0.0,50.0,20.0,1.0,0.0,0.0,0.0,-340.07387305261193,70.0,146.15693438847615,0.7205659775881867,0.0,0.6933863799804412,0.0
2.705471992492676,10.502543511030897,11.55266579041449,7.965740869705667,0.7890572281086106,1.5,0.36428838170095323,0.0,50.0,20.0,1.0,0.0,0.0,0.0,-340.07387305261193,70.0,146.15693438847615,0.7205659775881867,0.0,0.6933863799804412,0.0
2.7359845638275146,10.341460586460991,10.97012054870083,7.270492634327451,0.9447431858483872,1.5,0.2145324045619545,0.0,50.0,20.0,1.0,0.0,0.0,0.0,-340.07387305261193,70.0,146.15693438847615,0.7205659775881867,0.0,0.6933863799804412,0.0
2.7662622928619385,10.396276771676778,10.93372946351125,6.742002563472605,1.0272935293479915,1.5,0.2660180050580844,0.0,50.0,20.0,1.0,0.0,0.0,0.0,-340.07387305261193,70.0,146.15693438847615,0.7205659775881867,0.0,0.6933863799804412,0.0
2.7948575019836426,9.71817924386058,10.42820861680252,7.03085997079141,0.9988118158586614,1.5,0.3682312055918783,0.0,50.0,20.0,1.0,0.0,0.0,0.0,-340.07387305261193,70.0,146.15693438847615,0.7205659775881867,0.0,0.6933863799804412,0.0
2.8259143829345703,10.09248191940977,10.072696525781097,7.6306933188769515,0.8231529880749684,1.5,0.22605446920478586,0.0,50.0,20.0,1.0,0.0,0.0,0.0,-340.07387305261193,70.0,146.15693438847615,0.7205659775881867,0.0,0.6933863799804412,0.0
2.857992649078369,10.277277029697679,10.498850612580917,7.043916454361535,0.7821635809838505,1.4569379171177044,0.11546965093637837,0.0,50.0,20.0,1.0,0.0,0.0,0.0,-340.07387305261193,70.0,146.15693438847615,0.7205659775881867,0.0,0.6933863799804412,0.0
2.8884775638580322,10.421646614356236,10.009735683876219,6.960504835107162,0.9637606280070738,1.270564077119754,0.17397207657217148,0.0,50.0,20.0,1.0,0.0,0.0,0.0,-340.07387305261193,70.0,146.15693438847615,0.7205659775881867,0.0,0.6933863799804412,0.0
2.9182631969451904,9.738726662745266,9.965972984360832,6.878971398300738,0.9739662933796925,1.3343319019662252,0.2303157559780463,0.0,50.0,20.0,1.0,0.0,0.0,0.0,-340.07387305261193,70.0,146.15693438847615,0.7205659775881867,0.0,0.6933863799804412,0.0
2.9510200023651123,9.35605155095237,10.563229072738343,6.3374630856522405,1.1053867405924107,1.3870324770869806,0.11013747038363884,0.0,50.0,20.0,1.0,0.0,0.0,0.0,-340.07387305261193,70.0,146.15693438847615,0.7205659775881867,0.0,0.6933863799804412,0.0
2.9796433448791504,9.73052995725253,11.158397266272994,7.000843420217253,1.2603087833490632,1.2720345250922265,0.025744646092322812,0.0,50.0,20.0,1.0,0.0,0.0,0.0,-340.07387305261193,70.0,146.15693438847615,0.7205659775881867,0.0,0.6933863799804412,0.0
3.009795904159546,9.091425372524116,11.338571113768237,6.607945567179807,1.3584393547411509,1.1832806913225762,0.19909402664594933,0.0,50.0,20.0,1.0,0.0,0.0,0.0,-340.07387305261193,70.0,146.15693438847615,0.7205659775881867,0.0,0.6933863799804412,0.0
3.039353132247925,9.030199246384495,11.531247212573485,6.632282189025956,1.30167527427316,1.0981958215737377,0.2990028078902371,0.0,50.0,20.0,1.0,0.0,0.0,0.0,-340.07387305261193,70.0,146.15693438847615,0.7205659775881867,0.0,0.6933863799804412,0.0
3.0700082778930664,9.109382384353902,11.942681997279115,7.4220998411757115,1.1682868323719358,0.9706816690080406,0.11792409462092929,0.0,50.0,20.0,1.0,0.0,0.0,0.0,-340.07387305261193,70.0,146.15693438847615,0.7205659775881867,0.0,0.6933863799804412,0.0
3.101968765258789,8.557956348084966,11.239087348508614,7.531629308836659,1.018972097727668,0.7988019369423003,0.16916634173904682,0.0,50.0,20.0,1.0,0.0,0.0,0.0,-340.07387305261193,70.0,146.15693438847615,0.7205659775881867,0.0,0.6933863799804412,0.0
3.132094144821167,9.083569242679651,11.345932331033872,7.773806450744173,0.9717993513193356,0.6743823818475103,0.252386882621848,0.0,50.0,20.0,1.0,0.0,0.0,0.0,-340.07387305261193,70.0,146.15693438847615,0.7205659775881867,0.0,0.6933863799804412,0.0
3.1620025634765625,9.39804083416135,11.563148775044013,8.07327983895713,0.8480888334519898,0.5471157426122117,0.18411361006590307,0.0,50.0,20.0,1.0,0.0,0.0,0.0,-340.07387305261193,70.0,146.15693438847615,0.7205659775881867,0.0,0.6933863799804412,0.0
3.193942070007324,10.020696685110881,11.447992733270095,8.843606679221564,0.6736686981005365,0.5248700914677943,0.3200140102368719,0.0,50.0,20.0,1.0,0.0,0.0,0.0,-340.07387305261193,70.0,146.15693438847615,0.7205659775881867,0.0,0.6933863799804412,0.0
3.22212553024292,10.811323451474019,12.067343006059085,8.660796231568357,0.688806078981574,0.4010444697737923,0.180155139530845,0.0,50.0,20.0,1.0,0.0,0.0,0.0,-340.07387305261193,70.0,146.15693438847615,0.7205659775881867,0.0,0.6933863799804412,0.0
3.253833055496216,10.24278953760585,12.31522493300408,8.982997365889023,0.8512552987435835,0.20272008671407185,0.09570876502927446,0.0,50.0,20.0,1.0,0.0,0.0,0.0,-340.07387305261193,70.0,146.15693438847615,0.7205659775881867,0.0,0.6933863799804412,0.0
3.284116506576538,10.557272284612031,12.127429310973987,8.778700289924164,0.9318298601518651,0.17033873797301596,0.1699093142509503,0.0,50.0,20.0,1.0,0.0,0.0,0.0,-340.07387305261193,70.0,146.15693438847615,0.7205659775881867,0.0,0.6933863799804412,0.0
3.3143253326416016,11.064977691009558,12.756930338021586,9.030369737660548,0.9967738935431976,0.1526360180754252,0.29712540719607233,0.0,50.0,20.0,1.0,0.0,0.0,0.0,-340.07387305261193,70.0,146.15693438847615,0.7205659775881867,0.0,0.6933863799804412,0.0
3.345309257507324,10.267101592999568,12.411383713279353,8.714977122131877,1.1119616393202705,0.2567261108839284,0.15645637714087943,0.0,50.0,20.0,1.0,0.0,0.0,0.0,-340.07387305261193,70.0,146.15693438847615,0.7205659775881867,0.0,0.6933863799804412,0.0
3.373610019683838,10.681755689101866,12.632703209750474,7.928936688593598,1.017159047410437,0.10648552467491582,0.21128540730938336,0.0,50.0,20.0,1.0,0.0,0.0,0.0,-340.07387305261193,70.0,146.15693438847615,0.7205659775881867,0.0,0.6933863799804412,0.0
3.4053516387939453,10.793833151585462,12.203094776711435,8.454852073803245,1.1329877426074506,0.29342460668655257,0.3260650677704484,0.0,50.0,20.0,1.0,0.0,0.0,0.0,-340.07387305261193,70.0,146.15693438847615,0.7205659775881867,0.0,0.6933863799804412,0.0
3.4366049766540527,11.01013869829917,11.955646244918084,8.263468297995836,1.047599555669825,0.2609595500624097,0.3549351637591077,0.0,50.0,20.0,1.0,0.0,0.0,0.0,-340.07387305261193,70.0,146.15693438847615,0.7205659775881867,0.0,0.6933863799804412,0.0
3.4653382301330566,10.55750138696167,12.43844065581779,7.527143389867936,1.2122582205147658,0.3669442636855388,0.311518889075737,0.0,50.0,20.0,1.0,0.0,0.0,0.0,-340.07387305261193,70.0,146.15693438847615,0.7205659775881867,0.0,0.6933863799804412,0.0
3.4975967407226562,10.34670022711752,12.93643815198812,6.948050803088924,1.32842829783926,0.3391231812324651,0.17334174204476524,0.0,50.0,20.0,1.0,0.0,0.0,0.0,-340.07387305261193,70.0,146.15693438847615,0.7205659775881867,0.0,0.6933863799804412,0.0
3.526132106781006,10.690829734316763,12.732791833274046,6.699623938953262,1.2928071954204048,0.2356400701122771,0.12901708321203795,0.0,50.0,20.0,1.0,0.0,0.0,0.0,-340.07387305261193,70.0,146.15693438847615,0.7205659775881867,0.0,0.6933863799804412,0.0
3.5583255290985107,11.01280131790868,12.45410868715285,6.043320442906856,1.2782919261351282,0.27045323015816763,0.23713694995500675,0.0,50.0,20.0,1.0,0.0,0.0,0.0,-340.07387305261193,70.0,146.15693438847615,0.7205659775881867,0.0,0.6933863799804412,0.0
3.5885984897613525,11.541940307960035,12.388166001738439,5.387015731044484,1.1686488342412393,0.4346608905159691,0.12784706155074044,0.0,50.0,20.0,1.0,0.0,0.0,0.0,-340.07387305261193,70.0,146.15693438847615,0.7205659775881867,0.0,0.6933863799804412,0.0
3.619305372238159,11.226368437477534,12.996170138335936,4.930028671065317,1.0258564401454762,0.4156430176322101,0.22580778277214986,0.0,50.0,20.0,1.0,0.0,0.0,0.0,-340.07387305261193,70.0,146.15693438847615,0.7205659775881867,0.0,0.6933863799804412,0.0
3.6493940353393555,11.7515586486983,12.491906936098863,4.7619024190072,1.114705012239078,0.48467973822046734,0.3613121536772973,0.0,50.0,20.0,1.0,0.0,0.0,0.0,-340.07387305261193,70.0,146.15693438847615,0.7205659775881867,0.0,0.6933863799804412,0.0
3.6795451641082764,11.686512808137403,12.01648788957838,4.355703452700637,1.2204970754918174,0.5539044946342133,0.5045536294092876,0.0,50.0,20.0,1.0,0.0,0.0,0.0,-340.07387305261193,70.0,146.15693438847615,0.7205659775881867,0.0,0.6933863799804412,0.0
3.7097339630126953,11.77863267723157,12.730441530251056,5.052393448863198,1.3618306456522242,0.47152025767224526,0.4232870558112211,0.0,50.0,20.0,1.0,0.0,0.0,0.0,-340.07387305261193,70.0,146.15693438847615,0.7205659775881867,0.0,0.6933863799804412,0.0
3.7406671047210693,11.99405405801188,12.023656883312581,4.757846378663133,1.5,0.36115355097919355,0.2562755331014214,0.0,50.0,20.0,1.0,0.0,0.0,0.0,-340.07387305261193,70.0,146.15693438847615,0.7205659775881867,0.0,0.6933863799804412,0.0
3.769580125808716,12.506527925195053,12.753693777094885,4.970823029501938,1.3413768724651467,0.31865064285082884,0.18114772022830383,0.0,50.0,20.0,1.0,0.0,0.0,0.0,-340.07387305261193,70.0,146.15693438847615,0.7205659775881867,0.0,0.6933863799804412,0.0
3.8011860847473145,12.098354977518921,12.166344212953124,4.735573742333392,1.5,0.3161003962168786,0.32540061156313677,0.0,50.0,20.0,1.0,0.0,0.0,0.0,-340.07387305261193,70.0,146.15693438847615,0.7205659775881867,0.0,0.6933863799804412,0.0
3.8360023498535156,11.591244500551511,12.19266948706834,3.976627021221981,1.5,0.14810140694525728,0.2521863472510204,0.0,50.0,20.0,1.0,0.0,0.0,0.0,-340.07387305261193,70.0,146.15693438847615,0.7205659775881867,0.0,0.6933863799804412,0.0
3.863685131072998,11.728988411937847,12.133021053551985,4.431597788220909,1.4961096299036167,0.20374183798420673,0.384748933460882,0.0,50.0,20.0,1.0,0.0,0.0,0.0,-340.07387305261193,70.0,146.15693438847615,0.7205659775881867,0.0,0.6933863799804412,0.0
3.892286539077759,11.612643760717143,11.823515412183411,5.002689323533378,1.3052753776060202,0.15813706719148474,0.3830660452468992,0.0,50.0,20.0,1.0,0.0,0.0,0.0,-340.07387305261193,70.0,146.15693438847615,0.7205659775881867,0.0,0.6933863799804412,0.0
3.922337293624878,11.972412213594351,12.120945869326928,5.6228549791511995,1.1467772892911325,0.07507466041079594,0.27390906731564874,0.0,50.0,20.0,1.0,0.0,0.0,0.0,-340.07387305261193,70.0,146.15693438847615,0.7205659775881867,0.0,0.6933863799804412,0.0
3.9540936946868896,12.120461207092475,11.836093793267707,5.352288874046877,1.3374782824652267,0.15233659996489743,0.278015923820982,0.0,50.0,20.0,1.0,0.0,0.0,0.0,-340.07387305261193,70.0,146.15693438847615,0.7205659775881867,0.0,0.6933863799804412,0.0
3.9844202995300293,12.281613003084221,11.200454758225101,4.691611654779962,1.3009722031298938,0.09270197562695948,0.3900717840204879,0.0,50.0,20.0,1.0,0.0,0.0,0.0,-340.07387305261193,70.0,146.15693438847615,0.7205659775881867,0.0,0.6933863799804412,0.0
4.0145423412323,12.415137339577281,11.093725310131555,3.955368101439726,1.319769180531131,0.1696659561374923,0.4972358808371351,0.0,50.0,20.0,1.0,0.0,0.0,0.0,-340.07387305261193,70.0,146.15693438847615,0.7205659775881867,0.0,0.6933863799804412,0.0
4.04374361038208,12.185549412859196,11.17891017076152,3.815125928520092,1.1286322410014438,0.12330113387740163,0.6342044386182963,0.0,50.0,20.0,1.0,0.0,0.0,0.0,-340.07387305261193,70.0,146.15693438847615,0.7205659775881867,0.0,0.6933863799804412,0.0
4.0735204219818115,12.755138228640297,10.798547868313172,3.652876057950462,1.1594208891970263,0.04144483965225594,0.7873896714203723,0.0,50.0,20.0,1.0,0.0,0.0,0.0,-340.07387305261193,70.0,146.15693438847615,0.7205659775881867,0.0,0.6933863799804412,0.0
4.105638742446899,12.079330867545773,10.697710301469805,3.4707412912421294,1.2952191547971075,-0.145214196449507,0.7907797749825458,0.0,50.0,20.0,1.0,0.0,0.0,0.0,-340.07387305261193,70.0,146.15693438847615,0.7205659775881867,0.0,0.6933863799804412,0.0
4.136395454406738,12.379982153009342,10.510059981366622,3.0942704554829024,1.1600834580440518,0.0019270587084843083,0.8055027904235675,0.0,50.0,20.0,1.0,0.0,0.0,0.0,-340.07387305261193,70.0,146.15693438847615,0.7205659775881867,0.0,0.6933863799804412,0.0
4.166030406951904,11.676353183051967,10.955424140762647,3.4037448073787497,1.033383684456291,-0.05617190352597673,0.6918185822206511,0.0,50.0,20.0,1.0,0.0,0.0,0.0,-340.07387305261193,70.0,146.15693438847615,0.7205659775881867,0.0,0.6933863799804412,0.0
4.198923349380493,11.16094654129504,10.855577473639912,3.2975024416225525,0.9280107267325585,-0.23922037618796407,0.5191906168042477,0.0,50.0,20.0,1.0,0.0,0.0,0.0,-340.07387305261193,70.0,146.15693438847615,0.7205659775881867,0.0,0.6933863799804412,0.0
4.225708484649658,11.74265191024099,11.176271332704982,2.9998742710591455,0.9752229287025822,-0.2800791758669281,0.3315955756524731,0.0,50.0,20.0,1.0,0.0,0.0,0.0,-340.07387305261193,70.0,146.15693438847615,0.7205659775881867,0.0,0.6933863799804412,0.0
4.258039236068726,11.1590742281411,10.538593202483531,3.637158483503582,0.9275668775529908,-0.1379283754500698,0.41098276687465285,0.0,50.0,20.0,1.0,0.0,0.0,0.0,-340.07387305261193,70.0,146.15693438847615,0.7205659775881867,0.0,0.6933863799804412,0.0
4.287999868392944,11.938325497999118,10.030741258466893,3.546409763839695,1.1042271208267422,-0.23722644108563673,0.5004016467585104,0.0,50.0,20.0,1.0,0.0,0.0,0.0,-340.07387305261193,70.0,146.15693438847615,0.7205659775881867,0.0,0.6933863799804412,0.0
4.318377494812012,12.108268807097499,10.689041744120482,3.8648834398832084,1.2274519589313748,-0.16262151756990129,0.5437998109059803,0.0,50.0,20.0,1.0,0.0,0.0,0.0,-340.07387305261193,70.0,146.15693438847615,0.7205659775881867,0.0,0.6933863799804412,0.0
4.3494439125061035,12.36956249680023,10.586217275009059,3.4864330467819498,1.1651302031632,-0.2891974678279584,0.5011182755453669,0.0,50.0,20.0,1.0,0.0,0.0,0.0,-340.07387305261193,70.0,146.15693438847615,0.7205659775881867,0.0,0.6933863799804412,0.0
4.379032373428345,12.227853440183369,10.770074271904225,4.123276316711895,1.2769372024177557,-0.10714291627819189,0.5822054141992965,0.0,50.0,20.0,1.0,0.0,0.0,0.0,-340.07387305261193,70.0,146.15693438847615,0.7205659775881867,0.0,0.6933863799804412,0.0
4.409936428070068,11.87692887293077,11.324622309827824,3.38574963750706,1.4257560414893014,-0.009075723274597769,0.41349503455122727,0.0,50.0,20.0,1.0,0.0,0.0,0.0,-340.07387305261193,70.0,146.15693438847615,0.7205659775881867,0.0,0.6933863799804412,0.0
4.440135717391968,11.66491901190362,11.844608402392664,2.8332457742910897,1.5,-0.10096526778640837,0.4337605555339424,0.0,50.0,20.0,1.0,0.0,0.0,0.0,-340.07387305261193,70.0,146.15693438847615,0.7205659775881867,0.0,0.6933863799804412,0.0
4.469422340393066,11.33922820968975,11.162415499536701,2.5465114444474812,1.3797213864683637,-0.19129873616311593,0.5311838454515181,0.0,50.0,20.0,1.0,0.0,0.0,0.0,-340.07387305261193,70.0,146.15693438847615,0.7205659775881867,0.0,0.6933863799804412,0.0
4.501512050628662,11.197984332383507,10.401594021173361,3.0274825627744653,1.3274626891783285,-0.010088606901748731,0.49900946940879115,0.0,50.0,20.0,1.0,0.0,0.0,0.0,-340.07387305261193,70.0,146.15693438847615,0.7205659775881867,0.0,0.6933863799804412,0.0
4.531832218170166,11.715105611499872,11.152354774673508,3.767499429944823,1.4365343158041552,0.08536155505390952,0.6693547542294511,0.0,50.0,20.0,1.0,0.0,0.0,0.0,-340.07387305261193,70.0,146.15693438847615,0.7205659775881867,0.0,0.6933863799804412,0.0
4.5616679191589355,12.014718149700242,11.24788057359376,3.2019281711481393,1.5,0.05936207034687091,0.7799624428818457,0.0,50.0,20.0,1.0,0.0,0.0,0.0,-340.07387305261193,70.0,146.15693438847615,0.7205659775881867,0.0,0.6933863799804412,0.0
4.592331647872925,11.404323488546934,11.448008709184801,3.2346678877838055,1.439291347855093,-0.06610485532521437,0.8237970085386481,0.0,50.0,20.0,1.0,0.0,0.0,0.0,-340.07387305261193,70.0,146.15693438847615,0.7205659775881867,0.0,0.6933863799804412,0.0
4.622527122497559,11.86805918404027,11.937061373818684,3.8278959431327033,1.5,-0.006722009467254708,0.6485503173842596,0.0,50.0,20.0,1.0,0.0,0.0,0.0,-340.07387305261193,70.0,146.15693438847615,0.7205659775881867,0.0,0.6933863799804412,0.0
4.6535491943359375,11.095584112414379,12.260132016507873,3.8566150905936256,1.3473823583990274,-0.17992435168114793,0.4701328882264908,0.0,50.0,20.0,1.0,0.0,0.0,0.0,-340.07387305261193,70.0,146.15693438847615,0.7205659775881867,0.0,0.6933863799804412,0.0
4.683806419372559,10.602253976393017,12.013039328626833,4.289410507966034,1.458935636582225,-0.25414149706221323,0.6590814562164269,0.0,50.0,20.0,1.0,0.0,0.0,0.0,-340.07387305261193,70.0,146.15693438847615,0.7205659775881867,0.0,0.6933863799804412,0.0
4.713725328445435,11.109174313445099,12.705512004665293,3.9261729179660936,1.5,-0.34213070062752804,0.730189138688751,0.0,50.0,20.0,1.0,0.0,0.0,0.0,-340.07387305261193,70.0,146.15693438847615,0.7205659775881867,0.0,0.6933863799804412,0.0
4.743121385574341,11.356418200951097,12.95458783553849,3.564647429072839,1.3134343730908271,-0.4840505407575503,0.7543125253807754,0.0,50.0,20.0,1.0,0.0,0.0,0.0,-340.07387305261193,70.0,146.15693438847615,0.7205659775881867,0.0,0.6933863799804412,0.0
4.774030685424805,11.508465969261596,12.229518198143017,3.2767916934303565,1.3282322732143035,-0.5218960778312274,0.7779327242872702,0.0,50.0,20.0,1.0,0.0,0.0,0.0,-340.07387305261193,70.0,146.15693438847615,0.7205659775881867,0.0,0.6933863799804412,0.0
4.805392742156982,11.10716051846757,11.484434942471792,2.571557822577816,1.2833002609425839,-0.5637587010379659,0.6754275147520621,0.0,50.0,20.0,1.0,0.0,0.0,0.0,-340.07387305261193,70.0,146.15693438847615,0.7205659775881867,0.0,0.6933863799804412,0.0
4.8363261222839355,10.47886322484106,10.885612253255733,2.2701439801011887,1.4740103456927485,-0.6673694132325229,0.6665811917776543,0.0,50.0,20.0,1.0,0.0,0.0,0.0,-340.07387305261193,70.0,146.15693438847615,0.7205659775881867,0.0,0.6933863799804412,0.0
4.865391492843628,10.40406944074707,11.002139622303066,1.5671949162202266,1.5,-0.4773007613645309,0.7194001030028409,0.0,50.0,20.0,1.0,0.0,0.0,0.0,-340.07387305261193,70.0,146.15693438847615,0.7205659775881867,0.0,0.6933863799804412,0.0
