# Timestamp, Fx, Fy, Fz, Tx, Ty, Tz, FemurPosX, FemurPosY, FemurPosZ, FemurQuatW, FemurQuatX, FemurQuatY, FemurQuatZ, TibiaPosX, TibiaPosY, TibiaPosZ, TibiaQuatW, TibiaQuatX, TibiaQuatY, TibiaQuatZ
0.018494367599487305,-0.21130022400215626,4.290274366715151,9.718102933913848,-0.056277516738401076,0.8663909389659705,-0.18338686250583813,0.0,50.0,20.0,1.0,0.0,0.0,0.0,-366.55472510121473,70.0,82.13401739426546,0.9161495036448324,0.0,0.4008367335603453,0.0
0.03391766548156738,-0.36586156814444676,5.072470844277991,10.14390108834359,-0.06579133041913969,0.7277146995272169,-0.2042956640406619,0.0,50.0,20.0,1.0,0.0,0.0,0.0,-366.55472510121473,70.0,82.13401739426546,0.9161495036448324,0.0,0.4008367335603453,0.0
0.05123257637023926,0.21520752077598143,5.321605283230645,10.573779117073151,-0.14848591211623335,0.763440927269095,-0.38295481060089803,0.0,50.0,20.0,1.0,0.0,0.0,0.0,-365.2321202454525,70.0,83.59394487692012,0.9121569358478833,0.0,0.40984109650521944,0.0
0.0840446949005127,0.5352784562179254,5.089168845034122,10.47506280942086,0.015252134401775974,0.6126031205910357,-0.550343690049597,0.0,50.0,20.0,1.0,0.0,0.0,0.0,-363.9409563275033,70.0,85.07680017416548,0.9080836961035985,0.0,0.4187887305919626,0.0
0.1173851490020752,1.1781868655785335,5.355027341693651,10.52387890759772,-0.07783900613805216,0.5576294181107667,-0.7041601537508508,0.0,50.0,20.0,1.0,0.0,0.0,0.0,-362.6823539050865,70.0,86.58090506525893,0.90393333530394,0.0,0.42767338627309354,0.0
0.15046977996826172,0.5197979821185473,5.811578099880247,11.027071805372934,0.022897001300032763,0.451058357480008,-0.7217416791503184,0.0,50.0,20.0,1.0,0.0,0.0,0.0,-360.26684156724093,70.0,89.64584980022883,0.8954165237468291,0.0,0.4452294341136311,0.0
0.18388652801513672,1.0402113210962405,5.7914661330861055,10.900248326827962,0.13288944304458084,0.254231157361648,-0.5721281268605194,0.0,50.0,20.0,1.0,0.0,0.0,0.0,-359.1116912789847,70.0,91.20304844421162,0.8910582235628275,0.0,0.453889019718541,0.0
0.21709084510803223,0.2659183373196313,5.56802853870314,10.736649404815648,0.036290692490096754,0.15306927679499974,-0.39686971968359175,0.0,50.0,20.0,1.0,0.0,0.0,0.0,-357.992617857485,70.0,92.77422543878053,0.8866390882462251,0.0,0.46246202784001916,0.0
0.23374533653259277,1.0170090206362161,5.132016980629255,10.475397413413676,0.14054816930844677,0.26833663171693745,-0.3237081352987323,0.0,50.0,20.0,1.0,0.0,0.0,0.0,-356.91024874259733,70.0,94.35745120878315,0.8821636718637218,0.0,0.4709429435121793,0.0
0.26711344718933105,1.4653252073745082,5.464073462414927,10.8133249947368,0.04309138652828684,0.388394728278446,-0.2234348645825145,0.0,50.0,20.0,1.0,0.0,0.0,0.0,-355.86510843324254,70.0,95.95076299289724,0.8776367044714537,0.0,0.4793264179705582,0.0
0.30045366287231445,1.1347524013834764,5.474820863674498,10.060096082212647,0.14561304477789913,0.24676628968741016,-0.40849717082147796,0.0,50.0,20.0,1.0,0.0,0.0,0.0,-353.8880954026066,70.0,99.15966280000278,0.8684478602656501,0.0,0.49578050990333805,0.0
0.3338613510131836,1.0030245152350032,5.84431736674861,10.35438963922004,0.027500348492604507,0.06824907992884902,-0.28949516642729184,0.0,50.0,20.0,1.0,0.0,0.0,0.0,-352.9567553272483,70.0,100.771212112835,0.8637962372202284,0.0,0.5038413049405289,0.0
0.36718273162841797,0.8739207157006649,6.43804263950228,10.155395057217536,-0.060765055670011975,0.08865410286556755,-0.1466547235522751,0.0,50.0,20.0,1.0,0.0,0.0,0.0,-352.0637106752987,70.0,102.38478163651436,0.8591135500138665,0.0,0.5117850214519489,0.0
0.384915828704834,1.1669892385153617,7.192440046180175,10.752662373554424,-0.04440872368768875,0.06500871120608218,0.04077615629407294,0.0,50.0,20.0,1.0,0.0,0.0,0.0,-351.2089735581791,70.0,103.99833021065581,0.854405260369294,0.0,0.5196072084308291,0.0
0.41795921325683594,1.3148659195533428,7.130281324657783,11.213071563751045,-0.19142349783036222,0.011845523681199899,-0.0667927971753251,0.0,50.0,20.0,1.0,0.0,0.0,0.0,-349.61397739745416,70.0,107.21721236183788,0.844934280397482,0.0,0.5348701354620478,0.0
0.45073843002319336,1.097005537182448,6.801910889078586,10.64502616787882,-0.03478320459743067,-0.16196928839326158,-0.18199761541102666,0.0,50.0,20.0,1.0,0.0,0.0,0.0,-348.87325631296676,70.0,108.81849219615987,0.8401830389975751,0.0,0.5423029236329077,0.0
0.4838082790374756,0.7366174701849237,6.235582831630376,10.124995882907328,-0.041946332615625026,-0.12998927557738915,-0.24861483070311896,0.0,50.0,20.0,1.0,0.0,0.0,0.0,-348.1699240334926,70.0,110.41165388671209,0.835429069739879,0.0,0.5495982800496746,0.0
0.5173509120941162,0.7875233183402501,5.746943278233294,10.264016151352028,-0.19101161682579731,-0.16107850693187914,-0.135871233738192,0.0,50.0,20.0,1.0,0.0,0.0,0.0,-347.5035224261192,70.0,111.99471567762487,0.8306782900809889,0.0,0.5567527084695002,0.0
0.5370752811431885,0.1653054969185621,5.00998607393521,9.476088950923891,-0.3539501661315992,-0.32890903967718815,-0.24475634221746406,0.0,50.0,20.0,1.0,0.0,0.0,0.0,-346.873508539466,70.0,113.56572234487018,0.825936673284126,0.0,0.5637629038207027,0.0
0.5687487125396729,-0.20148812424196838,5.039926521356401,8.90703068276767,-0.470180866929496,-0.40118636195916624,-0.19771049121385217,0.0,50.0,20.0,1.0,0.0,0.0,0.0,-345.7200713203994,70.0,116.66390772496827,0.8165050283832663,0.0,0.5773383224980317,0.0
0.6009426116943359,0.1197546638463518,5.227836642544507,8.377167234257882,-0.5102814625027476,-0.4185516577275811,-0.20513143493080868,0.0,50.0,20.0,1.0,0.0,0.0,0.0,-345.1951738834266,70.0,118.18734614958574,0.8118271178348696,0.0,0.5838978769852898,0.0
0.6340658664703369,0.7716721941289806,5.3037751377519395,7.7629292927828395,-0.4130361869011114,-0.44946182768646276,-0.16526156991742597,0.0,50.0,20.0,1.0,0.0,0.0,0.0,-344.7037249292663,70.0,119.69125608602276,0.8071825813097593,0.0,0.5903018553503909,0.0
0.6680469512939453,0.2956827737429848,4.882309439946652,8.083530816184279,-0.5065654596743615,-0.3400652323617198,-0.2410447022742676,0.0,50.0,20.0,1.0,0.0,0.0,0.0,-344.244820167066,70.0,121.17387408682072,0.8025774913152601,0.0,0.5965478777383284,0.0
0.7006559371948242,-0.4894524963671467,5.429918235154248,8.837515915669877,-0.5082877622684945,-0.4170512489023765,-0.09084657623527231,0.0,50.0,20.0,1.0,0.0,0.0,0.0,-343.4207406410656,70.0,124.06842346328159,0.7935098504011101,0.0,0.6085574067550308,0.0
0.7339463233947754,1.1055159850486262,9.62478681870121,6.588360083136852,0.9953388676915838,0.12421663837960639,0.7478641032366538,0.0,50.0,20.0,1.0,0.0,0.0,0.0,-343.05348740870966,70.0,125.47707814336184,0.7890593192423437,0.0,0.614317011580185,0.0
0.751152753829956,1.2796180533620334,9.624356703404997,6.8390607735395035,1.0797788744612395,-0.04562556332071674,0.9096251216077531,0.0,50.0,20.0,1.0,0.0,0.0,0.0,-342.71463204787545,70.0,126.85789157358948,0.7846722514094994,0.0,0.6199108467093856,0.0
0.7849011421203613,0.8479988639649894,10.372094892627727,7.18096315931701,0.9068256269120889,-0.2158124124435456,0.995653201227683,0.0,50.0,20.0,1.0,0.0,0.0,0.0,-342.4030321787907,70.0,128.20936274208958,0.7803545260261852,0.0,0.6253373599189863,0.0
0.8181436061859131,1.2728119537105862,10.27288309301755,7.31054614076017,0.7959409742830378,-0.32800496887739816,0.9116822922634105,0.0,50.0,20.0,1.0,0.0,0.0,0.0,-342.11751397131616,70.0,129.53004814747953,0.7761119502124693,0.0,0.6305951480446053,0.0
0.8506424427032471,1.642250831183589,9.532142232222792,7.262155797763199,0.7690608886665792,-0.5238168655604302,1.0872085504977331,0.0,50.0,20.0,1.0,0.0,0.0,0.0,-341.6199029739483,70.0,132.07358069371767,0.7678750526820178,0.0,0.640599643668796,0.0
0.8840205669403076,1.2898292119491344,8.795186011534396,7.388110479891434,0.9379156570314144,-0.5062518997595031,0.9093228180100127,0.0,50.0,20.0,1.0,0.0,0.0,0.0,-341.4053547543211,70.0,133.2938356024274,0.7638918915578715,0.0,0.6453442321832101,0.0
0.917555570602417,1.8004519946579318,9.377157877965141,8.16342965732583,1.0359740386082563,-0.42960694339242006,0.9134486114201625,0.0,50.0,20.0,1.0,0.0,0.0,0.0,-341.2119882452085,70.0,134.47812081173248,0.7600061815152148,0.0,0.6499158438280008,0.0
0.9339632987976074,1.0032938972728018,9.62266431230551,8.643034652140798,1.1666756214299359,-0.26945528242500705,0.9451254721352204,0.0,50.0,20.0,1.0,0.0,0.0,0.0,-341.038554529963,70.0,135.62528920357397,0.7562232170345804,0.0,0.6543137214042435,0.0
0.9673452377319336,1.4566643041618772,10.381152577520746,8.531011022142813,1.0053081979817429,-0.2066385320053566,0.8229393032131773,0.0,50.0,20.0,1.0,0.0,0.0,0.0,-340.88380579816106,70.0,136.73425286901073,0.7525481616846502,0.0,0.6585372156112771,0.0
1.000547170639038,2.0346327289149446,10.203484818342334,8.089138784860786,1.1221927603376145,-0.20636653901993568,0.6601649488864354,0.0,50.0,20.0,1.0,0.0,0.0,0.0,-340.6254085233533,70.0,138.8335068687801,0.7455417263011505,0.0,0.6664589517321381,0.0
1.0340547561645508,1.6274035987882292,10.002265762063063,8.591138683706713,1.145335275887923,-0.29691348267089035,0.7122160248143298,0.0,50.0,20.0,1.0,0.0,0.0,0.0,-340.5193158801754,70.0,139.8219114244532,0.7422199423875204,0.0,0.6701563676652382,0.0
1.0672900676727295,1.568959486724864,9.54853035562336,8.804644114754904,1.037905407171715,-0.2230784546386665,0.6005113591774286,0.0,50.0,20.0,1.0,0.0,0.0,0.0,-340.42702971815373,70.0,140.7683376767474,0.7390252442347711,0.0,0.6736777333293248,0.0
1.0851826667785645,2.000345661636856,9.99853569413779,8.325938876706982,1.1509115251046094,-0.19133179496466715,0.45464011629692147,0.0,50.0,20.0,1.0,0.0,0.0,0.0,-340.3473828149815,70.0,141.67198173776302,0.735962017573723,0.0,0.6770228273026065,0.0
1.1178467273712158,1.5985894475371611,9.752591900209683,8.0971827378708,0.9711252916498269,-0.38907963278507046,0.5968641110524182,0.0,50.0,20.0,1.0,0.0,0.0,0.0,-340.22149261962534,70.0,143.34797286952946,0.7302466265942984,0.0,0.6831836241799472,0.0
1.1505389213562012,2.0907140569027325,9.610737948477073,7.485935679433358,0.8769306817709174,-0.36503699342597795,0.5153274378848313,0.0,50.0,20.0,1.0,0.0,0.0,0.0,-340.1730821836567,70.0,144.11897293927046,0.7276023194737959,0.0,0.6859991725187081,0.0
1.1839540004730225,1.8688360365291596,9.892883180052872,7.2964758501065985,0.9998822594342232,-0.5070152769454424,0.6868467999305476,0.0,50.0,20.0,1.0,0.0,0.0,0.0,-340.1329846474338,70.0,144.84449376197625,0.7251051862937671,0.0,0.6886381261663351,0.0
1.217278003692627,1.9045025205867834,10.647279062488236,6.532294740207447,0.9248675989335212,-0.4594693793160355,0.7725869149196273,0.0,50.0,20.0,1.0,0.0,0.0,0.0,-340.10022386034336,70.0,145.5239831047586,0.7227586626780802,0.0,0.6911005104351993,0.0
1.237013339996338,1.270985282234919,11.428222173305485,6.886540612352356,1.0212614474775918,-0.44608027701597286,0.8566287574136466,0.0,50.0,20.0,1.0,0.0,0.0,0.0,-340.07387305261244,70.0,146.15693438846196,0.7205659775882359,0.0,0.69338637998039,0.0
1.2671747207641602,1.2088803045213747,11.897509084615852,6.444972611424368,1.2039583450310896,-0.5615185831360565,0.8855426794974373,0.0,50.0,20.0,1.0,0.0,0.0,0.0,-340.03696034543435,70.0,147.28141525426614,0.7166539776828629,0.0,0.6974289040979952,0.0
1.3005354404449463,0.762553651902877,11.413875729171878,6.4763523020498885,1.021167818023315,-0.4711579956264563,0.7684167463384639,0.0,50.0,20.0,1.0,0.0,0.0,0.0,-340.02481975072465,70.0,147.77214584748043,0.7149400469707917,0.0,0.6991857616094611,0.0
1.3338515758514404,1.152950347645663,11.032529839016327,7.262550157279392,1.0582120112512494,-0.5823623141799289,0.6111036633171834,0.0,50.0,20.0,1.0,0.0,0.0,0.0,-340.0159370818934,70.0,148.2147374456097,0.7133907153670782,0.0,0.7007664997900859,0.0
1.3671386241912842,0.7786910287641913,11.709642284462161,7.974191335382549,1.212830024980458,-0.5353255780692254,0.5452217177032774,0.0,50.0,20.0,1.0,0.0,0.0,0.0,-340.00967642006094,70.0,148.6088887970085,0.7120081151327964,0.0,0.7021712355152713,0.0
1.4003543853759766,0.004190036022488575,11.129737928178693,7.580535859750481,1.3540351059362676,-0.5382169716897784,0.5908865676240124,0.0,50.0,20.0,1.0,0.0,0.0,0.0,-340.00280617447595,70.0,149.25084913363776,0.7097504873769452,0.0,0.7044531536363428,0.0
1.4338150024414062,0.48844465857568975,11.089095476214053,8.117730141045373,1.4338444193197946,-0.48505494259511495,0.5953363875560953,0.0,50.0,20.0,1.0,0.0,0.0,0.0,-340.0012588454535,70.0,149.49823560707458,0.7088785664446536,0.0,0.7053305452306549,0.0
1.451040506362915,1.0334178479985683,10.300432973847963,8.482012808180938,1.3778654551640115,-0.5873383862961554,0.6775627803191964,0.0,50.0,20.0,1.0,0.0,0.0,0.0,-340.00046106371326,70.0,149.69633483890053,0.7081795858435185,0.0,0.7060323464222461,0.0
1.4839200973510742,1.2398286765367241,10.864978551703834,8.23095464281849,1.2100508120881803,-0.5417401641870279,0.8281507382163595,0.0,50.0,20.0,1.0,0.0,0.0,0.0,-340.0001200945775,70.0,149.84501967520612,0.7076545072448627,0.0,0.706558630529718,0.0
1.5174074172973633,0.6942029560406704,10.087186434760726,8.32075198567946,1.0830824863229052,-0.6119935585613541,0.8228634540315327,0.0,50.0,20.0,1.0,0.0,0.0,0.0,-340.0000155708158,70.0,149.94419531458217,0.7073040530260584,0.0,0.7069094542958885,0.0
1.5506281852722168,0.18777784197985947,10.57644148865473,7.762315563246069,1.0190506984945542,-0.5222573907635575,0.8703281397659984,0.0,50.0,20.0,1.0,0.0,0.0,0.0,-340.00000019227275,70.0,149.9937988262733,0.707128705306632,0.0,0.7070848563866762,0.0
1.5838382244110107,0.5223660118320324,10.682053979410037,8.103772006373006,0.9653276436020567,-0.5181559010780215,0.7979535056656731,0.0,50.0,20.0,1.0,0.0,0.0,0.0,-340.0000155708158,70.0,149.9441953145857,0.7073040530260459,0.0,0.7069094542959009,0.0
1.6170485019683838,1.2836960969731646,10.82085499935742,8.018301836245952,0.7846826361186077,-0.6363273139854473,0.7286088093132865,0.0,50.0,20.0,1.0,0.0,0.0,0.0,-340.0001200945775,70.0,149.84501967521194,0.707654507244842,0.0,0.7065586305297387,0.0
1.6337358951568604,0.9216406637213493,10.566058479144969,7.648491801652589,0.8358414955252401,-0.5207174633194233,0.7549855991151181,0.0,50.0,20.0,1.0,0.0,0.0,0.0,-340.0004610637132,70.0,149.69633483890868,0.7081795858434897,0.0,0.706032346422275,0.0
1.6677696704864502,0.7990438249890719,10.650526617232085,7.71894540398009,0.9234849805651768,-0.5761870135040894,0.7528335720635373,0.0,50.0,20.0,1.0,0.0,0.0,0.0,-340.00125884545344,70.0,149.4982356070851,0.7088785664446164,0.0,0.7053305452306922,0.0
1.7017006874084473,0.043673588186036394,11.032513842214884,7.349507683939985,0.7478979918556142,-0.7537030880273888,0.5713911894404935,0.0,50.0,20.0,1.0,0.0,0.0,0.0,-340.00546722005754,70.0,148.9543355600319,0.7107941489628629,0.0,0.7034000837362472,0.0
1.733778476715088,-0.06558569094263911,11.125637035341159,7.015481283919941,0.5974595432025799,-0.7548075448873105,0.6767812894240095,0.0,50.0,20.0,1.0,0.0,0.0,0.0,-340.0096764200607,70.0,148.60888879702594,0.7120081151327352,0.0,0.7021712355153333,0.0
1.7671897411346436,-0.5230901798891383,11.796692964904125,7.427809844702355,0.5747583665438697,-0.8104516163205503,0.5221468914224797,0.0,50.0,20.0,1.0,0.0,0.0,0.0,-340.01593708189307,70.0,148.21473744562942,0.713390715367009,0.0,0.7007664997901563,0.0
1.7848484516143799,0.03448624915750087,12.552453823195133,7.068350601834845,0.7189939976304529,-0.8637963556492875,0.6331942645968436,0.0,50.0,20.0,1.0,0.0,0.0,0.0,-340.02481975072413,70.0,147.77214584750246,0.7149400469707147,0.0,0.6991857616095398,0.0
1.8179552555084229,0.03834527092284146,12.972567164875217,7.635504925564036,0.795461079571347,-1.02525598489565,0.6380135379997576,0.0,50.0,20.0,1.0,0.0,0.0,0.0,-340.0530580630305,70.0,146.7428851036469,0.7185301486240959,0.0,0.6954958127251627,0.0
1.8503756523132324,0.534597287786729,13.0,7.12720643296738,0.6195070909099704,-0.9562875399064011,0.7508220550291528,0.0,50.0,20.0,1.0,0.0,0.0,0.0,-340.07387305261136,70.0,146.15693438849073,0.7205659775881361,0.0,0.6933863799804938,0.0
1.8840532302856445,0.16877785366804776,12.8136388833383,6.684444657302542,0.6074663549007433,-0.8855106331058877,0.5831109774982463,0.0,50.0,20.0,1.0,0.0,0.0,0.0,-340.10022386034194,70.0,145.52398310478958,0.7227586626779731,0.0,0.6911005104353114,0.0
1.9360105991363525,0.7781289325725236,12.436487576962126,7.397971311965511,0.48007964490961946,-0.9060676676518128,0.7729984144974369,0.0,50.0,20.0,1.0,0.0,0.0,0.0,-340.13298464743207,70.0,144.84449376200942,0.7251051862936528,0.0,0.6886381261664555,0.0
1.9503505229949951,0.15594942968268133,11.745194614160685,7.382199216013986,0.649635393091456,-0.71994355231492,0.8639942011852022,0.0,50.0,20.0,1.0,0.0,0.0,0.0,-340.17308218365457,70.0,144.11897293930573,0.7276023194736746,0.0,0.6859991725188367,0.0
1.9676165580749512,0.5843440266937816,11.795061535338851,7.7020506283711985,0.6681823358325503,-0.7707218725776991,0.7104236782622205,0.0,50.0,20.0,1.0,0.0,0.0,0.0,-340.27923804179056,70.0,142.53209303257452,0.733034470429002,0.0,0.680191491539605,0.0
2.0018577575683594,0.7776705578518555,11.595770089822844,8.116959426620937,0.7128951646062869,-0.8782414444376925,0.8626221138969045,0.0,50.0,20.0,1.0,0.0,0.0,0.0,-340.347382814978,70.0,141.6719817378046,0.7359620175735817,0.0,0.6770228273027602,0.0
2.033743143081665,0.25834684908131944,12.037821171189144,7.9005914950468945,0.6288838394549424,-0.8913439430845952,0.872884767572574,0.0,50.0,20.0,1.0,0.0,0.0,0.0,-340.4270297181497,70.0,140.76833767679102,0.7390252442346235,0.0,0.6736777333294868,0.0
2.067070960998535,-0.5305441050868729,11.401212755742893,7.169311890138603,0.4359935351800651,-0.7669616438984723,0.6834734999031934,0.0,50.0,20.0,1.0,0.0,0.0,0.0,-340.5193158801707,70.0,139.8219114244988,0.7422199423873667,0.0,0.6701563676654084,0.0
2.1004867553710938,-1.291897333715105,11.282569882150982,6.454100401397302,0.3319989233957379,-0.6667057226264248,0.8306520420481216,0.0,50.0,20.0,1.0,0.0,0.0,0.0,-340.746500523706,70.0,137.80398254718747,0.7489860394320195,0.0,0.6625857776438742,0.0
2.133714199066162,-1.6734916115350582,11.255470368373542,7.2459873209029375,0.3100857258192482,-0.6143814036181673,0.8012713600797852,0.0,50.0,20.0,1.0,0.0,0.0,0.0,-340.8838057981542,70.0,136.73425286906212,0.7525481616844795,0.0,0.6585372156114722,0.0
2.1512227058410645,-2.2252717088271945,10.981210519796823,7.188878254270202,0.18838024108105178,-0.5669364599257469,0.8364804765913837,0.0,50.0,20.0,1.0,0.0,0.0,0.0,-341.03855452995526,70.0,135.62528920362723,0.7562232170344044,0.0,0.6543137214044469,0.0
2.183992862701416,-2.328447929986159,10.235001834428813,7.242426717904772,0.33438775227226014,-0.4955203984543751,1.0354210229984593,0.0,50.0,20.0,1.0,0.0,0.0,0.0,-341.21198824519985,70.0,134.4781208117875,0.7600061815150339,0.0,0.6499158438282124,0.0
2.2171308994293213,-2.175219820531322,10.993614167626086,7.981225069489009,0.37827463285938445,-0.619298257140746,0.9714118517569054,0.0,50.0,20.0,1.0,0.0,0.0,0.0,-341.4053547543115,70.0,133.29383560248414,0.7638918915576859,0.0,0.64534423218343,0.0
2.250518321990967,-2.098008790929665,10.256125389223948,7.4380553674744245,0.25582024665976083,-0.45420106870995447,1.1678338056995736,0.0,50.0,20.0,1.0,0.0,0.0,0.0,-341.85687764591455,70.0,130.81856276002728,0.7719502485263307,0.0,0.6356829506917236,0.0
2.283761978149414,-1.7362346227221208,10.724692986996295,7.621081892789516,0.11752580938497231,-0.4307255387869621,1.227374967371325,0.0,50.0,20.0,1.0,0.0,0.0,0.0,-342.11751397130325,70.0,129.53004814754104,0.7761119502122711,0.0,0.6305951480448492,0.0
2.317068576812744,-1.3645149173012177,10.202157051628841,7.630137045579099,0.1887410535116233,-0.43843279280616243,1.3883547732376726,0.0,50.0,20.0,1.0,0.0,0.0,0.0,-342.4030321787766,70.0,128.20936274215262,0.7803545260259832,0.0,0.6253373599192384,0.0
2.3337621688842773,-2.0682283590228265,9.589784623551218,8.313104538448586,0.19423039714675194,-0.3732958389039729,1.2680671536195218,0.0,50.0,20.0,1.0,0.0,0.0,0.0,-342.71463204786016,70.0,126.85789157365389,0.7846722514092942,0.0,0.6199108467096454,0.0
2.3671090602874756,-1.32700583760826,9.512482757617702,8.199328512143383,0.21896535387458307,-0.4151520731729828,1.2353980298875529,0.0,50.0,20.0,1.0,0.0,0.0,0.0,-343.053487408693,70.0,125.47707814342763,0.7890593192421352,0.0,0.6143170115804528,0.0
2.4003853797912598,-1.8278937857539082,9.271413037877114,7.452202393955631,0.18817447495535083,-0.5718369997587823,1.3709950448253936,0.0,50.0,20.0,1.0,0.0,0.0,0.0,-343.81749719631864,70.0,122.63348479583436,0.7980179045740943,0.0,0.6026337394961984,0.0
2.433716058731079,-1.9098983600102963,9.68577690268348,8.102684189347096,0.016653208898686128,-0.6856848355507964,1.203654272090151,0.0,50.0,20.0,1.0,0.0,0.0,0.0,-344.2448201670451,70.0,121.17387408689012,0.802577491315044,0.0,0.5965478777386192,0.0
2.4670650959014893,-1.7352963789162816,10.314518677569,8.358818481562608,-0.07962918527080534,-0.5725040423651495,1.3454377684218897,0.0,50.0,20.0,1.0,0.0,0.0,0.0,-344.7037249292439,70.0,119.6912560860932,0.8071825813095411,0.0,0.5903018553506892,0.0
2.4848992824554443,-1.9240637673915582,9.563981350167635,7.744472443475357,0.05259160562954493,-0.6299003133432088,1.4836295115542366,0.0,50.0,20.0,1.0,0.0,0.0,0.0,-345.1951738834026,70.0,118.18734614965717,0.8118271178346497,0.0,0.5838978769855957,0.0
2.517707109451294,-1.8019954194432262,9.65392751394765,8.191445989692369,0.05873145201276456,-0.5114664503402044,1.5,0.0,50.0,20.0,1.0,0.0,0.0,0.0,-346.27925843863886,70.0,115.12274951793707,0.821210236425676,0.0,0.5706257508995588,0.0
2.5503551959991455,-2.6016961743378864,10.056086616260666,8.603143159729786,0.21801166144956416,-0.5242553894217905,1.4612554997810707,0.0,50.0,20.0,1.0,0.0,0.0,0.0,-346.87350853943707,70.0,113.56572234494419,0.825936673283902,0.0,0.5637629038210309,0.0
2.5837173461914062,-2.213975754797494,9.601095176825886,8.36366743243098,0.13888679221459818,-0.47127825608012,1.3810410947854057,0.0,50.0,20.0,1.0,0.0,0.0,0.0,-347.5035224260886,70.0,111.9947156776995,0.8306782900807643,0.0,0.5567527084698354,0.0
2.6170337200164795,-1.7668501506621108,9.95579974981706,7.948580463259376,0.09126042259412986,-0.5159950666558182,1.5,0.0,50.0,20.0,1.0,0.0,0.0,0.0,-348.16992403346035,70.0,110.41165388678681,0.8354290697396554,0.0,0.5495982800500144,0.0
2.6368846893310547,-1.4578365770312007,10.689319996448978,7.33488389910142,0.04633930259754618,-0.5740362326527313,1.3571698695631165,0.0,50.0,20.0,1.0,0.0,0.0,0.0,-348.8732563129327,70.0,108.81849219623521,0.8401830389973508,0.0,0.542302923633255,0.0
2.667630434036255,-0.8338980409084344,10.05160956361237,7.142323450612254,0.013488909441023461,-0.3971248642965959,1.3419099699727401,0.0,50.0,20.0,1.0,0.0,0.0,0.0,-350.3924570699535,70.0,105.60981808958353,0.8496769442276767,0.0,0.5273036036743136,0.0
2.7003424167633057,-0.7576899070763778,9.637579040225418,7.3467002417629335,0.12718069244293137,-0.4519381320616156,1.254889960941542,0.0,50.0,20.0,1.0,0.0,0.0,0.0,-351.2089735581397,70.0,103.9983302107319,0.8544052603690713,0.0,0.5196072084311951,0.0
2.7337725162506104,-0.8214876003883547,9.308407256098016,6.712161785971391,0.2285976549844144,-0.30425104681322057,1.2557869586277688,0.0,50.0,20.0,1.0,0.0,0.0,0.0,-352.0637106752573,70.0,102.38478163659073,0.8591135500136442,0.0,0.511785021452322,0.0
2.767120361328125,-0.16431834869739226,9.454955983500678,6.857792787985041,0.1283543843129965,-0.27542311752666565,1.1139511731609035,0.0,50.0,20.0,1.0,0.0,0.0,0.0,-352.9567553272054,70.0,100.77121211291085,0.8637962372200089,0.0,0.5038413049409052,0.0
2.8005473613739014,-0.36936317447485933,8.875134598282074,6.341737173882839,0.16697146558368164,-0.27356478088372066,1.187148229533073,0.0,50.0,20.0,1.0,0.0,0.0,0.0,-354.85761806101567,70.0,97.55217070501278,0.8730630827580192,0.0,0.4876072738639816,0.0
2.834031820297241,-0.4641366606454136,9.085448214849704,5.968209561677066,0.1661534720797657,-0.31270859943037865,1.0428697899839663,0.0,50.0,20.0,1.0,0.0,0.0,0.0,-355.8651084331941,70.0,95.95076299297261,0.877636704471239,0.0,0.47932641797095127,0.0
2.851276397705078,0.05098939026208704,8.679501612647913,6.207418043877208,0.3045211560825263,-0.4803119620298093,1.189514743970995,0.0,50.0,20.0,1.0,0.0,0.0,0.0,-356.91024874254714,70.0,94.35745120885808,0.8821636718635094,0.0,0.47094294351257715,0.0
2.883899688720703,0.6308336455122521,9.284028360007866,5.7622338627501755,0.11695910594987269,-0.5034383496732361,1.2658738888971184,0.0,50.0,20.0,1.0,0.0,0.0,0.0,-357.99261785743306,70.0,92.77422543885496,0.8866390882460152,0.0,0.46246202784042145,0.0
2.917494058609009,1.033496874018261,9.24250059986931,6.318982357507988,0.2866293476182606,-0.31971590301614045,1.3201387450642257,0.0,50.0,20.0,1.0,0.0,0.0,0.0,-359.11169127893095,70.0,91.20304844428566,0.8910582235626198,0.0,0.4538890197189488,0.0
2.9520747661590576,1.328560567862682,10.030293369995247,5.598909444161399,0.32797550289043176,-0.3702437992595532,1.2276278017981739,0.0,50.0,20.0,1.0,0.0,0.0,0.0,-361.45733920630823,70.0,88.10452007256848,0.8997096196202181,0.0,0.436488946438329,0.0
2.983847141265869,1.9817303121622682,10.66054405135958,5.303936145483537,0.19549743196251562,-0.25547750107682593,1.240100590922033,0.0,50.0,20.0,1.0,0.0,0.0,0.0,-362.68235390502787,70.0,86.58090506533037,0.9039333353037425,0.0,0.4276733862735111,0.0
3.017671823501587,2.5440733543731766,11.043233612151392,5.834395950021518,0.3901003387098594,-0.3778248603701803,1.0710314043501667,0.0,50.0,20.0,1.0,0.0,0.0,0.0,-363.94095632744313,70.0,85.07680017423597,0.9080836961034044,0.0,0.4187887305923833,0.0
3.033801317214966,2.7357616272786114,10.771625237592664,5.998922972280787,0.49595785793811303,-0.48575657318380805,1.0571292008004907,0.0,50.0,20.0,1.0,0.0,0.0,0.0,-365.2321202453908,70.0,83.59394487698957,0.912156935847693,0.0,0.40984109650564304,0.0
3.06884765625,3.114856762100776,10.329758796348337,5.815724684368414,0.3692662184895231,-0.368784878880778,0.8910143701271307,0.0,50.0,20.0,1.0,0.0,0.0,0.0,-366.55472510115146,70.0,82.13401739433395,0.9161495036446454,0.0,0.4008367335607726,0.0
3.100562334060669,2.9339509546062086,10.015822431436376,5.396056026614168,0.5035291814468987,-0.38228545366624844,0.7843822785007408,0.0,50.0,20.0,1.0,0.0,0.0,0.0,-369.2893218813106,70.0,79.28932188137985,0.9238795325111931,0.0,0.3826834323653158,0.0
3.133749485015869,2.705631028871718,10.071531035928746,6.174841478325091,0.5841517508517569,-0.3403443894888545,0.71593736362659,0.0,50.0,20.0,1.0,0.0,0.0,0.0,-370.698629552957,70.0,77.90755896654827,0.9276110203998542,0.0,0.3735475804134479,0.0
3.1688039302825928,2.333229764198392,10.460253362542721,6.487004985014643,0.6092983115115798,-0.21320367093470372,0.8264617237816771,0.0,50.0,20.0,1.0,0.0,0.0,0.0,-372.1340173942618,70.0,76.55472510121814,0.931249899057127,0.0,0.36438115415878847,0.0
3.1851887702941895,2.210397262013013,10.16170145422284,6.690134498385978,0.5525177618958417,-0.13165187673429096,0.9103124339954981,0.0,50.0,20.0,1.0,0.0,0.0,0.0,-373.59394487691617,70.0,75.23212024545599,0.9347937733921424,0.0,0.3551909362966346,0.0
3.2182703018188477,2.959687484823761,9.581901004753668,6.904265350247771,0.5176312317908132,-0.05252264632020942,1.0874826485942177,0.0,50.0,20.0,1.0,0.0,0.0,0.0,-376.58090506525485,70.0,72.6823539050898,0.9415881427006986,0.0,0.3367666395672959,0.0
3.250422716140747,2.532595816149021,10.217212108382467,6.731737296058147,0.4233271549076125,-0.05428097713787411,1.2669816220605914,0.0,50.0,20.0,1.0,0.0,0.0,0.0,-378.10452007249205,70.0,71.45733920636849,0.9448350670715803,0.0,0.32754647919317104,0.0
3.2838118076324463,2.5201901145959194,10.157555790090155,6.978827432174805,0.39207502657513327,0.0563192982968273,1.321325336069183,0.0,50.0,20.0,1.0,0.0,0.0,0.0,-379.6458498002249,70.0,70.26684156724392,0.9479798479734579,0.0,0.318330343882294,0.0
3.3171708583831787,1.7568816409990307,10.244168964386175,7.4212429762880445,0.26835150367755034,-0.03384874909263441,1.4545571266388648,0.0,50.0,20.0,1.0,0.0,0.0,0.0,-381.20304844420764,70.0,69.11169127898764,0.9510213160624014,0.0,0.30912530856424253,0.0
3.337113618850708,1.1275476922455758,9.594427338026714,6.928857334575239,0.09096054538136758,-0.11004223277309956,1.5,0.0,50.0,20.0,1.0,0.0,0.0,0.0,-382.7742254387763,70.0,67.99261785748797,0.9539585476909153,0.0,0.29993847583702865,0.0
3.3671278953552246,1.2682665726316158,10.20536870678101,7.12206026512442,0.2574034670546266,-0.044040912604004126,1.5,0.0,50.0,20.0,1.0,0.0,0.0,0.0,-385.9507629928929,70.0,65.86510843324531,0.9595178256988108,0.0,0.2816479046011643,0.0
3.4004554748535156,0.5590173543208131,10.125916365847928,6.677374316845004,0.2296149437254332,0.14219146966291246,1.5,0.0,50.0,20.0,1.0,0.0,0.0,0.0,-387.5521707049328,70.0,64.85761806106498,0.9621392361268067,0.0,0.2725584163171721,0.0
3.433784008026123,0.033585909205464226,10.860389727433445,6.508291310506583,0.3003428839575446,0.26380200545963,1.3472281732552869,0.0,50.0,20.0,1.0,0.0,0.0,0.0,-389.1596627999982,70.0,63.88809540260931,0.9646551316335561,0.0,0.26351561056803935,0.0
3.4670989513397217,0.7070469697257913,10.681612547913414,7.140507686039242,0.23303036587672005,0.4141381817469247,1.2819756767679293,0.0,50.0,20.0,1.0,0.0,0.0,0.0,-390.7712121128309,70.0,62.95675532725063,0.9670657802671682,0.0,0.25452657353654284,0.0
3.500455617904663,1.1480567391481924,10.672236580072548,7.237639449933324,0.43058228067374293,0.5844122659690553,1.166295466500041,0.0,50.0,20.0,1.0,0.0,0.0,0.0,-393.9983302106515,70.0,61.20897355818134,0.9715735341234307,0.0,0.23673797285375817,0.0
3.5338430404663086,1.3602124236626012,10.426892347839493,6.6230766997451616,0.45301503315932246,0.5773757707007066,1.083799904016402,0.0,50.0,20.0,1.0,0.0,0.0,0.0,-395.6098180895033,70.0,60.39245706999323,0.9736722829833628,0.0,0.22795237517947936,0.0
3.5513339042663574,1.2128067308611101,10.418041919956828,7.421036774607808,0.414569913810992,0.6588449801265702,1.0879263901522154,0.0,50.0,20.0,1.0,0.0,0.0,0.0,-397.21721236183356,70.0,59.61397739745624,0.9756690591654112,0.0,0.21924845948667732,0.0
3.5839319229125977,0.5435442787704995,9.774571952408474,6.870481044345763,0.5416821197469442,0.7779883966112298,1.102068447919335,0.0,50.0,20.0,1.0,0.0,0.0,0.0,-398.81849219615555,70.0,58.87325631296871,0.9775651990712213,0.0,0.2106330495550105,0.0
3.6171762943267822,0.13806805541188005,10.124808770334706,6.696337488385571,0.3657517487318658,0.7195434570665876,1.2697202485722496,0.0,50.0,20.0,1.0,0.0,0.0,0.0,-400.4116538867076,70.0,58.169924033494524,0.9793622311650206,0.0,0.20211288966187346,0.0
3.6504597663879395,-0.29858134541491793,9.6017234295845,6.324038468447361,0.39482184821378596,0.5592845474655666,1.4697071799164436,0.0,50.0,20.0,1.0,0.0,0.0,0.0,-403.56572234486623,70.0,56.87350853946758,0.9826659947828978,0.0,0.18538485023684617,0.0
3.6838760375976562,0.007541291181156373,9.860381629625248,6.609171264409543,0.4647540980612445,0.4049200379604315,1.5,0.0,50.0,20.0,1.0,0.0,0.0,0.0,-405.1227495178598,70.0,56.27925843866764,0.9841766649370741,0.0,0.17718998897606542,0.0
3.7173123359680176,0.18988370833710883,9.340316553677413,6.257293272433908,0.3280159544799336,0.33025714034927317,1.4634913269942753,0.0,50.0,20.0,1.0,0.0,0.0,0.0,-406.66390772496413,70.0,55.72007132040089,0.9855960853199426,0.0,0.1691163995655194,0.0
3.7336926460266113,0.21958762006714677,9.930755783409257,6.538943512966018,0.22298674546209402,0.5252460498814695,1.2696213185998066,0.0,50.0,20.0,1.0,0.0,0.0,0.0,-408.1873461495817,70.0,55.19517388342794,0.9869266085088902,0.0,0.1611703118354608,0.0
3.7670600414276123,-0.011961021893310442,9.41278761406396,6.173874034783287,0.16546596264709265,0.621582787227187,1.2828498209657058,0.0,50.0,20.0,1.0,0.0,0.0,0.0,-409.6912560860187,70.0,54.70372492926755,0.9881707217650512,0.0,0.15335783203455156,0.0
3.800405263900757,0.006107199991367163,9.838955694503802,6.636440414149716,0.16605398244748193,0.803934797716542,1.4074203345750957,0.0,50.0,20.0,1.0,0.0,0.0,0.0,-412.6334847957622,70.0,53.817497196339176,0.9904102756021386,0.0,0.1381574680634236,0.0
3.833937883377075,0.2603196580496197,10.544425018684073,6.54018177496223,0.03178048872372985,0.9418468970464193,1.5,0.0,50.0,20.0,1.0,0.0,0.0,0.0,-414.0684234632777,70.0,53.420740641066644,0.9914112652147276,0.0,0.13078112709918516,0.0
3.867112636566162,0.35220010965895016,10.194216082598079,5.94526223865486,0.19562712989546255,0.9717502391261701,1.302131247859995,0.0,50.0,20.0,1.0,0.0,0.0,0.0,-415.4770781433581,70.0,53.053487408710595,0.9923369200813034,0.0,0.12356147070811764,0.0
3.884864568710327,0.4378600727025313,10.800265786584463,5.197829032088877,0.20599209892337433,0.896162965911933,1.4291425253157093,0.0,50.0,20.0,1.0,0.0,0.0,0.0,-416.8578915735858,70.0,52.71463204787635,0.9931902334198712,0.0,0.11650390654129045,0.0
3.917785167694092,0.6333689926881394,10.143467542092871,5.297420197927017,0.25893770715109954,0.7939846415723217,1.5,0.0,50.0,20.0,1.0,0.0,0.0,0.0,-419.530048147476,70.0,52.11751397131687,0.9946921283208265,0.0,0.10289591758949583,0.0
3.9509940147399902,1.168744252463879,10.277155383187278,5.935179984707203,0.13088251482699825,0.9727751297871584,1.4088487351103767,0.0,50.0,20.0,1.0,0.0,0.0,0.0,-420.81856275996387,70.0,51.85687764592694,0.9953469805903694,0.0,0.09635553035313917,0.0
3.9841396808624268,1.0332278961483878,9.903149459620831,6.087815144997491,0.034678987832288205,1.098934972606747,1.3450542338940652,0.0,50.0,20.0,1.0,0.0,0.0,0.0,-422.07358069371435,70.0,51.619902973948896,0.9959420089193223,0.0,0.08999730479155747,0.0
4.017164707183838,1.4502096577705332,9.1774734313213,6.260573101115757,0.16639408899842853,1.1947288945966965,1.25230919836769,0.0,50.0,20.0,1.0,0.0,0.0,0.0,-423.29383560242417,70.0,51.40535475432162,0.996480419390362,0.0,0.08382585383763237,0.0
4.037148714065552,2.2428800703602487,8.401504543543139,5.623286230527279,0.23950211182619877,1.3085975960459941,1.2729877473861455,0.0,50.0,20.0,1.0,0.0,0.0,0.0,-424.47812081172935,70.0,51.21198824520897,0.9969654250644578,0.0,0.07784562432176168,0.0
4.06791090965271,1.6655270590995364,8.962792801121443,5.530112810991483,0.1510652612925428,1.497031729953627,1.1502947188044133,0.0,50.0,20.0,1.0,0.0,0.0,0.0,-426.7342528690078,70.0,50.88380579816146,0.9977880391191271,0.0,0.06647577747425967,0.0
4.101882219314575,1.5683689237222194,9.014316636776154,6.233724406447278,-0.006257696143319058,1.5,1.1406011734421198,0.0,50.0,20.0,1.0,0.0,0.0,0.0,-427.80398254713515,70.0,50.74650052371243,0.9981320039861651,0.0,0.06109421100695364,0.0
4.133871555328369,2.0106839003232198,8.920306355659534,5.774651581692741,0.12851388978108613,1.4490355876477206,0.9898943696225185,0.0,50.0,20.0,1.0,0.0,0.0,0.0,-428.83350686877736,70.0,50.62540852335363,0.9984352544773406,0.0,0.055919966172809324,0.0
4.167370080947876,1.5124285258128176,8.924282917835189,6.135079105577916,0.20019457489990877,1.400847844213715,0.851381520403844,0.0,50.0,20.0,1.0,0.0,0.0,0.0,-429.8219114244506,70.0,50.51931588017567,0.9987008664255387,0.0,0.05095664236268225,0.0
4.200390100479126,2.2217080989660944,9.075439146348506,6.360084524818017,0.1635633967457716,1.4935079673516185,0.9825431164478755,0.0,50.0,20.0,1.0,0.0,0.0,0.0,-431.67198173776063,70.0,50.347382814981685,0.9991311655258741,0.0,0.04167630111836245,0.0
4.233793020248413,2.4543141911518034,8.367031415954827,7.029994506865263,0.355002619275008,1.5,0.8752165353016272,0.0,50.0,20.0,1.0,0.0,0.0,0.0,-432.5320930325327,70.0,50.27923804179365,0.9993016610568761,0.0,0.03736562871099957,0.0
4.25274395942688,1.897534455937522,8.92646578932875,7.2266037787062185,0.5230114958221206,1.5,0.7828238931332001,0.0,50.0,20.0,1.0,0.0,0.0,0.0,-433.3479728695273,70.0,50.221492619625465,0.9994461150566711,0.0,0.033278568150197294,0.0
4.283749580383301,1.4975447693198476,8.609952878835776,7.188530916253313,0.33751427509678156,1.5,0.9197077164949233,0.0,50.0,20.0,1.0,0.0,0.0,0.0,-434.1189729392684,70.0,50.173082183656774,0.9995672008833203,0.0,0.02941786733065322,0.0
4.318505764007568,1.480612099097241,8.884604005264702,7.154628072993765,0.3173466148706133,1.4294229368208136,0.9908926756778453,0.0,50.0,20.0,1.0,0.0,0.0,0.0,-434.8444937619744,70.0,50.13298464743387,0.9996674830976702,0.0,0.025786105506054074,0.0
4.3504626750946045,0.9903678541503468,8.505776625801149,6.380036800402735,0.11846682604514994,1.2407521434000128,0.8288932817406975,0.0,50.0,20.0,1.0,0.0,0.0,0.0,-436.15693438846034,70.0,50.0738730526125,0.9998153003114812,0.0,0.01921887777843771,0.0
4.384107828140259,1.2501381472265702,8.30034745683998,6.50712758055309,0.02013909204174094,1.3248904754814488,1.0201376944544085,0.0,50.0,20.0,1.0,0.0,0.0,0.0,-436.74288510361885,70.0,50.053058063031415,0.9998673460438855,0.0,0.016287735114404792,0.0
4.417142391204834,1.74884267004554,7.574270675522262,6.540243209037115,0.19593738289356774,1.2942987821125114,0.8890110767835882,0.0,50.0,20.0,1.0,0.0,0.0,0.0,-437.28141525426474,70.0,50.036960345434395,0.9999075948670597,0.0,0.013594179900677352,0.0
4.433739423751831,1.945841258604114,7.46889596121159,6.985987833897689,0.19583955449098525,1.2324386070027564,0.6982251334234603,0.0,50.0,20.0,1.0,0.0,0.0,0.0,-437.7721458474792,70.0,50.024819750724646,0.9999379486980063,0.0,0.011139962011751086,0.0
4.467095136642456,1.8537559382697522,7.073574163313012,7.782522453852586,0.2316645731746285,1.3303375084995777,0.6008813827219972,0.0,50.0,20.0,1.0,0.0,0.0,0.0,-438.2147374456086,70.0,50.015937081893455,0.9999601565015142,0.0,0.008926668441657688,0.0
4.500397205352783,2.3816456588500614,6.959964918308444,7.715831670206965,0.1273123889434281,1.3148048077567762,0.5223420279256038,0.0,50.0,20.0,1.0,0.0,0.0,0.0,-438.9543355600159,70.0,50.00546722005771,0.9999863318564467,0.0,0.005228393662355579,0.0
4.533710956573486,2.22664736199721,6.325813126333566,7.4293086111779845,0.15167120328374326,1.242660338013181,0.4440375821933067,0.0,50.0,20.0,1.0,0.0,0.0,0.0,-439.250849133637,70.0,50.002806174475936,0.9999929845392018,0.0,0.003745780610191981,0.0
4.567070722579956,2.4893949330086484,6.3614549263380535,7.688577094391438,0.11341181575867212,1.0610908312634457,0.49819907148613757,0.0,50.0,20.0,1.0,0.0,0.0,0.0,-439.498235607074,70.0,50.001258845453506,0.999996852881414,0.0,0.0025088298602151194,0.0
4.585003852844238,2.816935573633836,6.846027052988517,7.872576092687181,0.2910799101076398,0.8733904470088806,0.30397678151040486,0.0,50.0,20.0,1.0,0.0,0.0,0.0,-439.69633483890004,70.0,50.00046106371323,0.9999988473400526,0.0,0.0015183275556151597,0.0
4.61761736869812,3.067777734505561,6.785145058511059,8.478584862594655,0.36542165495792456,0.9277518422310798,0.4508349091539915,0.0,50.0,20.0,1.0,0.0,0.0,0.0,-439.944195314582,70.0,50.000015570815776,0.9999999610729597,0.0,0.00027902343795168576,0.0
4.65062689781189,3.761523984106173,7.15772336409381,8.303248337369023,0.17782302468499903,0.8224116039482718,0.5900610302523539,0.0,50.0,20.0,1.0,0.0,0.0,0.0,-439.9937988262721,70.0,50.00000019227278,0.9999999995193181,0.0,3.1005868654462846e-05,0.0
4.683889627456665,3.893394889839819,7.842176263029764,9.019143542647019,0.040896225037772654,0.7535244044182448,0.6526959932162857,0.0,50.0,20.0,1.0,0.0,0.0,0.0,-439.9937988262734,70.0,50.00000019227278,0.9999999995193181,0.0,3.1005868647966686e-05,0.0
4.717068910598755,3.9758368333024867,8.217710190214975,8.812384792908357,-0.15886050265876892,0.6747024867526091,0.7295751113720355,0.0,50.0,20.0,1.0,0.0,0.0,0.0,-439.9441953145859,70.0,50.000015570815776,0.9999999610729597,0.0,0.0002790234379321537,0.0
4.7368998527526855,4.341432170322294,7.780052243427783,8.614182385633718,-0.006768822454327333,0.7462343602803146,0.9130938432642568,0.0,50.0,20.0,1.0,0.0,0.0,0.0,-439.8450196752123,70.0,50.00012009457747,0.9999996997635112,0.0,0.0007749018565923709,0.0
4.767709970474243,4.083797982400275,7.6344812841674345,8.730378796383139,0.002601772538186109,0.6984311109267457,0.9463095660751871,0.0,50.0,20.0,1.0,0.0,0.0,0.0,-439.4982356070857,70.0,50.00125884545345,0.9999968528814143,0.0,0.0025088298601565672,0.0
4.800544023513794,3.769526912321709,7.702357042079389,8.964392744955495,-0.10941848905330913,0.859156242628762,1.0964801120589476,0.0,50.0,20.0,1.0,0.0,0.0,0.0,-439.2508491336513,70.0,50.002806174475836,0.999992984539202,0.0,0.0037457806101205238,0.0
