# Timestamp, Fx, Fy, Fz, Tx, Ty, Tz, FemurPosX, FemurPosY, FemurPosZ, FemurQuatW, FemurQuatX, FemurQuatY, FemurQuatZ, TibiaPosX, TibiaPosY, TibiaPosZ, TibiaQuatW, TibiaQuatX, TibiaQuatY, TibiaQuatZ
0.018422603607177734,1.688926189672805,-5.4048666805833445,-3.0787446078492766,1.7042707645219428,-1.5885757937347793,-1.73507881851256,0.0,50.0,20.0,1.0,0.0,0.0,0.0,-367.9075589664785,70.0,80.69862955302956,0.9200580700340888,0.0,0.3917820156223966,0.0
0.03494453430175781,0.9012087310100263,-4.984723257375894,-3.832532501129812,1.806824913843301,-1.4816665038451324,-1.7452005600698122,0.0,50.0,20.0,1.0,0.0,0.0,0.0,-369.2893218813091,70.0,79.28932188138144,0.9238795325111888,0.0,0.3826834323653262,0.0
0.06693434715270996,1.6739015706614042,-4.5945196740323215,-3.347911156049576,1.8570158698087127,-1.619203122747278,-1.6290264867628286,0.0,50.0,20.0,1.0,0.0,0.0,0.0,-370.6986295529558,70.0,77.90755896654942,0.9276110203998511,0.0,0.37354758041345565,0.0
0.10030484199523926,1.908957675608493,-4.851922853067159,-3.3693686904217337,1.7159042451923605,-1.49319082345899,-1.5829851090390836,0.0,50.0,20.0,1.0,0.0,0.0,0.0,-372.1340173942605,70.0,76.5547251012193,0.931249899057124,0.0,0.3643811541587963,0.0
0.12418770790100098,1.7386044389598956,-5.587836458493472,-3.9615273288578563,1.8301537604240878,-1.4609557193490714,-1.3836667149201378,0.0,50.0,20.0,1.0,0.0,0.0,0.0,-373.5939448769153,70.0,75.23212024545674,0.9347937733921404,0.0,0.3551909362966399,0.0
0.16691040992736816,2.2713340778550126,-5.132330153748866,-3.648247775151238,1.8111988532316754,-1.2840719842536,-1.5015679277324647,0.0,50.0,20.0,1.0,0.0,0.0,0.0,-376.58090506525485,70.0,72.6823539050898,0.9415881427006985,0.0,0.33676663956729597,0.0
0.20035362243652344,2.1597884971874266,-4.740679225232498,-4.245797042428431,1.6772891982078029,-1.0914709052680567,-1.5079189456977626,0.0,50.0,20.0,1.0,0.0,0.0,0.0,-378.10452007249205,70.0,71.4573392063685,0.9448350670715803,0.0,0.32754647919317115,0.0
0.2169666290283203,1.8762388263680383,-4.593991771994537,-3.696614830353316,1.8341289110773558,-0.9185631544579064,-1.4784267498750068,0.0,50.0,20.0,1.0,0.0,0.0,0.0,-379.6458498002248,70.0,70.26684156724392,0.9479798479734579,0.0,0.3183303438822941,0.0
0.25023770332336426,1.5778837492200364,-4.7611320708602545,-3.1907189475939455,1.8269571831943239,-1.0233214703146176,-1.454552852164334,0.0,50.0,20.0,1.0,0.0,0.0,0.0,-381.2030484442081,70.0,69.11169127898731,0.9510213160624021,0.0,0.30912530856424,0.0
0.2836270332336426,1.963610118063566,-4.476846091911115,-2.9146292250641928,1.707549498097036,-0.9590179353220387,-1.3662362683829712,0.0,50.0,20.0,1.0,0.0,0.0,0.0,-382.7742254387772,70.0,67.99261785748735,0.9539585476909168,0.0,0.29993847583702354,0.0
0.3170497417449951,1.7457165208033103,-5.060007677166729,-3.3372008284492907,1.845785099369629,-0.8815057635020402,-1.352606790215351,0.0,50.0,20.0,1.0,0.0,0.0,0.0,-385.9507629928943,70.0,65.86510843324446,0.959517825698813,0.0,0.2816479046011567,0.0
0.35029077529907227,1.0242833340452329,-4.561609544345196,-3.2844998473645646,1.9090901900020851,-0.8761183446481283,-1.1734868506414047,0.0,50.0,20.0,1.0,0.0,0.0,0.0,-387.55217070493455,70.0,64.85761806106387,0.9621392361268096,0.0,0.27255841631716193,0.0
0.38364076614379883,1.5392800833629916,-4.1972972052248645,-3.053488101431857,1.917996002398008,-1.0356850210955628,-0.9906696763153373,0.0,50.0,20.0,1.0,0.0,0.0,0.0,-389.1596628000005,70.0,63.88809540260797,0.9646551316335595,0.0,0.2635156105680267,0.0
0.40032076835632324,0.9695561437702274,-3.6073304214170507,-3.568816953814438,1.9406260949574323,-1.1377725973570232,-1.1159393472346688,0.0,50.0,20.0,1.0,0.0,0.0,0.0,-390.77121211283315,70.0,62.956755327249354,0.9670657802671715,0.0,0.2545265735365303,0.0
0.4336071014404297,0.442855131703924,-2.8140639665183977,-3.056892133962087,2.0103359830972765,-1.191078489151493,-1.2651085610557224,0.0,50.0,20.0,1.0,0.0,0.0,0.0,-393.9983302106542,70.0,61.208973558179935,0.9715735341234344,0.0,0.23673797285374332,0.0
0.466951847076416,0.25480601225632693,-3.128877624066113,-3.808934950796698,2.1213431460669625,-0.9942103867364429,-1.3055001036416078,0.0,50.0,20.0,1.0,0.0,0.0,0.0,-395.6098180895064,70.0,60.39245706999165,0.9736722829833669,0.0,0.22795237517946215,0.0
0.5003495216369629,-0.28647518842843456,-2.6945105621128103,-4.30649772299431,2.3202096101521335,-1.171988002082087,-1.3383196068628593,0.0,50.0,20.0,1.0,0.0,0.0,0.0,-397.21721236183714,70.0,59.61397739745453,0.9756690591654157,0.0,0.21924845948665783,0.0
0.5201399326324463,-0.8886245873683145,-3.2487453043689514,-4.935715922461685,2.290984022160535,-1.0488618360454909,-1.5326811179466562,0.0,50.0,20.0,1.0,0.0,0.0,0.0,-398.8184921961591,70.0,58.87325631296707,0.9775651990712254,0.0,0.21063304955499118,0.0
0.5503177642822266,-0.7881244260372322,-2.584441956431112,-5.187254597429296,2.4810888644774582,-1.1920714517970938,-1.4727968134437919,0.0,50.0,20.0,1.0,0.0,0.0,0.0,-400.41165388671163,70.0,58.16992403349279,0.9793622311650251,0.0,0.202112889661852,0.0
0.5836775302886963,-0.6922110382460818,-2.6318201224601285,-5.226879783340153,2.5,-1.083481340366713,-1.4941234618054788,0.0,50.0,20.0,1.0,0.0,0.0,0.0,-403.5657223448706,70.0,56.87350853946586,0.9826659947829022,0.0,0.18538485023682294,0.0
0.6170632839202881,-1.4210670670118284,-3.117240007342337,-5.745025606698549,2.5,-1.087595652708187,-1.3168009886493264,0.0,50.0,20.0,1.0,0.0,0.0,0.0,-405.1227495178646,70.0,56.27925843866585,0.9841766649370787,0.0,0.1771899889760402,0.0
0.6503324508666992,-1.7888860865715275,-2.7088134818837117,-6.5198890512919885,2.4919308864399925,-1.145768859791324,-1.319493916711327,0.0,50.0,20.0,1.0,0.0,0.0,0.0,-406.6639077249689,70.0,55.7200713203992,0.9855960853199469,0.0,0.16911639956549454,0.0
0.6722393035888672,-2.4670079032158982,-2.5269890413427034,-7.080039059738216,2.394650965389669,-1.0433630672661383,-1.2792271441232734,0.0,50.0,20.0,1.0,0.0,0.0,0.0,-408.1873461495868,70.0,55.19517388342622,0.9869266085088946,0.0,0.1611703118354341,0.0
0.7171266078948975,-2.707363183591234,-3.2325526045140704,-7.280710073383455,2.3641496238048614,-1.2171613640777088,-1.3815184660527045,0.0,50.0,20.0,1.0,0.0,0.0,0.0,-411.1738740868226,70.0,54.24482016706543,0.9893310361879247,0.0,0.14568493688548284,0.0
0.7343435287475586,-2.811714302409115,-2.7880867899407717,-6.618691623632703,2.2948633426469347,-1.3217903158360809,-1.3393458388536907,0.0,50.0,20.0,1.0,0.0,0.0,0.0,-412.6334847957675,70.0,53.81749719633767,0.9904102756021423,0.0,0.13815746806339627,0.0
0.7670185565948486,-3.0489544362525467,-3.509330498329513,-6.564106125092177,2.491674493997105,-1.2542654799721693,-1.2889683464216555,0.0,50.0,20.0,1.0,0.0,0.0,0.0,-414.06842346328335,70.0,53.42074064106514,0.9914112652147313,0.0,0.13078112709915632,0.0
0.8002457618713379,-2.2742099139710854,-3.8206434108537297,-5.7653645352242835,2.5,-1.2481660921672875,-1.097440884686612,0.0,50.0,20.0,1.0,0.0,0.0,0.0,-415.477078143364,70.0,53.05348740870912,0.9923369200813071,0.0,0.12356147070808744,0.0
0.8335342407226562,-2.3721903621735665,-4.5392338121139355,-6.258556715676632,2.486017391307604,-1.1369582366048177,-1.1253941505269707,0.0,50.0,20.0,1.0,0.0,0.0,0.0,-416.8578915735919,70.0,52.71463204787487,0.9931902334198749,0.0,0.11650390654125897,0.0
0.8668558597564697,-2.4805230178825703,-5.303138095920082,-6.138621920647198,2.4298336506045897,-1.0328138781622058,-1.1493362450940008,0.0,50.0,20.0,1.0,0.0,0.0,0.0,-419.53004814748226,70.0,52.11751397131556,0.9946921283208299,0.0,0.10289591758946404,0.0
0.9002735614776611,-2.7541552739520085,-5.5445528193232105,-6.236888033883206,2.5,-1.1318744040171411,-0.9770375284546248,0.0,50.0,20.0,1.0,0.0,0.0,0.0,-420.8185627599703,70.0,51.85687764592568,0.9953469805903726,0.0,0.0963555303531064,0.0
0.9174444675445557,-2.661463245794956,-6.259275619295975,-5.857098229243878,2.3178869497953105,-1.3287768428482776,-0.8141861698960909,0.0,50.0,20.0,1.0,0.0,0.0,0.0,-422.0735806937206,70.0,51.619902973947745,0.9959420089193252,0.0,0.08999730479152566,0.0
0.9503188133239746,-3.41056808079316,-6.460291992008033,-5.4531025440414025,2.329586374271323,-1.4875980964656197,-0.9603811806559691,0.0,50.0,20.0,1.0,0.0,0.0,0.0,-423.29383560243065,70.0,51.40535475432053,0.9964804193903648,0.0,0.08382585383759979,0.0
0.9762158393859863,-3.9754461770540486,-5.691550029515301,-5.022476502932455,2.341696927921432,-1.5896427757668068,-0.9359510702835907,0.0,50.0,20.0,1.0,0.0,0.0,0.0,-424.4781208117356,70.0,51.21198824520799,0.9969654250644603,0.0,0.07784562432173017,0.0
1.0084080696105957,-3.510067408159263,-4.899875038246831,-4.844522722073947,2.1575997287630466,-1.459932606935407,-1.120025670160164,0.0,50.0,20.0,1.0,0.0,0.0,0.0,-426.73425286901426,70.0,50.883805798160594,0.9977880391191293,0.0,0.06647577747422719,0.0
1.0377540588378906,-2.980062301223698,-4.9656051476214005,-4.655158416708196,2.179405919949886,-1.470743230433912,-1.083988258187151,0.0,50.0,20.0,1.0,0.0,0.0,0.0,-427.8039825471417,70.0,50.74650052371163,0.9981320039861671,0.0,0.06109421100692083,0.0
1.0681533813476562,-2.5757671797785013,-5.350905157144009,-4.515427623631274,2.1196936486355966,-1.5962162000724385,-1.210986191628753,0.0,50.0,20.0,1.0,0.0,0.0,0.0,-428.8335068687836,70.0,50.62540852335292,0.9984352544773424,0.0,0.055919966172777856,0.0
1.1003246307373047,-2.6325427096103278,-5.260204300876361,-4.947005969121899,2.25325094184931,-1.5532072090468232,-1.1422061069005833,0.0,50.0,20.0,1.0,0.0,0.0,0.0,-429.8219114244566,70.0,50.51931588017504,0.9987008664255402,0.0,0.05095664236265208,0.0
1.13360595703125,-2.5711658110632856,-4.992401090262782,-4.805643463726818,2.2294065926645494,-1.7296467276915506,-1.260255719264558,0.0,50.0,20.0,1.0,0.0,0.0,0.0,-431.6719817377666,70.0,50.34738281498119,0.9991311655258753,0.0,0.04167630111833249,0.0
1.1669650077819824,-1.9803828623453514,-4.405944080302401,-5.5683703776717675,2.0526991062667044,-1.641948094522907,-1.3659154928904418,0.0,50.0,20.0,1.0,0.0,0.0,0.0,-432.5320930325386,70.0,50.27923804179322,0.9993016610568772,0.0,0.037365628710969954,0.0
1.2003586292266846,-2.6369259172795587,-5.1376058826167865,-5.280876950107186,2.1381823340260815,-1.4759412270200438,-1.3336982161795836,0.0,50.0,20.0,1.0,0.0,0.0,0.0,-433.3479728695329,70.0,50.221492619625096,0.999446115056672,0.0,0.03327856815016928,0.0
1.2201459407806396,-3.3852546028837023,-5.232648091341559,-6.0174198680556215,2.055006924288488,-1.5553121223627493,-1.4192927892116753,0.0,50.0,20.0,1.0,0.0,0.0,0.0,-434.11897293927393,70.0,50.17308218365646,0.9995672008833212,0.0,0.02941786733062572,0.0
1.2502336502075195,-2.770025786795361,-5.638571179959553,-6.2449322852038085,2.006681565759874,-1.3618390817153436,-1.224826698406362,0.0,50.0,20.0,1.0,0.0,0.0,0.0,-434.8444937619797,70.0,50.1329846474336,0.9996674830976708,0.0,0.02578610550602727,0.0
1.2840361595153809,-3.383621784173405,-5.350154520951777,-6.827885842925706,2.1363587406620947,-1.2115018426359598,-1.408785122401816,0.0,50.0,20.0,1.0,0.0,0.0,0.0,-436.15693438846495,70.0,50.07387305261233,0.9998153003114817,0.0,0.01921887777841447,0.0
1.3169481754302979,-3.9158010271428054,-5.159286963470456,-6.441538736949077,2.0763449697310667,-1.0116386240651822,-1.580937973287193,0.0,50.0,20.0,1.0,0.0,0.0,0.0,-436.7428851036233,70.0,50.05305806303126,0.9998673460438858,0.0,0.01628773511438256,0.0
1.3502378463745117,-3.683333665268602,-4.649747127300238,-6.675472648649991,2.2578002867916642,-0.8884433407269665,-1.5932828684639035,0.0,50.0,20.0,1.0,0.0,0.0,0.0,-437.28141525426895,70.0,50.03696034543428,0.99990759486706,0.0,0.013594179900656294,0.0
1.3835275173187256,-3.318205813172159,-4.762707069335405,-6.5707055657629745,2.280694862504235,-1.0374318841588164,-1.7584624272647145,0.0,50.0,20.0,1.0,0.0,0.0,0.0,-437.7721458474831,70.0,50.02481975072456,0.9999379486980066,0.0,0.01113996201173134,0.0
1.4169690608978271,-2.791355640363368,-4.0186673780349835,-5.866316659413627,2.1797860182310758,-0.894941888701593,-1.6274090614480017,0.0,50.0,20.0,1.0,0.0,0.0,0.0,-438.60888879701076,70.0,50.00967642006093,0.9999758086572371,0.0,0.006955724283256511,0.0
1.4340333938598633,-3.563109366123165,-4.101444793144821,-6.354044362231882,2.070671310738803,-1.0660106366138424,-1.6184037955274113,0.0,50.0,20.0,1.0,0.0,0.0,0.0,-438.9543355600187,70.0,50.00546722005768,0.9999863318564467,0.0,0.005228393662341541,0.0
1.4669747352600098,-3.5467557052426266,-3.4820568201675925,-6.380309962063039,2.2475390982599572,-1.1296041381800164,-1.7994054950268727,0.0,50.0,20.0,1.0,0.0,0.0,0.0,-439.25084913363946,70.0,50.00280617447592,0.9999929845392018,0.0,0.0037457806101796865,0.0
1.5003876686096191,-3.2682087997610365,-4.039639748225632,-5.965005284976864,2.2185079908031065,-1.0720122516482782,-1.9403543919512152,0.0,50.0,20.0,1.0,0.0,0.0,0.0,-439.4982356070761,70.0,50.00125884545349,0.999996852881414,0.0,0.0025088298602047427,0.0
1.5336852073669434,-3.0771152434723956,-4.31004692471422,-6.558425361394714,2.311276128784563,-1.1129563740234167,-2.104515571800266,0.0,50.0,20.0,1.0,0.0,0.0,0.0,-439.69633483890163,70.0,50.00046106371322,0.9999988473400526,0.0,0.0015183275556070938,0.0
1.5670371055603027,-3.5240142864389434,-3.794700264175643,-6.6167997270154935,2.287852349411878,-1.2014433875629682,-2.2956998954334895,0.0,50.0,20.0,1.0,0.0,0.0,0.0,-439.9441953145827,70.0,50.000015570815776,0.9999999610729597,0.0,0.0002790234379480235,0.0
1.6002609729766846,-3.794038091228314,-3.818220697384303,-7.355545063397404,2.1789051897443965,-1.181909276386251,-2.396796083157783,0.0,50.0,20.0,1.0,0.0,0.0,0.0,-439.9937988262723,70.0,50.00000019227278,0.9999999995193181,0.0,3.100586865324209e-05,0.0
1.6175537109375,-4.374321001845691,-3.1571787309360078,-7.556379311983609,2.2112979642894666,-1.0706047012215658,-2.5,0.0,50.0,20.0,1.0,0.0,0.0,0.0,-439.9937988262731,70.0,50.00000019227278,0.9999999995193181,0.0,3.100586864923104e-05,0.0
1.650322437286377,-3.9834193393401343,-2.6588221150656115,-7.744952707065509,2.3952463822914067,-1.2461994063844066,-2.5,0.0,50.0,20.0,1.0,0.0,0.0,0.0,-439.9441953145851,70.0,50.000015570815776,0.9999999610729597,0.0,0.0002790234379359467,0.0
1.676231861114502,-3.7306426715723524,-1.9406316207049332,-7.8543085700767525,2.2500072705678047,-1.4267870494238593,-2.5,0.0,50.0,20.0,1.0,0.0,0.0,0.0,-439.845019675211,70.0,50.00012009457747,0.9999996997635112,0.0,0.0007749018565988671,0.0
1.7084722518920898,-4.081302847499041,-1.840814250510583,-7.718657681752187,2.2328589030275694,-1.433392601629421,-2.5,0.0,50.0,20.0,1.0,0.0,0.0,0.0,-439.49823560708325,70.0,50.00125884545345,0.9999968528814142,0.0,0.002508829860168818,0.0
1.7376744747161865,-4.418749072630183,-2.4412533465913553,-7.131012525113382,2.1090832994713984,-1.4675646508841962,-2.469530309151413,0.0,50.0,20.0,1.0,0.0,0.0,0.0,-439.25084913364833,70.0,50.00280617447585,0.999992984539202,0.0,0.003745780610135478,0.0
1.7680182456970215,-5.084145749325645,-3.189866331422261,-7.735552137180196,2.0872579314369704,-1.334288735848542,-2.4773308713132978,0.0,50.0,20.0,1.0,0.0,0.0,0.0,-438.95433556002916,70.0,50.00546722005758,0.999986331856447,0.0,0.005228393662289397,0.0
1.800262451171875,-5.848586616203156,-3.8751437734800303,-7.18094263456335,1.8951519897554305,-1.33952874627645,-2.5,0.0,50.0,20.0,1.0,0.0,0.0,0.0,-438.60888879702276,70.0,50.00967642006077,0.9999758086572376,0.0,0.00695572428319639,0.0
1.8340387344360352,-6.055098672484816,-4.157742048195595,-7.289191214423162,2.0336120439547125,-1.3224485298504371,-2.4212670279397206,0.0,50.0,20.0,1.0,0.0,0.0,0.0,-437.7721458474983,70.0,50.02481975072422,0.9999379486980075,0.0,0.011139962011655482,0.0
1.8669166564941406,-6.2657222364113565,-4.655513940478393,-7.820093763501995,2.2168747631322425,-1.3210508370769687,-2.4446983540641165,0.0,50.0,20.0,1.0,0.0,0.0,0.0,-437.28141525428566,70.0,50.036960345433826,0.9999075948670612,0.0,0.013594179900572592,0.0
1.9002797603607178,-6.012101656683077,-5.406144425600054,-7.9141269296482335,2.2799324011064135,-1.1447023672185828,-2.5,0.0,50.0,20.0,1.0,0.0,0.0,0.0,-436.7428851036416,70.0,50.05305806303066,0.9998673460438873,0.0,0.016287735114291147,0.0
1.9335980415344238,-5.251587855308356,-6.007352269684241,-7.3353739624813405,2.4597740552606204,-1.083770806058404,-2.5,0.0,50.0,20.0,1.0,0.0,0.0,0.0,-436.1569343884848,70.0,50.07387305261156,0.9998153003114836,0.0,0.01921887777831535,0.0
1.9504139423370361,-5.773930673831439,-5.394408685038513,-7.35938183169661,2.5,-1.1255041384878988,-2.3935986444049777,0.0,50.0,20.0,1.0,0.0,0.0,0.0,-435.523983104783,70.0,50.100223860342254,0.9997494089512076,0.0,0.022385694130655154,0.0
1.9841151237487793,-5.883266126278252,-6.065503370153065,-7.075900514373778,2.5,-1.194210656162881,-2.5,0.0,50.0,20.0,1.0,0.0,0.0,0.0,-434.1189729392982,70.0,50.173082183655026,0.9995672008833247,0.0,0.02941786733050396,0.0
2.017059803009033,-5.98677781290272,-5.739339481451044,-6.376110302596176,2.306103486683705,-1.3474567953031413,-2.5,0.0,50.0,20.0,1.0,0.0,0.0,0.0,-433.3479728695587,70.0,50.221492619623376,0.9994461150566764,0.0,0.03327856815004008,0.0
2.0502753257751465,-5.774684036318465,-5.693627581404052,-6.039390010409058,2.3599730028881725,-1.3776526312146742,-2.369121876787611,0.0,50.0,20.0,1.0,0.0,0.0,0.0,-432.5320930325656,70.0,50.27923804179119,0.9993016610568823,0.0,0.037365628710834674,0.0
2.0836122035980225,-5.753266037158702,-5.2888095152513825,-5.6206191053291406,2.3649025602777467,-1.5333635923455242,-2.5,0.0,50.0,20.0,1.0,0.0,0.0,0.0,-431.6719817377953,70.0,50.347382814978786,0.9991311655258813,0.0,0.04167630111818878,0.0
2.117036819458008,-6.220737070903548,-5.548725210077193,-5.669042701730233,2.349909878185849,-1.621129468912871,-2.49111184708237,0.0,50.0,20.0,1.0,0.0,0.0,0.0,-429.82191142448806,70.0,50.51931588017183,0.9987008664255483,0.0,0.05095664236249423,0.0
2.1342742443084717,-6.659038829553134,-5.809467111906087,-5.374022334463991,2.3113226855928803,-1.435338427453288,-2.5,0.0,50.0,20.0,1.0,0.0,0.0,0.0,-428.8335068688164,70.0,50.625408523349236,0.9984352544773516,0.0,0.05591996617261309,0.0
2.167104959487915,-7.4074577607647765,-5.180282767009822,-5.814117769807783,2.4847445945508286,-1.3092255485438389,-2.432267402497989,0.0,50.0,20.0,1.0,0.0,0.0,0.0,-427.8039825471758,70.0,50.74650052370744,0.9981320039861775,0.0,0.06109421100674928,0.0
2.200347900390625,-7.386217736455753,-5.107106924393574,-6.55066388100146,2.5,-1.1662978179030143,-2.2661655714196196,0.0,50.0,20.0,1.0,0.0,0.0,0.0,-426.73425286904967,70.0,50.88380579815586,0.9977880391191412,0.0,0.06647577747404897,0.0
2.224191427230835,-7.2977125167958175,-5.178483853828248,-6.150349992968133,2.5,-1.1299376489098698,-2.1889289562908365,0.0,50.0,20.0,1.0,0.0,0.0,0.0,-425.625289203614,70.0,51.03855452995715,0.9974002342842186,0.0,0.07206089542731038,0.0
2.2668609619140625,-6.792683665557275,-4.590759779094877,-5.379658198592707,2.5,-1.32973297606405,-2.3508725763640497,0.0,50.0,20.0,1.0,0.0,0.0,0.0,-423.29383560246936,70.0,51.405354754313976,0.9964804193903812,0.0,0.08382585383740403,0.0
2.3002779483795166,-6.147260383836395,-4.805472897308289,-5.281750012311347,2.375350345509302,-1.5223330103966302,-2.4871288017526076,0.0,50.0,20.0,1.0,0.0,0.0,0.0,-422.07358069376085,70.0,51.61990297394043,0.9959420089193436,0.0,0.089997304791322,0.0
2.3172905445098877,0.22239856296504712,-3.648193671868082,-11.550422312934,1.727319323033858,-1.6642666538866635,-0.21858879999923309,0.0,50.0,20.0,1.0,0.0,0.0,0.0,-420.8185627600117,70.0,51.85687764591759,0.995346980590393,0.0,0.09635553035289675,0.0
2.3502016067504883,0.009063463643226632,-3.085285995992601,-10.949245332058869,1.7843111068653246,-1.781164386790117,-0.2940457595958209,0.0,50.0,20.0,1.0,0.0,0.0,0.0,-419.53004814752467,70.0,52.11751397130668,0.9946921283208522,0.0,0.10289591758924856,0.0
2.3835816383361816,-0.5428096442052575,-2.3369923984071566,-11.344321534077094,1.8275891338296195,-1.6357335750881898,-0.18850904231929927,0.0,50.0,20.0,1.0,0.0,0.0,0.0,-418.20936274213545,70.0,52.40303217878045,0.9939742648107635,0.0,0.10961368935448815,0.0
2.4170303344726562,-0.7169275856343849,-2.6375403651270757,-11.567672288388064,1.818009259209194,-1.8312813229809866,0.0028592712773020112,0.0,50.0,20.0,1.0,0.0,0.0,0.0,-415.4770781434093,70.0,53.053487408697634,0.992336920081336,0.0,0.12356147070785536,0.0
2.4503333568573,-0.601361986990201,-3.324025983896492,-11.952578448652988,1.7887678245943954,-1.9177731280166492,-0.06638979094975117,0.0,50.0,20.0,1.0,0.0,0.0,0.0,-414.06842346332957,70.0,53.42074064105272,0.9914112652147626,0.0,0.13078112709891906,0.0
2.468132972717285,-1.21803301993581,-3.240689464277738,-12.168068485479628,1.7821910951416702,-2.073536493311398,-0.12868946490654223,0.0,50.0,20.0,1.0,0.0,0.0,0.0,-412.6334847958145,70.0,53.81749719632428,0.9904102756021762,0.0,0.13815746806315402,0.0
2.5003433227539062,-0.985682742946461,-3.5325406588118518,-12.28506376920254,1.6127265503638224,-2.1312369021611026,0.02125683982558743,0.0,50.0,20.0,1.0,0.0,0.0,0.0,-411.17387408687,70.0,54.24482016705116,0.9893310361879608,0.0,0.1456849368852379,0.0
2.5335700511932373,-0.7271316608398037,-3.7592281454432532,-12.790106459382256,1.6757174847344878,-2.279857504947793,-0.032914310147607345,0.0,50.0,20.0,1.0,0.0,0.0,0.0,-408.187346149636,70.0,55.19517388340971,0.9869266085089364,0.0,0.161170311835178,0.0
2.566995620727539,-0.24832840321372185,-4.065140440073968,-13.0,1.738359821939007,-2.112279282352131,-0.13052454808245878,0.0,50.0,20.0,1.0,0.0,0.0,0.0,-406.6639077250187,70.0,55.72007132038159,0.9855960853199915,0.0,0.16911639956523425,0.0
2.600214719772339,-0.06023289868079207,-3.456241924781777,-12.286930879066391,1.6593636066684214,-2.2377257013306453,-0.15291007942081136,0.0,50.0,20.0,1.0,0.0,0.0,0.0,-405.1227495179145,70.0,56.279258438647275,0.9841766649371259,0.0,0.17718998897577815,0.0
2.6335248947143555,0.6490236629226265,-4.227839784291675,-12.23472271953937,1.5587450555635631,-2.3929165448900753,-0.12821444452249184,0.0,50.0,20.0,1.0,0.0,0.0,0.0,-403.5657223449215,70.0,56.873508539445965,0.9826659947829528,0.0,0.18538485023655468,0.0
2.6503243446350098,1.044222405225258,-4.837632074382119,-11.935940854797504,1.3778104679767038,-2.3270515045907514,-0.16208562573865606,0.0,50.0,20.0,1.0,0.0,0.0,0.0,-401.99471567767614,70.0,57.503522426098186,0.9810618675035275,0.0,0.19369463629768097,0.0
2.683638334274292,0.7897804923534278,-4.117040041348965,-11.141324889937861,1.3506722546917702,-2.3944933741644485,-0.25944101559681004,0.0,50.0,20.0,1.0,0.0,0.0,0.0,-398.8184921962111,70.0,58.87325631294361,0.9775651990712855,0.0,0.21063304955471265,0.0
2.7170979976654053,1.0532585317414802,-4.599794450042339,-10.474170976012214,1.2830798854220251,-2.3929925870797017,-0.36348405769410264,0.0,50.0,20.0,1.0,0.0,0.0,0.0,-397.2172123618893,70.0,59.613977397429835,0.975669059165479,0.0,0.2192484594863763,0.0
2.750439167022705,0.3760425236260899,-4.760321009279951,-11.14029494486497,1.3199030942454455,-2.5,-0.18322929669512383,0.0,50.0,20.0,1.0,0.0,0.0,0.0,-395.60981808955876,70.0,60.39245706996573,0.9736722829834334,0.0,0.22795237517917785,0.0
2.783743143081665,0.20743974671839216,-4.075875114200626,-11.593168439717713,1.328647441365217,-2.5,-0.26424199107815005,0.0,50.0,20.0,1.0,0.0,0.0,0.0,-393.9983302107066,70.0,61.20897355815278,0.9715735341235042,0.0,0.23673797285345646,0.0
2.817124605178833,0.33628285112108114,-4.019587257317825,-11.500313835507818,1.3029559784833689,-2.5,-0.06950280717396867,0.0,50.0,20.0,1.0,0.0,0.0,0.0,-390.7712121128851,70.0,62.956755327219966,0.9670657802672474,0.0,0.2545265735362416,0.0
2.834090232849121,0.2984558523932238,-3.6693196791188147,-11.964487701745403,1.2869678975615058,-2.381956378562777,-0.207330557722396,0.0,50.0,20.0,1.0,0.0,0.0,0.0,-389.1596628000528,70.0,63.88809540257709,0.9646551316336396,0.0,0.26351561056773365,0.0
2.866973400115967,0.8960646969097891,-3.4676125880411255,-11.164818661574337,1.2132811942751396,-2.5,-0.18871937034252934,0.0,50.0,20.0,1.0,0.0,0.0,0.0,-387.55217070498674,70.0,64.85761806103174,0.9621392361268931,0.0,0.2725584163168672,0.0
2.9002227783203125,0.5323290144439417,-3.883471299100224,-11.13849848201085,1.3638589636408516,-2.5,-0.29666756672492006,0.0,50.0,20.0,1.0,0.0,0.0,0.0,-385.95076299294624,70.0,65.86510843321108,0.9595178256989,0.0,0.2816479046008605,0.0
2.933647394180298,0.8930875175068593,-3.946260165430188,-11.795572318071445,1.4150327632995365,-2.4331737641874533,-0.4270453484572728,0.0,50.0,20.0,1.0,0.0,0.0,0.0,-384.3574512088314,70.0,66.910248742565,0.9567908634007617,0.0,0.29077696558156907,0.0
2.9670045375823975,0.6830656928631642,-3.6455945381585977,-11.881443810461601,1.2516280316437491,-2.454318256385066,-0.4280803606441842,0.0,50.0,20.0,1.0,0.0,0.0,0.0,-381.2030484442589,70.0,69.11169127895035,0.9510213160624993,0.0,0.30912530856394105,0.0
3.0003247261047363,1.172041861707896,-3.0432908391456124,-11.758452110351564,1.4157362641983084,-2.2683496731084904,-0.259214968135484,0.0,50.0,20.0,1.0,0.0,0.0,0.0,-379.64584980027524,70.0,70.2668415672058,0.9479798479735585,0.0,0.31833034388199466,0.0
3.0170931816101074,0.4390282672861816,-2.9132548613003273,-11.649566916315862,1.5325870960353232,-2.2957283692590607,-0.3320689741514896,0.0,50.0,20.0,1.0,0.0,0.0,0.0,-378.10452007254185,70.0,71.45733920632924,0.9448350670716841,0.0,0.3275464791928715,0.0
3.050305128097534,0.5409418598032661,-3.5130345186257417,-11.15381291923157,1.378523987864662,-2.20036197902338,-0.23990804780087016,0.0,50.0,20.0,1.0,0.0,0.0,0.0,-376.5809050653036,70.0,72.6823539050498,0.9415881427008047,0.0,0.3367666395669989,0.0
3.0836565494537354,0.7195488882264519,-3.23782918096055,-11.861000724892904,1.2467789996440881,-2.088863720538588,-0.32160416484470467,0.0,50.0,20.0,1.0,0.0,0.0,0.0,-375.0768001742096,70.0,73.94095632746564,0.9382404906859817,0.0,0.3459837881134436,0.0
3.1170125007629395,1.340247461524449,-3.59925555226235,-12.556081143899291,1.195422139792946,-2.286658468586484,-0.47938492746370276,0.0,50.0,20.0,1.0,0.0,0.0,0.0,-372.1340173943076,70.0,76.5547251011758,0.9312498990572406,0.0,0.3643811541584979,0.0
3.150336742401123,1.797467260109909,-3.026852098032358,-12.428202017114401,1.0096147719164854,-2.3649756311798775,-0.515565887021282,0.0,50.0,20.0,1.0,0.0,0.0,0.0,-370.69862955300164,70.0,77.90755896650538,0.9276110203999698,0.0,0.37354758041316083,0.0
3.1836435794830322,1.570868005058169,-2.8309511912419163,-13.0,0.9563384927954339,-2.3144012444065427,-0.6243266924385455,0.0,50.0,20.0,1.0,0.0,0.0,0.0,-369.28932188135445,70.0,79.28932188133608,0.9238795325113116,0.0,0.38268343236502983,0.0
3.2004735469818115,2.286024935840845,-3.401152605122327,-12.273038315682646,1.0332094895553263,-2.4609148252164443,-0.7409205867087002,0.0,50.0,20.0,1.0,0.0,0.0,0.0,-367.90755896652297,70.0,80.69862955298332,0.9200580700342144,0.0,0.3917820156221016,0.0
3.2341675758361816,2.418442057393157,-3.9995159077923974,-11.804380752438504,1.1338841489727973,-2.5,-0.8633962521064401,0.0,50.0,20.0,1.0,0.0,0.0,0.0,-365.2321202454311,70.0,83.59394487694424,0.9121569358478171,0.0,0.4098410965053666,0.0
3.266955852508545,2.714749294133779,-3.8504579535081787,-11.62763747377437,1.2467026524574292,-2.4440715202851258,-0.9097670954920313,0.0,50.0,20.0,1.0,0.0,0.0,0.0,-363.9409563274824,70.0,85.07680017418996,0.9080836961035311,0.0,0.4187887305921087,0.0
3.300292730331421,2.051513295075405,-4.288688146521038,-11.787560165961375,1.4319713171241304,-2.320107794020838,-1.0568039806196992,0.0,50.0,20.0,1.0,0.0,0.0,0.0,-362.6823539050658,70.0,86.58090506528416,0.9039333353038703,0.0,0.427673386273241,0.0
3.3336219787597656,2.2904496418200946,-3.6344246752470974,-11.064081523177945,1.5547363572169974,-2.1357231600005084,-0.9519718514374611,0.0,50.0,20.0,1.0,0.0,0.0,0.0,-361.4573392063448,70.0,88.10452007252215,0.8997096196203469,0.0,0.4364889464380636,0.0
3.3502771854400635,2.582758240105756,-3.694892273080729,-10.860662628433953,1.686165711626339,-2.067863066789347,-0.9236371656095665,0.0,50.0,20.0,1.0,0.0,0.0,0.0,-360.26684156722087,70.0,89.6458498002553,0.8954165237467553,0.0,0.44522943411377974,0.0
3.384110927581787,1.8153074667607512,-4.316018043120887,-11.262784682133978,1.8119349836371264,-2.0194171203150915,-0.9110347253835425,0.0,50.0,20.0,1.0,0.0,0.0,0.0,-357.99261785746603,70.0,92.77422543880772,0.8866390882461485,0.0,0.4624620278401661,0.0
3.417086124420166,2.421010046596311,-5.012635497762601,-11.04602651898519,1.7722113479525916,-2.1411322024466344,-0.9666517763204723,0.0,50.0,20.0,1.0,0.0,0.0,0.0,-356.9102487425787,70.0,94.35745120881096,0.882163671863643,0.0,0.470942943512327,0.0
3.45033597946167,2.7392504651500578,-4.978201751476418,-10.438655789286464,1.850904654369483,-1.9629102587057692,-1.124054132607413,0.0,50.0,20.0,1.0,0.0,0.0,0.0,-355.8651084332243,70.0,95.95076299292566,0.8776367044713728,0.0,0.4793264179707064,0.0
3.4721803665161133,3.515719804048369,-4.22801532184257,-10.171308878312816,1.7610179515760405,-1.7832714230425304,-0.9405612019049492,0.0,50.0,20.0,1.0,0.0,0.0,0.0,-354.85761806104443,70.0,97.55217070496609,0.873063082758153,0.0,0.4876072738637422,0.0
3.517008066177368,3.8599484410396805,-4.234018329772852,-10.313501447316307,1.743041173892695,-1.8108617257687067,-1.0182765782108383,0.0,50.0,20.0,1.0,0.0,0.0,0.0,-352.9567553272317,70.0,100.77121211286436,0.8637962372201433,0.0,0.5038413049406746,0.0
3.533993721008301,4.619920934504523,-3.8351657744637175,-9.990550833348056,1.8071507214119684,-1.9502990068610866,-1.0365152692621407,0.0,50.0,20.0,1.0,0.0,0.0,0.0,-352.0637106752825,70.0,102.38478163654423,0.8591135500137795,0.0,0.5117850214520948,0.0
3.567018985748291,5.003177816336029,-4.385014659653061,-9.33942873759084,2.0029863483350105,-1.887313755312159,-0.9838399177340557,0.0,50.0,20.0,1.0,0.0,0.0,0.0,-351.2089735581635,70.0,103.99833021068588,0.8544052603692059,0.0,0.5196072084309737,0.0
3.6002449989318848,4.809774639398825,-4.3818957940278995,-9.772255867795584,1.9869781043203487,-1.793253948029102,-1.0984384566866208,0.0,50.0,20.0,1.0,0.0,0.0,0.0,-350.392457069976,70.0,105.60981808953804,0.8496769442278105,0.0,0.527303603674098,0.0
3.633563280105591,4.152020427681532,-3.915610780604154,-10.261428631015885,2.0053620814101407,-1.8228591870052373,-1.1836048900739724,0.0,50.0,20.0,1.0,0.0,0.0,0.0,-349.61397739743984,70.0,107.21721236186822,0.8449342803973922,0.0,0.5348701354621896,0.0
3.6669793128967285,4.357715897995515,-3.3502134328171973,-9.562315753962622,2.1957624340467,-1.9389065410973323,-1.2664380796820192,0.0,50.0,20.0,1.0,0.0,0.0,0.0,-348.16992403347933,70.0,110.41165388674283,0.835429069739787,0.0,0.5495982800498144,0.0
3.7002475261688232,4.14799412936445,-3.5851632640854962,-9.101943142185837,2.270378638496106,-2.040027843922523,-1.2960759360304301,0.0,50.0,20.0,1.0,0.0,0.0,0.0,-347.50352242610654,70.0,111.99471567765582,0.8306782900808958,0.0,0.5567527084696392,0.0
3.717484712600708,4.670389658974955,-3.280264301564369,-9.053479327208956,2.436206093330868,-1.9506637329314886,-1.3800081489018348,0.0,50.0,20.0,1.0,0.0,0.0,0.0,-346.873508539454,70.0,113.5657223449009,0.825936673284033,0.0,0.563762903820839,0.0
3.750312089920044,4.117376569492361,-3.0109774877779807,-8.364691343389364,2.3671780588993845,-2.0193862137551966,-1.4213676968444193,0.0,50.0,20.0,1.0,0.0,0.0,0.0,-346.27925843865467,70.0,115.12274951789459,0.8212102364258053,0.0,0.5706257508993727,0.0
3.7760627269744873,3.836329137097031,-2.364546216613963,-7.792636090448658,2.393973296472016,-1.9290046471055349,-1.264537438047222,0.0,50.0,20.0,1.0,0.0,0.0,0.0,-345.72007132038857,70.0,116.663907724999,0.8165050283831723,0.0,0.5773383224981649,0.0
3.808436155319214,4.230787157256686,-2.203478581735404,-7.599475130632886,2.287355381598367,-1.9981124372590293,-1.1908257398531377,0.0,50.0,20.0,1.0,0.0,0.0,0.0,-344.7037249292566,70.0,119.69125608605313,0.8071825813096652,0.0,0.5903018553505195,0.0
3.8378043174743652,4.862373138237824,-2.4640332422879343,-7.425442833746306,2.202627525290922,-1.809201263155518,-1.2057761261669335,0.0,50.0,20.0,1.0,0.0,0.0,0.0,-344.24482016705684,70.0,121.17387408685106,0.8025774913151655,0.0,0.5965478777384555,0.0
3.868072509765625,5.354379442669867,-2.4323843104855722,-7.836247687553489,2.324386712722786,-1.9820910851006592,-1.080245439161565,0.0,50.0,20.0,1.0,0.0,0.0,0.0,-343.81749719632955,70.0,122.63348479579592,0.7980179045742146,0.0,0.6026337394960388,0.0
3.9002318382263184,5.104486048059316,-2.097020220417037,-7.823669330434848,2.2015804661706855,-2.1773895196782487,-0.9536035840378592,0.0,50.0,20.0,1.0,0.0,0.0,0.0,-343.42074064105765,70.0,124.06842346331133,0.7935098504010163,0.0,0.6085574067551529,0.0
3.934046506881714,4.520363798016873,-2.2464989314596835,-7.179696177939675,2.150811121306036,-2.3362033758122793,-0.8291460728553226,0.0,50.0,20.0,1.0,0.0,0.0,0.0,-342.7146320478686,70.0,126.8578915736184,0.7846722514094072,0.0,0.6199108467095023,0.0
3.9669907093048096,4.528292982213123,-1.5835426122867902,-6.692924053416074,2.3101529425125813,-2.396672236733528,-0.9917315652701233,0.0,50.0,20.0,1.0,0.0,0.0,0.0,-342.4030321787843,70.0,128.2093627421183,0.7803545260260932,0.0,0.6253373599191011,0.0
4.0003180503845215,4.918659961390071,-1.6109190846044472,-6.914180794541361,2.4362738133476656,-2.4631824968827383,-1.13968251068938,0.0,50.0,20.0,1.0,0.0,0.0,0.0,-342.1175139713102,70.0,129.5300481475079,0.7761119502123779,0.0,0.6305951480447177,0.0
4.020158529281616,5.663934874124008,-1.8042405991346193,-7.473167156740725,2.4463821382309474,-2.4723397178789654,-0.942456179840284,0.0,50.0,20.0,1.0,0.0,0.0,0.0,-341.8568776459208,70.0,130.81856275999527,0.7719502485264342,0.0,0.6356829506915979,0.0
4.050390243530273,5.240081837717164,-1.3930387986408908,-7.427979148692892,2.5,-2.3671098147556795,-0.9473298652402065,0.0,50.0,20.0,1.0,0.0,0.0,0.0,-341.6199029739434,70.0,132.0735806937446,0.7678750526819302,0.0,0.640599643668901,0.0
4.083669662475586,5.279984043996219,-0.7918587726397168,-8.128606744593982,2.5,-2.207240700215678,-0.8328141379793562,0.0,50.0,20.0,1.0,0.0,0.0,0.0,-341.2119882452044,70.0,134.4781208117585,0.7600061815151292,0.0,0.649915843828101,0.0
4.117019891738892,4.938085713972728,-1.4117588043846505,-8.680385647586094,2.3220816665533235,-2.3395942097170352,-0.6550599476557567,0.0,50.0,20.0,1.0,0.0,0.0,0.0,-341.03855452995924,70.0,135.62528920359952,0.756223217034496,0.0,0.654313721404341,0.0
4.15023946762085,4.813728542124585,-1.01975337168472,-8.544564028424233,2.381012741639932,-2.2818732192043516,-0.47922582988507084,0.0,50.0,20.0,1.0,0.0,0.0,0.0,-340.8838057981577,70.0,136.73425286903566,0.7525481616845674,0.0,0.6585372156113717,0.0
4.1837358474731445,4.079600226793074,-0.8805447733493363,-8.61188580550308,2.4172076612189595,-2.2188692564962524,-0.3447629406290757,0.0,50.0,20.0,1.0,0.0,0.0,0.0,-340.74650052370913,70.0,137.80398254716198,0.7489860394321046,0.0,0.6625857776437779,0.0
4.2170493602752686,4.496037491091299,-0.4748806187229051,-8.121040629500481,2.449792140541622,-2.054608124442146,-0.25305035009230953,0.0,50.0,20.0,1.0,0.0,0.0,0.0,-340.5193158801731,70.0,139.82191142447562,0.7422199423874448,0.0,0.6701563676653218,0.0
4.234253406524658,4.043065538555006,-0.8673516984678504,-7.543522828600566,2.290202905897721,-2.205804121325232,-0.122177944131723,0.0,50.0,20.0,1.0,0.0,0.0,0.0,-340.42702971815174,70.0,140.76833767676908,0.7390252442346977,0.0,0.6736777333294053,0.0
4.2669336795806885,3.703412464304643,-1.609712481327056,-6.75482584660006,2.0925583963172643,-2.40205152134979,-0.24302672629104277,0.0,50.0,20.0,1.0,0.0,0.0,0.0,-340.34738281497977,70.0,141.67198173778368,0.7359620175736528,0.0,0.6770228273026829,0.0
4.300285816192627,3.6789444561998192,-0.9752249133236159,-6.922554758703124,1.9038652711608632,-2.4279142323630096,-0.3774084483966903,0.0,50.0,20.0,1.0,0.0,0.0,0.0,-340.279238041792,70.0,142.53209303255488,0.733034470429069,0.0,0.6801914915395328,0.0
4.333568096160889,3.425762441956101,-1.3094119261126513,-6.901844126838872,1.9470531286613222,-2.4373592927593135,-0.34984078865234963,0.0,50.0,20.0,1.0,0.0,0.0,0.0,-340.2214926196241,70.0,143.3479728695485,0.7302466265942332,0.0,0.6831836241800169,0.0
4.366907119750977,2.6305702339545176,-1.7444676233195269,-6.85900142850143,1.781427157595381,-2.344115799542426,-0.4552519689704595,0.0,50.0,20.0,1.0,0.0,0.0,0.0,-340.13298464743286,70.0,144.84449376199333,0.7251051862937082,0.0,0.6886381261663972,0.0
4.4002954959869385,3.3260526540641067,-0.9522671256780353,-6.821189497088218,1.5869956099618134,-2.3742723028688135,-0.5428152536873062,0.0,50.0,20.0,1.0,0.0,0.0,0.0,-340.1002238603426,70.0,145.52398310477454,0.722758662678025,0.0,0.691100510435257,0.0
4.417374610900879,3.811420583160258,-1.3470278228201287,-6.462520124057029,1.412982563330242,-2.3144129578453394,-0.7351829513156903,0.0,50.0,20.0,1.0,0.0,0.0,0.0,-340.0738730526119,70.0,146.1569343884769,0.7205659775881841,0.0,0.693386379980444,0.0
4.450245380401611,4.6037423496697745,-1.4901072196412075,-5.875097641585128,1.4830493249973111,-2.4693390211468578,-0.8365911385848173,0.0,50.0,20.0,1.0,0.0,0.0,0.0,-340.0530580630309,70.0,146.74288510363434,0.7185301486241398,0.0,0.6954958127251174,0.0
4.483644962310791,4.711133719976424,-1.528703283898091,-5.187838474006209,1.6036984169960533,-2.3153924705453535,-0.6938800495327258,0.0,50.0,20.0,1.0,0.0,0.0,0.0,-340.036960345434,70.0,147.28141525427907,0.7166539776828178,0.0,0.6974289040980416,0.0
4.5169761180877686,4.15266973906195,-1.893607158560593,-5.153343428350628,1.7251306382352998,-2.371686298713549,-0.8230290002107123,0.0,50.0,20.0,1.0,0.0,0.0,0.0,-340.01593708189324,70.0,148.21473744562033,0.7133907153670409,0.0,0.7007664997901238,0.0
4.550288677215576,3.498409474269717,-1.3426762260568887,-5.851371961030992,1.7149138366058554,-2.19744945191737,-0.7106371105767986,0.0,50.0,20.0,1.0,0.0,0.0,0.0,-340.0096764200608,70.0,148.60888879701804,0.712008115132763,0.0,0.7021712355153051,0.0
4.583652973175049,3.6557626637134417,-0.6279713400516234,-5.338974315311643,1.841836564399774,-2.324396818018876,-0.9014511570480852,0.0,50.0,20.0,1.0,0.0,0.0,0.0,-340.00546722005765,70.0,148.95433556002502,0.7107941489628871,0.0,0.7034000837362226,0.0
4.600259304046631,3.1560616865834668,-1.015000629161524,-4.5845774283542555,1.8046449555768591,-2.5,-0.9937221263437482,0.0,50.0,20.0,1.0,0.0,0.0,0.0,-340.0028061744759,70.0,149.25084913364475,0.7097504873769206,0.0,0.7044531536363676,0.0
4.6341331005096436,2.5888572672090184,-0.8678901166894432,-4.654475166687859,1.8534247004573388,-2.425784616382215,-1.192234175030078,0.0,50.0,20.0,1.0,0.0,0.0,0.0,-340.0004610637132,70.0,149.69633483890505,0.7081795858435025,0.0,0.7060323464222622,0.0
4.666961193084717,2.156886644468782,-0.5715711335045986,-4.788565873851882,1.9792835091620444,-2.3286891526663416,-1.3319291539738056,0.0,50.0,20.0,1.0,0.0,0.0,0.0,-340.0001200945775,70.0,149.8450196752094,0.7076545072448511,0.0,0.7065586305297297,0.0
4.700295448303223,1.6666155445462771,-0.7785350179949065,-4.384308201926496,1.9347452770861928,-2.3716182372548857,-1.202925738856599,0.0,50.0,20.0,1.0,0.0,0.0,0.0,-340.0000155708158,70.0,149.94419531458416,0.7073040530260514,0.0,0.7069094542958955,0.0
4.733536005020142,2.1744335397879797,-1.0277583082583757,-3.6766765720947245,1.9121485203851494,-2.5,-1.3464647768394762,0.0,50.0,20.0,1.0,0.0,0.0,0.0,-340.00000019227275,70.0,149.9937988262728,0.7071287053066336,0.0,0.7070848563866745,0.0
4.75019645690918,1.713778175351868,-0.2916602350598725,-3.7792964080707243,2.093346025337726,-2.5,-1.5221545935799532,0.0,50.0,20.0,1.0,0.0,0.0,0.0,-340.00000019227275,70.0,149.99379882627264,0.7071287053066343,0.0,0.7070848563866738,0.0
4.7840375900268555,2.4892140974355876,-0.7158990959030964,-3.842982591724098,2.2069179397915795,-2.4048107357891233,-1.3434125347636787,0.0,50.0,20.0,1.0,0.0,0.0,0.0,-340.0001200945775,70.0,149.84501967520856,0.7076545072448541,0.0,0.7065586305297267,0.0
4.817347764968872,3.127761382287609,-1.1612262881402458,-3.0814073332288516,2.218776956102621,-2.5,-1.4108059225971494,0.0,50.0,20.0,1.0,0.0,0.0,0.0,-340.0004610637132,70.0,149.69633483890394,0.7081795858435065,0.0,0.7060323464222583,0.0
4.85033655166626,2.927195658937905,-1.130472827432417,-3.5455444707115156,2.3580112185873117,-2.5,-1.3687201402728357,0.0,50.0,20.0,1.0,0.0,0.0,0.0,-340.0012588454535,70.0,149.49823560707895,0.7088785664446382,0.0,0.7053305452306703,0.0
4.872206687927246,2.5416288641909035,-0.8803096997489643,-4.030388182954074,2.3831313725546273,-2.5,-1.2007044786863248,0.0,50.0,20.0,1.0,0.0,0.0,0.0,-340.0028061744759,70.0,149.25084913364296,0.7097504873769268,0.0,0.7044531536363613,0.0
4.917069673538208,2.5103139626248687,-0.9719434081931833,-4.8260696713108455,2.363356697978931,-2.369776211465124,-1.3833065812791003,0.0,50.0,20.0,1.0,0.0,0.0,0.0,-340.0096764200609,70.0,148.60888879701562,0.7120081151327714,0.0,0.7021712355152966,0.0
4.934025764465332,1.9140114896352278,-0.935876768913169,-5.1082245756399,2.364492263573337,-2.2101040840025057,-1.5200802912948117,0.0,50.0,20.0,1.0,0.0,0.0,0.0,-340.0159370818933,70.0,148.2147374456176,0.7133907153670505,0.0,0.7007664997901141,0.0
4.966913938522339,2.640723580886176,-1.0256313684848846,-5.077396394595391,2.4906013793299837,-2.334521624737739,-1.7157449372782356,0.0,50.0,20.0,1.0,0.0,0.0,0.0,-340.0248197507244,70.0,147.77214584748913,0.7149400469707613,0.0,0.6991857616094922,0.0
5.000189781188965,2.4544952430853133,-1.6182900875082074,-4.27910491712678,2.5,-2.3168228425237762,-1.8070562428040722,0.0,50.0,20.0,1.0,0.0,0.0,0.0,-340.03696034543407,70.0,147.28141525427554,0.71665397768283,0.0,0.697428904098029,0.0
5.033562183380127,2.0849217167115666,-1.371591863413223,-4.155188452356528,2.478994793848431,-2.249636985444205,-1.908434056824764,0.0,50.0,20.0,1.0,0.0,0.0,0.0,-340.053058063031,70.0,146.7428851036305,0.718530148624153,0.0,0.6954958127251037,0.0
5.066935777664185,2.5861350741261067,-0.7812036022009836,-3.3941561373983773,2.5,-2.253586943451507,-1.9587395673185268,0.0,50.0,20.0,1.0,0.0,0.0,0.0,-340.1002238603428,70.0,145.52398310477028,0.7227586626780399,0.0,0.6911005104352415,0.0
5.100362300872803,2.2698568077490164,-0.945053101496693,-3.0158762237684575,2.5,-2.192402311636752,-2.0414730286687575,0.0,50.0,20.0,1.0,0.0,0.0,0.0,-340.13298464743315,70.0,144.84449376198876,0.725105186293724,0.0,0.6886381261663805,0.0
5.116828680038452,1.6814450511232046,-1.6534750795105129,-2.2840031506492453,2.5,-2.1755067846508296,-2.1110772138391276,0.0,50.0,20.0,1.0,0.0,0.0,0.0,-340.1730821836559,70.0,144.1189729392835,0.727602319473751,0.0,0.6859991725187558,0.0
5.150251150131226,1.8131829091861644,-0.9288248155176186,-1.875586318288529,2.5,-2.1410869775930914,-2.2583068249622915,0.0,50.0,20.0,1.0,0.0,0.0,0.0,-340.2214926196244,70.0,143.34797286954336,0.7302466265942508,0.0,0.683183624179998,0.0
5.183685541152954,1.0264054495078652,-0.18546668058932037,-1.6250768301335747,2.5,-2.1263622534626294,-2.321964623018052,0.0,50.0,20.0,1.0,0.0,0.0,0.0,-340.2792380417924,70.0,142.53209303254943,0.7330344704290875,0.0,0.6801914915395127,0.0
5.216977119445801,0.4586705654817823,0.15687475712660004,-0.9051211325176793,2.5,-2.0990284787845512,-2.3934934763860785,0.0,50.0,20.0,1.0,0.0,0.0,0.0,-340.4270297181523,70.0,140.7683376767628,0.7390252442347189,0.0,0.6736777333293821,0.0
